0.026806
0.000729
0.013541
0.013292
0.012678
0.012104
0.011354
0.002830
0.010443
0.011517
0.011612
0.009288
0.007666
0.000510
0.000195
0.000163
0.000124
0.000094
0.000088
0.000073
0.000013
0.000014
0.000012
0.000041
0.000012
0.000001
0.000002
0.000002
0.000004
0.000011
0.002752
0.006831
0.008248
0.012084
0.012955
0.012731
0.002764
0.003970
0.004717
0.006615
0.007229
0.008315
0.010038
0.010738
0.012539
0.013656
0.012934
0.003054
0.014114
0.014361
0.014417
0.019869
0.019985
0.020050
0.020081
0.020061
0.019795
0.018933
0.015525
0.000023
0.000022
0.000020
0.000019
0.000020
0.000021
0.000023
0.000024
0.005440
0.007023
0.007787
0.011930
0.017546
0.017728
0.018661
0.002644
0.002665
0.023330
0.024729
0.024750
0.023633
0.008617
0.022983
0.027062
0.029109
0.030978
0.032243
0.033220
0.033206
0.032700
0.030067
0.013477
0.025967
0.028681
0.031370
0.032237
0.033168
0.033914
0.036728
0.037624
0.037162
0.001773
0.001738
0.036967
0.039445
0.041870
0.042193
0.042244
0.042035
0.029525
0.025169
0.023568
0.016229
0.028765
0.032319
0.034064
0.036924
0.037254
0.029168
0.031356
0.033039
0.032825
0.032629
0.031602
0.000856
0.000428
0.000315
0.000214
0.000185
0.001558
0.001576
0.001584
0.010709
0.026132
0.028211
0.027203
0.023474
0.023391
0.027270
0.027763
0.026206
0.003692
0.003637
0.003430
0.000053
0.000026
0.000034
0.000039
0.000035
0.000051
0.003635
0.024200
0.029591
0.036828
0.039067
0.039737
0.040495
0.042450
0.080593
0.080814
0.081468
0.114165
0.114797
0.111392
0.000376
0.000037
0.000068
0.000076
0.000175
0.000240
0.121883
0.149299
0.161319
0.243130
0.259700
0.357670
0.580762
0.830036
1.294715
2.845771
3.911144
5.106082
0.015696
0.023973
0.011235
5.750389
6.256593
6.512351
6.864139
6.999891
7.369825
7.426334
7.844585
8.015148
8.174217
8.489972
8.745110
8.769929
8.771064
8.770417
8.771477
8.771078
8.770118
8.767183
8.764809
8.851620
8.837774
8.685259
8.542160
8.408248
8.150752
7.784913
7.557875
7.196226
7.157830
7.448038
7.527638
7.616762
7.688387
7.791798
7.936010
8.024432
8.130030
8.280541
8.520555
8.588196
8.868209
8.991529
9.068445
8.901935
8.983429
9.043829
9.117950
9.104222
8.779389
8.486844
8.311386
7.858016
7.388594
6.732325
5.920141
4.936300
0.032971
4.438826
3.947006
3.541188
3.159057
2.894716
2.655758
2.385505
0.004089
0.001278
1.370405
1.115896
1.039496
0.926942
0.863683
0.732767
0.613973
0.453608
0.036855
0.003038
0.003100
0.001444
0.001225
0.001920
0.457980
0.463303
0.428696
0.000519
0.000612
0.019349
0.051279
0.054676
0.669490
0.713730
0.718611
0.837919
0.006867
0.008169
0.001573
0.001711
0.008484
0.011128
1.058987
1.229398
0.016455
1.535881
1.801793
1.999969
2.245407
2.322307
2.421480
2.457689
2.722620
2.981292
3.043045
3.109275
3.223722
3.314914
3.349095
3.281509
0.025648
2.869651
2.775570
2.825180
2.835942
2.740305
2.680056
2.608744
2.470542
2.269602
2.085084
1.988265
1.145444
1.932164
2.070601
2.082900
2.125484
2.142273
2.179600
2.157569
2.164636
2.139867
0.001962
0.001943
0.001957
0.000191
0.000245
0.000270
0.000067
0.000066
0.007811
2.040916
1.989912
1.958741
1.977171
1.934532
1.890924
1.676479
1.576938
1.562655
1.550212
1.543543
1.523702
1.588179
1.573339
1.558223
1.326738
1.337874
1.353616
1.848642
1.937862
1.978709
2.017293
2.030443
1.997204
1.871904
1.748294
1.635523
1.450286
0.961291
0.030321
0.973102
0.785584
0.001612
0.000599
0.001053
1.032986
1.085239
1.105536
1.203856
1.210840
0.940886
0.912465
0.869698
0.011664
0.123774
1.933033
2.702116
2.879296
3.013535
3.096386
3.012535
0.000438
0.000167
0.000124
0.000089
0.000090
0.000072
0.000058
0.000025
0.000016
0.000018
0.000021
0.000025
0.000039
0.000054
0.003025
0.006335
2.608827
0.014257
0.004864
2.558318
2.415520
2.244711
0.182612
0.719703
0.855233
0.320911
0.022181
0.002348
0.006236
0.030173
0.193371
0.835142
2.471668
3.622856
4.062087
4.552613
5.241142
5.836520
6.231314
6.781699
7.469051
7.870469
8.126216
8.416953
9.006222
9.295897
9.531590
9.595533
9.606263
9.616503
9.612373
0.127270
9.418340
9.513792
9.617965
9.731137
9.800971
9.885115
9.926593
9.908707
9.885000
9.883038
9.881674
9.853036
9.835888
9.819584
9.785828
0.012078
0.004758
0.003733
0.003695
0.003036
0.002206
9.690961
9.697496
9.705901
9.717677
9.723857
9.733722
9.740727
9.741142
9.652653
9.652983
9.653257
9.653448
9.652644
9.652453
9.652640
9.652694
9.652374
9.652894
9.656693
9.658060
9.659281
9.869142
9.939238
9.983700
9.997661
9.999316
9.999313
9.998708
9.998304
9.997996
9.998097
9.998979
9.999466
9.999535
9.999599
9.999693
9.999839
9.999953
9.999967
9.999809
9.999180
9.998850
9.999336
9.999805
9.999476
9.997712
9.996939
9.997894
9.998543
9.998556
9.999354
9.999637
9.999937
9.999948
9.999873
9.999852
9.999477
9.998997
9.999082
9.997277
9.994618
9.970846
9.870460
9.510273
9.510308
9.510260
9.510262
9.510194
9.509911
9.508487
9.500603
9.493087
9.400233
8.966970
9.119374
9.146940
9.145599
9.145074
9.145100
9.145005
9.145038
9.153655
9.157471
9.162701
9.167945
9.169800
9.172445
9.173207
9.173081
9.173720
9.174945
9.174461
9.174303
9.174309
9.173342
9.169218
9.157462
9.140946
9.140962
9.139625
9.141576
9.144415
9.144515
9.143181
9.142376
9.142069
9.142598
9.306381
9.145204
9.141407
9.140058
9.139314
9.138411
9.137991
9.136898
9.136196
9.136946
9.137467
9.137255
9.137443
9.137616
9.138065
9.138258
9.137966
9.137752
9.137556
9.136764
9.133939
9.130310
9.128079
9.126016
9.128709
9.132116
9.132022
9.133432
9.136607
9.138030
9.138139
9.137407
9.137192
9.137294
9.137259
9.137709
9.138127
9.138100
9.137617
9.137667
9.138086
9.138287
9.142508
9.168020
9.166773
9.162554
9.156751
9.155192
9.151063
9.144510
9.137361
9.129093
9.129158
9.132780
9.137548
9.144778
9.145648
9.145910
9.138043
9.137857
9.138030
9.138125
9.138014
9.136787
9.134946
9.133715
9.134380
9.135710
9.128687
9.120852
9.114674
8.802665
8.803498
8.804575
8.803840
8.803145
8.801440
8.801525
8.803182
8.806404
8.806785
8.806887
8.806772
8.806819
8.806981
8.808678
8.809280
8.810625
8.810036
8.809568
8.809374
8.809080
8.806795
8.806845
8.806812
8.806473
8.806262
8.806565
8.806685
8.806110
8.805890
8.805749
8.805911
8.806582
8.805478
8.805064
8.804574
8.804673
8.805040
8.804200
8.804452
8.803588
8.799471
8.786948
8.760247
8.617112
8.418006
0.013967
0.008464
0.000477
0.000110
0.000086
0.000064
0.000055
0.000040
0.000045
0.000003
0.000002
0.000002
0.000002
0.000002
0.000005
0.003863
0.003404
0.003009
0.002666
0.002386
0.002238
0.002138
0.001989
0.000079
0.000080
0.000086
0.001303
0.001311
0.001310
0.001284
0.001357
0.001368
0.000024
0.000026
0.000003
0.000006
0.000004
0.000004
0.000006
0.000012
0.000016
0.000032
0.000724
0.001427
0.002353
0.014198
8.113165
8.475501
8.505228
8.517284
8.540223
8.555477
8.554770
8.555775
8.547233
8.537339
8.534187
8.529901
8.528199
8.526881
8.517714
8.497076
8.494256
8.486344
8.481884
8.475508
8.468318
0.001622
0.001097
0.001135
0.000935
0.000908
0.000798
8.395365
8.395660
8.400009
8.410138
8.413158
8.415655
8.420362
8.449790
8.452185
8.452715
8.449058
8.442625
8.437994
0.004041
8.438335
8.441322
8.441118
8.441571
8.442028
8.442928
8.444027
8.445166
8.445304
8.445018
8.446768
8.445732
8.438773
8.426100
0.000551
0.001511
0.001467
0.001392
0.001146
0.001217
0.001516
0.001516
0.003341
8.566622
8.642259
8.670676
8.675292
8.680998
8.684602
8.696221
8.715665
8.724168
8.730890
8.733061
8.735328
8.732390
8.716936
8.643967
8.579399
8.526807
0.004372
0.003629
0.001075
0.000614
0.000451
0.000291
0.000098
0.000058
0.000015
0.000013
0.000019
0.000010
0.000007
0.001191
0.001063
0.000023
0.000011
0.000005
0.000004
0.000004
0.000006
0.000003
0.000003
0.000012
0.000011
0.000018
0.000002
0.000001
0.000001
0.000001
0.000001
0.000001
0.000002
0.000008
0.000011
0.000016
0.000038
0.000002
0.000002
0.000002
0.000003
0.000008
0.000005
0.000003
0.000001
0.000004
0.000003
0.000003
0.000002
0.000003
0.000009
0.000004
0.000004
0.000000
0.000001
0.000000
0.000000
0.000000
0.000001
0.000000
0.000000
0.000000
0.000000
0.000000
0.000000
0.000000
0.000000
0.000000
0.000000
0.000000
0.000000
0.000000
0.000000
0.000001
0.000001
0.000001
0.000000
0.000000
0.000000
0.000000
0.000000
0.000000
0.000000
0.000001
0.000001
0.000000
0.000000
0.000000
0.000000
0.000000
0.000001
0.000003
0.000003
0.000000
0.000000
0.000000
0.000000
0.000000
0.000000
0.000000
0.000000
0.000000
0.000000
0.000001
0.000002
0.000000
0.000000
0.000000
0.000000
0.000000
0.000000
0.000000
0.000000
0.000000
0.000000
0.000000
0.000000
0.000000
0.000000
0.000000
0.000000
0.000000
0.000000
0.000001
0.000000
0.000000
0.000000
0.000000
0.000000
0.000000
0.000000
0.000000
0.000000
0.000000
0.000000
0.000000
0.000000
0.000000
0.000000
0.000000
0.000000
0.000000
0.000000
0.000000
0.000000
0.000000
0.000000
0.000000
0.000000
0.000000
0.000000
0.000000
0.000000
0.000000
0.000000
0.000000
0.000000
0.000000
0.000000
0.000000
0.000000
0.000000
0.000000
0.000000
0.000000
0.000000
0.000001
0.000001
0.000001
0.000067
0.000081
0.000143
0.000151
0.000113
0.000100
0.000131
0.000134
0.000171
0.000917
0.000001
0.000001
0.000001
0.000000
0.000000
0.000000
0.000000
0.000000
0.000000
0.000000
0.000000
0.000000
0.000000
0.000000
0.000000
0.000000
0.000000
0.000000
0.000000
0.000000
0.000000
0.000000
0.000000
0.000000
0.000000
0.000000
0.000000
0.000000
0.000000
0.000000
0.000000
0.000000
0.000000
0.000000
0.000000
0.000000
0.000000
0.000000
0.000000
0.000000
0.000000
0.000000
0.000000
0.000000
0.000000
0.000000
0.000000
0.000000
0.000000
0.000000
0.000000
0.000000
0.000000
0.000000
0.000000
0.000000
0.000000
0.000000
0.000000
0.000000
0.000000
0.000000
0.000000
0.000000
0.000000
0.000000
0.000000
0.000000
0.000000
0.000000
0.000000
0.000000
0.000000
0.000000
0.000000
0.000000
0.000000
0.000000
0.000000
0.000000
0.000000
0.000000
0.000000
0.000000
0.000000
0.000000
0.000000
0.000000
0.000000
0.000000
0.000000
0.000000
0.000000
0.000000
0.000000
0.000000
0.000000
0.000000
0.000000
0.000000
0.000000
0.000000
0.000000
0.000000
0.000000
0.000000
0.000000
0.000000
0.000000
0.000000
0.000000
0.000000
0.000000
0.000000
0.000000
0.000000
0.000000
0.000000
0.000000
0.000000
0.000000
0.000000
0.000000
0.000000
0.000000
0.000000
0.000000
0.000000
0.000000
0.000000
0.000000
0.000000
0.000000
0.000000
0.000000
0.000000
0.000000
0.000000
0.000000
0.000000
0.000000
0.000000
0.000000
0.000000
0.000000
0.000000
0.000000
0.000000
0.000000
0.000000
0.000000
0.000000
0.000000
0.000000
0.000000
0.000000
0.000000
0.000000
0.000000
0.000000
0.000000
0.000000
0.000000
0.000000
0.000000
0.000000
0.000000
0.000000
0.000000
0.000000
0.000000
0.000000
0.000000
0.000000
0.000000
0.000000
0.000000
0.000000
0.000000
0.000000
0.000000
0.000000
0.000000
0.000000
0.000000
0.000000
0.000000
0.000000
0.000000
0.000000
0.000000
0.000000
0.000000
0.000000
0.000000
0.000000
0.000000
0.000000
0.000000
7.947944
7.851207
7.560129
0.000000
0.000000
0.000000
0.000000
0.000000
0.000000
0.000000
0.000000
0.000000
0.000000
0.000000
7.052504
6.766500
7.458886
7.514758
7.508901
7.382605
7.315905
7.231010
0.111564
7.236433
6.938231
6.784145
6.329819
6.038201
5.640892
5.683013
7.359758
0.000000
0.000000
0.000000
0.000000
0.000000
0.000000
0.000000
0.000000
0.000000
0.000015
0.000004
0.000000
0.000000
0.000000
0.000000
0.000000
0.000000
0.000000
0.000000
0.000000
0.000000
0.000000
0.000000
0.000000
0.000000
0.000000
0.000000
0.000000
0.000000
0.000000
0.000000
0.000000
0.000000
0.000000
0.000000
0.000000
0.000000
0.000000
0.000000
0.000000
0.000000
0.000000
0.000000
0.000000
0.000000
