0.000000
0.000000
0.001056
0.001049
0.002534
0.002449
0.002417
0.002433
0.002440
0.000043
0.000041
0.000930
0.000964
0.001174
0.001201
0.001179
0.001197
0.001284
0.001360
0.001383
0.001423
0.001435
0.001424
0.001420
0.001439
0.001437
0.001447
0.001472
0.001476
0.001403
0.001252
0.000220
0.000005
0.000004
0.000003
0.000001
0.000001
0.000146
0.000148
0.000145
0.000149
0.000154
0.000170
0.000188
0.000228
0.005326
0.005468
0.011011
0.011046
0.011128
0.011193
0.011127
0.010978
0.010930
0.005467
0.027418
0.027373
0.027525
0.039649
0.035419
0.039934
0.038877
0.025901
0.024424
0.006542
0.006076
0.012842
0.016366
0.175339
0.201138
0.293571
0.325773
0.365501
0.611437
5.863754
6.315431
6.407699
6.510888
7.011194
7.075263
7.087106
7.092365
7.290360
7.308069
7.306738
7.324278
7.335711
0.041124
7.256487
7.329459
7.351743
7.373466
7.401697
7.436708
7.587252
0.002462
0.000974
0.000416
0.000174
0.000101
0.000024
0.000028
0.000017
0.000015
0.000007
0.000005
0.000008
0.000006
0.000006
0.000004
0.000005
0.000004
0.000008
0.000014
0.000011
0.000021
0.000063
0.000045
0.000165
0.000184
0.000374
0.002843
7.626071
7.721667
7.926749
7.991917
8.110208
8.287624
8.348423
8.364269
8.381430
8.369295
8.344699
8.243894
7.977994
7.704109
7.520024
7.267212
7.080774
6.858997
0.920712
7.247469
7.799770
8.058036
8.357927
8.420213
8.491641
8.544073
8.610959
8.661079
8.681018
8.713875
8.742672
8.759957
8.755882
8.751447
8.736016
8.719037
8.708533
8.700029
8.695127
8.682163
8.665662
8.656907
8.662219
8.647988
8.604163
8.592253
8.530356
8.639502
8.679812
8.702263
8.731130
8.748285
8.753937
8.748042
8.731262
8.721390
8.736173
8.758142
8.778608
8.794338
8.813443
8.972658
8.991474
9.001265
9.013051
9.028261
9.052749
9.073391
9.106090
9.411148
9.504740
9.534459
9.558054
9.575002
9.609111
9.663376
9.684991
9.727408
9.756538
9.795488
9.810629
9.840178
9.867305
9.910527
9.891865
9.888028
9.880158
9.838511
9.805305
9.777938
9.767674
9.752108
9.712472
9.682894
9.674523
9.596483
9.513079
9.452947
9.407917
9.298738
9.140025
0.195830
9.509829
9.668554
9.809199
9.958952
9.967387
9.981140
9.993443
9.998129
9.999949
9.999856
9.999349
9.998867
9.997769
9.997269
9.997307
9.997601
9.998289
9.998740
9.995876
9.991386
9.978971
9.972433
9.970004
9.970242
9.973093
9.977487
9.922392
9.877336
9.827838
9.768213
9.711202
9.550588
9.244015
8.915935
8.409113
7.814884
0.399414
5.787453
5.916599
5.905466
6.274049
6.559707
0.074522
0.099553
0.014191
0.088897
7.351420
7.885948
8.498594
9.091289
9.344343
9.429999
9.531904
9.506995
9.519481
9.560202
9.663379
9.679036
9.719924
9.727911
9.727541
9.724712
9.725203
9.729982
9.710057
9.666918
9.643663
9.522003
9.451363
9.302125
9.401144
9.398293
9.370643
9.331316
9.324676
9.247327
0.008236
0.003172
0.001726
0.000615
0.000119
0.000052
0.000041
0.000031
0.000108
0.000075
0.000322
0.000339
0.001207
0.001011
0.000909
0.000028
0.000022
0.000034
0.000054
0.000037
0.000043
0.000027
0.000012
0.000014
0.000022
0.000044
0.000029
0.000030
0.000029
0.000016
0.000004
0.000004
0.000027
0.000010
0.000008
0.000009
0.000012
0.000016
0.000005
0.000008
0.000023
0.000045
0.000004
0.000002
0.000004
0.000018
0.000010
0.000008
0.000006
0.000005
0.000004
0.000008
0.000071
0.000019
0.000011
0.000018
0.000023
0.000007
0.000022
0.000034
0.000037
0.000026
0.000004
0.000009
0.000013
0.000020
0.000002
0.000003
0.000010
0.000007
0.000003
0.000002
0.000002
0.000001
0.000001
0.000002
0.000001
0.000001
0.000001
0.000000
0.000000
0.000000
0.000002
0.000001
0.000002
0.000002
0.000001
0.000002
0.000017
0.000021
0.000001
0.000000
0.000003
0.000001
0.000000
0.000000
0.000000
0.000000
0.000000
0.000001
0.000000
0.000000
0.000064
0.000040
0.000012
0.000002
0.000002
0.000002
0.000002
0.000000
0.000000
0.000000
0.000000
0.000000
0.000000
0.000000
0.000000
0.000000
0.000000
0.000000
0.000000
0.000000
0.000000
0.000001
0.000001
0.000000
0.000000
0.000000
0.000000
0.000000
0.000000
0.000000
0.000000
0.000000
0.000000
0.000000
0.000000
0.000000
0.000000
0.000000
0.000000
0.000000
0.000000
0.000000
0.000000
0.000000
0.000000
0.000000
0.000000
0.000000
0.000000
0.000000
0.000000
0.000000
0.000000
0.000000
0.000000
0.000000
0.000000
0.000000
0.000000
0.000000
0.000000
0.000000
0.000000
0.000000
0.000000
0.000000
0.000000
0.000000
0.000000
0.000000
0.000000
0.000000
0.000000
0.000000
0.000000
0.000000
0.000000
0.000000
0.000000
0.000000
0.000000
0.000000
0.000000
0.000000
0.000000
0.000000
0.000000
0.000000
0.000000
0.000000
0.000000
0.000000
0.000000
0.000000
0.000000
0.000000
0.000000
0.000000
0.000000
0.000000
0.000000
0.000000
0.000000
0.000000
0.000000
0.000000
0.000000
0.000000
0.000000
0.000000
0.000000
0.000000
0.000000
0.000000
0.000000
0.000000
0.000000
0.000000
0.000000
0.000000
0.000000
0.000000
0.000000
0.000000
0.000000
0.000000
0.000000
0.000000
0.000000
0.000000
0.000000
0.000000
0.000000
0.000000
0.000000
8.915504
8.898801
8.884723
8.860515
8.749336
8.575368
8.249980
6.955311
0.391150
0.166321
0.115450
0.000000
0.000000
0.000000
0.000000
0.000000
0.000000
0.000000
0.000000
0.000000
0.000000
0.000000
0.000000
0.000000
0.000000
0.000000
0.000000
0.000000
0.000000
0.000000
0.000000
0.000000
0.000000
0.000000
0.000000
