0.007927
0.007663
0.007198
0.006303
0.003494
0.003115
0.000065
0.000016
0.000012
0.000010
0.000008
0.000006
0.000860
0.000867
0.000880
0.000866
0.000915
0.000839
0.000795
0.000780
0.000768
0.000764
0.000031
0.000013
0.001041
0.001094
0.001813
0.001759
0.001759
0.005681
0.005778
0.005974
0.006159
0.006155
0.005896
0.005799
0.005634
0.005444
0.000717
0.000620
0.000607
0.000622
0.000530
0.000514
0.000532
0.000479
0.000420
0.000372
0.000381
0.000469
0.002719
0.006162
0.007026
0.009673
0.044349
0.047030
0.075800
0.085384
0.098032
0.141894
0.401104
0.449669
0.495969
5.626856
5.703403
5.729611
5.716961
0.020372
5.684872
5.749775
5.835140
5.877419
6.136862
6.146075
6.149218
6.130043
6.114709
6.113521
6.110697
6.104814
6.075508
6.073696
6.322455
6.326310
6.328536
6.328665
6.422014
6.418293
6.409716
6.375105
6.364689
6.327116
6.117797
6.158764
6.157854
6.158646
6.402664
6.470549
6.507055
6.544712
6.655087
6.771147
6.845090
6.919671
6.970741
7.016194
7.041889
7.053813
7.065630
7.117451
7.145970
7.151000
7.151906
7.151868
7.151930
7.151686
7.144969
7.141372
7.139191
7.136489
7.136846
7.141826
7.142541
7.145345
7.147247
7.147469
7.148756
7.147514
7.148036
7.149613
7.149148
7.147787
7.147737
7.149119
7.151842
7.152372
7.152083
7.151972
7.151998
7.152025
7.151990
7.151988
7.152129
7.152066
7.151449
7.150158
7.149383
7.150263
7.151448
7.151669
7.152041
7.152303
7.152420
7.152115
7.151911
7.150511
7.388706
7.391571
7.392882
7.394750
7.397708
7.517137
7.534462
7.550205
7.552580
7.558919
7.568134
7.570915
7.570194
7.569887
7.556930
7.500947
7.470093
7.329055
7.319020
7.313864
7.311102
7.306164
7.305202
7.304566
7.304525
7.303912
7.304802
7.306560
7.307914
7.312834
7.319537
7.324838
7.494951
7.537228
7.518642
7.510106
7.467041
7.419272
0.000806
0.000177
0.000113
0.000062
0.000012
0.000007
0.000005
0.000002
0.000001
0.000001
0.000000
0.000000
0.000000
0.000000
0.000001
0.000001
0.000001
0.000001
0.000001
0.000000
0.000000
0.000000
0.000000
0.000000
0.000000
0.000001
0.000003
0.000002
0.000005
0.000011
0.000026
0.000038
0.000062
0.000117
0.000301
7.491798
7.559977
7.565032
7.566392
7.565569
7.565235
7.565901
7.566432
7.566120
7.565106
7.563677
7.561829
7.552763
7.547342
7.547892
7.552261
7.554757
7.555141
7.537182
7.470726
7.421716
7.360331
7.332161
7.223922
7.091362
6.957633
7.308760
7.456269
7.473095
7.477673
7.479635
7.479907
7.479460
7.477796
7.477596
7.478376
7.476547
7.474415
7.455440
7.405982
7.358854
7.218546
6.963971
6.732794
0.001656
0.000844
0.000519
0.000224
0.000195
0.000135
0.000138
0.000124
0.000015
0.000005
0.000003
0.000003
0.000007
0.000005
0.000004
0.000005
0.000010
0.000015
0.000020
0.000011
0.000007
0.199068
6.441716
6.558937
6.646923
6.643651
6.755443
0.002114
0.001159
0.000173
0.000151
0.000091
0.000072
0.000069
0.000009
0.000005
0.000002
0.000002
0.000003
0.000010
0.000007
0.000007
0.000008
0.000009
0.000014
0.000041
0.000010
0.000006
0.000012
0.000010
0.000027
0.000029
0.000045
0.000051
0.000002
0.000010
0.000005
0.000004
0.000004
0.000008
0.000004
0.000007
0.000011
0.000015
0.000006
0.000007
0.000001
0.000002
0.000013
0.000013
0.000014
0.000003
0.000003
0.000020
0.000004
0.000002
0.000005
0.000005
0.000003
0.000003
0.000003
0.000001
0.000006
0.000010
0.000008
0.000009
0.000009
0.000009
0.000004
0.000010
0.000011
0.000003
0.000008
0.000020
0.000003
0.000004
0.000013
0.000008
0.000007
0.000013
0.000016
0.000007
0.000003
0.000003
0.000005
0.000005
0.000007
0.000007
0.000003
0.000003
0.000003
0.000003
0.000009
0.000010
0.000021
0.000037
6.766732
6.779230
6.798091
6.817273
6.833030
6.839739
6.842186
6.844029
0.000110
0.000020
0.000014
0.000008
0.000004
0.000004
0.000005
0.000004
0.000002
0.000008
0.000004
0.000003
0.000020
0.000017
0.000009
0.000005
0.000006
0.000007
0.000006
0.000002
0.000002
0.000003
0.000002
0.000002
0.000003
0.000006
0.000005
0.000004
0.000009
0.000012
0.000022
0.000044
0.000012
0.000004
0.000025
0.000040
0.000007
0.000037
0.000043
0.000017
0.000008
0.000002
0.000002
0.000004
0.000003
0.000004
0.000004
0.000004
0.000012
0.000005
0.000009
0.000004
0.000005
0.000004
0.000002
0.000004
0.000002
0.000002
0.000002
0.000005
0.000006
0.000003
0.000002
0.000041
0.000024
0.000032
0.000011
0.000006
0.000006
0.000003
0.000002
0.000002
0.000015
0.000021
0.000005
0.000004
0.000018
0.000009
0.000005
0.000006
0.000010
0.000005
0.000004
0.000005
0.000010
0.000024
0.000027
0.000041
0.000005
0.000016
0.000007
0.000009
0.000018
0.000015
0.000005
0.000011
0.000013
0.000009
0.000010
0.000005
0.000038
0.000033
0.000013
0.000003
0.000004
0.000009
0.000010
0.000005
0.000007
0.000006
0.000012
0.000015
0.000016
0.000033
0.000161
0.000007
0.000007
0.000004
0.000023
0.000038
0.000041
0.000039
0.000005
0.000016
0.000019
0.000016
0.000015
0.000003
0.000004
0.000002
0.000003
0.000005
0.000005
0.000005
0.000013
0.000011
0.000009
0.000007
0.000007
0.000010
0.000018
0.000004
0.000006
0.000006
0.000006
0.000005
0.000006
0.000007
0.000004
0.000004
0.000002
0.000002
0.000002
0.000003
0.000004
0.000010
0.000010
0.000005
0.000003
0.000004
0.000006
0.000007
0.000004
0.000007
0.000007
0.000008
0.000013
0.000004
0.000005
0.000005
0.000003
0.000004
0.000006
0.000007
0.000025
0.000003
0.000003
0.000011
0.000009
0.000007
0.000002
0.000003
0.000004
0.000007
0.000012
0.000005
0.000009
0.000009
0.000017
0.000063
0.000073
0.000020
0.000048
0.000022
0.000018
0.000027
0.000008
0.000018
0.000019
0.000034
0.000008
0.000006
0.000008
0.000005
0.000008
0.000014
0.000028
0.000015
0.000011
0.000097
0.000037
0.000011
0.000006
0.000019
0.000007
0.000005
0.000004
0.000003
0.000002
0.000003
0.000006
0.000005
0.000005
0.000010
0.000042
0.000043
0.000126
0.000182
0.000102
0.000108
6.861946
6.859932
6.860225
6.851531
6.844217
6.845084
0.000506
0.000572
0.000910
0.001729
0.002122
0.007611
0.008585
7.042378
7.079318
7.082285
7.080802
7.025684
7.021125
7.017160
7.003363
6.977609
6.978109
6.977936
6.973514
6.960399
6.864975
6.759164
6.666598
6.570490
0.085926
6.675664
6.683935
6.620279
6.566007
6.318257
5.800694
4.997957
3.655309
3.198162
2.362541
2.075421
1.871904
1.704927
1.539645
1.232959
0.929604
0.001335
0.000141
0.000093
0.000119
0.000043
0.000023
0.000017
0.000018
0.000018
0.000017
0.000020
0.000014
0.000078
0.000087
0.000063
0.000029
0.000030
0.000024
0.000047
0.000043
0.000061
0.000041
0.000022
0.000035
0.000082
0.000119
0.000160
0.000376
0.000424
0.000587
0.054921
0.380686
2.535178
2.887548
3.829545
4.757270
5.496474
6.075170
6.562471
6.689869
6.702804
6.665940
6.400409
1.200844
5.669512
6.464971
6.939087
7.210054
7.508814
7.571922
7.649774
7.687799
7.712110
7.724674
7.724514
7.721099
7.719585
7.721066
7.766539
7.874534
7.896280
7.906803
7.919431
7.921989
7.922270
7.921982
7.919298
7.916269
7.915924
7.916967
0.000004
0.000002
0.000000
0.000000
0.000000
0.000000
0.000000
0.000000
0.000000
0.000000
0.000000
0.000000
0.000000
0.000000
0.000000
0.000000
0.000000
0.000000
0.000000
0.000000
0.000000
0.000000
0.000000
7.913054
7.912584
7.915446
7.920441
7.921834
7.921019
7.915858
7.915186
7.915622
7.916358
7.918652
7.911432
7.870325
7.837801
7.791798
7.628697
7.540420
7.309659
6.758239
0.245096
0.165781
6.428853
6.641821
6.944953
7.122886
7.380071
7.463878
7.550875
7.569536
7.590488
7.628652
7.651663
7.658312
7.672384
7.683884
7.685981
7.687528
7.671848
7.652859
7.616808
7.592654
0.001432
0.000941
0.000277
0.000160
0.000154
0.000169
0.000204
0.000233
0.000275
0.000341
0.000447
0.000878
8.042517
8.062520
8.075145
8.099103
8.106772
8.109057
8.112456
8.111155
8.098018
8.092260
8.090553
8.094385
8.100539
8.097628
8.095065
8.312118
8.307815
8.310791
8.322227
8.348720
8.377929
8.400533
8.412727
8.411132
8.407669
8.406245
8.406074
8.407528
8.407130
8.408493
8.404181
8.403001
8.404541
8.402146
8.401120
8.405280
8.412697
8.413116
8.411674
8.394245
8.162807
8.162801
8.162871
8.162762
8.163459
8.163654
8.442854
8.693683
8.695997
8.695948
8.696300
8.698167
8.698183
8.697675
8.697244
8.696546
8.695460
8.693447
8.685772
8.631977
8.574374
8.379858
7.840134
8.080187
8.137332
8.292730
0.000164
0.000103
0.000052
0.000019
0.000014
0.000007
0.000005
0.000005
0.000007
0.000010
0.000041
0.000106
0.000147
0.000445
0.000940
0.001708
0.004336
8.587811
8.689313
8.695461
8.696156
8.696779
8.696808
8.696741
8.696297
8.695166
8.692397
8.691628
8.693262
8.694774
8.692464
8.690446
8.689500
8.493702
8.493518
8.493217
8.493719
8.493851
8.493835
8.494041
8.493432
8.493000
8.492836
8.493292
8.494240
8.494245
8.494286
9.279785
9.283550
9.283906
9.283490
9.283384
9.283255
9.282833
9.282343
9.282725
9.283219
9.282403
9.279567
9.278199
9.277556
9.275569
9.274066
9.273637
9.275812
9.280273
9.283704
9.283749
9.283362
9.282893
9.281799
9.281788
9.282032
9.274178
9.260604
9.243435
9.232306
9.222723
9.178968
9.144442
9.113591
9.080584
8.736458
8.650800
8.586725
8.596262
8.609243
8.639431
8.602356
8.265616
7.781971
7.218837
6.411918
1.223212
0.979178
0.991781
1.182768
7.608463
8.766442
9.070724
9.087008
9.094954
9.094549
9.077783
9.052832
9.035569
8.955774
8.658727
8.431469
8.021012
7.626581
6.630002
5.668803
4.071155
3.232022
2.846505
2.329062
0.494368
0.395649
0.253752
0.008663
0.002050
0.000204
0.000189
0.000157
0.000086
0.001868
0.001889
0.002097
0.001649
0.016743
0.029862
1.066263
1.032739
0.807339
0.489309
0.113574
0.079168
0.056735
0.063325
0.064105
0.065214
0.065760
0.067049
0.020587
0.012844
0.013356
0.008362
0.007814
0.005866
0.003558
0.000094
0.000045
0.000054
0.000057
0.000065
0.004532
0.004597
0.004619
0.011182
0.011946
0.012832
0.083028
0.175363
1.655677
1.875762
2.125444
2.459110
2.858785
0.000476
0.000266
0.000311
0.000221
0.000186
0.000189
0.000156
0.000114
0.000031
0.000076
0.000061
0.000048
0.000382
0.000084
0.000106
0.000077
0.000043
0.000023
0.000020
0.000025
0.000069
0.000057
0.000090
0.000173
0.000427
0.000880
0.001242
4.540474
5.428160
6.472551
7.123978
7.850646
8.122261
9.077121
9.183414
9.322779
9.342212
9.340804
9.341036
9.343663
9.344861
9.342814
9.341797
9.341989
9.343401
9.345252
9.345017
9.344787
9.345861
9.333095
9.324509
9.317860
9.300628
9.251741
9.227337
9.162496
9.007024
8.960489
8.920699
8.860614
8.184844
7.511019
7.019497
6.523128
5.845330
5.269727
4.723455
4.173667
0.011959
0.016427
2.907148
2.162543
1.795174
1.457187
1.173054
1.022557
0.425775
0.180291
0.021877
0.001634
0.088928
0.144895
0.721386
0.812689
0.863025
0.044690
1.732792
1.981971
2.143532
2.379212
2.320825
2.228645
2.063468
1.400033
0.002672
0.001580
0.000631
0.000555
0.000308
0.000296
0.000463
0.000466
0.000274
0.510876
0.423342
0.260344
0.017278
0.000077
0.000214
0.000146
0.000082
0.005290
0.002240
0.001636
0.050254
0.153427
0.216598
1.659303
1.857572
2.860372
2.990899
3.193231
3.309767
3.172908
0.017131
0.014956
0.010742
0.004369
3.209488
3.171913
2.961773
2.802412
2.621274
1.932940
1.362854
0.185623
0.062861
0.000391
0.020512
0.019500
0.018497
0.016311
0.004941
0.025713
0.025541
0.026090
0.024651
0.003594
0.003142
0.003029
0.002681
0.002971
0.000138
0.000190
0.008152
0.012570
1.233584
1.484204
1.658551
1.954017
1.959371
2.015404
2.013321
2.025772
2.044985
1.973406
1.869173
1.717035
1.703095
1.586202
1.491546
1.406376
1.325586
0.245222
0.187209
0.038843
0.037017
0.032882
0.003703
0.000515
0.000320
0.000203
0.000234
0.000310
0.000387
0.000631
0.018636
0.017696
0.787059
0.686362
0.669299
0.650454
0.025538
0.014570
1.220386
1.251778
1.239344
1.265662
1.300039
1.324961
1.354078
0.274266
0.272272
0.119885
0.086776
0.082802
0.049659
0.037957
0.007772
0.280325
0.321423
2.643235
2.966179
3.301458
3.691997
3.902123
4.061952
4.107342
4.097358
4.049422
3.974316
3.854577
3.732129
3.443897
0.003018
0.002086
0.001082
0.000410
0.000209
0.000147
0.000074
0.000081
0.000024
0.000019
0.000041
0.000101
0.000110
0.000024
0.000027
0.000027
0.000040
0.000076
0.000198
0.000201
0.000329
3.158843
3.115987
2.910975
2.653297
2.405728
2.178488
1.921372
1.693166
1.543791
0.309332
0.179955
0.085365
0.000977
0.001260
0.001613
0.000982
0.054513
0.805646
0.827169
0.838335
0.712152
0.012505
2.154370
2.502261
3.375765
3.752269
4.170313
4.589361
5.025099
5.355067
5.419366
5.406062
5.340919
5.186421
4.664362
4.179348
3.704763
3.174046
2.736370
2.554010
0.494393
0.163883
0.047624
0.036887
1.683353
1.933438
2.121510
1.979917
0.039921
2.747331
3.132338
3.461525
3.867322
4.338010
4.819047
0.003212
5.606884
5.704268
5.818938
5.865934
5.859778
5.823839
5.752321
5.418596
5.092992
4.744172
4.348941
3.915107
3.699806
0.017262
0.000264
0.000083
0.000054
0.000040
0.000039
0.000025
0.000022
0.000022
0.000024
0.000051
0.000060
0.000092
0.000279
0.034771
0.036722
3.301019
3.350285
3.417376
3.260480
3.171306
0.029557
0.008165
0.006925
0.011591
0.003515
0.014433
0.024734
3.075883
3.332296
3.678659
3.774539
3.998897
4.285609
4.456437
0.014102
4.961005
5.091827
5.294320
5.411186
5.462280
5.481455
5.507900
5.579999
5.629075
5.498777
5.377588
5.201855
5.057482
4.823882
4.170643
3.787078
3.506727
3.291606
3.080651
2.202480
1.989358
1.704455
0.043134
0.644021
3.805581
4.276584
4.495432
4.510657
0.005642
0.001253
0.000410
0.000248
0.000113
0.000080
0.000021
0.000013
0.000014
0.000012
0.000007
0.000008
0.000010
0.000026
0.000024
0.000023
0.000019
0.000074
0.000010
0.000008
0.000003
0.000003
0.000003
0.000003
0.000007
0.000012
0.000003
0.000003
0.000002
0.000003
0.000003
0.000005
0.000007
0.000007
0.000003
0.000007
0.000008
0.000004
0.000004
0.000003
0.000007
0.000004
0.000007
0.000005
0.000008
0.000006
0.000004
0.000004
0.000016
0.000011
0.000004
0.000003
0.000004
0.000001
0.000001
0.000003
0.000010
0.000007
0.000008
0.000005
0.000002
0.000002
0.000002
0.000001
0.000001
0.000001
0.000002
0.000006
0.000006
0.000004
0.000010
0.000010
0.000002
0.000002
0.000002
0.000006
0.000006
0.000059
0.000005
0.000005
0.000006
0.000005
0.000001
0.000006
0.000003
0.000002
0.000001
0.000001
0.000000
0.000001
0.000001
0.000000
0.000000
0.000000
0.000001
0.000001
0.000001
0.000001
0.000030
0.000030
0.000008
0.000006
0.000003
0.000001
0.000001
0.000001
0.000001
0.000001
0.000000
0.000008
0.000173
0.000184
0.000201
0.000001
0.000004
0.000003
0.000001
0.000001
0.000001
0.000001
0.000000
0.000001
0.000000
0.000000
0.000000
0.000000
0.000000
0.000000
0.000001
0.000001
0.000001
0.000001
0.000001
0.000001
0.000003
0.000000
0.000000
0.000002
0.000000
0.000000
0.000001
0.000002
0.000002
0.000001
0.000002
0.000002
0.000007
0.000002
0.000001
0.000001
0.000001
0.000001
0.000001
0.000002
0.000000
0.000000
0.000000
0.000000
0.000000
0.000004
0.000002
0.000001
0.000000
0.000000
0.000000
0.000000
0.000000
0.000000
0.000000
0.000000
0.000000
0.000000
0.000000
0.000000
0.000000
0.000000
0.000000
0.000000
0.000000
0.000000
0.000001
0.000000
0.000000
0.000000
0.000000
0.000000
0.000000
0.000000
0.000000
0.000000
0.000000
0.000000
0.000000
0.000001
0.000000
0.000000
0.000000
0.000000
0.000000
0.000000
0.000000
0.000000
0.000000
0.000000
0.000000
0.000001
0.000001
0.000000
0.000000
0.000000
0.000000
0.000000
0.000000
0.000000
0.000000
0.000000
0.000000
0.000000
0.000000
0.000013
0.000005
0.000003
0.003112
0.000948
0.000690
0.000516
0.000000
0.000000
0.000000
0.000000
0.000000
0.000000
0.000000
0.000000
0.000000
0.000000
0.000000
0.000000
0.000001
0.000000
0.000000
0.000001
0.000000
0.000001
0.000001
0.000002
0.000001
0.000002
0.000399
0.000427
0.000389
0.000396
0.000393
0.000001
4.139542
4.038787
0.002798
0.002285
0.002151
0.001821
0.001925
0.001991
0.007415
0.006790
0.006723
0.000044
0.000056
0.000032
0.000022
0.000007
0.000006
0.000006
0.000014
0.000011
0.000004
0.000004
0.000003
0.000003
0.000004
0.000003
0.000003
0.000195
0.000371
0.000762
0.000780
0.001886
0.001262
0.007456
0.003311
0.003472
0.003341
0.004339
0.005714
0.007527
3.588653
3.136718
2.136393
0.179290
0.082204
0.012840
0.009415
0.008807
0.000003
0.000009
0.000000
0.000000
0.000000
0.000000
0.000000
0.000001
0.000012
0.000014
0.000021
0.000033
0.018287
0.002822
0.000000
0.000000
0.000000
0.000000
0.000000
0.000001
0.000000
0.000000
0.000000
0.000000
0.000000
0.000000
0.000001
0.000001
0.000002
0.000002
0.000000
0.000000
0.000000
0.000000
0.000000
0.000000
0.000000
0.000000
0.000004
0.000000
0.000001
0.000001
0.000000
0.000000
0.000001
0.000001
0.000172
