0.015839
0.015796
0.015721
0.015602
0.000005
0.000003
0.000002
0.000002
0.000000
0.000000
0.000000
0.000000
0.000000
0.000000
0.000000
0.000000
0.000000
0.000000
0.000002
0.002185
0.002135
0.000000
0.000000
0.000000
0.000000
0.000000
0.000000
0.000000
0.000000
0.000000
0.000000
0.000001
0.000109
0.000009
0.000010
0.000097
0.000101
0.000149
0.000158
0.000098
0.000099
0.000157
0.000178
0.000278
0.021347
0.021848
0.021804
0.021809
0.021154
0.019310
0.016360
0.013956
0.007564
0.005097
0.003988
0.003171
0.003823
0.003921
0.004127
0.004413
0.001897
0.001861
0.001832
0.001820
0.001822
0.005115
0.005471
0.011976
0.014237
0.020666
0.050367
0.078142
0.092852
0.098530
0.569966
0.560123
0.425304
0.151548
0.010575
0.003921
0.003768
0.003790
0.003809
0.003967
0.000043
0.000042
0.000019
0.000012
0.000012
0.000030
0.000042
0.000034
0.000015
0.000020
0.000018
0.000021
0.000015
0.000066
0.000080
0.000011
0.000008
0.000029
0.000055
0.000063
0.000110
0.000135
0.000261
0.000463
0.024547
0.083870
0.203341
1.542047
2.151917
2.865508
3.453487
3.858868
4.280197
4.805518
4.285280
4.296089
4.310176
0.079404
0.084460
4.332590
4.566237
4.721079
4.757515
4.780028
4.816177
4.803614
0.001327
0.001216
0.001520
0.000520
0.000234
0.000187
0.000275
0.000429
0.000131
0.000051
0.000053
0.000088
0.000150
0.000107
0.000115
0.000327
0.001540
0.002756
0.003147
0.005177
5.006498
5.084204
5.179952
5.284590
5.382592
5.469363
5.553884
5.647797
5.918646
6.039128
6.405520
6.437847
6.489347
6.555071
6.781716
6.788388
6.760779
6.703470
6.628015
6.579913
6.544023
6.490978
6.385585
6.061821
6.065024
6.054824
6.427482
6.496345
6.596700
6.698953
6.792413
6.878565
6.977179
7.032094
7.102654
7.253827
7.473624
7.378429
7.201191
7.324189
7.387448
7.483643
7.494378
7.674181
7.666117
7.663162
7.578115
7.225665
7.230465
7.242628
7.244627
7.248809
7.244395
7.241973
7.240314
7.240927
7.243891
7.250964
7.253350
7.258144
7.256857
7.256922
7.250332
7.232784
7.173626
7.263390
0.002152
0.002046
0.000150
0.000058
0.000030
0.000014
0.000009
0.000005
0.000006
0.000003
0.000004
0.000002
0.000003
0.000002
0.000003
0.000003
0.000003
0.000004
0.000008
0.000012
0.000049
0.000068
0.000340
0.000469
0.000617
0.001255
7.446916
7.518307
7.554009
7.941851
7.940590
7.943435
7.952553
7.958581
7.961171
7.966861
7.971980
7.972766
7.970729
7.970835
7.965248
7.953458
7.946100
7.945008
7.938478
7.934721
7.936629
7.932255
7.923295
7.921618
7.925260
7.931300
7.928891
7.919915
7.924477
7.940980
7.934441
7.936256
7.926037
7.661224
7.449072
6.756558
6.063406
5.332989
0.047202
0.004665
0.001587
0.001275
0.000550
0.000378
0.000288
0.000300
0.000429
0.000588
0.027853
0.268378
4.647613
5.201946
5.324450
5.784172
6.150261
0.122828
0.018506
0.028040
7.106949
7.575364
7.746135
7.857814
7.929756
8.003687
8.535783
8.564078
8.548048
8.660062
8.697597
8.710670
8.714934
8.717419
8.720767
8.723001
8.722018
8.721271
8.719203
8.718703
8.721019
8.716234
8.709439
8.704416
8.637750
8.582219
8.543340
8.392899
8.394491
8.397208
8.397254
8.395624
8.394312
8.392810
8.393460
8.387656
8.357198
8.316228
8.275562
8.109218
7.320040
6.535899
4.238655
0.021195
0.089124
0.090210
0.230122
4.337863
4.980619
5.465868
5.916962
6.318245
6.828705
7.119551
7.335395
7.578183
7.774059
7.943816
7.988980
7.991807
7.991093
8.232113
8.275131
8.309976
8.313456
8.315954
8.319076
8.317374
8.309330
8.301057
8.298476
8.294945
8.295943
8.301658
8.310018
8.314656
8.320171
8.320084
8.316455
8.302284
8.286690
8.256085
8.240282
8.235548
8.237039
8.248277
8.264021
8.274840
8.296938
8.309696
8.310367
8.306772
8.304232
8.306209
8.245339
0.001348
0.000208
0.000086
0.000037
0.000023
0.000015
0.000010
0.000005
0.000001
0.000001
0.000001
0.000000
0.000001
0.000001
0.000001
0.000001
0.000001
0.000001
0.000012
0.000012
0.000016
0.000037
0.000087
0.000394
0.000704
8.499577
8.512227
8.459910
0.057676
8.555953
8.567434
8.523033
8.202689
7.078545
7.640549
7.950643
8.239838
8.409698
8.642608
8.665107
8.674021
8.676833
8.679391
8.684480
8.697583
8.708579
8.705174
8.708965
8.722782
8.723102
8.719939
8.707039
8.694905
8.678936
8.676498
8.685708
8.681379
8.602380
8.328123
8.145459
8.049501
0.250827
8.143690
8.290549
8.480057
8.602452
8.684794
8.708164
8.719061
8.726306
8.669041
8.580190
8.497822
8.380301
8.266454
7.884880
7.011368
6.736205
6.488353
0.107905
0.107328
6.196570
0.081865
6.267497
6.464268
6.523044
6.596817
6.672424
7.455048
7.684656
8.057713
8.196016
8.310907
8.413331
8.463176
8.398062
8.368416
8.365907
8.366518
8.305538
8.252749
8.213349
8.175044
8.116036
8.053626
8.032026
7.995520
7.715840
7.641687
7.708963
7.673092
7.312401
7.781128
7.979892
8.174237
7.925985
7.983388
8.017516
8.079411
8.115148
8.172253
8.235640
8.267019
8.279476
8.262599
8.271854
8.331839
8.411556
8.438933
8.450162
8.449700
8.445271
8.463165
8.497962
8.521076
8.520596
8.433414
8.327634
8.164161
8.344465
0.121573
0.126003
8.391063
8.442038
8.393233
0.047706
0.058450
0.057449
8.509740
8.561256
8.604433
8.637271
8.662708
8.652703
0.074884
8.530075
8.614808
8.656824
8.667210
8.680101
8.684955
8.684325
8.684634
8.683939
8.680977
8.676549
8.675432
8.661058
8.645449
8.626575
8.605682
8.582126
8.583498
8.614663
8.628678
8.634207
8.607534
8.552076
8.516668
8.484991
8.452807
8.422724
8.224646
8.088828
0.168314
0.177769
7.998022
8.255446
8.356288
8.480813
8.507028
8.368830
8.224650
7.715725
7.242234
6.927725
3.950037
5.830443
6.146487
6.490812
6.742926
7.015845
7.150048
7.477087
7.820168
7.930031
7.922470
8.040372
8.060078
8.098975
8.135566
8.160085
8.168598
8.052288
8.181078
0.011796
0.011444
0.010601
0.010822
0.016072
0.025161
8.566342
8.873149
9.019214
9.078683
9.158952
9.208796
9.265120
9.329763
9.375052
9.385329
9.403886
9.419308
9.296033
9.155968
9.037843
8.848812
8.459153
7.872915
7.064073
0.475621
0.019749
0.014630
0.011806
0.000002
0.000002
0.049395
4.414152
4.336686
4.802613
5.016711
0.012993
0.015557
5.046503
0.007680
0.007197
0.007478
0.008709
0.010757
6.162727
6.556551
6.786835
7.039408
0.018243
0.016485
7.146131
7.538666
7.678081
7.945184
8.122569
8.326189
8.514059
8.763517
8.999182
9.141989
9.305624
9.389651
9.390891
9.404290
9.423360
9.444601
9.447836
9.453096
9.457786
9.453524
9.448340
9.445537
9.445629
9.445392
9.449602
9.452994
9.457098
9.462083
9.465419
9.466281
9.462383
9.461787
9.463912
9.461307
9.460394
9.462769
9.462199
9.453418
9.446942
9.441143
9.436178
9.432573
9.411004
9.385267
9.361883
9.343305
9.341133
0.006384
0.004686
0.001875
0.000952
0.000718
0.000347
0.000059
0.000053
0.000065
0.000013
0.000008
0.000007
0.000055
0.000055
0.000041
0.000045
0.000121
0.000805
0.000905
0.001080
9.174966
9.266076
9.300184
9.314042
9.311668
0.000240
0.000132
0.000075
0.000039
0.000024
0.000008
0.000010
0.000006
0.000001
0.000000
0.000001
0.000001
0.000001
0.000001
0.000001
0.000001
0.000001
0.000001
0.000001
0.000002
0.000005
0.000046
0.000230
0.000292
0.000724
0.001112
0.001587
9.209871
9.310661
9.376180
9.404337
9.392354
9.402272
9.399123
9.369205
9.287158
9.200767
8.509303
8.435619
8.357580
8.322911
8.264999
8.195223
8.119769
8.066545
7.992739
7.938064
7.915930
7.892144
7.843267
7.759338
7.693822
7.608097
7.500085
7.423080
7.374308
7.346745
7.264331
7.171535
7.102719
6.952382
6.789659
6.656896
6.504378
6.366493
6.177714
5.647356
0.590121
0.528629
0.042464
0.025425
0.021036
0.049756
4.893710
5.153833
0.016403
5.483611
5.855454
0.158878
6.643630
7.188560
7.399677
7.498887
7.613295
7.703553
7.848273
7.695003
7.692451
7.692535
7.696059
7.697030
7.693896
7.685486
7.681097
7.677368
7.676263
7.676879
7.679890
7.685976
7.736148
7.758876
7.756811
7.755588
7.757847
7.751057
7.747218
7.747397
7.733106
7.721371
7.699708
7.678468
7.667156
7.651873
7.604852
7.541982
7.438455
7.303068
7.109458
6.900012
6.683273
6.335317
0.132804
5.892049
0.067798
5.512448
5.577534
5.729275
0.063891
5.723638
5.940152
6.101637
6.192340
6.360821
6.631839
6.830729
6.916416
7.035402
7.246073
7.377523
7.507210
7.582629
7.653754
7.686947
7.700102
7.722552
7.725996
7.734205
7.734971
7.637066
7.573175
7.523887
0.038893
0.038236
0.039965
0.043308
7.600560
7.738087
7.783953
7.826782
7.849923
7.853835
7.853283
7.854547
7.856620
7.856763
7.856691
7.854504
7.818359
7.475822
0.772871
0.004729
0.000848
0.000492
0.000096
0.000063
0.000041
0.000020
0.000023
0.000023
0.000045
0.000074
0.000120
0.000161
0.000418
6.611998
7.179859
7.434191
7.717017
7.775341
7.837101
7.841576
7.842597
7.843925
7.847599
7.847726
7.840856
7.835403
7.827056
7.811084
7.797216
7.792203
7.772978
7.767228
7.443511
7.435232
7.416333
0.020799
0.019807
0.018123
0.015068
7.259641
7.282872
7.311070
7.343607
7.369397
7.348751
7.335769
7.213380
6.970162
6.815989
6.744215
6.710588
6.605007
6.428347
6.307412
6.056574
5.836119
4.692342
0.085506
5.649662
5.917574
6.147838
6.392933
6.629926
6.951994
7.111623
7.272428
7.380202
7.535679
7.575535
7.614035
7.647190
7.658185
7.635392
7.631305
7.631171
7.649888
7.622616
7.540574
0.103469
0.103833
7.674199
7.744246
7.760460
7.771898
7.780905
7.785844
7.786034
7.785522
7.787120
7.792577
7.794067
7.793530
7.793506
7.787505
7.769909
7.642467
7.470065
7.267340
7.122583
6.667044
5.963968
2.035776
0.356576
5.385882
6.242427
6.521244
6.704592
6.785819
0.086831
0.159151
0.176042
7.553080
7.723301
7.749972
7.735484
7.677879
7.518644
0.169866
7.277287
7.447719
7.502992
7.520130
7.518127
7.508931
7.499788
7.484818
7.459934
7.420815
7.381877
7.356939
7.343375
7.322220
7.285912
0.002364
0.002437
0.001276
0.000207
0.000152
0.000181
0.000029
0.000020
0.000019
0.000028
0.000014
0.000019
0.000068
0.000036
0.000025
0.000091
0.000070
0.000118
0.000537
0.000077
0.000027
0.000063
0.000102
0.000047
0.000084
0.000119
0.000057
0.000077
0.000123
0.000239
7.152373
7.090540
7.026904
0.094104
7.007566
7.069148
7.124164
7.130997
0.000083
0.000115
0.000125
0.000024
0.000019
0.000368
0.000406
0.000041
0.000018
0.000068
0.000053
0.000037
0.000050
0.000038
0.000021
0.000013
0.000026
0.000022
0.000028
0.000012
0.000012
0.000043
0.000082
0.000061
0.000787
0.000719
0.000917
7.151561
6.802341
6.539256
6.477222
6.429205
6.262068
6.260023
6.258548
6.258456
6.257545
6.245148
6.239979
6.232703
6.217297
6.213211
6.209483
0.007185
0.005468
6.184745
6.187314
6.412024
6.450048
6.466271
6.469155
6.470327
6.470076
6.469289
0.005443
0.005345
6.491964
6.500372
6.502796
6.508193
6.520473
6.534653
6.536435
6.538957
6.540337
6.542205
6.546001
6.551044
6.552610
6.547545
6.541513
6.512842
0.006483
0.000900
0.000717
0.000315
0.000319
0.000360
0.000489
0.000689
6.472217
6.448956
6.426555
0.012843
0.008983
0.007786
0.001869
0.000136
0.000078
0.000053
0.000023
0.000011
0.000010
0.000016
0.000007
0.000009
0.000011
0.000025
0.000007
0.000009
0.000018
0.000045
0.000064
0.000026
0.000038
0.000057
0.000082
6.204018
6.206212
6.200272
6.199173
6.202874
0.002612
0.002407
6.190540
6.202379
6.207719
0.000336
0.000310
0.000201
0.000033
0.000042
0.000011
0.000009
0.000009
0.000012
0.000019
0.000019
0.000029
0.000267
0.003902
0.002437
0.002141
6.234833
6.246510
6.405989
6.465284
6.600254
6.613254
6.617178
6.616927
6.612512
6.610539
0.000100
0.000094
0.000104
0.000104
0.000023
0.000018
0.000010
0.000051
0.000077
0.000032
0.000043
0.000051
0.000002
0.000003
0.000003
0.000009
0.000068
0.000066
0.000100
0.000118
0.000123
0.000347
6.605748
6.608298
6.608544
6.608476
6.608816
6.609278
6.609751
6.608804
6.608877
6.609932
6.610549
6.611985
6.613518
6.615612
6.615900
6.616418
6.616341
6.616521
6.616068
6.615820
6.615422
6.614327
6.612272
0.000134
0.000074
0.000055
0.000034
0.000086
0.000164
6.589817
6.589749
6.590856
6.592769
6.593276
6.594024
6.594505
6.594468
6.646906
6.651231
6.654911
6.655430
0.000089
0.000078
0.000064
0.000066
0.000070
0.000002
0.000001
0.000004
0.000001
0.000000
0.000001
0.000004
0.000006
0.000002
0.000012
0.000038
0.000038
0.000051
0.000072
0.000120
0.000306
6.658411
6.658139
6.657470
6.658232
6.654728
6.651403
6.600092
6.598874
6.597807
6.596422
6.595997
6.631605
6.630901
6.628857
6.624402
6.610643
0.000071
0.000048
0.000034
0.000033
0.000005
0.000005
0.000002
0.000002
0.000005
0.000005
0.000008
0.000005
0.000002
0.000002
0.000001
0.000001
0.000008
0.000005
0.000004
0.000002
0.000003
0.000003
0.000008
0.000002
0.000013
0.000007
0.000003
0.000003
0.000004
0.000003
0.000002
0.000002
0.000004
0.000002
0.000005
0.000003
0.000004
0.000009
0.000034
0.000041
0.000040
0.000171
0.000192
0.000232
6.575422
6.463218
6.464273
6.464456
6.465489
6.465500
6.465730
6.465687
6.465949
6.635582
6.638175
6.640097
6.641694
6.641192
6.642536
6.644252
6.645893
6.646881
6.649069
6.649561
6.650166
6.651123
6.650894
6.650873
6.650372
6.646700
6.645549
6.646400
6.888983
6.915906
6.957360
7.086508
7.117695
7.139534
7.136321
7.132524
0.000137
0.000085
0.000072
0.000151
0.000085
0.000016
0.000008
0.000007
0.000007
0.000009
0.000010
0.000023
0.000001
0.000001
0.000000
0.000001
0.000000
0.000001
0.000002
0.000003
0.000003
0.000003
0.000005
0.000004
0.000003
0.000010
7.096791
7.044302
6.919687
6.811041
6.619742
0.089704
0.102182
0.001122
0.001165
0.000003
0.000002
0.000004
0.000002
0.000002
0.000002
0.000002
0.000012
0.000004
0.000004
0.000009
0.000017
0.000003
0.000015
0.000010
0.000006
0.000012
0.000005
0.000001
0.000000
0.000001
0.000001
0.000001
0.000002
0.000001
0.000001
0.000002
0.000000
0.000000
0.000001
0.000000
0.000003
0.000004
0.000005
0.000017
0.000001
0.000000
0.000001
0.000000
0.000000
0.000001
0.000001
0.000885
0.000843
0.002387
0.002053
0.002470
6.624626
6.773481
6.865548
6.904924
0.003060
0.001789
0.001642
0.001295
0.001623
0.001626
0.001605
0.001969
0.002353
6.680969
6.781596
6.838193
6.838154
6.835463
6.834451
6.820113
0.000015
0.000030
0.000019
0.000018
0.000001
0.000001
0.000002
0.000002
0.000002
0.000003
0.000042
0.000002
0.000001
0.000001
0.000005
0.000001
0.000004
0.000007
0.000001
0.000001
0.000078
0.000035
0.000003
0.000001
0.000002
0.000000
0.000000
0.000001
0.000000
0.000000
0.000000
0.000001
0.000001
0.000003
0.000005
0.000007
0.000010
0.000206
0.000251
6.812318
6.766687
6.702720
0.032340
0.037562
6.752917
6.932590
7.047424
7.134731
7.155672
7.152158
7.140422
7.107158
6.966805
6.718046
6.440883
6.652584
6.611993
0.030117
6.814618
7.007982
7.096192
7.107197
7.112953
0.000715
0.000713
0.000704
0.000835
0.000001
0.000001
0.000000
0.000000
0.000000
0.000001
0.000001
0.000002
0.000002
0.000002
0.000002
0.000008
0.000011
0.000026
7.116829
7.116204
7.113388
7.104084
7.095262
7.093679
7.090055
7.087585
7.084658
7.063039
6.933656
6.674515
6.656942
6.729487
6.782436
6.815579
0.002474
0.002291
0.000001
0.000004
0.000005
0.000005
0.000002
0.000000
0.000000
0.000001
0.000000
0.000000
0.000000
0.000000
0.000000
0.000000
0.000000
0.000000
0.000000
0.000000
0.000000
0.000000
0.000000
0.000000
0.000000
0.000000
0.000000
0.000001
0.000000
0.000001
0.000003
0.001506
0.001171
0.001011
0.001375
0.000002
0.000001
0.000001
0.000001
0.000001
0.000002
0.000010
0.000005
0.000000
0.000000
0.000000
0.000001
0.000001
0.000001
0.000000
0.000000
0.000000
0.000000
0.000000
0.000000
0.000000
0.000000
0.000000
0.000000
0.000000
0.000000
0.000000
0.000000
0.000000
0.000000
0.000001
0.000001
0.000001
0.000003
0.001579
6.780194
6.783013
6.789769
6.793639
6.769874
6.534869
6.531105
6.530332
6.526351
6.521365
6.521112
6.521710
6.521025
6.519963
6.518320
6.517500
6.356681
6.359526
6.360220
6.360489
6.357369
6.351489
6.348487
6.346935
6.343261
6.342942
6.342027
6.313716
6.299758
0.001079
0.000914
0.000903
0.000324
0.000137
0.000099
0.000865
0.000983
0.000839
6.268356
6.213142
6.098693
5.998564
5.890138
5.748766
5.213266
0.113608
0.095348
0.000002
0.000000
0.000000
0.000000
0.000000
0.000000
0.000000
0.000000
0.000000
0.000000
0.000000
0.000000
0.000000
0.000000
0.000000
0.000000
0.000000
0.000000
0.000000
0.000000
0.000000
0.000000
0.000000
0.000000
0.000000
0.000000
0.000000
0.000000
0.000000
0.000000
0.000001
0.000001
0.000001
0.000001
0.000002
5.609077
5.731999
5.859137
5.916891
5.928561
5.959834
5.993162
6.005753
6.015626
6.021853
6.184062
6.219238
0.000006
0.000002
0.000001
0.000000
0.000000
0.000000
0.000000
0.000000
0.000000
0.000000
0.000000
0.000000
0.000000
0.000000
0.000000
0.000000
0.000001
0.000000
0.000001
0.000001
6.150603
6.040641
6.044244
6.045775
6.047980
6.049473
6.049091
6.049827
6.051415
6.053137
6.051197
6.047371
6.044508
0.006921
0.006719
0.006410
0.000001
0.000000
0.000000
0.000000
0.000000
0.000000
0.000000
0.000000
0.000000
0.000000
0.000000
0.000000
0.000000
0.000000
0.000000
0.000000
0.000000
0.000000
0.000000
0.000000
0.000000
0.000000
0.000000
0.000000
0.000000
0.000000
0.000000
0.000000
0.000000
0.000000
0.000000
0.000000
0.000000
0.000000
0.000000
0.000000
0.000000
0.003108
5.987342
5.989986
5.991416
5.985963
5.921297
0.136827
0.135166
0.000000
0.000000
0.000000
0.000000
0.000000
0.000000
0.000000
0.000000
0.000000
0.000000
0.000000
0.000000
0.000000
0.038206
0.132995
0.133721
6.044145
6.163600
6.191793
6.197448
6.193842
0.002697
0.000312
0.000190
0.000000
0.000000
0.000000
0.000000
0.000187
0.000117
0.000059
0.000003
0.000003
0.000002
0.000130
0.000060
0.000057
0.000094
0.000627
0.000772
0.000794
0.000810
0.001581
6.215641
6.222852
6.229208
6.230923
6.234201
6.183923
0.000030
6.197190
6.205383
6.222843
6.239871
6.242388
6.244727
6.234404
6.216382
0.023531
0.024159
6.257227
6.259853
6.261206
6.261914
6.265594
6.271305
6.273346
6.271365
0.008859
0.000001
0.000000
0.000000
0.000000
0.000000
0.000000
0.000000
0.000000
0.000000
0.000000
0.000000
0.000000
0.000000
0.000000
0.000000
0.000000
0.000000
0.000000
0.000000
0.000000
0.000000
0.000000
0.000000
0.000000
0.000000
0.000000
0.000000
0.000000
0.000000
0.000000
0.000000
0.000000
0.000000
0.000000
0.000000
0.000000
0.000000
0.000000
0.000000
0.000000
0.000000
0.000000
0.000000
0.000000
0.000000
0.000000
0.000000
0.000000
0.000000
0.000000
0.000000
0.000000
0.000000
0.000000
0.000000
0.000000
0.000000
0.000000
0.000000
0.000000
0.000000
0.000000
0.000000
0.000000
0.000000
0.000000
0.000000
0.000000
0.000000
0.000000
0.000000
0.000000
0.008368
0.008276
6.188963
6.191173
6.191226
6.191886
6.188200
0.000142
0.000088
0.000053
0.000048
0.000027
0.000032
0.000035
0.000092
0.000019
0.000009
0.000004
0.000004
0.000003
0.000032
0.000004
0.000010
0.000009
0.000017
0.000009
0.000011
0.000001
0.000011
0.000005
0.000011
0.000013
0.000020
0.000007
0.000004
0.000009
0.000025
6.183056
6.183062
6.181976
0.000145
0.000129
0.000131
0.000311
0.000374
0.000554
6.187520
6.190079
6.192321
6.194199
6.197574
6.200105
6.202699
6.204593
6.205726
6.205778
6.206282
6.207158
6.204962
6.203921
6.204130
6.204405
6.204731
6.206057
0.000000
0.000000
0.000000
0.000000
0.000000
0.000000
0.000000
0.000000
0.000000
0.000000
0.000000
0.000000
0.000000
0.000000
0.000000
0.000002
6.206368
6.206365
6.206599
6.206937
6.208369
6.208609
6.208188
6.207524
6.180467
6.180638
6.184780
6.188896
6.190939
6.197147
6.199534
6.199734
6.199344
6.197795
6.196092
6.193900
6.193505
6.194905
0.000784
0.000634
0.000516
0.000134
0.000074
0.000080
0.000002
0.000001
0.000001
0.000005
0.000002
0.000002
0.000021
0.000016
0.000018
0.000030
0.000320
0.000341
0.000472
6.205846
6.207029
6.209731
6.211389
6.213485
6.205124
6.193110
6.180234
6.159665
6.128219
0.005668
6.089739
6.078098
6.066129
5.887340
5.775958
5.666907
5.412786
5.141370
4.903901
4.615251
4.283218
4.053949
0.026178
0.000522
0.000058
0.025033
3.821987
3.587004
0.143194
0.004764
0.005279
0.005682
0.030243
0.058629
3.045006
3.502375
3.673113
3.637702
0.073444
4.350869
4.846086
4.981092
5.149361
5.226616
5.254098
5.278883
5.311289
5.325624
5.346587
5.359109
5.357569
5.379234
0.000000
0.000000
0.000000
0.000000
0.000000
0.000000
0.000000
0.000000
0.000000
0.000000
0.000000
0.000000
0.000000
0.000000
0.000000
0.000000
0.000000
0.000000
0.000000
0.000000
0.000000
0.000000
0.000000
0.000000
0.000000
0.000000
5.386280
5.389366
5.389827
5.388654
5.463712
5.495957
5.493042
5.493981
5.620639
5.643050
5.647878
0.001019
0.001025
0.001109
0.000957
5.643197
5.648933
5.648538
5.646538
5.641970
5.638770
5.490483
5.490661
5.491919
5.492326
0.000038
5.497737
5.501048
5.501221
5.493934
5.445808
5.386125
5.201785
4.997936
4.831997
4.681207
4.516308
0.002550
4.173249
3.763455
3.410885
3.144239
2.721635
2.446217
2.212866
0.004428
0.000000
0.000000
0.000000
0.000000
0.000000
0.000000
0.000000
0.000000
0.000000
0.003701
0.002559
0.000000
0.000000
0.000000
0.000000
0.000000
0.000000
0.000000
0.000000
0.000000
0.001978
1.928290
1.704225
1.484831
1.342189
1.226157
1.038940
0.703365
0.331292
0.259166
0.048907
0.021420
0.000000
0.000000
0.000000
0.000000
0.000000
0.000000
0.000000
0.000000
0.000000
0.023070
0.029807
0.049922
0.048319
0.044518
0.032064
0.040294
0.055550
0.031936
0.026081
0.034306
0.035106
0.037452
0.037120
0.000267
0.000216
0.000000
0.000000
0.000000
0.000000
0.000000
0.000000
0.000000
0.000000
0.000000
0.000000
0.000000
0.000000
0.000000
0.000000
0.000000
0.000000
0.000000
0.000000
0.000000
0.000000
0.000145
0.000214
0.005025
0.007676
0.088801
0.321600
0.336205
0.417306
0.437798
0.486061
0.506208
0.477154
0.458055
0.379927
0.356105
0.355077
0.057494
0.006419
0.007521
0.008920
0.009930
0.010797
0.011403
0.391044
0.476691
0.000184
0.000255
0.000498
0.000981
0.000000
0.000000
0.000000
0.000000
0.000000
0.000000
0.000000
0.000000
0.000000
0.000000
0.000000
0.000000
0.000000
0.000000
0.000000
0.000000
0.000051
0.000054
0.000059
0.000104
0.001054
0.615331
0.620144
0.622274
0.000174
0.000083
0.000093
0.000086
0.000111
0.000093
0.000079
0.000287
0.593074
0.525822
0.000413
0.000381
0.000256
0.000349
0.000251
0.000246
0.000142
0.452639
0.262077
0.227471
0.011858
0.012354
0.000674
0.000184
0.000069
0.000015
0.000013
0.000010
0.000010
0.000008
0.000008
0.000013
0.000003
0.000004
0.000002
0.000001
0.000000
0.000001
0.000001
0.000001
0.000001
0.000000
0.000001
0.000001
0.000000
0.000000
0.000000
0.000000
0.000000
0.000000
0.000000
0.000000
0.000001
0.000001
0.000001
0.000001
0.000001
0.000000
0.000000
0.000000
0.000000
0.000000
0.000000
0.000000
0.000000
0.000000
0.000000
0.000000
0.000000
0.000000
0.000000
0.000000
0.000000
0.000000
0.000000
0.000000
0.000000
0.000001
0.000001
0.000044
0.000043
0.000037
0.000045
0.000121
0.000102
0.000120
0.000124
0.000131
0.000220
0.000310
0.000186
0.000001
0.000001
0.000001
0.000001
0.000001
0.010681
0.467291
0.617537
0.706687
0.824479
0.817102
0.816715
0.824357
0.807690
0.768125
0.751442
0.590370
0.001301
0.000905
0.000870
0.000834
0.000790
0.000385
0.000259
0.560643
0.540973
0.505269
0.447825
0.006163
0.005219
0.005299
0.000000
0.000000
0.000000
0.000000
0.000000
0.000000
0.000000
0.000000
0.000000
0.002186
0.003122
0.001627
0.016273
0.016220
0.015811
0.010196
0.009775
0.360497
0.336347
0.007209
0.007378
0.006448
0.005027
0.000565
0.000170
0.000218
0.000033
0.000500
0.000042
0.000016
0.000027
0.000028
0.000033
0.000031
0.000026
0.000056
0.000055
0.000041
0.000029
0.000050
0.000050
0.000012
0.000251
0.000288
0.000207
0.000144
0.000078
0.000061
0.000037
0.000018
0.000024
0.000040
0.000035
0.000030
0.000068
0.000110
0.000085
0.000105
0.000007
0.000047
0.000012
0.000037
0.000035
0.000048
0.000041
0.000002
0.000000
0.000001
0.000002
0.000005
0.000004
0.000001
0.000019
0.000024
0.000082
0.000104
0.000115
0.000112
0.000001
0.000000
0.000000
0.000000
0.000000
0.000000
0.000000
0.000000
0.000000
0.000000
0.000000
0.000000
0.000000
0.000000
0.000001
0.000002
0.000003
0.000001
0.000001
0.000001
0.000001
0.000001
0.000000
0.000001
0.000006
0.000009
0.000011
0.000001
0.000002
0.000000
0.000002
0.000002
0.000001
0.000000
0.000000
0.000001
0.000002
0.000002
0.000002
0.283594
0.275512
0.268019
0.031037
0.002015
0.000331
0.000315
0.000276
0.000313
0.000123
0.000078
0.000066
0.000067
0.000001
0.000001
0.000001
0.000002
0.000001
0.000001
0.000000
0.000000
0.000000
0.000000
0.000001
0.000000
0.000000
0.000075
0.000086
0.000011
0.000016
0.000016
0.000137
0.181379
0.133809
0.131398
0.099737
0.035258
0.022016
0.021807
0.020706
0.015567
0.000036
0.000079
0.000065
0.000040
0.000026
0.000020
0.000017
0.000016
0.000008
0.000007
0.000004
0.000007
0.000012
0.000022
0.000018
0.000015
0.000014
0.000006
0.000016
0.000006
0.000012
0.000006
0.000018
0.000010
0.000005
0.000005
0.000002
0.000007
0.000001
0.000002
0.000002
0.000003
0.000002
0.000001
0.000003
0.000002
0.000001
0.000001
0.000002
0.000002
0.000002
0.000003
0.000011
0.000002
0.000002
0.000001
0.000002
0.000001
0.000001
0.000001
0.000006
0.000008
0.000012
0.000016
0.000007
0.000008
0.000008
0.000007
0.000007
0.000008
0.000005
0.000005
0.000002
0.000016
0.000014
0.000015
0.000002
0.000002
0.000001
0.000001
0.000001
0.000001
0.000002
0.000003
0.000001
0.000002
0.000004
0.000000
0.000001
0.000001
0.000001
0.000001
0.000004
0.000000
0.000000
0.000000
0.000000
0.000000
0.000000
0.000000
0.000000
0.000000
0.000000
0.000000
0.000000
0.000000
0.000001
0.000001
0.000001
0.000001
0.000000
0.000001
0.000002
0.000002
0.000001
0.000001
0.000001
0.000000
0.000000
0.000000
0.000000
0.000000
0.000000
0.000000
0.000000
0.000000
0.000001
0.000000
0.000000
0.000000
0.000001
0.000001
0.000000
0.000000
0.000000
0.000000
0.000000
0.000000
0.000000
0.000000
0.000000
0.000000
0.000000
0.000000
0.000000
0.000000
0.000000
0.000000
0.000000
0.000000
0.000001
0.000000
0.000000
0.000000
0.000000
0.000000
0.000000
0.000000
0.000000
0.000000
0.000000
0.000001
0.000000
0.000000
0.000000
0.000000
0.000000
0.000000
0.000000
0.000001
0.000000
0.000000
0.000000
0.000000
0.000000
0.000000
0.000000
0.000000
0.000000
0.000000
0.000000
0.000000
0.000000
0.000000
0.000000
0.000000
0.000000
0.000000
0.000000
0.000000
0.000000
0.000000
0.000000
0.000000
0.000000
0.000000
0.000000
0.000000
0.000000
0.000000
0.000058
0.000059
0.000065
0.000059
0.017670
0.000000
0.000000
0.000000
0.000000
0.000000
0.000000
0.000000
0.000000
0.000000
0.000000
0.000000
0.000000
0.000000
0.000000
0.000000
0.000000
0.000000
0.000000
0.000000
0.000000
0.000000
0.000000
0.000000
0.000000
0.000000
0.000000
0.000000
0.000000
0.000000
0.000000
0.000000
0.000000
0.000000
0.000000
0.000000
0.000000
0.000000
0.000000
0.000000
0.000000
0.000000
0.000000
0.000000
0.000000
0.000000
0.000000
0.000000
0.000000
0.000000
0.000000
0.000000
0.000000
0.000000
0.000000
0.000000
0.000000
0.000000
0.000000
0.000000
0.000000
0.000000
0.000000
0.000000
0.000000
0.000000
0.000000
0.000000
0.000000
0.000000
0.000000
0.000000
0.000000
0.000000
0.000000
0.000000
0.000000
0.000000
0.000000
0.000000
0.000000
0.000000
0.000000
0.000000
0.000000
0.000000
0.000000
0.000000
0.000000
0.000000
0.000000
0.000000
0.000000
0.000000
0.000000
0.000000
0.000000
0.000000
0.000000
0.000000
0.000000
0.000000
0.000000
0.000000
0.000000
0.000000
0.000000
0.000000
0.000000
0.000000
0.000000
0.000000
0.000000
0.000000
0.000000
0.000000
0.000000
0.000000
0.000000
0.000000
0.000000
0.000000
0.000000
0.000000
0.000000
0.000000
0.000000
0.000000
0.000000
0.000000
0.000000
0.000000
0.000000
0.000000
0.000000
0.000000
0.000000
0.000000
0.000000
0.000000
0.000000
0.000000
0.000000
0.000000
0.000000
0.000000
0.000000
0.000000
0.000000
0.000000
0.000000
0.000000
0.000000
0.000000
0.000000
0.000000
0.000000
0.000000
0.000000
0.000000
0.000000
0.000000
0.000000
0.000000
0.000000
0.000000
0.000000
0.000000
0.000000
0.000000
0.000000
0.000000
0.000000
0.000000
0.000000
0.000000
0.000000
0.000000
0.000000
0.000000
0.000000
0.000000
0.000000
0.000000
0.000000
0.000000
0.000000
0.000000
0.000000
0.000000
0.000000
0.000000
0.000000
0.000000
0.000000
0.000000
0.000000
0.000000
0.000000
0.000000
0.000000
0.000000
0.000000
0.000000
0.000000
0.000000
0.000000
0.000000
0.000000
0.000000
0.000000
0.000000
0.000000
0.000000
0.000000
0.000000
0.000000
0.000000
0.000000
0.000000
0.000000
0.000000
0.000000
0.000000
0.000000
0.000000
0.000000
0.000000
0.000000
0.000000
0.000000
0.000000
0.000000
0.000000
0.000000
0.000000
0.000000
0.000000
0.000000
0.000000
0.000000
0.000000
0.000000
0.000000
0.009066
0.008966
0.008745
0.008632
0.008589
0.000000
0.000000
0.000000
0.000000
0.000000
0.000000
0.000000
0.000000
0.000000
0.008595
0.007781
0.006956
0.006315
0.005904
0.005330
0.005050
0.004803
0.004196
0.004156
0.001061
0.003990
0.004773
0.004883
0.004924
0.004896
0.004769
0.000000
0.000000
0.000000
0.000000
0.000000
0.000000
0.000000
0.000000
0.000000
0.000000
0.000000
0.004728
0.004694
0.004616
0.003696
0.002566
0.002057
0.001899
0.001814
0.001709
0.001391
0.001195
0.000830
0.000482
0.000000
0.000000
0.000000
0.000012
