0.000000
0.004969
0.000149
0.000088
0.000063
0.000046
0.000007
0.000015
0.000020
0.000014
0.000009
0.000092
0.000029
0.000038
0.000034
0.001066
0.001079
0.001169
0.001191
0.001287
0.001346
0.001223
0.001152
0.001058
0.001045
0.001079
0.001135
0.001199
0.001236
0.001181
0.001247
0.001339
0.000026
0.000020
0.000053
0.000039
0.000046
0.000062
0.000125
0.006436
0.006538
0.000024
0.000011
0.000021
0.000039
0.000408
0.005283
0.007107
0.007453
0.007518
0.007516
0.007472
0.007678
0.007712
0.007586
0.007526
0.007588
0.002085
0.001896
0.002824
0.003529
0.005050
0.006038
0.006826
0.007018
0.007097
0.007548
0.007761
0.007920
0.008107
0.008144
0.008138
0.008115
0.007886
0.008244
0.008365
0.007910
0.001824
0.001388
0.001166
0.000856
0.000744
0.003327
0.003446
0.003579
0.003830
0.004065
0.004233
0.004351
0.004576
0.004964
0.005497
0.006161
0.006799
0.006738
0.006704
0.006108
0.005010
0.003753
0.003763
0.003630
0.004845
0.005468
0.005837
0.006196
0.006324
0.003919
0.004188
0.004511
0.004492
0.004172
0.003676
0.000035
0.000028
0.000037
0.000141
0.000140
0.000147
0.000222
0.004275
0.005730
0.006128
0.005989
0.006075
0.011069
0.011572
0.006209
0.006244
0.005901
0.005738
0.005591
0.005405
0.005256
0.005129
0.000027
0.000023
0.000009
0.000007
0.000006
0.000004
0.000005
0.000006
0.000002
0.000002
0.000001
0.000000
0.000001
0.000001
0.000003
0.001134
0.001116
0.001117
0.001099
0.001014
0.000998
0.001031
0.001087
0.006669
0.006747
0.006671
0.000134
0.000075
0.000070
0.000071
0.000055
0.000063
0.001105
0.001379
0.001446
0.001566
0.002326
0.002877
0.003559
0.004677
0.005135
0.005437
0.005477
0.005454
0.005248
0.000683
0.000150
0.000016
0.000008
0.000005
0.000005
0.000006
0.000008
0.000009
0.000595
0.000722
0.000956
0.001250
0.001283
0.001319
0.001319
0.001310
0.001300
0.001298
0.001305
0.001265
0.001220
0.000927
0.000060
0.000016
0.000010
0.000003
0.000002
0.000002
0.000002
0.000004
0.000013
0.000257
0.000342
0.000438
0.000550
0.000701
0.000703
0.000737
0.000808
0.000915
0.001023
0.000999
0.000948
0.000919
0.000293
0.001066
0.001441
0.001473
0.001436
0.001409
0.001376
0.000019
0.000024
0.000025
0.000032
0.000012
0.000014
0.000195
1.814474
1.686756
1.163796
0.099202
0.028357
0.011779
0.003292
0.001239
0.001259
0.001495
0.001588
0.001586
0.001688
0.001803
0.001891
0.001966
0.006034
0.006471
0.007489
0.008056
0.008895
0.008791
0.008616
0.008504
0.008367
0.008336
0.004657
0.005931
0.006473
0.007162
0.008432
0.008930
0.009729
0.010139
0.010160
0.009889
0.009609
0.009571
0.009185
0.008778
0.007920
0.006955
0.002550
0.000133
0.000093
0.000138
0.000155
0.000186
0.000215
0.000235
0.002870
0.003187
0.003794
0.004107
0.004110
0.004076
0.003989
0.004037
0.004108
0.004349
0.004279
0.004467
0.004684
0.004997
0.005086
0.005222
0.005249
0.000430
0.000248
0.000203
0.000024
0.000037
0.000029
0.000013
0.000026
0.000022
0.000018
0.000021
0.000166
0.000260
0.000016
0.000009
0.000017
0.000014
0.000053
0.000032
0.000031
0.000062
0.000013
0.000014
0.000021
0.000016
0.000012
0.000010
0.000007
0.000006
0.000006
0.000007
0.000026
0.000026
0.000034
0.000012
0.000026
0.000098
0.000093
0.000116
0.000370
0.000235
0.000092
0.000085
0.000078
0.000082
0.000056
0.000048
0.000035
0.000045
0.000068
0.000087
0.001338
0.012843
0.014725
0.048164
0.054976
0.060955
0.067676
0.077377
0.313823
0.559834
0.719168
0.886093
1.120832
2.839097
3.432285
3.915735
4.700717
4.952285
5.264956
5.663122
5.789667
5.892568
6.008149
6.175326
6.219837
6.237143
6.259066
6.261469
6.262365
6.263675
6.261168
6.243223
6.227380
6.219835
6.203127
6.185527
6.169553
6.166104
6.140012
6.106774
6.078479
6.041039
6.007178
5.995079
5.974100
5.928314
5.902507
5.878671
5.873599
5.865653
5.843276
5.814205
5.720282
5.639929
5.583031
5.535018
5.436423
5.288123
5.152827
5.022263
4.845447
4.596043
4.345247
4.172786
4.062614
3.988102
3.795288
3.615672
3.323553
2.491648
2.304826
2.128398
0.012055
0.013782
1.723451
1.248793
2.262404
2.782348
3.051865
3.284622
3.406998
3.536338
3.575363
3.582751
3.600635
3.617985
3.657966
3.576893
0.145998
4.250581
4.452439
4.742205
4.936632
5.172621
5.409113
5.660421
5.639646
5.641303
0.001828
0.001217
0.000790
0.000674
0.000726
0.000405
0.000373
0.000274
0.000142
0.000109
0.000097
0.000301
0.000080
0.002985
0.003118
0.003472
0.000267
0.000287
0.000249
5.536977
5.498970
5.470564
5.455500
5.453344
5.365299
5.243104
5.141078
5.029622
0.000197
0.000126
0.000075
0.000085
0.000081
0.000333
0.000325
0.000346
0.000650
0.001007
0.003755
0.034055
0.112426
5.299690
5.468064
5.709632
5.841237
5.942222
6.008015
6.022593
6.020676
6.018965
6.030758
6.008524
6.001109
6.005344
5.990626
5.913629
5.842838
5.809703
5.736644
5.554703
5.362772
5.226063
4.725956
4.389189
4.131137
3.875464
0.013449
0.013980
0.039591
0.048546
3.352254
3.323342
3.337092
3.277269
3.214803
2.979188
2.735969
0.265644
0.286683
0.322460
0.449077
1.615775
4.736333
5.249897
5.404462
5.556068
5.632908
5.714450
5.790066
5.850919
5.941286
6.062629
6.166333
6.198688
6.208488
6.210998
6.217852
6.229372
6.252017
6.264473
6.275699
6.269090
6.247518
6.236808
6.234633
6.233781
6.229940
6.231887
6.234099
6.220202
6.209986
6.209250
6.176974
6.121081
6.080373
6.051069
5.958834
5.766535
5.618011
5.474036
5.370131
5.239479
5.112890
5.009239
4.931416
4.859866
4.784041
0.224188
0.194939
0.177546
3.891631
4.274079
4.468026
4.672604
4.858711
0.070645
5.293833
5.587158
5.621070
5.607737
5.613887
5.622470
5.552283
5.506883
5.434457
5.218748
0.571375
4.679730
4.808467
5.031282
5.260043
5.440342
5.634868
5.800672
5.996187
6.196136
6.232227
6.235315
6.242540
6.260548
6.271628
6.273272
6.265175
6.260713
6.256497
6.233519
6.196492
6.145280
6.046263
0.121201
0.045612
5.505136
5.422369
5.367124
5.128380
4.697564
4.530371
0.037336
4.261343
4.301408
4.314510
4.310436
4.270421
4.218728
4.190242
4.168874
4.145808
4.125509
4.114678
4.065885
3.939226
3.835437
3.718205
3.670549
3.595264
3.534058
3.503706
3.457667
3.436617
3.336666
2.947081
2.640224
0.455188
0.264658
0.247399
0.241627
0.290862
0.303680
0.365161
0.445275
1.835863
1.898632
1.992033
2.134505
2.264592
2.424788
2.575253
2.762921
2.935618
3.057587
3.166402
3.284147
3.424016
3.495733
3.650117
3.792554
4.432191
4.698928
4.964207
5.115635
5.155556
5.230615
5.347878
5.564876
5.624337
5.718123
5.860981
5.943550
5.992300
6.043895
6.102818
6.124053
6.150689
6.178514
6.206213
6.226583
6.264247
6.310024
6.341984
6.328508
6.322268
6.555395
6.535313
6.485346
6.356517
6.196848
6.093928
6.017453
5.919316
5.746459
5.610100
5.454672
5.317118
5.046539
4.821502
4.560475
4.240851
2.422725
4.341254
0.082524
4.879841
5.148926
5.442342
5.761957
6.023583
6.123635
6.188779
6.252286
6.311530
6.367856
6.425473
6.446909
6.453558
6.463787
6.473724
6.493737
6.539172
6.592987
6.602633
6.618114
6.617329
6.620545
6.621363
6.627817
6.632693
6.598559
6.540653
6.487838
6.256704
6.222925
6.013114
6.060926
6.247862
6.189473
6.346294
6.427404
6.480115
6.505832
6.534988
6.556736
6.560680
6.556119
6.559395
6.531618
6.457591
6.411930
6.385104
6.316147
6.198585
6.072721
5.945711
5.619438
5.184487
4.892606
4.527143
4.199393
0.015504
0.047033
0.046192
0.048832
3.539778
3.413659
3.113477
3.080217
2.917122
2.796685
2.559125
0.295375
0.026834
0.024548
0.031789
0.018792
3.244323
3.421594
3.526187
3.662244
3.835604
3.985916
4.033825
4.023061
4.003605
3.941544
3.818385
3.645214
0.006916
0.000363
0.000214
0.000072
0.000073
0.000017
0.000024
0.000071
0.000022
0.000012
0.000011
0.000062
0.000016
0.000018
0.000064
0.000026
0.000022
0.000181
0.000047
0.000041
0.000058
0.000046
0.000054
0.000048
0.000080
0.000005
0.000008
0.000125
0.000087
0.000077
0.000043
0.000042
0.000039
0.000019
0.000014
0.000019
0.000007
0.000011
0.000023
0.000026
0.000028
0.339685
0.323840
0.314318
0.002836
0.000076
0.000016
0.000030
0.000132
0.000074
0.000055
0.000061
0.000068
0.000079
0.000103
0.000135
0.000255
0.000405
0.003810
3.647344
3.733612
3.844596
3.918377
3.980762
4.040524
4.050492
4.008000
3.921478
0.011442
3.741965
3.616172
3.367427
3.093904
0.686790
0.327820
0.019942
0.367870
1.580449
1.586731
1.508723
0.294005
1.785882
1.796705
1.833976
1.884428
1.929320
1.869803
1.982623
2.090951
2.125913
0.358042
0.357718
0.357197
0.000088
0.000085
0.000152
0.000096
0.000091
0.000165
0.000319
0.000656
0.000819
0.002163
0.006298
0.008610
2.697974
2.845463
3.296397
3.482545
3.582765
4.231661
4.272577
4.325421
4.367784
4.397724
4.429414
4.462919
4.467122
4.473360
4.486543
4.456655
4.388770
4.336210
4.303232
4.264823
4.154480
4.026481
3.880796
3.613166
3.327702
3.095064
2.466866
2.039145
1.816523
0.280330
0.100007
0.023744
0.000459
0.015738
0.015444
0.014062
0.019927
1.047541
0.964182
0.158498
0.017542
0.015955
0.015787
0.000190
0.000073
0.000051
0.000028
0.000022
0.000029
0.000167
0.000146
0.000006
0.000073
0.000081
0.000031
0.000022
0.002821
0.001408
0.382049
1.425887
1.548548
1.680209
1.888517
1.984717
2.078400
2.182082
2.451774
2.485339
2.513221
2.551686
2.567463
0.010490
0.007117
0.007034
0.007025
0.006795
0.006406
0.006290
0.005928
0.006196
0.005205
0.005036
0.005248
2.541131
2.514808
2.499021
2.411294
1.869179
1.585373
1.335238
1.151507
0.948758
0.813974
0.711299
0.189144
0.129315
0.108428
0.102379
0.081684
0.078476
0.011037
0.061023
0.058968
0.040090
0.038413
0.003409
0.152713
0.158850
0.242287
0.242228
0.246377
0.255770
0.265011
0.330180
0.368606
0.379036
0.390957
0.432309
0.448415
0.415560
0.002433
0.000472
0.000534
0.000409
0.008204
0.290454
0.277611
0.274768
0.297288
0.176306
0.050862
0.006189
0.000149
0.000190
0.000369
0.000246
0.000396
0.003194
0.002135
0.002732
0.079815
0.088219
0.015932
0.562542
0.587601
0.573327
0.001653
0.001625
0.001740
0.538237
0.518043
0.507190
0.492724
0.471196
0.226622
0.001033
0.208190
0.205337
0.194904
0.201130
0.125173
0.127617
0.123151
0.125965
0.121839
0.027848
0.028327
0.028586
0.009704
0.009607
0.000723
0.009678
0.062285
0.080952
0.087870
0.272637
0.281994
0.286105
0.285528
0.279714
0.003278
0.002487
0.002341
0.000470
0.000077
0.000038
0.000512
0.000255
0.000510
0.000498
0.000526
0.156056
0.154651
0.151229
0.162513
0.159638
0.158141
0.157695
0.155419
0.126403
0.119904
0.096010
0.076262
0.005172
0.005971
0.005890
0.034817
0.039791
0.044134
0.050432
0.061137
0.083069
0.094731
0.097122
0.098716
0.099097
0.028358
0.040186
0.156093
0.164626
0.322475
0.360857
0.388073
0.413794
0.436620
0.559096
0.595067
0.636230
0.691368
0.750697
0.814228
0.927685
0.981478
1.025940
1.021170
0.994888
1.024480
1.048429
1.083588
1.049961
0.008143
0.001334
0.035025
0.098074
0.117844
2.157220
2.379925
2.606645
3.105939
3.532018
3.698550
3.750097
3.762333
3.747597
3.684711
3.453101
3.023026
2.311874
2.544629
2.454788
2.351349
3.117997
3.295711
3.416823
0.000328
0.000183
0.000228
0.000080
0.007174
0.007376
0.007547
0.007762
0.007986
0.008868
0.015388
0.029619
0.067376
0.087115
0.098135
3.786860
3.836907
3.870593
3.882347
3.848972
3.822502
3.774243
3.598518
3.064936
2.653366
2.285192
1.943790
1.684566
0.205449
0.046558
0.021424
0.001105
0.001230
0.001208
0.000138
0.003355
0.003294
0.002661
0.838311
0.760990
0.700640
0.647876
0.596125
0.543964
0.407664
0.105014
0.000509
0.000481
0.001448
0.001269
0.001677
0.206112
0.206163
0.200320
0.002605
0.214558
0.212608
0.220935
0.216893
0.332363
0.345647
0.343836
0.343420
0.321016
0.321567
0.290227
0.280172
0.256994
0.239794
0.224651
0.085285
0.079719
0.070060
0.059442
0.055556
0.016908
0.015289
0.012263
0.067766
0.089333
0.099153
0.101433
0.098384
0.063968
0.033338
0.012562
0.021489
0.024073
0.230925
0.278101
0.281205
0.002373
0.000541
0.000134
0.000083
0.000120
0.000094
0.001363
0.301808
0.318979
0.334679
0.325131
0.300453
0.273446
0.241854
0.224029
0.229970
0.226800
0.225618
0.176925
0.044214
0.010673
0.010170
0.000115
0.000040
0.000019
0.000017
0.000011
0.000007
0.000006
0.000011
0.000015
0.000040
0.005207
0.038338
0.042348
0.214367
0.233167
0.257107
0.265597
0.084376
0.024538
0.000252
0.025349
0.449414
0.419907
0.052838
0.000859
0.013746
0.014802
0.014168
0.013708
0.011080
0.010224
0.006349
0.006717
0.030428
0.425034
0.441928
0.450066
0.447556
0.446485
0.433838
0.419771
0.399463
0.382138
0.359171
0.304514
0.279489
0.258549
0.076511
0.011064
0.085395
0.152083
0.157278
0.152089
0.134550
0.143990
0.128269
0.109326
0.087920
0.008463
0.002130
0.002233
0.002742
0.003293
0.003716
0.080926
0.084893
0.102189
0.102504
0.101615
0.099136
0.095383
0.105787
0.105146
0.109813
0.109727
0.159805
0.161578
0.164419
0.167569
0.201096
0.202376
0.206267
0.206364
0.037308
0.000563
0.000805
0.002960
0.180995
0.196600
0.198954
0.239313
0.246817
0.222985
0.214937
0.204726
0.195792
0.010267
0.007832
0.007118
0.001122
0.097347
0.097327
0.100725
0.101002
0.130739
0.132381
0.127606
0.122778
0.119319
0.117629
0.114370
0.005285
0.003985
0.003878
0.004150
0.004313
0.004488
0.004840
0.004713
0.153105
0.153940
0.156872
0.153603
0.150892
0.145391
0.000659
0.000464
0.000746
0.000837
0.001008
0.001226
0.159975
0.194320
0.205399
0.218838
0.280483
0.303704
0.318694
0.315321
0.319998
0.366284
0.373196
0.375821
0.379823
0.384676
0.354486
0.321999
0.283469
0.250409
0.061201
0.001531
0.001161
0.000816
0.000772
0.041033
0.046377
0.046030
0.171958
0.184816
0.204449
0.210967
0.220592
0.249484
0.005730
0.276533
0.295939
0.324089
0.352710
0.367750
0.388467
0.400839
0.386811
0.388970
0.395132
0.399120
0.409642
0.410484
0.410382
0.410054
0.437111
0.436923
0.383607
0.349299
0.316034
0.292023
0.267353
0.248345
0.229589
0.168527
0.156746
0.110528
0.034662
0.175003
0.184856
0.009243
0.003118
0.012308
0.171800
0.170242
0.165777
0.159724
0.146917
0.125207
0.111989
0.088117
0.083198
0.071347
0.061182
0.018903
0.009079
0.009133
0.009228
0.009290
0.055320
0.059143
0.089995
0.089843
0.067778
0.062400
0.029003
0.024089
0.023373
0.026773
0.025436
0.024213
0.025509
0.121421
0.144394
0.166303
0.227245
0.280242
0.304679
0.322875
0.331056
0.331753
0.002604
0.002304
0.002047
0.001179
0.001684
0.002157
0.034370
0.034691
0.003488
0.003503
0.003489
0.003626
0.003733
0.326100
0.323892
0.310833
0.068887
0.321231
0.368462
0.407602
0.414645
0.507670
0.510716
0.508308
0.501494
0.495213
0.480311
0.442306
0.176573
0.157000
0.154614
0.030430
0.030324
0.029429
0.026640
0.019543
0.018288
0.018126
0.015481
0.020003
0.030150
0.154690
0.168764
0.184128
0.200240
0.263765
0.343279
0.382232
0.402963
0.329272
0.328461
0.323705
0.303005
0.266208
0.232070
0.211239
0.174048
0.158114
0.136139
0.055447
0.054747
0.054978
0.054061
0.021127
0.056743
0.063735
0.166107
0.181995
0.172627
0.162595
0.154820
0.152403
0.150769
0.154104
0.160892
0.162639
0.170388
0.177876
0.180688
0.201299
0.231319
0.315993
0.318693
0.324242
0.319053
0.276633
0.257129
0.157287
0.130287
0.114962
0.092855
0.077612
0.072808
0.002245
0.001795
0.001554
0.001194
0.000753
0.000262
0.002417
0.000134
0.008430
0.008688
0.008896
0.009906
0.010077
0.010307
0.010181
0.010610
0.010790
0.010897
0.010986
0.013397
0.013227
0.013105
0.012694
0.012373
0.011767
0.000656
0.000608
0.000284
0.000293
0.000441
0.002859
0.003453
0.004630
0.035504
0.034306
0.034957
0.035789
0.036009
0.036078
0.032663
0.032085
0.031922
0.032134
0.007287
0.006796
0.012864
0.012333
0.011366
0.000262
0.000183
0.000051
0.000202
0.000272
0.002432
0.003656
0.038607
0.042058
0.043086
0.044444
0.047550
0.047486
0.047425
0.046375
0.045561
0.044369
0.016179
0.011950
0.011259
0.000223
0.000150
0.000160
0.000048
0.000028
0.000021
0.000020
0.000025
0.000672
0.000715
0.000800
0.000927
0.000883
0.000844
0.004779
0.005122
0.005256
0.005475
0.005923
0.005829
0.005575
0.005446
0.005310
0.002707
0.000095
0.000079
0.000092
0.000093
0.006217
0.006354
0.009968
0.021843
0.044797
0.150073
0.153741
0.196849
0.140452
0.125203
0.039447
0.028499
0.027415
0.042143
0.039658
0.014383
0.014282
0.031788
0.032175
0.031918
0.031834
0.024109
0.010735
0.010045
0.000193
0.000244
0.010281
0.033312
0.030248
0.000373
0.000141
0.000112
0.000018
0.000014
0.000017
0.000014
0.000017
0.000247
0.003398
0.003536
0.003792
0.095176
0.118828
0.126495
0.120821
0.100069
0.095568
0.095489
0.092160
0.089398
0.087721
0.029632
0.020329
0.010274
0.007783
0.006840
0.000137
0.000497
0.000726
0.000775
0.000848
0.003077
0.003455
0.003742
0.003913
0.003949
0.003620
0.003473
0.002826
0.002514
0.002394
0.001613
0.001487
0.000076
0.000008
0.000009
0.000003
0.000004
0.000006
0.000013
0.000014
0.000014
0.000050
0.000016
0.000025
0.000153
0.000021
0.000016
0.000022
0.000032
0.000050
0.000021
0.000012
0.000012
0.000018
0.000030
0.000026
0.000091
0.000076
0.000069
0.000133
0.000086
0.000019
0.000024
0.000036
0.000007
0.000024
0.000019
0.000009
0.000009
0.000015
0.000058
0.000074
0.000072
0.002167
0.002542
0.002582
0.002514
0.001931
0.001521
0.000718
0.000707
0.000724
0.013735
0.015740
0.017852
0.007914
0.007267
0.000967
0.011310
0.012389
0.012638
0.012728
0.012868
0.012991
0.014879
0.014906
0.015832
0.015245
0.014268
0.013397
0.010926
0.002271
0.010734
0.011690
0.012763
0.013293
0.014048
0.014747
0.015507
0.017796
0.018843
0.025119
0.032852
0.052715
0.054916
0.054893
0.054346
0.044035
0.043893
0.042700
0.037258
0.033425
0.030524
0.010847
0.003893
0.000027
0.000024
0.000031
0.000203
0.000065
0.000069
0.000082
0.000071
0.000083
0.000151
0.022157
0.023948
0.027347
0.030124
0.031417
0.031485
0.030473
0.027204
0.026900
0.022486
0.022358
0.001242
0.008754
0.011044
0.013513
0.012008
0.009872
0.008722
0.000059
0.000409
0.033444
0.040995
0.006937
0.006603
0.006534
0.006359
0.006186
0.006007
0.000164
0.000189
0.001219
0.001608
0.020107
0.021337
0.021916
0.097518
0.147953
0.168284
0.190762
0.246108
0.288439
0.313943
0.346711
0.354344
0.358637
0.361184
0.365540
0.364281
0.026009
0.026257
0.025669
0.025195
0.024511
0.000684
0.000137
0.000108
0.000050
0.000014
0.000718
0.001564
0.008397
0.010613
0.249834
0.254595
0.250758
0.241530
0.233445
0.224908
0.081297
0.006381
0.000127
0.000061
0.000067
0.006000
0.046620
0.055596
0.056222
0.056263
0.061358
0.061207
0.060482
0.004476
0.004394
0.004333
0.004256
0.003212
0.002778
0.002635
0.002418
0.001772
0.000067
0.000027
0.000023
0.000009
0.000008
0.000141
0.000136
0.000151
0.021456
0.018513
0.018203
0.018195
0.065599
0.070600
0.076706
0.109016
0.196319
0.198254
0.201874
0.208987
0.221666
0.228651
0.232545
0.220197
0.216722
0.206590
0.067516
0.024128
0.003357
0.025162
0.026963
0.030524
0.030709
0.158462
0.162706
0.162139
0.165081
0.168501
0.170892
0.170381
0.163568
0.035775
0.062493
0.052613
0.060862
0.075966
0.211050
0.204967
0.195843
0.185781
0.119301
0.113213
0.100046
0.007423
0.100058
0.094153
0.096706
0.095069
0.069418
0.057452
0.055210
0.054446
0.043902
0.060600
0.117910
0.123863
0.125950
0.130568
0.128865
0.128413
0.126978
0.126052
0.122640
0.087113
0.087981
0.089477
0.089639
0.103346
0.100266
0.092892
0.088881
0.069147
0.048911
0.044951
0.016024
0.013054
0.012668
0.003387
0.017046
0.000232
0.013560
0.015815
0.075584
0.126897
0.139722
0.158530
0.160322
0.179732
0.186392
0.182273
0.174113
0.182493
0.172585
0.169958
0.163288
0.042472
0.007935
0.007196
0.005947
0.005715
0.005288
0.006560
0.089246
0.090009
0.176355
0.166067
0.182131
0.203256
0.214426
0.225678
0.236974
0.247070
0.250691
0.248671
0.245574
0.238585
0.223228
0.001857
0.003007
0.000939
0.000355
0.000137
0.000005
0.016150
0.017647
0.018186
0.018504
0.018839
0.021230
0.020198
0.020771
0.025379
0.028587
0.043324
0.210836
0.223203
0.235408
0.245718
0.255169
0.275373
0.274868
0.273039
0.271282
0.263083
0.227768
0.026278
0.000999
0.000593
0.000062
0.000581
0.004384
0.200351
0.200380
0.215820
0.219288
0.255180
0.268348
0.272371
0.271695
0.270240
0.267933
0.261511
0.033986
0.036934
0.025413
0.028245
0.027103
0.030630
0.000178
0.000130
0.000176
0.000220
0.000801
0.001028
0.001074
0.001096
0.001233
0.032314
0.033137
0.034245
0.249669
0.243258
0.229082
0.197612
0.186210
0.164862
0.100411
0.045714
0.039667
0.036859
0.035939
0.035502
0.036083
0.036058
0.025191
0.000209
0.000302
0.000347
0.000417
0.000750
0.089673
0.099954
0.127773
0.139440
0.144633
0.040098
0.039730
0.038104
0.037386
0.036167
0.027444
0.000007
0.000012
0.002973
0.014648
0.045271
0.046332
0.054699
0.260606
0.277281
0.284190
0.278033
0.275953
0.240676
0.232594
0.031823
0.027573
0.025943
0.002528
0.001309
0.000095
0.000038
0.000045
0.000214
0.000774
0.000037
0.000136
0.000167
0.000104
0.000069
0.003801
0.011081
0.011102
0.000139
0.006748
0.007024
0.006547
0.003670
0.004198
0.005255
0.000017
0.000016
0.000016
0.000012
0.003787
0.003876
0.003724
0.003770
0.003305
0.238407
0.248905
0.260771
0.269587
0.277225
0.287915
0.295269
0.291417
0.278015
0.107605
0.057330
0.054544
0.052402
0.033256
0.001504
0.001491
0.001273
0.001356
0.001648
0.001554
0.001407
0.001632
0.001971
0.003266
0.004014
0.010630
0.011522
0.022442
0.031715
0.033015
0.035144
0.255209
0.270403
0.284839
0.294219
0.299644
0.302759
0.018436
0.000668
0.027604
0.027621
0.001671
0.000262
0.009869
0.391767
0.413480
0.422711
0.428332
0.398155
0.358573
0.345726
0.325327
0.303298
0.284080
0.263719
0.232885
0.126089
0.117001
0.105056
0.086752
0.053945
0.047725
0.044015
0.017561
0.015286
0.002624
0.000074
0.000073
0.000062
0.000057
0.000056
0.000071
0.000156
0.001181
0.000077
0.000459
0.104533
0.111981
0.133020
0.139472
0.146796
0.209553
0.218368
0.323118
0.344859
0.415323
0.420277
0.432589
0.443722
0.439752
0.395378
0.245379
0.230466
0.171747
0.112733
0.096626
0.062443
0.047683
0.012404
0.000078
0.000076
0.000096
0.021562
0.109741
0.175950
0.260286
0.305588
0.343805
0.401149
0.425604
0.487239
0.514620
0.550867
0.590950
0.591554
0.576765
0.558812
0.541076
0.511491
0.464514
0.432098
0.392838
0.340804
0.262444
0.230895
0.079296
0.031198
0.024950
0.000102
0.033799
0.036869
0.191319
0.198239
0.005388
0.354739
0.360496
0.368663
0.380220
0.376321
0.382027
0.381653
0.370297
0.355243
0.335696
0.299936
0.270670
0.257456
0.016280
0.204786
0.244242
0.261983
0.271471
0.275476
0.283835
0.279356
0.274713
0.274484
0.069807
0.066918
0.066421
0.065365
0.072586
0.050157
0.048207
0.045864
0.042123
0.028414
0.022440
0.022315
0.022266
0.000230
0.005698
0.014884
0.038579
0.038068
0.030231
0.045134
0.048617
0.289370
0.310690
0.319462
0.327819
0.334084
0.002485
0.001910
0.000361
0.000310
0.058683
0.000496
0.016280
0.550791
0.554598
0.553431
0.540189
0.536374
0.523815
0.003258
0.003266
0.003267
0.004206
0.004643
0.000141
0.020220
0.021667
0.157539
0.309609
0.404086
0.814908
0.895351
1.026425
1.129187
1.212306
1.223193
0.015211
0.008335
0.007584
0.000806
0.000907
0.000995
0.001618
0.000324
0.000509
0.000338
0.000019
0.000064
0.000162
0.000556
0.000629
0.000799
0.022993
0.027101
2.055853
2.169623
2.265457
2.286539
2.290118
2.306102
2.284640
2.047701
1.784031
1.516613
1.040405
0.927238
0.815438
0.486769
0.302092
0.199436
0.069944
0.068305
0.060396
0.142921
0.140752
0.131904
0.126970
0.091732
0.065010
0.047179
0.042842
0.062749
0.062846
0.055406
0.005191
0.004830
0.004563
0.000113
0.000122
0.034170
0.033441
0.031508
0.031431
0.044807
0.045315
0.046167
0.053882
0.053938
0.047433
0.198301
0.193679
0.206973
0.210902
0.243898
0.287520
0.316627
0.325154
0.338676
0.345412
0.343912
0.349645
0.356016
0.361146
0.006935
0.275468
0.260733
0.228057
0.224971
0.174057
0.141233
0.149545
0.027914
0.022097
0.003547
0.003792
0.003867
0.005675
0.047281
0.053270
0.631947
0.717784
0.793460
0.858761
0.932600
1.009841
1.114519
1.206249
0.035576
0.000035
0.000078
0.000152
0.000113
0.000106
0.000114
0.000152
0.000107
0.000214
0.000451
0.001334
0.002234
0.002815
0.247798
0.330297
2.861946
3.169069
3.543627
4.065359
4.647926
4.950220
5.233309
5.411766
5.540265
5.650486
5.748330
5.776012
5.759697
5.627312
5.526320
5.421165
5.065667
4.675129
4.322342
3.982391
3.594402
3.201111
0.007502
0.018734
0.016523
0.014318
0.013132
0.006961
0.006861
0.006539
0.017109
0.017107
0.019295
0.014641
0.012553
0.012576
0.016907
0.017852
0.015203
0.005169
0.004578
0.004727
0.005987
0.005640
0.005624
0.005677
0.014695
1.865210
1.782916
1.779200
1.116282
0.647613
0.510259
0.362541
0.089344
0.083604
0.067279
0.057551
0.046313
0.017163
0.016576
0.001280
0.000590
0.001617
0.002260
0.012149
0.013469
0.015049
0.135398
0.142240
0.151150
0.161250
0.135394
0.141146
0.018167
0.018149
0.018113
0.017942
0.017975
0.019020
0.019168
0.020306
0.021207
0.022576
0.023224
0.598398
0.711760
1.149309
1.341316
2.187655
2.502042
2.830072
3.253641
3.674806
4.225666
4.935534
5.893891
6.212467
6.520715
6.849829
7.130839
7.215967
7.252769
7.300276
7.333312
7.354307
7.400775
7.422962
7.209629
7.254127
7.347303
7.407947
7.483222
7.522720
7.581883
7.646474
7.757530
7.909671
8.023754
8.149497
8.191151
8.232788
8.246095
8.258101
8.237664
8.199784
8.166400
8.053433
7.888642
7.709996
7.456392
6.994706
0.466926
0.460409
0.505126
0.439106
6.236398
6.493868
6.890494
7.298675
7.685214
8.127993
8.258125
8.416056
8.499932
8.603749
8.640690
8.698002
8.774798
8.845113
8.888699
8.938320
8.998533
9.040021
9.085098
9.159191
9.162738
9.165657
9.172972
9.165846
9.140868
9.116452
9.095166
9.083970
9.068869
9.026778
8.981122
8.919824
8.850971
8.816142
8.771557
8.733838
8.718550
8.713669
8.670885
8.640300
8.597746
8.659307
8.678425
8.707291
8.744388
8.743900
8.705001
8.674819
8.657056
8.642893
8.635351
8.649297
8.659706
8.718705
8.760467
8.804763
8.804785
8.826558
8.854224
8.896266
8.961337
8.974206
8.969246
8.991169
8.938640
8.682752
8.091494
7.654332
7.345612
0.588846
0.295176
7.694077
8.273617
8.675279
8.749420
8.855428
8.960173
8.956885
8.957765
8.971622
8.971193
8.722757
8.538590
0.031905
0.030203
0.092503
8.411638
8.400483
8.654845
8.788448
8.945898
8.963780
0.004146
0.002713
0.002436
0.000542
0.000513
0.000056
0.000062
0.000077
0.000079
0.000192
0.000372
0.000031
0.000029
0.000025
0.000020
0.000030
0.000013
0.000093
0.000227
0.000239
0.000155
0.000792
0.001875
0.004428
9.019166
0.000898
0.000314
0.000244
0.000143
0.000018
0.000009
0.000008
0.000004
0.000002
0.000001
0.000002
0.000002
0.000007
0.000011
0.000011
0.000010
0.000018
0.000031
0.000061
0.000193
0.000908
8.738005
8.756215
8.778340
8.826341
8.841433
8.845885
8.850586
8.839522
8.810484
8.763039
8.755133
8.733135
8.722766
8.725425
8.744374
8.710091
8.700004
8.694080
8.632558
8.592834
8.571884
8.338554
8.103128
7.926426
0.011066
0.009452
0.007521
0.006923
0.005966
0.005341
0.004967
0.004922
0.004356
0.004296
0.004311
0.004338
0.004456
0.004465
0.004510
0.004532
0.005670
0.007935
0.007818
7.773748
7.777658
0.066373
7.898739
8.008303
8.100862
8.195334
8.268402
8.363603
8.437310
8.534488
8.710327
8.920440
9.151062
9.203807
9.270247
9.382816
9.507324
9.573071
9.607196
9.650578
9.677675
9.590771
9.496936
9.611396
9.591057
9.574162
9.534389
9.049942
0.067234
6.604618
7.910455
8.267941
8.574425
8.778889
8.980369
9.289385
9.548814
9.595537
9.664356
9.713174
9.716008
9.718344
9.716092
9.695285
9.566319
9.527186
9.501322
9.497073
9.536064
9.597200
9.692446
9.735207
9.756367
9.801530
9.810394
9.579341
9.588280
9.601663
9.606598
9.850982
9.888106
9.893138
9.898127
9.905919
9.907786
9.917057
9.941242
9.969771
9.998043
9.999466
9.985173
9.981697
9.984955
9.983491
9.975070
9.970546
9.970754
9.964723
9.968460
9.980880
9.986786
9.991158
9.998231
9.999217
9.999171
9.998969
9.997674
9.997830
9.998804
9.997506
9.990850
9.985318
9.976168
9.964360
9.954615
9.946803
9.932561
9.903154
9.885290
9.880199
9.844270
9.731221
9.596326
9.460648
8.969201
8.547251
0.328423
0.279910
0.223126
0.026112
0.021128
0.020734
0.019034
0.018774
0.019057
0.019128
0.056716
0.057984
0.060260
0.062496
0.063531
0.064588
0.010834
0.075642
0.079926
6.440623
6.169456
6.114288
5.834797
5.748634
5.928852
6.231329
9.474019
9.845813
9.965810
9.975541
9.981653
9.983355
9.998748
9.998762
9.998565
9.998596
9.998437
9.997329
9.996157
9.996516
9.997792
9.998629
9.999517
9.998312
9.997092
9.995902
9.994876
9.992603
9.768608
9.768529
9.767185
9.765997
9.760993
9.725077
9.497022
9.294284
9.256002
8.885628
0.018765
0.005497
0.002979
0.001777
0.001424
0.001178
0.001172
0.001353
0.001535
0.001184
8.488754
8.333750
8.125781
7.924281
1.202477
8.741329
9.506366
9.597520
9.605518
9.657750
9.694518
9.690287
9.699642
9.728978
9.762838
9.766226
9.756314
9.751641
9.749783
9.732301
9.714137
9.358930
9.313537
9.206336
8.931802
8.537989
7.554660
5.322695
3.034435
2.692550
1.236917
0.699475
0.565774
0.361668
0.213788
0.167097
0.087105
0.048703
0.040992
0.038129
0.035449
0.016040
0.015327
0.014421
0.023127
0.013695
0.014194
0.013253
0.012922
0.012420
0.012120
0.006454
0.006510
0.006635
0.006107
0.005561
0.000106
0.000154
0.000077
0.000032
0.000019
0.000015
0.000020
0.000021
0.000025
0.000031
0.003441
0.003598
0.011579
0.013054
0.013433
0.013352
0.012924
0.012695
0.012550
0.012530
0.012855
0.013125
0.012346
0.000045
0.000068
0.005609
