0.000000
0.000000
0.001411
0.010808
0.010778
0.006521
0.006588
0.006507
0.006019
0.003895
0.003064
0.002750
0.002500
0.001139
0.000622
0.000038
0.000021
0.000120
0.000098
0.000561
0.000591
0.000589
0.000585
0.000582
0.000564
0.000521
0.000511
0.000468
0.000467
0.000406
0.000347
0.000277
0.000237
0.000014
0.000017
0.000008
0.000003
0.000303
0.000311
0.000325
0.000332
0.002119
0.002353
0.002507
0.002620
0.002729
0.011008
0.010831
0.004763
0.004245
0.000911
0.000825
0.000810
0.000797
0.000725
0.000642
0.000299
0.000035
0.000027
0.000025
0.000096
0.000122
0.002450
0.032051
0.033906
0.036395
0.053877
0.088270
0.094334
0.134610
0.145778
0.179898
0.263447
0.306734
6.555466
7.321469
7.490166
7.581075
7.591000
7.540865
7.492200
7.184244
6.656407
5.887738
5.205324
4.499261
4.110164
3.018162
2.284239
0.014970
0.005370
0.104620
0.116776
0.675204
0.006834
2.949470
3.244765
3.559034
3.912132
4.252768
0.040217
4.884685
5.556688
6.006291
0.000068
0.000097
0.000146
0.000046
0.000168
0.000183
0.000264
0.000150
0.000016
0.000005
0.000006
0.000006
0.000006
0.000007
0.000009
0.000008
0.000009
0.000017
0.000031
0.000032
0.000040
0.000086
0.000314
0.000782
0.001112
6.365756
6.648345
7.006511
7.503179
7.725700
7.730309
0.003861
0.003808
0.003816
7.733507
7.740617
7.746367
7.754366
7.753394
7.750119
7.748136
7.749978
7.750339
7.749493
7.750361
7.751845
7.747281
7.741650
7.738215
7.735466
7.722724
7.693159
7.636378
7.488723
7.377186
0.004134
0.002891
0.001708
0.000552
0.000519
0.000421
0.000480
0.000392
0.000657
0.001444
7.031372
7.133841
7.187176
7.247391
7.261991
0.002451
0.000735
0.000520
0.000086
0.000015
0.000011
0.000013
0.000004
0.000003
0.000002
0.000002
0.000002
0.000004
0.000004
0.000004
0.000006
0.000007
0.000002
0.000002
0.000004
0.000005
0.000006
0.000006
0.000013
0.000006
0.000021
0.000027
0.000047
0.000080
0.000183
0.000245
7.191322
7.227136
7.297851
7.381397
7.461974
7.536451
7.620700
7.625037
7.627414
7.629719
7.630553
7.632210
0.001318
0.001423
0.001285
0.001233
7.648508
7.655113
7.663836
7.675889
7.685998
7.692394
7.697214
7.708324
7.724249
7.759875
7.818728
7.829987
7.886519
7.803742
7.701744
7.540792
7.252245
6.953600
6.599560
6.178155
6.031901
0.280744
0.064881
5.873856
6.543543
6.835359
7.072830
7.381634
7.605428
7.745947
7.876156
7.970946
8.011942
8.022617
8.031207
8.034557
8.047876
8.435631
8.455479
8.465329
8.448714
8.420380
8.398939
8.384263
8.361232
8.292264
8.228249
8.147449
8.062014
7.974098
7.895263
0.028536
0.020765
0.015955
0.014608
0.014249
0.003308
0.003930
0.003958
0.010951
0.013707
7.922881
7.984147
7.973948
0.079798
8.004759
8.065378
0.001750
0.001918
0.001757
0.001878
0.002054
0.002522
0.003665
0.005105
0.013097
8.395002
8.432712
8.463155
8.474742
8.475471
8.475867
8.477561
8.477554
8.470399
8.452568
8.414049
8.362874
0.019515
0.018597
0.017900
0.017815
0.017934
0.018135
8.277325
8.307034
7.711877
7.885315
7.938857
8.018329
8.130120
8.269297
8.407077
8.510062
8.583368
8.603239
8.617209
8.637796
8.639995
8.641193
8.639646
8.637885
8.635375
8.622735
0.009193
0.009039
0.008964
0.008827
0.008886
0.008904
0.009085
8.414708
8.855942
8.871969
8.850641
0.015859
0.014733
8.641232
8.658412
8.670068
8.670349
8.671213
8.652113
8.645585
8.641505
8.639013
8.637752
0.000630
0.000364
0.000218
0.000154
0.000024
0.000192
0.000124
0.000084
0.000055
0.000010
0.000213
0.000144
0.000098
0.000093
0.000045
0.001434
0.001196
0.001189
0.001411
8.634425
8.645339
8.646164
8.642745
8.636206
8.631676
0.001974
0.001784
0.003354
0.003349
0.002490
0.010569
8.652403
8.654301
8.655186
8.588609
8.519391
8.455606
8.208621
7.941596
0.310675
0.020875
0.020384
0.020917
0.021295
0.021736
0.022194
8.508334
8.757632
8.872109
9.398777
9.471115
9.486543
9.494077
9.497235
9.498406
9.498376
9.498459
9.498670
9.498845
9.498586
9.498536
9.498742
9.498790
9.498756
9.498438
9.497477
9.484940
9.435046
9.427150
9.405320
0.000506
0.000079
0.000047
0.000032
0.000009
0.000005
0.000004
0.000004
0.000004
0.000004
0.000005
0.000008
0.000013
0.000058
0.000093
0.000246
9.382223
9.265317
9.270240
9.270122
9.270949
9.274433
9.271508
9.267433
9.263213
9.265968
9.273318
9.275503
9.274812
9.272494
9.271954
9.273228
9.274333
9.276002
9.276284
9.276437
9.277917
9.278944
9.476373
9.489312
9.493983
9.497963
9.498532
9.498554
9.498473
9.500135
9.499559
9.498200
9.496728
9.496221
0.000105
0.000058
0.000049
0.000015
0.000007
0.000005
0.000001
0.000000
0.000001
0.000000
0.000001
0.000001
0.000002
0.000000
0.000000
0.000000
0.000000
0.000000
0.000000
0.000001
0.000002
0.000002
0.000007
0.000015
0.000032
9.234378
9.243618
9.250026
9.249069
9.239336
9.221639
9.160314
9.110141
8.748172
8.607027
8.841893
8.942578
9.080957
9.174026
9.255983
9.331576
9.361392
9.381729
9.432309
9.445983
9.456363
9.466493
9.476131
9.482400
9.485185
9.494399
9.497020
9.498099
9.497909
9.497149
9.497331
9.497792
9.497654
9.497875
9.498121
9.498098
9.497652
9.497404
9.496749
9.496411
9.496825
9.496722
9.497097
9.496943
9.497316
9.498060
9.498191
9.498197
9.498173
9.497979
9.497301
9.491777
9.473675
9.214753
9.210107
9.204640
9.188938
9.139624
9.066248
8.676313
8.670446
8.653408
8.651994
8.655087
8.658212
8.659064
8.658562
8.658304
8.657450
8.657632
8.656809
8.687341
8.678779
8.652533
8.639640
8.608370
8.571891
8.270610
0.000806
0.000446
0.000374
0.000329
0.000286
0.000281
0.000321
0.000423
0.000565
0.000899
0.002064
0.003322
8.273645
8.202055
8.181772
8.175530
8.168288
0.000204
0.000716
0.000665
0.000333
0.000327
0.000126
0.000175
0.000075
0.000041
0.000051
0.000031
0.000036
0.000011
0.000021
0.000006
0.000004
0.000003
0.000002
0.000005
0.000003
0.000002
0.000002
0.000002
0.000002
0.000003
0.000002
0.000002
0.000002
0.000012
0.000017
0.000056
0.000062
0.000070
0.000084
0.000116
0.000288
0.001436
8.432675
8.438306
8.441975
8.443733
8.444712
8.448556
8.457644
8.474864
8.491434
8.509099
8.494144
8.473457
8.446152
8.291457
8.303426
8.270017
8.230182
8.043339
8.038902
8.025697
8.009144
7.998740
7.858982
7.847820
7.919820
7.927862
7.929416
7.929186
7.928056
7.928180
7.927928
7.928281
7.927327
7.912788
7.586228
7.583966
7.583332
7.585217
7.670660
7.673832
7.671155
0.000091
0.000051
0.000033
0.000023
0.000093
0.000087
0.000100
0.000110
0.000573
0.001383
0.002671
0.002473
0.001379
0.001654
0.001743
0.002227
7.763496
8.119205
8.118573
8.099550
8.052899
8.172517
8.167311
8.173774
8.167585
8.163557
8.160671
8.151545
8.144873
8.137409
8.120812
8.081534
8.043944
0.003682
0.002320
0.001902
0.000173
0.000217
0.000236
0.000032
0.000023
0.000031
0.000026
0.000010
0.000009
0.000015
0.000018
0.000033
0.000081
0.000002
0.000003
0.000012
0.000026
0.000018
0.000002
0.000003
0.000004
0.000001
0.000002
0.000011
0.000020
0.000021
0.000010
0.000013
0.000003
0.000003
0.000004
0.000004
0.000007
0.000095
0.000162
0.000142
7.721281
7.721212
7.710868
7.703264
7.702207
0.000077
0.000051
0.000049
0.000057
0.000089
0.000147
0.000174
0.000618
0.001041
0.003653
0.004732
7.808498
8.019138
8.062577
8.069273
8.075827
8.078123
7.852852
7.855627
7.856588
7.857432
7.857504
7.857595
7.857761
7.857704
7.858632
7.978888
7.989604
7.983523
7.985759
7.969771
7.923251
0.043004
7.883046
7.989583
8.134576
8.168590
8.182957
8.175225
8.128952
0.004692
0.001979
0.001195
0.000719
0.000203
0.000098
0.000047
0.000041
0.000024
0.000030
0.000031
0.000088
0.000134
0.000222
0.000443
0.000750
7.900863
7.688549
7.907977
7.985966
8.019662
8.182780
8.269158
8.315878
8.329631
8.335350
8.339949
8.341042
8.340557
8.342826
8.344228
8.346698
8.436737
8.440511
8.446411
8.452711
8.452540
8.344628
8.344758
8.344833
8.344838
8.344821
8.344922
8.344582
8.343034
8.342620
8.342098
8.341592
8.342160
8.344227
0.000066
0.000057
0.000049
0.000004
0.000003
0.000003
0.000002
0.000000
0.000000
0.000001
0.000001
0.000000
0.000000
0.000000
0.000000
0.000000
0.000000
0.000000
0.000000
0.000000
0.000000
0.000000
0.000000
0.000000
0.000000
0.000000
0.000000
0.000000
0.000001
0.000001
8.015814
8.015655
8.015658
8.016528
8.017008
8.017838
8.019854
8.022961
8.028666
8.034755
8.055895
8.072492
8.083918
8.104931
8.141262
8.173318
8.188018
8.219942
8.300283
8.327008
8.341497
8.344140
8.344685
8.345006
8.345038
8.344835
8.346821
8.347296
8.347557
8.347670
8.347331
8.347658
8.347748
8.348364
8.349771
8.350313
8.350650
8.345031
8.344646
8.344617
8.344790
8.344678
8.344255
8.341484
8.334175
8.327642
8.318675
8.310144
8.253718
8.254080
8.253933
8.254226
8.254398
8.254462
8.254586
8.254456
8.260621
8.254094
8.254561
8.254367
8.254334
8.253208
8.252113
8.252210
8.252655
8.253140
8.250240
8.261815
8.261241
8.256588
8.052663
8.014606
7.978434
7.945363
7.913226
7.892095
7.858740
7.834054
0.003229
0.003356
0.000682
0.000037
0.000024
0.000027
0.000013
0.000009
0.000004
0.000004
0.000010
0.000014
0.000010
0.000014
0.000029
0.000033
0.000031
0.000042
0.000425
0.000379
7.742233
7.722589
7.702462
7.531705
0.039532
7.134615
6.867354
6.393176
0.077415
0.000029
0.000014
0.000011
0.000006
0.000008
0.000005
0.000002
0.000004
0.000003
0.000004
0.000001
0.000004
0.000002
0.000003
0.000002
0.000001
0.000001
0.000002
0.000010
0.000012
0.000023
0.000046
0.000039
0.000003
0.000002
0.000027
0.000014
0.000020
0.000013
0.000010
0.000003
0.000002
0.000003
0.000005
0.000001
0.000002
0.000005
0.000003
0.000006
0.000008
0.000012
0.000007
0.000002
0.000002
0.000010
0.000002
0.000001
0.000001
0.000005
0.000004
0.000001
0.000001
0.000012
0.000011
0.000010
0.000007
0.000010
0.000003
0.000000
0.000000
0.000001
0.000001
0.000002
0.000001
0.000000
0.000000
0.000000
0.000000
0.000000
0.000000
0.000000
0.000000
0.000000
0.000000
0.000001
0.000003
0.000005
0.023008
0.150876
0.605550
6.997981
7.407090
7.558420
0.000006
0.000004
0.000003
0.000002
0.000002
0.000002
0.000003
0.000001
0.000001
0.000001
0.000000
0.000000
0.000000
0.000000
0.000000
0.000000
0.000000
0.000001
0.000002
0.000001
0.000000
0.000000
0.000001
0.000000
0.000000
0.000001
0.000000
0.000000
0.000000
0.000000
0.000000
0.000000
0.000000
0.000000
0.000000
0.000000
0.000000
0.000000
0.000000
0.000000
0.000000
0.000000
0.000000
0.000001
0.000000
0.000000
0.000000
0.000000
0.000000
0.000000
0.000000
0.000000
0.000000
0.000000
0.000001
0.000000
0.000000
0.000000
0.000000
0.000000
0.000000
0.000000
0.000000
0.000000
0.000000
0.000000
0.000000
0.000000
0.000000
0.000000
0.000000
0.000000
0.000000
0.000000
0.000000
0.000000
0.000000
0.000000
0.000000
0.000000
0.000000
0.000000
0.000000
0.000000
0.000000
0.000000
0.000000
0.000000
0.000000
0.000000
0.000000
0.000000
0.000000
0.000000
0.000000
0.000000
0.000000
0.000000
0.000000
0.000000
0.000000
0.000000
0.000000
0.000000
0.000000
0.000000
0.000000
0.000000
0.000000
0.000000
0.000000
0.000000
0.000000
0.000000
0.000000
0.000000
0.000000
0.000000
0.000000
0.000000
0.000000
0.000000
0.000000
0.000000
0.000000
0.000000
0.000000
0.000000
0.000000
0.000000
0.000000
0.000000
0.000000
0.000000
0.000000
0.000000
0.000000
0.000000
0.000000
0.000000
0.000000
0.000000
0.000000
0.000000
0.000000
0.000000
0.000000
0.000000
0.000000
0.000000
0.000000
0.000000
0.000000
0.000000
0.000000
0.000000
0.000000
0.000000
0.000000
0.000000
0.000000
0.000000
0.000000
0.000000
0.000000
0.000000
0.000000
0.000000
0.000000
0.000000
0.000000
0.000000
0.000000
0.000000
0.000000
0.000000
0.000000
0.000000
0.000000
0.000000
0.000000
0.000000
0.000000
0.000000
0.000000
0.000000
0.000000
0.000000
0.000000
0.000000
0.000000
0.000000
0.000000
0.000000
0.000000
0.000000
0.000000
0.000000
0.000000
0.000000
0.000000
0.000000
0.000000
0.000000
0.000000
0.000000
0.000000
0.000000
0.000000
0.000000
0.000000
0.000000
7.600892
7.508039
7.394197
7.272936
0.005539
0.003262
0.001340
0.000735
0.000448
0.000100
0.000078
0.000046
0.000055
0.000101
0.000073
0.000084
0.000093
0.000178
0.000194
0.000134
0.000407
7.179966
7.247111
7.270884
7.291786
7.302809
7.310544
7.320445
7.250613
7.207736
7.157341
7.092598
0.001221
0.000549
0.000475
0.000240
0.000230
0.000207
0.000338
0.000539
0.004150
7.038294
6.879144
6.459634
6.091714
4.565056
0.293499
0.203925
0.072085
0.009309
0.002366
0.001299
0.001284
0.000000
0.000000
0.000000
0.000000
0.000000
0.000000
0.000000
0.000000
0.000000
0.000000
0.000000
0.000000
