0.003951
0.003945
0.000000
0.000000
0.000000
0.000000
0.000000
0.000000
0.000000
0.000000
0.000000
0.000000
0.000000
0.000000
0.000000
0.000000
0.000000
0.000000
0.000000
0.000000
0.000000
0.000000
0.000000
0.000000
0.000000
0.000000
0.000000
0.000000
0.000000
0.000000
0.000000
0.000000
0.000000
0.000000
0.000000
0.000000
0.000000
0.000000
0.000000
0.000000
0.000000
0.000000
0.000000
0.000000
0.000000
0.000000
0.000000
0.000000
0.000000
0.000000
0.000000
0.000000
0.000000
0.000000
0.000000
0.000000
0.000000
0.000000
0.000000
0.000000
0.000000
0.000000
0.000000
0.000001
0.000000
0.000000
0.000000
0.000000
0.000000
0.000000
0.000000
0.000000
0.000000
0.000000
0.000000
0.000000
0.000000
0.000000
0.000000
0.000000
0.000000
0.000000
0.000000
0.000000
0.000000
0.000000
0.000000
0.000000
0.000000
0.000000
0.000000
0.000000
0.000000
0.000000
0.000000
0.000000
0.000000
0.000000
0.000000
0.000000
0.000000
0.000000
0.000000
0.000000
0.000000
0.000000
0.000000
0.000000
0.000000
0.000000
0.000000
0.000000
0.000000
0.000000
0.000000
0.000000
0.000000
0.000000
0.000000
0.000000
0.000000
0.000000
0.000000
0.000000
0.000000
0.000000
0.000000
0.000000
0.000000
0.000000
0.000000
0.000000
0.000000
0.000000
0.000000
0.000000
0.000000
0.000000
0.000000
0.000000
0.000000
0.000000
0.000000
0.000000
0.000000
0.000000
0.000000
0.000000
0.000000
0.000000
0.000000
0.000000
0.000000
0.000000
0.000000
0.000000
0.000000
0.000000
0.000000
0.000000
0.000000
0.000000
0.000000
0.000000
0.000000
0.000000
0.000000
0.000000
0.000000
0.000000
0.000000
0.000000
0.000000
0.000000
0.000000
0.000000
0.000000
0.000000
0.000000
0.000000
0.000000
0.000000
0.000000
0.000000
0.000000
0.000000
0.000000
0.000000
0.000000
0.000000
0.000000
0.000000
0.000000
0.000000
0.000000
0.000000
0.000000
0.000000
0.000000
0.000000
0.000000
0.000000
0.000000
0.000000
0.000000
0.000000
0.000000
0.000000
0.000000
0.000000
0.000000
0.000000
0.000000
0.000000
0.000000
0.000000
0.000000
0.000000
0.000000
0.000000
0.000000
0.000000
0.000000
0.000000
0.000000
0.000000
0.000000
0.000000
0.000000
0.000000
0.000000
2.709394
2.310695
2.093208
1.881316
1.543495
1.358474
1.198058
1.047672
0.877292
0.012848
0.006827
0.001157
0.000634
0.017235
0.029369
0.376415
0.376724
0.351149
0.314760
0.268496
0.252220
0.218960
0.202364
0.166966
0.160029
0.046129
0.037125
0.022949
0.000139
0.000135
0.000111
0.000112
0.000119
0.000094
0.000091
0.000120
0.000153
0.000304
0.000187
0.000295
0.000713
0.002657
0.002890
0.146421
0.357796
0.464257
0.619318
0.598639
0.711567
1.014199
1.099150
0.003723
1.319270
1.544336
1.746298
1.967516
2.293456
2.476652
2.541421
2.507905
2.468037
2.233064
2.025377
0.005956
0.001690
0.025174
0.026698
0.024501
0.021241
0.020274
0.019926
0.020251
0.000105
0.000074
0.000146
0.000032
0.000029
0.000042
0.000278
0.000418
0.000269
0.000404
0.000629
0.004719
1.345628
1.221478
1.113418
0.908683
0.063868
0.005527
0.002099
0.002080
0.076578
0.754993
0.823366
0.888793
0.899404
0.008390
0.005575
0.005424
0.005389
0.005675
0.005733
0.005682
0.006916
0.006226
0.005533
0.000642
0.006966
0.075496
0.121998
1.119329
1.264809
1.392501
1.491168
2.117227
2.357439
2.664686
3.059164
3.503954
4.055115
4.719438
5.563867
5.906191
6.300825
6.779323
7.235096
7.336689
7.410182
7.444225
7.472539
7.512850
7.534359
7.568891
7.594529
7.613793
7.671927
7.740844
7.809730
7.855155
8.070675
8.109713
8.130799
8.157925
8.181571
8.193076
8.208146
8.222182
8.224394
8.225954
8.225698
8.214365
8.210792
8.197319
8.168465
8.124382
7.960692
7.319716
6.896864
0.012408
0.455843
5.335715
0.137680
5.273746
0.283257
5.406958
5.784473
6.213467
6.770280
6.823248
6.817205
6.809518
6.809155
6.814158
6.978393
6.931661
6.911031
6.908946
6.903684
6.904253
6.910901
6.908518
6.899971
6.902703
6.914596
6.935714
6.960085
6.971124
7.002993
7.010923
7.011394
7.010673
7.002984
7.000590
7.004340
7.043842
7.028665
6.942592
6.878447
0.075494
6.667914
6.660601
6.664150
6.683703
6.728947
0.058347
6.738334
6.847326
6.959332
7.050741
7.070113
7.074438
7.074002
7.070881
7.057607
7.050869
7.044692
7.042032
7.045656
7.052243
7.063194
7.067447
7.066766
7.066309
7.065670
7.064973
7.064112
7.063240
7.062233
7.061555
7.061183
7.060568
7.059806
7.059050
7.058262
7.057407
7.056623
7.055753
7.054968
7.053975
7.053270
7.052881
7.052043
7.051264
7.050605
7.049910
7.049487
7.048517
7.047719
7.046871
7.046038
7.045371
7.044622
7.043698
7.042561
7.041826
7.041092
7.039931
7.039269
7.038836
7.038217
7.037513
7.036833
7.036118
7.035447
7.034720
7.034066
7.033553
7.031010
7.025974
6.983485
6.735255
6.731032
6.730046
6.729707
6.728902
6.745578
6.746548
6.747163
6.742488
6.737015
6.720319
6.718078
6.712735
6.706874
6.703604
6.668136
6.624745
6.460220
0.001362
0.001051
0.000681
0.000867
0.000251
0.000220
0.000161
0.000246
0.000048
0.000037
0.000054
0.000076
0.000116
0.000078
0.000029
0.000015
0.000014
0.000015
0.000002
0.000006
0.000003
0.000003
0.000005
0.000012
0.000017
0.000006
0.000012
0.000002
0.000004
0.000008
0.000003
0.000003
0.000001
0.000002
0.000002
0.000003
0.000004
0.000027
0.000306
0.000402
0.000466
6.411993
6.371307
6.272034
6.086276
5.546492
5.767884
2.942669
0.000536
0.000287
0.000158
0.000067
0.000048
0.000019
0.000010
0.000005
0.000002
0.000001
0.000001
0.000001
0.000002
0.000006
0.000004
0.000003
0.000003
0.000004
0.000005
0.000027
0.000038
0.000065
0.000107
0.000447
4.316365
5.436080
6.302179
6.686471
6.729679
6.727688
6.726531
6.727196
6.727501
6.719189
6.708740
6.707133
6.691361
6.657382
6.533243
6.601156
0.000461
0.001411
6.627721
6.640368
6.668420
6.701853
6.723296
6.756241
6.791669
6.829065
6.864968
6.887777
6.897170
6.899942
6.909323
6.910787
6.911723
6.911878
6.911535
6.910557
6.902092
6.892852
6.888930
6.887685
6.830808
6.829899
6.829842
6.829713
6.828757
6.828624
6.828479
6.828503
6.828730
6.837651
6.837251
6.836952
6.837182
6.837653
6.837776
6.840116
6.843818
6.844028
0.000085
0.000040
0.000012
0.000014
0.000010
0.000017
0.000012
0.000005
0.000006
0.000004
0.000004
0.000002
0.000007
0.000004
0.000004
0.000005
0.000007
0.000003
0.000001
0.000004
0.000003
0.000001
0.000027
0.000015
0.000009
0.000009
0.000008
0.000277
0.000056
0.000037
0.000036
0.000032
0.000070
0.000097
0.000236
0.000896
0.009259
0.009525
6.911083
6.957771
7.116565
7.140586
7.143500
7.144149
7.144087
7.144015
7.144014
7.144043
7.144042
7.144050
7.144196
7.144337
7.144279
7.144163
7.143496
7.143150
7.143441
7.144097
7.144252
7.144289
7.144355
7.144383
7.144514
7.143968
7.439673
7.459055
7.462440
7.462520
7.462396
7.462574
7.462924
7.462882
7.462554
7.461971
7.461780
7.461892
7.462802
7.463215
7.463361
7.463553
7.463490
7.463542
7.463689
7.463727
7.463630
7.463527
7.462992
7.459661
7.643410
7.503908
7.592533
7.599504
0.011389
0.010448
0.006554
0.001700
0.000795
0.000201
0.000089
0.000031
0.000013
0.000016
0.000014
0.000016
0.000010
0.000015
0.000008
0.000007
0.000011
0.000017
0.000021
0.000081
0.000121
0.000227
0.000098
0.000471
0.000022
0.000020
0.000011
0.000013
7.348482
7.591703
7.719301
7.747150
7.762926
7.764661
7.768489
7.773768
7.782932
7.793320
7.805922
7.808397
7.828122
7.850829
7.856804
7.862992
7.873766
7.899225
7.978076
8.041353
8.119857
8.128848
8.132519
8.134008
8.134274
8.134240
8.134183
8.134181
8.133986
8.134079
8.134080
8.133983
8.133687
8.133746
8.133819
8.133730
8.134132
8.134203
8.134193
8.133428
8.132777
8.129046
8.122992
8.116763
8.089645
8.056454
8.039013
8.030521
8.027940
8.032525
8.045694
8.064577
8.077149
8.108018
8.132724
8.133943
8.134168
8.133999
8.133906
8.134161
8.134256
8.133986
8.133732
8.132899
7.976002
7.968416
7.946339
7.851351
7.743299
0.005128
0.003995
0.001381
0.000742
0.000641
0.000524
0.000059
0.000056
0.000021
0.000015
7.386680
7.387733
7.388995
7.388989
7.389159
7.390960
7.396887
7.401976
7.405557
7.412111
7.427467
7.435066
7.444636
7.464583
7.516110
7.572729
7.594450
7.645344
7.764640
7.773693
7.773849
7.773514
7.774894
7.777455
7.777898
7.777988
7.771740
7.767226
7.764245
7.760584
7.760175
7.758171
0.003560
0.001549
0.001275
0.001079
0.000346
0.000338
0.000017
0.000014
0.000013
0.000028
0.000020
0.000006
0.000002
0.000001
0.000005
0.000003
0.000026
0.000025
0.000044
0.000059
0.000005
0.000007
0.000009
0.000001
0.000005
0.000002
0.000010
0.000006
0.000009
0.000007
0.000012
0.000012
0.000013
0.000027
0.000013
0.000044
0.000018
0.000024
0.000030
0.000169
0.000009
0.000007
0.000002
0.000005
0.000046
0.000052
0.000052
0.000034
7.918763
7.979618
7.989112
7.990651
7.993171
7.994203
7.996645
8.001284
8.004818
8.007723
8.007422
8.007418
8.008036
8.011535
8.019091
8.028291
8.051889
8.087772
8.139418
8.236074
8.240538
8.233912
8.168037
8.102222
0.186324
8.199755
8.235107
8.238939
8.239575
8.241247
8.244388
8.245082
8.245154
8.245245
8.244940
8.243980
8.242726
8.240711
8.236400
8.232351
8.231388
8.234267
8.238215
8.241663
8.241274
8.242363
8.244219
8.439956
8.447347
8.448183
8.447871
8.447686
8.447834
8.447509
8.447183
8.447552
8.447986
8.448240
8.448259
8.448344
8.448001
8.447891
8.447856
8.446800
8.445942
8.446162
8.446523
8.445375
8.433732
8.389228
0.034654
0.034304
0.034192
0.033607
0.034070
0.034382
8.417538
8.444612
8.446933
8.447842
8.447589
8.447632
8.448040
8.448102
8.448032
8.447802
8.447552
8.447043
8.446520
8.446710
8.447125
8.445294
8.443484
8.444040
8.445874
8.447452
8.448098
8.448177
8.448197
8.448154
8.447890
8.447098
8.445305
8.445083
8.446422
8.447906
8.448073
8.447991
8.447795
8.447701
8.447720
8.448067
8.448138
8.447821
8.446489
8.443929
8.440698
8.441109
8.443799
8.446877
8.447605
8.447869
8.448162
8.448205
8.448199
8.448219
8.448198
8.448138
8.448019
8.447646
8.446355
8.442952
8.407404
8.361305
8.219276
8.090003
0.003182
0.001685
0.001238
0.001023
0.000336
0.000165
0.000124
0.000009
0.000005
0.000005
0.000015
0.000109
0.000014
0.000015
0.000028
0.000043
0.000073
0.000142
0.000241
0.000368
7.868879
7.550121
7.200402
6.496478
5.884327
5.230622
4.651693
4.121224
3.583505
3.111134
2.204176
1.876623
1.686269
0.990497
0.901633
0.001502
0.133470
0.227490
0.235325
1.216878
1.179097
1.149369
1.090718
1.029817
0.240017
0.006881
0.000725
0.000333
0.000317
0.003019
0.002615
0.002497
0.124047
0.079351
0.046148
0.046448
0.046992
0.042979
0.007059
0.005602
0.005486
0.005572
0.005464
0.005457
0.005210
0.004250
0.003893
0.003616
0.003077
0.003014
0.002964
0.002933
0.009931
0.007439
0.007457
0.007142
0.007148
0.006956
0.006619
0.006333
0.005493
0.007737
0.003757
0.003911
0.003987
0.003985
0.003985
0.003992
0.004063
0.004309
0.004357
0.004370
0.006993
0.007613
0.057409
0.664444
0.717613
0.718142
0.000319
0.000158
0.010322
0.728345
0.699318
0.698563
0.695905
0.725254
0.850072
0.866637
0.834870
0.832560
0.000683
0.000661
0.000399
0.000223
0.000087
0.000150
0.000174
0.015225
0.016648
0.019856
0.021367
0.022432
0.023294
0.045520
0.877472
0.899423
0.734427
0.705462
0.517270
0.456849
0.427498
0.463027
0.363285
0.149417
0.183143
0.178266
0.174453
0.124988
0.094929
0.069636
0.069271
0.065756
0.055380
0.000128
0.000140
0.000231
0.000102
0.000106
0.001064
0.031458
0.047198
0.048312
0.066254
0.043166
0.151279
0.128750
0.118922
0.097909
0.093949
0.026499
0.007943
0.007103
0.001082
0.000706
0.000230
0.000062
0.000101
0.000092
0.000127
0.000733
0.004371
0.059799
0.071376
0.080772
0.086867
0.097816
0.220538
0.227341
0.283324
0.354138
0.359782
0.370314
0.380733
0.367116
0.067516
0.065506
0.009961
0.009536
0.010343
0.320595
0.312799
0.324605
0.318288
0.126792
0.106227
0.026980
0.018001
0.002355
0.002015
0.001992
0.003242
0.004445
0.004847
0.041750
0.027715
0.054660
0.054590
0.051421
0.050109
0.047809
0.022834
0.021598
0.000259
0.000250
0.000211
0.032826
0.033599
0.035538
0.041156
0.041239
0.000143
0.026468
0.030442
0.043292
0.045828
0.049587
0.057449
0.051534
0.000197
0.000174
0.000137
0.000485
0.057345
0.073550
0.073785
0.092126
0.080735
0.065510
0.185716
0.211424
0.208826
0.211754
0.211277
0.029653
0.030309
0.009086
0.009143
