0.000000
0.000000
0.000000
0.006623
0.006911
0.007002
0.006962
0.006938
0.006955
0.007087
0.007226
0.007316
0.006276
0.005933
0.004129
0.002850
0.000136
0.000025
0.000019
0.000015
0.000006
0.000004
0.000002
0.000001
0.000001
0.000002
0.000039
0.000012
0.000016
0.000001
0.000001
0.000002
0.000007
0.000008
0.000003
0.012462
0.012422
0.011825
0.000255
0.001513
0.027765
0.028234
3.250682
3.023959
2.631911
2.325747
0.003103
0.002749
0.002329
0.249087
1.461952
1.383955
1.222870
0.986544
0.885662
0.037473
0.051722
0.055313
0.049640
0.046366
0.000024
0.000017
0.000007
0.000007
0.000004
0.000006
0.000017
0.000029
0.000038
0.000006
0.000002
0.000005
0.000003
0.000003
0.000003
0.000006
0.000007
0.000016
0.000006
0.000005
0.000004
0.000009
0.000004
0.000004
0.000005
0.000004
0.000004
0.000004
0.000003
0.000003
0.000005
0.000005
0.000008
0.000005
0.000003
0.000004
0.000078
0.000005
0.000005
0.000003
0.000003
0.000003
0.000005
0.000007
0.000007
0.000005
0.000004
0.000032
0.000011
0.000008
0.000009
0.000012
0.000025
0.000015
0.000013
0.000010
0.000014
0.000008
0.000010
0.000015
0.000016
0.000055
0.000045
0.000061
0.000046
0.000054
0.000027
0.000043
0.004556
0.222071
0.333514
0.396079
0.545062
0.678521
0.731743
0.834463
0.875061
0.865045
0.755863
0.177879
0.123809
0.100931
0.096385
0.089333
0.083436
0.000362
0.000705
0.000017
0.000083
0.000028
0.000044
0.000037
0.000015
0.000038
0.000040
0.000055
0.000079
0.000578
0.000510
0.000035
0.000097
0.000101
0.000038
0.000337
0.000137
0.000045
0.000051
0.000070
0.000073
0.000102
0.000072
0.000027
0.000039
0.000061
0.000131
0.000148
0.000254
0.000114
0.000074
0.000045
0.000126
0.000275
0.001699
0.007494
0.001308
0.017513
1.287572
1.386647
1.507552
1.535717
1.558516
1.640515
1.204257
0.875150
0.919776
0.039462
0.019680
0.025598
0.025999
0.007549
0.008249
0.029553
0.054644
0.017304
0.016491
0.015975
0.016762
0.000645
0.000801
0.001155
0.011690
0.077464
2.115572
2.618812
3.247024
3.899220
4.482279
5.136742
5.828237
6.871560
7.741750
7.977455
8.001007
8.002692
8.003185
8.003387
8.003427
8.003420
8.518749
8.519693
8.518686
8.519694
8.522277
8.522342
8.522192
8.522652
8.763009
8.777237
8.779725
8.778571
8.779542
8.685787
0.147975
8.511294
8.647130
8.675166
8.684166
8.703348
8.707114
8.670946
8.648634
8.619458
8.601988
8.588808
8.437479
8.423552
8.419725
8.420718
8.419220
8.428071
8.442375
8.495450
8.491967
8.488177
8.622620
8.643731
8.666364
8.693572
8.731286
8.766552
8.777765
8.796037
8.801794
8.796075
8.791433
8.782775
8.779527
8.778839
8.784072
8.779129
8.773531
9.177676
9.183164
9.187512
9.111168
8.989926
8.606918
8.603934
8.602633
8.601616
8.604056
8.606196
8.608219
8.607455
8.785301
8.794170
8.804253
8.840227
8.878139
8.889286
8.895602
8.928300
9.535629
9.611343
9.658595
9.714087
9.729089
9.737107
9.739349
9.741645
9.742652
9.741900
9.742022
9.742651
9.742121
9.733381
9.718395
9.704025
9.693918
9.692524
9.692011
9.696343
9.901892
9.886232
9.874453
9.871547
9.879804
9.876953
9.884222
9.901039
9.921160
9.933502
9.942938
9.959580
9.964203
9.968369
9.961807
9.941290
9.546901
9.545802
9.545179
9.544626
9.542800
9.539700
9.539201
9.538616
9.536081
9.534001
9.535358
9.538411
9.542858
9.544562
9.544802
9.544647
9.544396
9.541540
9.538060
9.521710
9.512141
9.505041
9.499300
9.506800
9.493755
9.485858
9.484596
9.480409
9.476384
9.474344
9.467083
0.002261
0.001339
0.000715
0.000315
0.000112
0.000087
0.000047
0.000020
0.000013
0.000008
0.000002
0.000003
0.000010
0.000828
0.000751
0.000719
0.000865
0.000976
0.001185
0.001319
9.385090
9.450817
9.527566
9.540679
9.543235
9.918652
9.965312
9.975095
9.981165
9.981462
9.980560
9.976291
9.975062
9.977355
9.977401
9.976386
9.965126
9.151564
9.151394
9.151988
9.152121
9.152084
9.151694
9.151505
9.150698
9.149964
9.150217
9.150836
9.150906
9.150899
9.150975
9.150962
9.150901
9.150150
9.149828
9.149929
9.148727
9.147994
9.147799
9.148077
9.147896
9.146527
9.147217
9.149270
9.149636
9.149539
9.149044
9.148051
9.147542
9.146541
9.146262
9.146548
9.146449
9.146849
9.147003
9.147573
9.145953
9.145713
9.146482
9.147958
9.147984
9.147938
9.147973
9.145363
9.142248
9.135995
8.726471
8.728436
8.728544
8.728422
8.728285
8.728227
8.728119
8.727359
8.726996
8.727013
8.727030
8.727394
8.727472
8.726415
8.725766
8.725621
8.725978
8.726954
8.726718
8.726352
8.726185
8.725101
8.707961
8.696098
8.677974
8.660173
8.587566
8.493047
0.013659
0.009538
0.001512
0.001219
0.000098
0.000041
0.000032
0.000017
0.000017
0.000027
0.000006
0.000022
0.000026
0.000012
0.000010
0.000004
0.000004
0.000005
0.000005
0.000023
0.000042
0.000008
0.000005
0.000006
0.000010
0.000012
0.000023
0.000097
0.000002
0.000002
0.000001
0.000002
0.000002
0.000005
0.000002
0.000002
0.000005
0.000010
0.000007
0.000029
0.000004
0.000001
0.000004
0.000003
0.000005
0.000002
0.000000
0.000001
0.000001
0.000004
0.000002
0.000002
0.000000
0.000000
0.000001
0.000001
0.000001
0.000001
0.000002
0.000001
0.000000
0.000000
0.000000
0.000000
0.000001
0.000001
0.000002
0.000008
0.000000
0.000000
0.000001
0.000000
0.000001
0.000001
0.000002
0.000001
0.000001
0.000004
0.000004
0.000001
0.000002
0.000001
0.000001
0.000000
0.000000
0.000000
0.000001
0.000001
0.000001
0.000000
0.000001
0.000000
0.000001
0.000010
0.000008
0.000001
0.000001
0.000001
0.000000
0.000000
0.000000
0.000001
0.000002
0.000003
0.000007
0.000011
0.000000
0.000000
0.000001
0.000001
0.000001
0.000002
0.000002
0.000002
0.000004
0.000014
0.000027
0.000039
0.000075
7.922224
7.604916
7.579559
7.568378
7.275260
7.270186
7.264096
7.258262
7.251902
7.245376
7.236599
7.231830
7.232663
7.233171
7.236299
0.000025
0.000007
0.000010
0.000003
0.000003
0.000002
0.000002
0.000002
0.000001
0.000001
0.000001
0.000001
0.000000
0.000000
0.000001
0.000001
0.000000
0.000000
0.000002
0.000003
0.000003
0.000000
0.000002
0.000000
0.000000
0.000000
0.000000
0.000000
0.000000
0.000001
0.000005
0.000006
0.000007
0.000016
0.000024
0.000043
0.000082
0.000233
7.256125
7.263348
7.267266
7.271216
7.272425
7.267301
0.000306
0.000067
0.000048
0.000024
0.000008
0.000004
0.000003
0.000002
0.000001
0.000001
0.000000
0.000003
0.000001
0.000001
0.000001
0.000001
0.000001
0.000000
0.000001
0.000001
0.000001
0.000000
0.000000
0.000000
0.000000
0.000000
0.000000
0.000000
0.000000
0.000000
0.000000
0.000000
0.000000
0.000000
0.000000
0.000000
0.000000
0.000000
0.000000
0.000000
0.000000
0.000000
0.000000
0.000000
0.000001
0.000001
0.000001
0.000002
0.000001
0.000013
0.000014
0.000023
7.283497
7.291224
7.293396
7.293460
7.294055
7.290740
7.235087
7.230728
0.000009
0.000009
0.000009
0.000009
0.000012
0.000033
0.000037
7.230383
7.226851
7.165275
0.005108
0.002525
0.000886
0.000192
0.000082
0.000031
0.000015
0.000011
0.000014
0.000008
0.000004
0.000008
0.000013
0.000019
0.000003
0.000004
0.000005
0.000003
0.000005
0.000010
0.000003
0.000003
0.000005
0.000003
0.000005
0.000010
0.000001
0.000003
0.000005
0.000002
0.000012
0.000015
0.000002
0.000006
0.000009
0.000001
0.000001
0.000002
0.000001
0.000002
0.000002
0.000002
0.000003
0.000005
0.000004
0.000002
0.000003
0.000004
0.000000
0.000001
0.000001
0.000001
0.000002
0.000002
0.000001
0.000002
0.000005
0.000007
0.000013
0.000005
0.000006
0.000008
0.000004
0.000009
0.000017
0.000002
0.000008
0.000013
0.000000
0.000000
0.000000
0.000001
0.000000
0.000000
0.000001
0.000001
0.000001
0.000000
0.000001
0.000000
0.000002
0.000003
0.000005
0.000002
0.000001
0.000000
0.000000
0.000000
0.000001
0.000007
0.000008
0.000000
0.000000
0.000000
0.000000
0.000000
0.000000
0.000000
0.000000
0.000000
0.000000
0.000000
0.000000
0.000000
0.000000
0.000000
0.000000
0.000000
0.000000
0.000000
0.000000
0.000000
0.000000
0.000000
0.000000
0.000000
0.000000
0.000000
0.000000
0.000000
0.000000
0.000000
0.000000
0.000000
0.000000
0.000000
0.000000
0.000000
0.000000
0.000000
0.000000
0.000000
0.000000
0.000000
0.000000
0.000000
0.000000
0.000000
0.000001
0.000000
0.000000
0.000001
0.000001
0.000000
0.000000
0.000000
0.000000
0.000000
0.000000
0.000000
0.000000
0.000000
0.000000
0.000000
0.000000
0.000000
0.000000
0.000000
0.000000
0.000000
0.000000
0.000000
0.000000
0.000000
0.000012
0.000012
0.000013
0.000000
0.000000
0.000000
0.000000
0.000000
0.000000
0.000000
0.000000
0.000000
0.000000
0.000000
0.000000
0.000000
0.000000
0.000001
0.000000
0.000000
0.000000
0.000000
0.000001
0.000001
0.000000
0.000000
0.000000
0.000000
0.000000
0.000000
0.000000
0.000000
0.000000
0.000000
0.000000
0.000000
0.000000
0.000000
0.000001
0.000000
0.000002
0.000001
0.000001
0.000001
0.000001
0.000000
0.000000
0.000000
0.000000
0.000000
0.000000
0.000000
0.000000
0.000000
0.000000
0.000000
0.000000
0.000000
0.000000
0.000000
0.000000
0.000000
0.000000
0.000001
0.000001
0.000001
0.000000
0.000000
0.000000
0.000000
0.000000
0.000000
0.000000
0.000000
0.000000
0.000000
0.000000
0.000000
0.000000
0.000000
0.000000
0.000000
0.000000
0.000000
0.000000
0.000000
0.000000
0.000000
0.000000
0.000000
0.000000
0.000000
0.000000
0.000000
0.000000
0.000000
0.000000
0.000000
0.000000
0.000000
0.000000
0.000000
0.000000
0.000000
0.000000
0.000000
0.000000
0.000000
0.000000
0.000000
0.000000
0.000000
0.000000
0.000000
0.000000
0.000000
0.000000
0.000000
0.000000
0.000000
0.000000
0.000000
0.000000
0.000000
0.000000
0.000000
0.000000
0.000000
0.000000
0.000000
0.000000
0.000000
0.000000
0.000000
0.000000
0.000000
0.000000
0.000000
0.000000
0.000000
0.000000
0.000000
0.000000
0.000000
0.000000
0.000000
0.000000
0.000000
0.000000
0.000000
0.000000
0.000000
0.000000
0.000000
0.000000
0.000000
0.000000
0.000000
0.000000
0.000000
0.000000
0.000000
0.000000
0.000000
0.000000
0.000000
0.000000
0.000000
0.000000
0.000000
0.000000
0.000000
0.000000
0.000000
0.000000
0.000000
0.000000
0.000000
0.000000
0.000000
0.000000
0.000000
0.000000
0.000000
0.000000
0.000000
0.000000
0.000000
0.000000
0.000000
0.000000
0.000000
0.000000
0.000000
0.000000
0.000000
0.000000
0.000000
0.000000
0.000000
0.000000
0.000000
0.000000
0.000000
0.000000
0.000000
0.000000
0.000000
0.000000
0.000000
0.000000
0.000000
0.000000
0.000000
0.000000
0.000000
0.000000
0.000000
0.000000
0.000000
0.000000
0.000000
0.000000
0.000000
0.000000
0.000000
0.000000
0.000000
0.000000
0.000000
0.000000
0.000000
0.000000
0.000000
0.000000
0.000000
0.000000
0.000000
0.000000
0.000000
0.000000
0.000000
0.000000
0.000000
0.000000
0.000000
0.000000
0.000000
0.000000
0.000000
0.000000
0.000000
0.000000
0.000000
0.000000
0.000000
0.000000
0.000000
0.000000
0.000000
0.000000
0.000000
0.000000
0.000000
0.000000
0.000000
0.000000
6.692856
6.693705
0.000035
0.000030
0.000009
0.000007
0.000007
0.000002
0.000002
0.000000
0.000000
0.000000
0.000000
0.000000
0.000000
0.000001
0.000001
0.000001
0.000004
0.000005
6.691590
6.688048
6.686215
6.687579
6.693008
6.692552
0.003437
0.000202
0.000077
0.000067
0.000039
0.000014
0.000009
0.000007
0.000006
0.000001
0.000000
0.000000
0.000000
0.000000
0.000000
0.000000
0.000001
0.000000
0.000000
0.000000
0.000000
0.000000
0.000000
0.000000
0.000000
0.000000
0.000001
0.000001
0.000000
0.000000
0.000000
0.000000
0.000000
0.000000
0.000000
0.000000
0.000000
0.000000
0.000000
0.000000
0.000000
0.000001
0.000000
0.000000
0.000000
0.000000
0.000000
0.000000
0.000000
0.000000
0.000000
0.000000
0.000000
0.000000
0.000000
0.000000
0.000000
0.000000
0.000000
0.000000
0.000000
0.000000
0.000000
0.000000
0.000000
0.000000
0.000000
0.000000
0.000000
0.000000
0.000000
0.000000
0.000000
0.000000
0.000000
0.000000
0.000000
0.000000
0.000000
0.000000
0.000000
0.000000
0.000000
0.000000
0.000000
0.000000
0.000000
0.000000
0.000000
0.000000
0.000000
0.000000
0.000000
0.000000
0.000000
0.000000
0.000000
0.000000
0.000000
0.000000
0.000000
0.000000
0.000000
0.000000
0.000000
0.000000
0.000000
0.000000
0.000000
0.000000
0.000000
0.000000
0.000000
0.000000
0.000000
0.000000
0.000000
0.000000
0.000000
0.000000
0.000000
0.000000
0.000000
0.000000
0.000000
0.000000
0.000000
0.000000
0.000000
0.000000
0.000000
0.000000
0.000000
0.000000
0.000000
0.000000
0.000000
0.000000
0.000000
0.000000
0.000000
0.000000
0.000000
0.000000
0.000000
0.000000
0.000000
0.000000
0.000000
0.000000
0.000000
0.000000
0.000000
0.000000
0.000000
0.000000
0.000000
0.000000
0.000000
0.000000
0.000000
0.000000
0.000000
0.000000
0.000000
0.000000
0.000000
0.000000
0.000000
0.000000
0.000000
0.000000
0.000000
0.000000
0.000000
0.000000
0.000000
0.000000
0.000000
0.000000
0.000000
0.000000
0.000000
0.000000
0.000000
0.000000
0.000000
0.000000
0.000000
0.000000
0.000000
0.000000
0.000000
0.000000
0.000000
0.000000
0.000000
0.000000
0.000000
0.000000
0.000000
0.000000
0.000000
0.000000
0.000000
0.000000
0.000000
0.000000
0.000000
0.000000
0.000000
0.000000
0.000000
0.000000
0.000000
0.000000
0.000000
0.000000
0.000000
0.000000
0.000000
0.000000
0.000000
0.000000
0.000000
0.000000
0.000000
0.000000
0.000000
0.000000
0.000000
0.000000
0.000000
0.000000
0.000000
0.000000
0.000000
0.000000
0.000000
0.000000
0.000000
0.000000
0.000000
0.000000
0.000000
0.000000
0.000000
0.000000
0.000000
0.000000
0.000000
0.000000
0.000000
0.000000
0.000000
0.000000
0.000000
0.000000
0.000000
0.000000
0.000000
0.000000
0.000000
0.000000
0.000000
0.000000
0.000000
0.000000
0.000000
0.000000
0.000000
0.000000
0.000000
0.000000
0.000000
0.000000
0.000001
0.000001
0.000001
0.000001
0.000001
0.000001
0.000001
0.000001
0.000001
0.000001
0.000001
0.000001
0.000001
0.000001
0.000001
0.000001
0.000001
0.000000
0.000000
0.000000
0.000000
0.000000
0.000000
0.000000
0.000000
0.000000
0.000000
0.000000
0.000000
0.000000
0.000000
0.000000
0.000000
0.000000
0.000000
0.000000
0.000000
0.000000
0.000000
0.000000
0.000000
0.000000
0.000000
0.000000
0.000000
0.000000
0.000000
0.000000
0.000000
0.000000
0.000000
0.000000
0.000000
0.000000
0.000000
0.000000
0.000000
0.000000
0.000000
0.000000
0.000000
0.000000
0.000000
0.000000
0.000000
0.000000
0.000000
0.000000
0.000000
0.000000
0.000000
0.000000
0.000000
0.000000
0.000000
0.000000
0.000000
0.000000
0.000000
0.000000
0.000000
0.000000
0.000000
0.000000
0.000000
0.000000
0.000000
0.000000
0.000000
0.000000
0.000000
0.000000
0.000000
0.000000
0.000000
0.000000
0.000000
0.000000
0.000000
0.000000
0.000000
0.000000
0.000000
0.000000
0.000000
0.000000
0.000000
0.000000
0.000000
0.000000
0.000000
0.000000
0.000000
0.000000
0.000000
0.000000
0.000000
0.000000
0.000000
0.000000
0.000000
0.000000
0.000000
0.000000
0.000000
0.000000
0.000000
0.000000
0.000000
0.000000
0.000000
0.000000
0.000000
0.000000
0.000000
0.000000
0.000000
0.000000
0.000000
0.000000
0.000000
0.000000
0.000000
0.000000
0.000000
0.000000
0.000000
0.000000
0.000000
0.000000
0.000000
0.000000
0.000000
0.000000
0.000000
0.000000
0.000000
0.000000
0.000000
0.000000
0.000000
0.000000
0.000000
0.000000
0.000000
0.000000
0.000000
0.000000
0.000000
0.000000
0.000000
0.000000
0.000000
0.000000
0.000000
0.000000
0.000000
0.000000
0.000000
0.000000
0.000000
0.000000
0.000000
0.000000
0.000000
0.000000
0.000000
0.000000
0.000000
0.000000
0.000000
0.000000
0.000000
0.000000
0.000000
0.000000
0.000000
0.000000
0.000000
0.000000
0.000000
0.000000
0.000000
0.000000
0.000000
0.000000
0.000000
0.000000
0.000000
0.000000
0.000000
0.000000
0.000000
0.000000
0.000000
0.000000
0.000000
0.000000
0.000000
0.000000
0.000000
0.000000
0.000000
0.000000
0.000000
0.000000
0.000000
0.000000
0.000000
0.000000
0.000000
0.000000
0.000000
0.000000
0.000000
0.000000
0.000000
0.000000
0.000000
0.000000
0.000000
0.000000
0.000000
0.000000
0.000000
0.000000
0.000000
0.000000
0.000000
0.000000
0.000000
0.000000
0.000000
0.000000
0.000000
0.000000
0.000000
0.000000
0.000000
0.000000
0.000000
0.000000
0.000000
0.000000
0.000000
0.000000
0.000000
0.000000
0.000000
0.000000
0.000000
0.000000
0.000000
0.000000
0.000000
0.000000
0.000000
0.000000
0.000000
0.000000
0.000000
0.000000
0.000000
0.000000
0.000000
0.000000
0.000000
0.000000
0.000000
0.000000
0.000000
0.000000
0.000000
0.000000
0.000000
0.000000
0.000000
0.000000
0.000000
0.000000
0.000000
0.000000
0.000000
0.000000
0.000000
0.000000
0.000000
0.000000
0.000000
0.000000
0.000000
0.000000
0.000000
0.000000
0.000000
0.000000
0.000000
0.000000
0.000000
0.000000
0.000000
0.000000
0.000000
0.000000
0.000000
0.000000
0.000000
0.000000
0.000000
0.000000
0.000000
0.000000
0.000000
0.000000
0.000000
0.000000
0.000000
0.000000
0.000000
0.000000
0.000000
0.000000
0.000000
0.000000
0.000000
0.000000
0.000000
0.000000
0.000000
0.000000
0.000000
0.000000
0.000000
0.000000
0.000000
0.000000
0.000000
0.000000
0.000000
0.000000
0.000000
0.000000
0.000000
0.000000
0.000000
0.000000
0.000000
0.000000
0.000000
0.000000
0.000000
0.000000
0.000000
0.000000
0.000000
0.000000
0.000000
0.000000
0.000000
0.000000
0.000000
0.000000
0.000000
0.000000
0.000000
0.000000
0.000000
0.000000
0.000000
0.000000
0.000000
0.000000
0.000000
0.000000
0.000000
0.000000
0.000000
0.000000
0.000000
0.000000
0.000000
0.000000
0.000000
0.000000
0.000000
0.000000
0.000000
0.000000
0.000000
0.000000
0.000000
0.000000
0.000000
0.000000
0.000000
0.000000
0.000000
0.000000
0.000000
0.000000
0.000000
0.000000
0.000000
0.000000
0.000000
0.000000
0.000000
0.000000
0.000000
0.000000
0.000000
0.000000
0.000000
0.000000
0.000000
0.000000
0.000000
0.000000
0.000000
0.000000
0.000000
0.000000
0.000000
0.000000
0.000000
0.000000
0.000000
0.000000
0.000000
0.000000
0.000000
0.000000
0.000000
0.000000
0.000000
0.000000
0.000000
0.000000
0.000000
0.000000
0.000000
0.000000
0.000000
0.000000
0.000000
0.000000
0.000000
0.000000
0.000000
0.000000
0.000000
0.000000
0.000001
0.000003
6.506048
6.503998
6.503982
6.501742
6.483740
6.440538
6.342858
5.653123
5.133651
4.478622
2.859938
0.625750
0.401162
0.064052
0.000002
0.000000
0.000000
0.000000
0.000000
0.000000
0.000000
0.000000
0.000000
0.000000
0.000000
0.000000
0.000000
0.000000
0.000000
0.000000
0.000000
0.000000
0.000000
0.000000
0.000000
0.000000
0.000000
0.000000
0.000000
0.000000
0.000000
0.000000
0.000000
0.000000
0.000000
0.000000
0.000000
0.000000
0.000000
0.000000
0.000000
0.000000
0.000000
0.000000
0.000000
0.000000
0.000000
0.000000
0.000000
0.000000
0.000000
0.000000
0.000000
0.000000
0.000000
0.000000
0.000000
0.000000
0.000000
0.000000
0.000000
0.000000
0.000000
0.000000
0.000000
0.000000
0.000000
0.000000
0.000000
0.000000
0.000000
0.000000
0.000000
0.000000
0.000000
0.000000
0.000000
0.000000
0.000000
0.000000
0.000000
0.000000
0.000000
0.000000
0.000000
0.000000
0.000000
0.000000
0.000000
0.000000
0.000000
0.000000
0.000000
0.000000
0.000000
0.000000
0.000000
0.000000
0.000000
0.000000
0.000000
0.000000
0.000000
0.000000
0.000000
0.000000
0.000000
0.000000
0.000000
0.000000
0.000000
0.000000
0.000000
0.000000
0.000000
0.000000
0.000000
0.000000
0.000000
0.000000
0.000000
0.000000
0.000000
0.000000
0.000000
0.000000
0.000000
0.000000
0.000000
0.000000
0.000000
0.000000
0.000000
0.000000
0.000000
0.000000
0.000000
0.000000
0.000000
0.000000
0.000000
0.000000
0.000000
0.000000
0.000000
0.000000
0.000000
0.000000
0.000000
0.000000
0.000000
0.000000
0.000000
0.000000
0.000000
0.000000
0.000000
0.000000
0.000000
0.000000
0.000000
0.000000
0.000000
0.000000
0.000000
0.000000
0.000000
0.000000
0.000000
0.000000
0.000000
