0.011086
0.006522
0.003874
0.000078
0.000052
0.000036
0.000001
0.000000
0.000000
0.000000
0.000000
0.000000
0.000000
0.000000
0.000000
0.000000
0.000000
0.000000
0.000000
0.000547
0.000000
0.000000
0.000000
0.000000
0.000000
0.000000
0.000000
0.000000
0.000000
0.000000
0.000000
0.000000
0.000000
0.000000
0.000740
0.000082
0.000011
0.000009
0.000007
0.000004
0.000010
0.002731
0.002833
0.003867
0.004133
0.004502
0.003760
0.004049
0.004333
0.009347
0.013188
0.041902
0.055106
0.061454
0.068546
0.009775
4.026125
4.410742
4.551042
4.792562
5.010121
4.999584
0.013921
0.013140
0.000000
0.000000
0.000000
0.000000
0.000000
0.000000
0.000000
0.000001
0.000000
0.000000
0.000000
0.000000
0.000000
0.000000
0.000000
0.000000
0.000000
0.000001
0.000002
0.000002
0.000001
0.000001
0.000001
0.000001
0.000000
0.000000
0.000000
0.000000
0.000000
0.000000
0.000000
0.000001
0.000009
0.000000
0.000000
0.000001
0.000001
0.000000
0.000000
0.000000
0.000000
0.000000
0.000000
0.000000
0.000000
0.000000
0.000000
0.000001
0.000001
0.000001
0.000002
0.000003
0.000003
0.000000
0.000000
0.000001
0.000001
0.000001
0.000001
0.000002
0.000016
0.013895
0.017783
6.078015
6.449187
6.564514
0.000125
0.000062
0.000025
0.000016
0.000013
0.000012
0.000001
0.000001
0.000001
0.000001
0.000001
0.000015
0.000008
0.000004
0.000002
0.000002
0.000005
0.000002
0.000002
0.000003
0.000002
0.000002
0.000005
0.000005
0.000002
0.000002
0.000002
0.000003
0.000002
0.000004
0.000009
0.000004
0.000004
0.000003
0.000005
0.000004
0.000013
0.000008
0.000016
0.000011
0.000017
0.000015
0.000010
0.000011
0.000008
0.000005
0.000003
0.000030
0.000019
0.000021
0.000030
0.000455
0.000175
0.000114
0.000078
0.000018
0.000007
0.000029
0.000035
0.000050
0.000128
0.000185
0.000350
0.000644
0.000953
0.003422
6.879724
6.958307
7.151917
7.187055
7.186304
7.178495
7.156964
0.000041
0.000027
0.000019
0.000010
0.000003
0.000003
0.000003
0.000004
7.153249
7.193217
7.210491
7.230494
7.228453
0.000004
0.000001
0.000000
0.000000
0.000001
0.000001
0.000001
0.000000
0.000001
0.000000
0.000000
0.000000
0.000001
0.000002
0.000001
0.000000
0.000000
0.000001
0.000000
0.000000
0.000000
0.000000
0.000008
0.000001
0.000002
0.000000
0.000000
0.000000
0.000009
0.000005
0.000001
0.000000
0.000000
0.000000
0.000000
0.000006
0.000009
0.000010
0.000008
0.000009
0.000006
0.000005
0.000014
0.000022
0.000021
0.000104
7.228778
7.228267
7.229632
7.234232
7.234986
7.239089
7.240294
7.242652
7.238314
7.233884
7.228015
7.229094
7.155865
7.222869
7.227486
7.226799
7.222043
7.226927
0.001767
0.001373
0.001274
0.001122
0.000990
0.000878
0.000860
0.000707
0.000010
0.000003
0.000002
0.000001
0.000001
0.000001
0.000000
0.000000
0.000001
0.000001
0.000001
0.000001
0.000001
0.000001
0.000002
0.000002
0.000472
0.000504
0.000563
0.000652
0.000837
0.000824
0.000811
0.000019
0.000001
0.000001
0.000000
0.000001
0.000001
0.000001
0.000000
0.000000
0.000001
0.000001
0.000001
0.000001
0.000000
0.000001
0.000001
0.000001
0.000001
0.000000
0.000000
0.000000
0.000000
0.000000
0.000000
0.000000
0.000000
0.000001
0.000000
0.000003
0.000000
0.000000
0.000000
0.000000
0.000000
0.000000
0.000000
0.000000
0.000000
0.000000
0.000000
0.000000
0.000000
0.000000
0.000000
0.000000
0.000000
0.000000
0.000000
0.000000
0.000000
0.000000
0.000000
0.000000
0.000000
0.000000
0.000001
0.000000
0.000000
0.000000
0.000001
0.000001
0.000003
0.000020
0.000024
7.037147
7.042824
7.042388
7.042169
7.042188
6.917245
7.204832
0.000001
0.000000
0.000000
0.000000
0.000000
0.000000
0.000000
0.000000
0.000000
0.000000
0.000000
0.000000
0.000000
0.000000
0.000000
0.000000
0.000000
0.000000
0.000001
0.000001
0.000000
0.000000
0.000001
0.000000
0.000001
0.000001
0.000000
0.000000
0.000000
0.000000
0.000000
0.000001
0.000000
0.000000
0.000000
0.000000
0.000000
0.000000
0.000000
0.000000
0.000000
0.000000
0.000000
0.000000
0.000000
0.000000
0.000000
0.000000
0.000000
0.000000
0.000001
0.000001
0.000000
0.000000
0.000000
0.000000
0.000001
0.000002
0.000001
0.000000
0.000000
0.000000
0.000000
0.000000
0.000000
0.000000
0.000000
0.000000
0.000002
0.000002
0.000001
0.000001
0.000001
0.000001
0.000001
0.000001
0.000001
0.000001
0.000001
0.000001
0.000002
0.000008
0.000004
0.000004
0.000002
0.000001
0.000001
0.000002
0.000002
0.000002
0.000004
0.000006
0.000018
0.000070
0.000186
0.000369
0.000503
0.000800
0.002004
0.012890
7.656843
7.676473
7.680472
7.681979
7.681915
7.684267
7.689498
7.691601
7.693752
7.695869
7.697843
7.699836
7.701638
7.703577
7.705425
7.953801
7.958396
7.960868
7.962801
7.965299
7.976430
7.983692
7.990596
7.991066
7.975326
7.977239
7.979050
7.981046
7.983072
7.984935
7.986796
7.988674
7.990579
7.992819
7.994970
7.997329
7.999297
8.001175
8.002764
8.010189
7.996410
7.813457
8.163896
8.183889
8.191872
8.201588
8.209481
8.225664
8.236448
8.246560
8.260372
8.269680
8.274274
8.276370
8.278347
8.280142
8.282147
8.284142
8.286110
8.288003
8.289874
8.291689
8.293526
8.295439
8.297474
8.299426
8.301211
8.302896
8.304381
8.306506
8.309114
8.672266
8.675713
8.678065
8.679891
8.681810
8.683850
8.685724
8.687194
8.688753
8.690672
8.692432
8.694359
8.697405
8.922823
9.107495
9.138047
9.140131
9.114259
8.963701
9.029554
9.098873
9.143377
9.147673
9.152306
9.154051
9.154479
9.154524
9.154501
9.154521
9.154564
9.154639
9.154710
9.155415
9.158625
9.164577
9.448726
9.986279
9.994482
9.998779
9.998631
9.998778
9.999318
9.999393
9.999540
9.999795
9.999640
9.999587
9.999715
9.999656
9.999540
9.999371
9.999550
9.999645
9.999302
9.999271
9.999224
9.999333
9.999589
9.999845
9.999821
9.999550
9.994860
9.990384
9.967704
9.871690
0.113246
9.927180
9.983094
9.996865
9.999296
9.999901
9.999785
9.998808
9.997560
9.997739
9.999116
9.999542
9.998287
9.997948
9.997042
9.996691
9.997138
9.996777
9.991812
9.844615
9.712870
9.601905
9.438153
9.203521
0.606144
9.447411
9.948018
9.975006
9.971936
9.967003
9.962491
9.860091
9.663910
8.922088
8.232204
7.193274
5.942048
4.917685
4.135966
3.441027
2.874912
2.399172
1.920076
1.565437
1.230683
0.040799
0.032198
0.004724
0.000818
0.009332
0.009210
0.009145
0.010299
0.772578
0.701708
0.004601
0.781010
0.858878
0.883492
0.921134
0.868679
0.012792
0.015876
0.005864
0.000428
0.000051
0.000047
0.000079
0.000107
0.000090
0.000125
0.000167
0.000387
0.003341
0.028242
1.171778
0.999416
0.064743
0.052435
0.000877
0.000388
0.000200
0.000739
0.001048
0.000969
0.000528
0.061853
0.246532
0.292018
0.571864
1.009070
1.033620
1.057821
0.007230
0.005082
0.001555
0.001279
0.070310
0.065192
0.059834
0.035513
0.026215
0.002574
0.000427
0.000319
0.000274
0.000130
0.000086
0.000097
0.001606
0.001594
0.000056
0.000043
0.001370
0.211257
0.224690
0.252604
0.335582
0.437559
0.114499
0.003574
0.001479
0.001381
0.106093
0.525661
0.612491
0.758533
0.784254
0.774946
0.672456
0.002101
0.370478
0.210236
0.182457
0.038485
0.001074
0.001052
0.001190
0.005628
0.018988
0.048293
0.083158
0.649734
0.654573
0.688553
0.027595
0.010493
0.001402
0.000696
0.000646
0.000777
0.003154
0.000659
0.005162
0.005839
0.005825
0.005657
0.005720
0.005761
0.005835
0.006229
0.006297
0.005788
0.006105
0.009845
0.009481
0.001715
0.001568
0.005869
0.232918
0.480560
0.556762
0.709906
0.048498
0.023395
0.003532
0.117086
1.158075
1.209357
1.251030
0.030276
0.026575
0.022602
0.032351
0.040579
0.062039
1.187688
0.026569
0.016301
0.000737
0.039704
1.096864
1.149506
1.267448
0.060545
0.012976
0.004362
0.023730
0.054036
1.285176
1.273809
1.141337
0.035132
0.006383
0.000765
0.000285
0.000133
0.000086
0.006310
0.009075
0.008606
0.032512
0.784022
0.722889
0.091954
0.071378
0.100956
0.113371
0.616532
0.635343
0.703468
0.699682
0.367723
0.355108
0.041615
0.029377
0.001470
0.001120
0.029532
0.019237
0.000176
0.000154
0.000133
0.380284
0.053736
0.000487
0.000174
0.000147
0.000206
0.000163
0.000042
0.000038
0.001507
0.015283
0.238617
0.328744
0.333437
0.344902
0.621029
0.624934
0.370412
0.034764
0.020723
0.001112
0.000542
0.000050
0.000030
0.000041
0.000062
0.000392
0.000334
0.008765
0.005014
0.005836
0.006624
0.007327
0.013846
0.019088
0.146064
0.595122
0.674321
0.762939
0.810521
0.037160
0.000223
0.005419
0.813776
0.761873
0.734105
0.252875
0.162646
0.040433
0.029290
0.002996
0.000702
0.000737
0.000747
0.000045
0.000045
0.000076
0.001337
0.005411
0.102019
0.571945
0.656675
0.627763
0.138400
0.024080
0.010817
0.005012
0.005369
0.005566
0.012995
0.021950
0.021671
0.021394
0.021459
0.000560
0.024434
0.179105
0.690325
0.697866
0.672925
0.467892
0.421777
0.233831
0.153841
0.005275
0.017338
0.010516
0.008629
0.007984
0.031726
0.000352
0.000077
0.000355
0.018007
0.023610
0.026089
0.030174
0.037060
0.754856
0.772145
0.033066
0.008235
0.006158
0.004553
0.002848
0.003167
0.003986
0.000182
0.005475
0.012748
0.022595
0.023802
0.607542
0.503561
0.462195
0.413327
0.008161
0.017127
0.017160
0.016797
0.000216
0.019091
0.020729
0.305712
0.282240
0.290399
0.302798
0.062131
0.066723
0.022026
0.000375
0.000157
0.000118
0.000101
0.000082
0.000064
0.000093
0.000150
0.000273
0.001232
0.010362
0.884447
0.968766
0.962884
0.902250
0.008600
0.010072
0.000122
0.000141
0.000127
0.000120
0.000098
0.005971
0.005146
0.004355
0.047053
0.063794
0.052552
0.569576
0.528391
0.324813
0.277681
0.260542
0.236676
0.065511
0.033587
0.000150
0.000089
0.002015
0.000248
0.000050
0.000476
0.000039
0.023735
0.031209
0.120590
0.085875
0.018618
0.000051
0.000038
0.000051
0.000052
0.000293
0.000296
0.000207
0.000219
0.000206
0.000264
0.012327
0.012965
0.005750
0.000180
0.000200
0.007541
0.010397
0.311967
0.380725
0.394114
0.414466
0.466100
0.451605
0.402072
0.003748
0.005207
0.000163
0.000290
0.000408
0.019552
0.876903
0.862163
0.731403
0.053884
0.015294
0.003289
0.019015
0.018643
0.013806
0.031410
0.164357
0.135253
0.053121
0.101231
0.359805
0.324993
0.002907
0.005863
0.006300
0.006847
0.007475
0.007374
0.014514
0.010812
0.003679
0.002852
0.002798
0.002896
0.002787
0.002789
0.002823
0.002814
0.004033
0.002927
0.002864
0.003684
0.018948
0.088096
0.603227
0.593610
0.434930
0.275765
0.074821
0.061577
0.054183
0.041041
0.103791
0.028290
0.001774
0.001009
0.000099
0.000007
0.000005
0.002400
0.000004
0.000003
0.000000
0.000001
0.000002
0.000005
0.000006
0.000011
0.000014
0.000015
0.013539
0.015900
0.014765
0.014938
0.016620
0.000288
0.000261
0.000864
0.000850
0.001115
0.000341
0.033957
0.033468
0.037378
0.255483
0.287966
0.457707
0.000627
0.004456
0.650253
0.660364
0.594443
0.120110
0.024894
0.001707
0.002156
0.010559
0.004057
0.084244
0.085405
0.084250
0.078852
0.072793
0.159765
0.164064
0.014657
0.006871
0.008366
0.003513
0.002153
0.004656
0.011462
0.011807
0.044241
0.315599
0.346598
0.344470
0.310644
0.159738
0.117423
0.092125
0.161647
0.004364
0.573569
0.569112
0.109304
0.007972
0.007570
0.591469
0.038076
0.138582
0.130808
0.126166
0.004640
0.001100
0.007108
0.058253
0.267026
0.107749
0.017952
0.013881
0.002899
0.001547
0.034339
0.146232
0.405162
0.461238
0.592930
0.645388
0.720860
0.729066
0.004848
0.006560
0.003086
0.010861
0.012586
0.624227
0.569368
0.514203
0.022131
0.000920
0.016023
0.012002
0.031761
0.071725
0.056138
0.060290
0.060976
0.154502
0.255468
0.384141
0.377376
0.371075
0.114878
0.035126
0.001236
0.001250
0.000022
0.000032
0.000017
0.000042
0.000012
0.000006
0.000727
0.000722
0.000009
0.000070
0.001309
0.025337
0.111237
0.231888
0.739682
0.758978
0.681776
0.002899
0.004859
0.006590
0.006085
0.011950
0.018208
0.020191
0.003271
0.002920
0.018332
0.016018
0.018692
0.020362
0.069209
0.068223
0.519658
0.587997
0.624973
0.696773
0.689189
0.000916
0.532440
0.505389
0.131164
0.069264
0.051373
0.017578
0.013510
0.000097
0.324775
0.372590
0.601022
0.018992
0.018909
0.004591
0.000098
0.007569
0.005535
0.006206
0.007888
0.725791
0.622233
0.599188
0.598527
0.006530
0.001742
0.022258
0.017559
0.893696
0.932433
0.921092
0.014064
0.075604
0.072128
0.062604
0.044235
0.002150
0.000013
0.000006
0.000016
0.000930
0.015537
0.019003
0.044851
0.261129
0.284437
0.700376
0.590350
0.472657
0.241084
0.129980
0.048383
0.029925
0.011490
0.004731
0.004505
0.000128
0.000058
0.000039
0.000038
0.002553
0.001812
0.000007
0.000005
0.000009
0.000003
0.000004
0.000006
0.000012
0.000004
0.000005
0.000008
0.000004
0.000004
0.000003
0.000002
0.000002
0.000001
0.000002
0.000003
0.000023
0.000005
0.000005
0.000031
0.000006
0.000002
0.000002
0.000002
0.000002
0.000003
0.000007
0.000012
0.000012
0.000002
0.000004
0.000005
0.000007
0.000006
0.000005
0.000004
0.000003
0.000001
0.000001
0.000001
0.000001
0.000003
0.000006
0.000005
0.000002
0.000001
0.000000
0.000001
0.000001
0.000000
0.000000
0.000001
0.000000
0.000002
0.000000
0.000000
0.000001
0.000001
0.007783
0.000406
0.000000
0.000000
0.000000
0.000000
0.000000
0.000000
0.000000
0.000001
0.000001
0.000001
0.000000
0.000000
0.000000
0.000000
0.000000
0.000001
0.000001
0.000000
0.000000
0.000000
0.000000
0.000000
0.000000
0.000000
0.000000
0.000000
0.000000
0.000000
0.000000
0.000000
0.000000
0.000000
0.000000
0.000001
0.000000
0.000583
0.000483
0.000000
0.000000
0.000002
0.000001
0.000001
0.000001
0.000001
0.000002
0.000079
0.000082
0.000002
0.000001
0.000016
0.000006
0.000000
0.000000
0.000000
0.000000
0.000000
0.000000
0.000000
0.000000
0.000000
0.000000
0.000000
0.000000
0.000000
0.000000
0.000000
0.000000
0.000000
0.000000
0.000000
0.000001
0.000001
0.000002
0.000000
0.000000
0.000000
0.000000
0.000000
0.000000
0.000000
0.000000
0.000000
0.000000
0.000000
0.000000
0.000000
0.000000
0.000000
0.000000
0.000000
0.000000
0.000000
0.000000
0.000000
0.000000
0.000000
0.000000
0.000000
0.000000
0.000000
0.000000
0.000000
0.000000
0.000000
0.000000
0.000000
0.000000
0.000000
0.000000
0.000000
0.000000
0.000000
0.000000
0.000000
0.000000
0.000000
0.000000
0.000000
0.000000
0.000000
0.000000
0.000000
0.000000
0.000000
0.000000
0.000000
0.000000
0.000000
0.000000
0.000000
0.000000
0.000000
0.000000
0.000000
0.000000
0.000000
0.000000
0.003643
0.003823
0.003788
0.003902
0.004303
0.004801
0.000011
0.000009
0.000000
0.000000
0.000000
0.000000
0.000000
0.000000
0.000000
0.000000
0.000000
0.000000
0.000008
0.013355
0.050408
0.057886
0.064350
0.069937
0.000026
0.000000
0.000000
0.000000
0.000000
0.000000
0.000000
0.000000
0.000000
0.000000
0.000032
0.080092
0.074631
0.066940
0.000006
0.000008
0.000009
0.000009
0.000017
0.000003
0.000003
0.000000
0.000000
0.000000
0.000000
0.000000
0.000000
0.000000
0.000000
0.000000
0.000000
0.000000
0.000000
0.000000
0.000000
0.000000
0.000000
0.000000
0.000000
0.000000
0.000000
0.000000
0.000000
0.000000
0.000000
0.000000
0.000000
0.000000
0.000000
0.000000
0.000000
0.000000
0.000000
0.000000
0.000000
0.000000
0.000000
0.000000
0.000000
0.000000
0.000000
0.000004
0.066553
0.066516
0.067329
0.066723
0.066049
0.065400
0.065366
0.064927
0.060362
0.000815
0.000016
0.000043
0.001405
0.005648
0.045933
