0.005052
0.000323
0.000277
0.000001
0.000003
0.000007
0.000935
0.001052
0.001038
0.000950
1.418990
1.054089
0.742574
0.649588
0.042707
0.002030
0.000003
0.000002
0.000002
0.000001
0.000001
0.000143
0.000198
0.000708
0.001179
0.002503
0.000183
0.000000
0.000000
0.000001
0.000000
0.000000
0.000000
0.000001
0.000001
0.000001
0.000002
0.000010
0.000046
0.000003
0.000004
0.000007
0.000701
0.000667
0.000637
0.000616
0.000028
0.000020
0.000040
0.000153
0.000449
0.000375
0.000266
0.000189
0.000160
0.000395
0.000599
0.000147
0.000003
0.000009
0.000121
0.000112
0.000003
0.000003
0.000002
0.000001
0.000012
0.000010
0.000008
0.000005
0.000004
0.000004
0.000004
0.000007
0.000006
0.000004
0.000012
0.000011
0.000010
0.000017
0.000016
0.000019
0.000016
0.000013
0.000021
0.000015
0.000014
0.000013
0.000022
0.000036
0.000143
0.000134
0.000111
0.001967
0.002398
0.003361
0.004145
0.221860
0.518485
0.951770
1.247207
1.684112
1.909686
2.098075
2.125985
2.021293
2.297109
2.428266
2.522541
2.574789
2.596136
2.606529
2.606231
2.534797
2.422434
2.277566
2.158616
1.957526
1.552802
0.634539
0.295728
0.169183
0.028198
0.024895
0.000009
0.000014
0.000014
0.000007
0.000007
0.000008
0.000008
0.000004
0.000003
0.000003
0.000004
0.000007
0.000004
0.000004
0.000002
0.000002
0.000003
0.000003
0.000008
0.000010
0.000011
0.000007
0.000005
0.000011
0.000023
0.000011
0.000009
0.000011
0.000179
0.000156
0.006328
0.148160
0.867411
0.968302
1.164315
1.359676
1.487718
0.000002
0.000001
0.000001
0.000001
0.000001
1.618955
1.744465
1.861025
1.987633
2.125756
2.330465
2.493195
2.605277
2.661385
2.691102
2.714929
2.737755
2.755509
2.749755
2.741552
2.749396
2.768159
2.716771
2.668283
2.599264
2.480639
2.740544
2.812808
2.916975
3.033570
3.065827
3.128014
3.145351
3.187251
3.198759
3.193754
3.334209
3.329180
3.330568
3.335880
3.285573
3.254122
3.228313
3.206815
3.158698
3.106525
3.057030
3.021797
2.953747
0.000521
2.886707
2.823735
2.747345
2.695441
2.640859
2.489100
2.381976
0.079662
0.004096
0.000054
0.000007
0.000006
0.000073
0.000085
0.000042
0.000033
0.000045
0.004608
0.004413
0.004232
0.003805
0.003971
0.003791
0.003746
0.003695
0.003544
0.003892
0.000152
0.000059
0.000036
0.000015
0.000053
0.000083
0.000041
0.000021
0.000034
0.000090
0.000113
0.004536
0.004980
2.156572
2.140915
2.110282
2.081581
2.067268
2.024856
1.990075
1.907791
1.887418
0.099361
0.027826
0.101366
1.960189
2.056420
2.151608
2.314218
2.411257
2.496158
2.604521
2.744989
2.823115
2.893216
2.939663
3.003052
3.065399
3.082448
3.108501
3.112521
3.120328
3.126103
3.146263
3.133843
3.124403
3.115830
3.055704
2.645045
2.344541
2.062901
1.819333
1.628736
1.464059
1.307701
1.151943
1.041539
0.953707
0.262353
0.027340
0.020102
0.013852
0.012921
0.000167
0.000131
0.000028
0.000026
0.000153
0.000212
0.000120
0.000244
0.000154
0.000140
0.000143
0.000129
0.000131
0.000137
0.000134
0.000126
0.000017
0.000016
0.000055
0.000065
0.000088
0.000060
0.000064
0.000047
0.000009
0.000035
0.000030
0.000015
0.000016
0.000022
0.000024
0.000029
0.000028
0.000027
0.000058
0.000306
0.000302
0.012574
0.012884
0.057928
0.439094
0.441876
0.472119
0.467836
0.456503
0.442927
0.429079
0.421023
0.413579
0.405907
0.401812
0.394258
0.382518
0.374451
0.366132
0.346269
0.023047
0.000196
0.000299
0.000404
0.219019
0.191887
0.181750
0.171138
0.006320
0.006006
0.005807
0.000081
0.015460
0.059116
0.055397
0.052782
0.047057
0.024917
0.023076
0.019735
0.028523
0.031205
0.005153
0.004888
0.000139
0.000293
0.015375
0.026957
0.098061
0.100697
0.110778
0.126497
0.145453
0.152216
0.170254
0.257856
0.280564
0.304671
0.295764
0.289479
0.243226
0.217913
0.178741
0.155680
0.145989
0.027859
0.012710
0.012624
0.012616
0.012233
0.012042
0.011580
0.009641
0.000110
0.000064
0.000033
0.000016
0.000014
0.000013
0.000085
0.000669
0.000623
0.025293
0.025321
0.025351
0.025848
0.040029
0.084907
0.092131
0.109372
0.100190
0.001970
0.042380
0.042019
0.040984
0.040209
0.038539
0.037074
0.035059
0.019151
0.020046
0.018405
0.003334
0.002736
0.002358
0.002219
0.000260
0.000256
0.000310
0.002367
0.002859
0.002654
0.002696
0.002757
0.002879
0.002908
0.002841
0.002777
0.002719
0.001871
0.003225
0.003032
0.002934
0.002918
0.002962
0.002892
0.002937
0.000052
0.000025
0.000032
0.000025
0.000034
0.000017
0.000025
0.000043
0.000055
0.000554
0.017537
0.017941
0.029511
0.161623
0.172934
0.181498
0.204929
0.232924
0.245080
0.254598
0.255798
0.243921
0.239523
0.002856
0.003081
0.007094
0.007191
0.007342
0.007517
0.004022
0.009067
0.009454
0.009640
0.009728
0.009770
0.009639
0.007996
0.000113
0.000092
0.000058
0.000042
0.000015
0.000009
0.000008
0.000010
0.000015
0.000143
0.000047
0.000041
0.000022
0.000019
0.000013
0.000009
0.000018
0.023295
0.023187
0.023392
0.027424
0.028224
0.244014
0.243709
0.241648
0.241493
0.236044
0.228278
0.211941
0.004690
0.004306
0.004853
0.004543
0.011869
0.011962
0.012423
0.002027
0.002173
0.002270
0.000014
0.001176
0.000514
0.000431
0.000545
0.000055
0.000047
0.000047
0.000014
0.000023
0.000022
0.000008
0.000006
0.000008
0.000013
0.000021
0.000110
0.000031
0.000047
0.000012
0.000020
0.000011
0.000028
0.000041
0.000028
0.000022
0.000019
0.000018
0.011088
0.000312
0.002476
0.019757
0.027340
0.033332
0.071856
0.105063
0.309724
0.328492
0.350403
0.387079
0.436927
0.406087
0.315711
0.285326
0.191773
0.181305
0.172233
0.160968
0.124742
0.063617
0.008643
0.003688
0.003724
0.000211
0.000136
0.050492
0.052825
0.051553
0.053538
0.053224
0.067720
0.062344
0.038089
0.037662
0.036135
0.027311
0.001137
0.000032
0.000198
0.000659
0.000740
0.000967
0.044251
0.056305
0.045175
0.049786
0.126747
0.166223
0.258423
0.371219
0.409202
0.536954
0.638661
0.704614
0.784708
0.037256
1.403406
1.666476
2.002382
2.340892
2.455561
2.550075
2.642176
2.770716
2.878626
2.867248
2.815091
2.752031
2.695271
2.465294
2.226347
0.021781
0.034879
0.342732
1.429665
2.017153
2.270714
2.582989
3.278428
3.548809
3.653311
3.727517
3.806857
3.808676
3.808105
3.789324
3.772312
3.762689
0.000012
0.000075
3.758241
3.754355
3.677370
3.618439
3.561485
3.476512
3.328528
2.992026
2.657437
0.116188
0.029366
0.029242
2.161856
0.006927
0.006730
0.086683
0.137907
0.150276
0.156610
2.760947
2.986182
3.320977
3.453849
3.538459
3.562845
3.538446
0.000069
0.000032
0.000028
0.000029
0.000023
0.000004
0.000003
0.000003
0.000003
0.000010
0.000015
0.000021
0.000014
0.000013
0.000026
0.000031
0.000182
3.526095
3.510452
3.482384
3.421910
3.371904
3.339793
3.076626
2.987802
2.920983
2.694512
2.628194
0.027145
0.030151
0.031063
0.000132
0.000003
0.000004
0.000004
0.000023
0.000024
0.001278
0.060432
2.959299
2.964041
2.957322
2.956114
3.002320
2.937086
2.880284
2.840056
2.777410
0.015423
0.000002
0.000001
0.000001
0.000001
0.000003
0.000001
0.000001
0.000001
0.000001
0.000003
0.000003
0.000004
0.000003
0.000029
0.000010
0.000003
0.000002
0.000002
0.000001
0.000002
0.000002
0.000002
0.000006
0.000013
0.017727
0.180820
3.124612
3.283768
3.460630
3.663006
3.699447
3.734852
0.000089
0.000067
0.000088
3.901712
3.888031
3.878756
3.854733
0.028758
0.027621
3.871034
3.894177
3.895850
3.865569
3.822800
3.719191
3.480054
3.143602
3.015736
0.000051
0.000013
0.000003
0.000002
0.000001
0.000001
0.000002
0.000002
0.000001
0.000001
0.000001
0.000001
0.000001
0.000000
0.000010
0.000005
0.000015
0.000037
2.774648
2.666292
2.559263
2.479889
2.349464
2.180306
2.063597
0.232264
0.169555
0.000199
0.000130
0.000142
0.000114
0.000240
0.000284
0.000452
0.000374
0.000453
0.005177
0.000031
0.000009
0.005740
0.045928
2.317755
2.467101
2.633287
2.934492
3.126617
3.255546
3.357986
3.500571
3.551890
3.602246
3.575489
3.544029
3.505148
3.471194
3.393384
3.318194
3.271018
0.003295
0.026192
0.001982
0.001590
0.004444
0.004268
0.004322
3.240569
3.249319
3.319336
3.361166
3.311128
3.357371
3.498276
3.665909
3.824844
3.955810
4.060432
4.111567
4.183793
4.197692
4.186542
4.156925
4.141734
4.118599
4.080598
4.066787
4.066600
4.081895
4.001683
3.871082
3.752739
3.644905
3.482081
3.210068
2.836896
2.394864
2.126652
1.912977
1.740003
1.244941
0.973311
0.801073
0.077959
0.038171
0.005495
0.005825
0.005175
0.025306
0.022106
0.031084
0.030498
0.059149
0.055456
0.053066
0.011662
0.008876
0.023327
0.464059
0.469407
0.410199
0.031066
0.775973
0.861251
0.983520
1.077998
1.192184
1.319781
1.486006
1.607752
1.791260
1.950321
2.127452
2.293833
2.298341
2.212960
2.127146
1.881646
0.174959
0.150784
0.119819
0.021544
0.003336
0.002200
0.000105
0.000112
0.000047
0.000059
0.000065
0.000013
0.000021
0.000072
0.000034
0.000038
0.000169
0.000977
0.007999
0.008306
0.032646
0.035029
0.027757
0.830413
0.803850
0.773118
0.742607
0.728005
0.733821
0.727314
0.662729
0.595605
0.539743
0.487102
0.445241
0.274576
0.258095
0.214188
0.198023
0.165231
0.135503
0.001583
0.000762
0.000095
0.000093
0.000651
0.007263
0.008538
0.102813
0.133549
0.135576
0.149810
0.139224
0.017290
0.005814
0.019101
0.019047
0.019088
0.019280
0.019102
0.019012
0.019101
0.019310
0.018947
0.018651
0.000343
0.000146
0.000113
0.000189
0.000127
0.000166
0.006787
0.016943
0.017414
0.018169
0.026926
0.025767
0.025097
0.023641
0.008564
0.004222
0.004998
0.005071
0.005090
0.000092
0.003225
0.001349
0.001388
0.001269
0.000287
0.000261
0.000287
0.000069
0.000047
0.000092
0.001226
0.001012
0.017105
0.029102
0.027286
0.040761
0.049031
0.088442
0.098227
0.115432
0.155841
0.169835
0.179823
0.198794
0.213653
0.204496
0.194497
0.183269
0.169510
0.152100
0.138660
0.126603
0.114509
0.089521
0.085446
0.080417
0.074018
0.032916
0.027779
0.029584
0.028073
0.026033
0.014248
0.000405
0.000277
0.000245
0.000273
0.000098
0.000088
0.000054
0.001148
0.001154
0.001217
0.005008
0.022977
0.018375
0.022829
0.002654
0.147068
0.156420
0.130157
0.097954
0.083869
0.078080
0.074760
0.057907
0.056455
0.056970
0.046041
0.035050
0.004958
0.000292
0.000417
0.011334
0.011625
0.001540
0.001429
0.000071
0.000015
0.000015
0.005331
0.004667
0.004064
0.004019
0.016919
0.017155
0.016078
0.014736
0.015292
0.018179
0.018576
0.064947
0.066506
0.066851
0.067345
0.068060
0.066510
0.060785
0.000158
0.000050
0.000529
0.020499
0.073604
0.075554
0.081947
0.081808
0.079983
0.077605
0.075825
0.057313
0.045087
0.028268
0.027673
0.027537
0.022335
0.021170
0.022051
0.013828
0.013902
0.013306
0.012790
0.007097
0.000054
0.000067
0.001532
0.001934
0.002047
0.002202
0.003149
0.002435
0.002763
0.003045
0.003678
0.015991
0.016963
0.010203
0.017877
0.024669
0.055658
0.062588
0.065208
0.068791
0.069855
0.071610
0.070223
0.067264
0.054986
0.054496
0.052907
0.049758
0.029671
0.028804
0.028046
0.027288
0.024202
0.024213
0.004064
0.000538
0.000028
0.001403
0.001667
0.014041
0.014763
0.015734
0.018338
0.191445
0.215869
0.213112
0.211189
0.201906
0.135551
0.125957
0.119678
0.082316
0.055351
0.051097
0.050588
0.007819
0.009208
0.009134
0.007519
0.006934
0.003471
0.002829
0.003077
0.002930
0.003032
0.002987
0.000156
0.000066
0.000076
0.000113
0.000110
0.000194
0.000168
0.000279
0.000181
0.000542
0.000895
0.001791
0.001243
0.026652
0.028703
0.029017
0.173846
0.179787
0.185185
0.189615
0.191681
0.175814
0.164986
0.154958
0.144364
0.135143
0.115596
0.105435
0.074501
0.067135
0.057179
0.043970
0.021259
0.003181
0.003291
0.003156
0.000077
0.000011
0.000108
0.009590
0.009609
0.015740
0.016290
0.016241
0.021848
0.021547
0.020136
0.017062
0.016687
0.018439
0.008284
0.008097
0.015911
0.026115
0.006461
0.005020
0.000038
0.000022
0.001125
0.015425
0.016958
0.038245
0.040777
0.054327
0.057573
0.062678
0.074543
0.082361
0.084175
0.087215
0.089267
0.094066
0.109196
0.109410
0.109528
0.110576
0.104256
0.104713
0.089649
0.088877
0.088240
0.087630
0.081230
0.079880
0.066842
0.065460
0.064484
0.051558
0.041633
0.012968
0.010413
0.009810
0.007719
0.002519
0.002531
0.002961
0.007269
0.007492
0.007625
0.007984
0.008421
0.008762
0.008793
0.008786
0.008791
0.008776
0.008731
0.000035
0.000035
0.000043
0.000003
0.003618
0.003394
0.003250
0.003212
0.001132
0.003714
0.003974
0.006018
0.006570
0.015975
0.017495
0.017719
0.017911
0.018330
0.018634
0.018587
0.018531
0.018983
0.003088
0.003087
0.005667
0.010363
0.063601
0.064231
0.073470
0.074195
0.075746
0.033427
0.032375
0.031789
0.000140
0.000160
0.022897
0.023686
0.023480
0.023213
0.005527
0.005468
0.002789
0.001730
0.000263
0.000016
0.000018
0.000410
0.001985
0.000657
0.000047
0.000024
0.000086
0.000004
0.000004
0.000016
0.000013
0.000020
0.000008
0.000055
0.000029
0.008426
0.080306
0.085853
0.103372
0.110218
0.117139
0.117812
0.122278
0.126933
0.111013
0.105983
0.097653
0.085677
0.078728
0.073360
0.072533
0.029660
0.011002
0.005698
0.002919
0.002586
0.002588
0.002581
0.002592
0.000008
0.000008
0.000021
0.000021
0.000056
0.000064
0.008197
0.005669
0.005651
0.005703
0.005669
0.005668
0.005753
0.005825
0.005872
0.006223
0.006532
0.008393
0.008972
0.003027
0.002912
0.002945
0.000006
0.000006
0.000002
0.000002
0.000003
0.000003
0.000003
0.000003
0.000004
0.000005
0.000032
0.003122
0.003158
0.019780
0.025394
0.026872
0.026293
0.020383
0.006915
0.007081
0.007096
0.007778
0.001572
0.000051
0.000118
0.001594
0.002958
0.003205
0.003675
0.005847
0.007959
0.008281
0.015656
0.017436
0.027839
0.028574
0.073038
0.078589
0.112340
0.120188
0.125762
0.137527
0.146850
0.151849
0.157688
0.139544
0.121619
0.106099
0.099592
0.092935
0.021315
0.013497
0.012953
0.012910
0.000039
0.000026
0.000550
0.002654
0.002522
0.007970
0.007502
0.006168
0.004203
0.004222
0.003211
0.003159
0.002472
0.002031
0.000957
0.002107
0.002420
0.002855
0.003034
0.007666
0.009959
0.011381
0.024232
0.071043
0.077121
0.085160
0.099586
0.115043
0.116616
0.127347
0.121607
0.037372
0.027407
0.024049
0.005963
0.000322
0.000186
0.000186
0.000147
0.000066
0.000225
0.000331
0.000134
0.004288
0.004758
0.014254
0.016856
0.021551
0.024101
0.035748
0.039551
0.076664
0.078814
0.094962
0.097200
0.029980
0.030857
0.030820
0.002842
0.077152
0.076304
0.073714
0.068152
0.063616
0.061286
0.058265
0.055311
0.039792
0.034542
0.030684
0.039675
0.034571
0.033453
0.024597
0.022070
0.023797
0.025092
0.025988
0.029892
0.030103
0.028788
0.028429
0.033942
0.033996
0.034009
0.033994
0.034043
0.034043
0.034124
0.034156
0.034218
0.034386
0.034575
0.006692
0.006728
0.000009
0.000013
0.000007
0.000007
0.000007
0.000002
0.000002
0.000003
0.000004
0.000004
0.000003
0.000007
0.000008
0.000059
0.000110
0.009832
0.014322
0.016170
0.016315
0.015374
0.071449
0.073431
0.091531
0.094031
0.099313
0.105315
0.107880
0.093065
0.105223
0.107463
0.108218
0.106619
0.102305
0.094396
0.087693
0.085302
0.081249
0.076729
0.018240
0.019523
0.005439
0.005366
0.005420
0.005585
0.006103
0.006489
0.006555
0.006579
0.006240
0.006192
0.006398
0.010273
0.012172
0.017039
0.018929
0.020648
0.122749
0.108596
0.018424
0.009942
0.003531
0.003255
0.003132
0.000592
0.009014
0.009303
0.026884
0.040518
0.040140
0.028545
0.007319
0.007054
0.000537
0.000507
0.000454
0.000431
0.000055
0.000202
0.000719
0.008976
0.010809
0.025297
0.029043
0.032523
0.046586
0.048735
0.087430
0.092285
0.095433
0.098702
0.101182
0.104428
0.102393
0.098947
0.089800
0.085518
0.077437
0.073774
0.071368
0.068391
0.031504
0.022159
0.005577
0.000138
0.010404
0.010629
0.000024
0.000019
0.000009
0.000009
0.000021
0.000014
0.000022
0.000027
0.000031
0.000127
0.010086
0.024903
0.037526
0.038470
0.088882
0.091161
0.096326
0.099460
0.101983
0.096177
0.072959
0.070125
0.068275
0.061958
0.059000
0.021249
0.015596
0.010042
0.001173
0.001028
0.000945
0.004139
0.004173
0.004132
0.003990
0.003962
0.003711
0.008267
0.013619
0.013901
0.020167
0.027968
0.044996
0.046081
0.080943
0.093396
0.096863
0.100072
0.118354
0.134303
0.138228
0.146457
0.150832
0.158856
0.160453
0.161202
0.164195
0.165193
0.160274
0.156853
0.154488
0.152201
0.017746
0.164801
0.168450
0.168681
0.168078
0.160440
0.152008
0.134305
0.120810
0.112540
0.091894
0.055858
0.010883
0.008689
0.007600
0.006851
0.004088
0.001914
0.002510
0.002362
0.003184
0.007083
0.011477
0.066339
0.067538
0.068876
0.069262
0.069420
0.065636
0.055097
0.047450
0.037351
0.036310
0.035376
0.031830
0.016664
0.010165
0.010117
0.006329
0.010358
0.010310
0.010102
0.010210
0.010170
0.000851
0.000368
0.000416
0.000080
0.000368
0.018343
0.019157
0.020178
0.021627
0.021416
0.020931
0.020354
0.019582
0.018731
0.016381
0.016432
0.000072
0.005355
0.008484
0.024726
0.034553
0.043904
0.053355
0.067404
0.068719
0.070237
0.120632
0.128283
0.138811
0.158559
0.163453
0.180927
0.182775
0.184222
0.184731
0.184071
0.183840
0.184799
0.178428
0.167900
0.162939
0.157656
0.150569
0.144882
0.135433
0.131314
0.126413
0.120652
0.115371
0.006433
0.004009
0.003460
0.003259
0.003044
0.000547
0.000024
0.000018
0.000027
0.000071
0.000088
0.004257
0.069636
0.084017
0.083913
0.083632
0.097510
0.098334
0.098167
0.080500
0.064761
0.002000
0.000211
0.000138
0.000164
0.000241
0.000230
0.000054
0.000012
0.000009
0.000012
0.000050
0.000029
0.000742
0.046664
0.067400
0.071395
0.072499
0.073582
0.064974
0.054703
0.052282
0.037692
0.014324
0.014448
0.005345
0.005667
0.005488
0.005698
0.005958
0.003445
0.000383
0.006401
0.026240
0.027941
0.037839
0.042956
0.045592
0.053397
0.035673
0.032849
0.000156
0.001883
0.010073
0.010421
0.010589
0.010291
0.010195
0.008336
0.008369
0.008366
0.008291
0.006845
0.001221
0.001198
0.013246
0.017065
0.020378
0.020494
0.020271
0.028383
0.028892
0.029029
0.176971
0.185134
0.198330
0.217312
0.228033
0.238464
0.240926
0.245754
0.251335
0.258418
0.255523
0.254551
0.252014
0.242841
0.238326
0.237751
0.235956
0.228723
0.101470
0.096651
0.052447
0.056038
0.054154
0.055872
0.071207
0.073983
0.074519
0.074160
0.072225
0.071866
0.004541
0.000029
0.000005
0.000005
0.000005
0.000008
0.000015
0.000013
0.000044
0.000041
0.000055
0.000046
0.000033
0.000018
0.000009
0.000009
0.000017
0.004881
0.013250
0.315583
0.332919
0.349220
0.361959
0.300422
0.162573
0.152680
0.106862
0.001986
0.000017
0.000048
0.000068
0.000029
0.000024
0.000017
0.000038
0.000075
0.000045
0.000616
0.053846
0.036362
0.038469
0.046548
0.050013
0.050076
0.037325
0.030195
0.003838
0.003958
0.000257
0.004714
0.093840
0.106229
0.257545
0.286976
0.402528
0.494578
0.568546
0.669222
0.923981
1.131058
1.389788
1.627688
1.834085
2.109812
2.412206
2.530275
2.523409
2.538221
2.572877
2.566592
2.516717
2.441096
2.371048
2.327302
2.101394
1.941286
0.000157
0.000119
0.000029
0.000027
0.000669
0.000749
0.000101
0.000058
0.000107
0.000115
0.000840
2.089128
2.209058
2.433748
2.472384
2.493983
2.511022
2.523334
2.560311
2.562097
0.005851
0.005648
0.005545
0.000412
0.005937
0.006682
0.007366
2.568927
2.586450
2.595357
2.619486
2.633433
2.641879
2.640955
2.582295
2.489447
2.482653
2.058323
1.775047
1.147400
0.946901
0.818316
0.633039
0.244737
0.188809
0.022233
0.005838
0.005545
0.005091
0.000381
0.000319
0.000112
0.000106
0.021796
0.129535
0.112098
0.099853
0.097929
0.085204
0.077011
0.051027
0.046215
0.042604
0.013248
0.010357
0.009787
0.007154
0.006697
0.000075
0.000065
0.006444
0.006433
0.006461
0.006573
0.007014
0.006776
0.006097
0.005377
0.000165
0.000107
0.000645
0.002741
0.007227
0.015848
0.036003
0.038351
0.062674
0.147702
0.155855
0.127212
0.081998
0.029296
0.012607
0.011517
0.009015
0.007359
0.001843
0.002882
0.002456
0.002282
0.000296
0.000917
0.001813
0.001967
0.003330
0.005584
0.005944
0.006752
0.007132
0.008703
0.008815
0.008605
0.008212
0.007951
0.007533
0.005345
0.004207
0.003649
0.003591
0.003529
0.003565
0.011466
0.008549
0.008920
0.009222
0.009400
0.009660
0.010060
0.010177
0.010103
0.010229
0.009723
0.000144
0.000017
0.000019
0.001064
0.000469
0.000695
0.000665
0.000690
0.000481
0.000510
0.002571
0.003647
0.003933
0.004338
0.004808
0.006752
0.007081
0.007380
0.000059
0.000029
0.015180
0.090351
0.095704
0.200141
0.225181
0.249498
0.307053
0.388310
0.331895
0.283332
0.246683
0.204782
0.039951
0.068754
0.054087
0.008806
0.001269
0.000065
0.000122
0.000092
0.000422
0.007788
0.012664
0.084360
0.144269
0.153722
0.214501
0.227709
0.246467
0.249081
0.178483
0.001278
0.000936
0.000114
0.008757
0.016158
0.020964
0.652674
0.708299
0.767319
0.834158
0.970636
1.118344
1.257772
1.425494
1.706998
1.756772
1.802292
1.809183
1.806219
0.016506
0.002370
0.000127
0.000055
0.000032
0.000058
0.000105
0.000095
0.000098
0.000130
0.000692
0.000725
0.001597
2.003342
2.043807
2.077574
1.988055
1.944933
1.855703
0.000906
0.000348
0.000282
0.000346
0.004224
0.003959
0.004432
1.517430
1.350634
1.222623
1.118834
1.005810
0.811125
0.417228
0.323127
0.121250
0.020473
0.000330
0.000616
0.001115
0.004622
0.009090
0.022915
0.108983
0.161533
0.920299
1.091435
1.519296
1.775513
2.719017
3.201420
4.130981
5.127346
5.338038
0.011022
5.604500
5.739599
5.796892
5.723605
5.702117
5.702512
5.616158
0.047111
0.002452
3.578466
3.042900
2.604555
0.723825
0.145534
0.105109
0.019426
0.022390
0.186366
0.274780
0.536707
0.618682
1.269794
1.485831
1.874482
2.078877
2.150292
2.269040
2.338964
0.030763
0.022200
0.000646
0.000538
0.001394
0.001433
0.001417
0.010913
0.014885
0.019470
0.023726
3.373880
4.201673
4.632298
5.040725
5.586527
6.142377
0.020640
6.495810
6.811138
7.266792
7.739616
7.980838
8.221539
8.249976
8.236023
8.182990
8.080831
7.874208
8.054692
0.041295
0.041887
8.281914
8.573931
8.775602
9.010341
9.133461
9.148508
9.152076
9.153157
9.153329
9.153423
9.153433
9.153474
9.153527
9.153518
9.301392
9.300667
9.295455
9.277254
9.244120
9.192345
9.072145
9.061847
9.031746
9.017676
9.144051
9.184445
9.212697
9.220965
9.191132
9.142445
9.109347
9.090492
9.064827
0.009178
0.010353
0.010764
0.009537
0.007813
8.969354
8.980774
8.992078
9.017848
9.008162
9.002416
9.003470
8.999577
8.970013
8.773309
8.652858
0.070119
0.072573
8.620655
8.622840
8.644668
8.696374
8.776909
9.131515
9.287231
9.339106
9.422160
9.443251
9.449430
9.440850
9.438637
9.402324
9.390177
9.397586
9.397818
9.397193
9.400744
9.410121
9.413936
9.414386
9.417666
9.430256
9.449395
9.453121
9.454191
9.457402
9.460734
9.461185
9.399500
9.389589
9.389170
9.386226
9.370269
9.366128
9.366863
9.360289
9.405929
9.394644
9.356721
9.315411
0.120112
9.356184
9.421333
9.381035
9.354959
9.312895
0.065568
0.065650
9.357889
9.445547
9.485606
9.527649
9.532091
9.533719
9.534284
9.531541
9.528192
9.526872
9.528487
9.530009
9.532244
9.534785
9.534762
9.534971
9.535078
9.534587
9.533857
9.528248
9.507850
9.362504
9.218993
0.047578
0.059523
0.043848
8.297510
8.243583
8.261047
7.946918
0.120922
7.677080
7.707837
7.688350
7.682472
7.513317
7.605691
7.335923
7.529293
7.292748
8.379880
0.009805
8.367193
8.406816
8.560184
8.746800
8.971352
9.097499
9.184582
9.261735
9.386373
9.444959
9.433773
9.427587
9.427386
9.416206
9.414090
9.419934
9.430977
9.436277
9.446784
9.448060
9.448065
9.449228
9.450972
9.451484
9.451751
9.451824
9.451769
9.517839
9.518603
9.517626
9.514385
9.507993
9.506867
9.510204
9.517084
9.515021
9.516007
9.519522
9.513091
9.508429
9.508096
9.511071
9.510106
9.510319
9.508753
9.213512
9.200712
9.196286
9.169150
9.150613
9.129769
9.095193
9.038317
8.957188
8.693377
7.887480
6.391174
2.102327
5.916765
6.615207
7.177429
7.833139
8.245907
8.430012
8.289251
0.042324
0.042154
0.045461
7.766409
7.832138
7.773261
7.707188
7.530331
0.018513
0.019626
7.553856
7.496174
7.465928
7.418471
7.383205
7.168641
7.013492
5.715646
5.682103
5.594001
5.551980
6.505326
7.079490
7.094863
0.000359
0.000128
0.000095
0.000064
0.000052
0.000020
0.000011
0.000009
0.000014
0.000002
0.000002
0.000002
0.000018
0.000014
0.000017
0.000006
0.000004
0.000008
0.000004
0.000005
0.000006
0.000008
0.000011
0.000056
0.000080
0.000304
0.000064
0.000233
7.092034
7.091646
7.080295
7.315114
7.310505
7.276802
7.254620
7.241431
7.176688
7.268274
7.225019
7.197415
7.231163
7.277627
7.289667
7.310503
7.317707
7.340394
7.361758
7.172076
7.168189
7.165394
7.160941
7.157750
7.155462
0.003362
0.003110
0.003092
0.003372
0.003320
0.003612
7.217232
7.246353
7.255700
7.465722
7.563790
7.381987
0.149355
0.148878
7.226930
7.313090
7.398351
7.395467
7.385290
7.378725
7.374512
7.377598
7.367390
7.325300
7.271039
7.245545
7.390611
7.384817
7.368640
7.255165
6.356539
6.102157
6.176396
6.491294
6.320388
6.161982
5.917672
0.205285
0.196749
0.175594
0.199118
5.610962
5.729782
5.767244
5.629153
5.635484
5.522603
5.089874
4.599937
0.072006
0.009317
0.138072
0.619807
4.697247
5.507790
6.060309
0.046446
7.185991
7.236719
7.273089
7.278509
7.282198
7.282987
7.286362
7.290021
7.294067
7.299277
7.304247
7.308300
7.315768
7.314990
7.317205
7.331797
7.348698
7.357191
7.372276
7.369367
7.346701
7.362779
7.298307
7.162032
6.445114
6.428687
6.799808
7.111331
7.344707
7.529781
7.544882
7.566499
7.588070
7.604940
7.600903
7.536786
7.348914
7.324880
7.202008
0.010289
0.007343
0.005170
0.005044
0.003908
0.004086
7.068962
6.965622
6.843840
6.477669
0.038443
6.841156
6.989928
7.169460
7.208118
7.280408
7.324275
7.376503
7.433602
7.417898
7.414380
7.405319
7.301336
7.293093
7.193512
6.966626
6.600454
5.930633
5.370785
4.390473
3.692272
3.263607
0.695704
0.023061
1.938552
1.831614
1.516628
1.168630
0.733987
0.117250
0.017296
0.015247
0.005247
0.000393
0.000373
0.000004
0.000006
0.000400
0.000514
