0.000538
0.000141
0.000010
0.000007
0.000000
0.000000
0.000000
0.000000
0.000000
0.000000
0.000000
0.000000
0.000001
0.000000
0.000000
0.000000
0.000000
0.000000
0.000000
0.000000
0.000000
0.000000
0.000000
0.000002
0.000002
0.000104
0.020087
0.017970
0.016464
0.016738
1.309159
1.202278
0.343929
0.184371
0.083961
0.071058
0.007318
0.005620
0.000117
0.000071
0.000067
0.000023
0.000011
0.000011
0.000010
0.000116
0.000015
0.000008
0.000006
0.000007
0.000007
0.000006
0.000006
0.000007
0.000093
0.001324
0.002890
0.002615
0.002646
0.003727
0.190074
0.193351
0.254007
0.262945
0.263595
0.263594
0.266217
0.001226
0.000794
0.000888
0.001007
0.000002
0.000003
0.000002
0.000002
0.000004
0.000005
0.000009
0.000041
0.000027
0.000002
0.000001
0.000001
0.000002
0.000003
0.000002
0.000003
0.000006
0.000005
0.000002
0.000002
0.000002
0.000002
0.000015
0.000024
0.000016
0.000001
0.000001
0.000001
0.000001
0.000001
0.000001
0.000001
0.000001
0.000001
0.000001
0.000209
0.007425
0.009334
0.009935
0.011221
0.000001
0.000006
0.000002
0.000002
0.000003
0.000003
0.000006
0.000022
0.000012
0.000008
0.000014
0.000011
0.000009
0.000006
0.000007
0.000007
0.000007
0.000017
0.000032
0.000039
0.000049
0.000032
0.000019
0.000011
0.000011
0.000031
0.000017
0.000020
0.000016
0.000031
0.000010
0.000011
0.000021
0.000034
0.000079
0.000082
0.000024
0.000022
0.000014
0.000006
0.000009
0.000008
0.000008
0.000009
0.000010
0.000009
0.000059
0.000035
0.000024
0.000020
0.000021
0.000024
0.000020
0.000019
0.000036
0.000024
0.000081
0.000162
0.025045
0.025051
0.027627
0.024158
0.433535
0.469244
0.508198
0.550831
0.546618
0.012571
0.010882
0.012764
0.010230
0.001158
0.004859
0.000563
0.001091
0.001222
0.012583
0.545973
0.564976
0.561110
0.561965
0.562934
0.528759
0.481346
0.459952
0.397418
0.002184
0.002666
0.003086
0.003314
0.003534
0.430881
0.593643
0.633806
0.657738
0.665640
0.676117
0.687293
0.690082
0.683719
0.686393
0.679964
0.682512
0.684060
0.667472
0.662836
0.649316
0.000240
0.000094
0.000224
0.017386
0.666595
0.665359
0.667890
0.671559
0.677271
0.012571
0.013333
0.012839
0.012972
0.704683
0.032842
0.026794
0.026065
0.022022
0.019048
0.011305
0.011700
0.012184
0.012478
0.012515
0.012489
0.011599
0.011439
0.010738
0.010006
0.009336
0.000678
0.000640
0.006042
0.004584
0.004669
0.004674
0.004735
0.004872
0.004446
0.004232
0.003811
0.000025
0.000015
0.000033
0.000010
0.000008
0.000008
0.000004
0.000004
0.000006
0.000014
0.000016
0.657373
0.657908
0.660306
0.692836
0.733668
0.758330
0.768344
0.762709
0.776861
0.786584
0.793717
0.796228
0.002577
0.002343
0.002172
0.002039
0.000128
0.000649
0.011938
0.009924
0.854066
0.856940
0.861702
0.872898
0.860996
0.006821
0.011380
0.013925
0.886774
0.890570
0.889491
0.872090
0.859132
0.842745
0.832493
0.814273
0.776634
0.756582
0.028605
0.001257
0.000973
0.000488
0.000376
0.000324
0.000290
0.000258
0.000011
0.000011
0.000011
0.000002
0.000002
0.000002
0.000003
0.000004
0.000007
0.000797
0.000839
0.000893
0.000873
0.000849
0.000817
0.000796
0.000622
0.000505
0.000092
0.000094
0.000380
0.000343
0.000378
0.000356
0.000347
0.000328
0.000307
0.000278
0.000231
0.000213
0.000209
0.000011
0.000018
0.000013
0.000011
0.000012
0.000064
0.000068
0.001109
0.001551
0.001990
0.002067
0.010599
0.058481
0.105068
0.112512
0.054560
0.044115
0.027757
0.019057
0.011219
0.000720
0.000008
0.000004
0.000003
0.000002
0.000001
0.000000
0.000000
0.000000
0.000000
0.000000
0.000000
0.000000
0.000000
0.000000
0.000000
0.000001
0.000000
0.000000
0.000000
0.000000
0.000000
0.000003
0.000000
0.000000
0.000000
0.000000
0.000000
0.000000
0.000000
0.000000
0.000000
0.000000
0.000000
0.000000
0.000000
0.000000
0.000000
0.000000
0.000000
0.000000
0.000000
0.000000
0.000000
0.000001
0.000001
0.000000
0.000000
0.000000
0.000000
0.000000
0.000000
0.000000
0.000000
0.000001
0.000002
0.000000
0.000000
0.000000
0.000000
0.000000
0.000001
0.000000
0.000002
0.000002
0.000001
0.000012
0.000001
0.000002
0.000000
0.000001
0.000000
0.000000
0.000000
0.000000
0.000000
0.000000
0.000000
0.000000
0.000000
0.000000
0.000000
0.000000
0.000000
0.000001
0.000000
0.000000
0.000000
0.000000
0.000000
0.000000
0.000000
0.000000
0.000000
0.000000
0.000000
0.000000
0.000000
0.000000
0.000000
0.000000
0.000001
0.000001
0.000003
0.000000
0.000000
0.000000
0.000000
0.000000
0.000000
0.000000
0.000000
0.000000
0.000000
0.000000
0.000000
0.000000
0.000000
0.000000
0.000000
0.000000
0.000000
0.000000
0.000000
0.000000
0.000000
0.000000
0.000000
0.000000
0.000000
0.000000
0.000000
0.000000
0.000000
0.000000
0.000000
0.000000
0.000000
0.000000
0.000000
0.000000
0.000000
0.000000
0.000000
0.000000
0.000000
0.000000
0.000000
0.000000
0.000000
0.000007
0.000007
0.000000
0.000001
0.000001
0.000000
0.000000
0.000000
0.000000
0.000000
0.000000
0.000000
0.000001
0.000000
0.000002
0.000002
0.000001
0.000000
0.000000
0.000000
0.000000
0.000000
0.000000
0.000000
0.000000
0.000001
0.000007
0.000002
0.000001
0.000007
0.000000
0.000000
0.000000
0.000000
0.000000
0.000000
0.000000
0.000001
0.000001
0.000010
0.000006
0.000000
0.000001
0.000001
0.000001
0.000000
0.000001
0.000000
0.000000
0.000000
0.000000
0.000000
0.000000
0.000001
0.000000
0.000000
0.000000
0.000000
0.000001
0.000000
0.000000
0.000000
0.000000
0.000001
0.000001
0.000003
0.000001
0.000001
0.000001
0.000001
0.000003
0.000003
0.000000
0.000000
0.000000
0.000001
0.000000
0.000000
0.000000
0.000001
0.000002
0.000001
0.000001
0.000001
0.000003
0.000001
0.000001
0.000001
0.000001
0.000000
0.000000
0.000000
0.000000
0.000000
0.000000
0.000000
0.000001
0.000001
0.000003
0.000016
0.000001
0.000000
0.000000
0.000001
0.000000
0.000000
0.000000
0.000000
0.000001
0.000007
0.000010
0.000004
0.000006
0.000003
0.000001
0.000004
0.000003
0.000004
0.000001
0.000003
0.000013
0.000001
0.000001
0.000002
0.000004
0.000002
0.000003
0.000003
0.000002
0.000001
0.000002
0.000003
0.000005
0.000016
0.000013
0.000024
0.000070
0.000045
0.000047
0.000003
0.000003
0.000003
0.000002
0.000004
0.000005
0.000007
0.000005
0.000002
0.000005
0.000010
0.000011
0.000016
0.000017
0.000030
0.000014
0.000018
0.000015
0.000024
0.000028
0.000004
0.000003
0.000006
0.000003
0.000004
0.000004
0.000006
0.000006
0.000006
0.000015
0.000013
0.000015
0.000063
0.000066
0.000133
0.001486
0.003410
0.655637
0.662796
0.664468
0.666233
0.654865
0.648613
0.006170
0.000152
0.000131
0.000070
0.000095
0.000098
0.000366
0.000354
0.000457
0.000323
0.679278
0.614074
0.561375
0.526262
0.479318
0.010389
0.002901
0.002333
0.341942
0.243824
0.227070
0.213142
0.209347
0.201556
0.191243
0.172021
0.028142
0.018971
0.000421
0.000169
0.000184
0.001442
0.001609
0.002130
0.002353
0.002131
0.002619
0.002641
0.002667
0.002605
0.002509
0.002142
0.002099
0.002000
0.001874
0.001726
0.001463
0.000273
0.000276
0.000304
0.000461
0.001699
0.013307
0.013338
0.013177
0.011361
0.010189
0.007996
0.174618
0.180562
0.196010
0.205715
0.200447
0.043314
0.020916
0.008081
0.007722
0.002906
0.002804
0.002727
0.002865
0.000158
0.000090
0.000094
0.000224
0.001556
0.002110
0.013059
0.036277
0.038455
0.312866
0.494571
0.565326
0.628517
0.743577
0.803178
0.009637
0.000374
0.670399
0.704374
0.759272
0.693352
0.672641
0.378605
0.088541
0.000567
0.013366
0.037060
0.152845
0.540768
0.613673
1.599214
1.796823
2.036300
2.176307
2.772069
3.091363
3.332919
3.509705
3.439865
4.176174
4.477422
4.766039
0.026697
5.273807
5.809012
6.491931
6.798585
6.877608
6.964936
7.029924
7.088837
7.096283
7.096070
7.049604
6.125751
5.084544
1.793900
4.650456
5.226312
0.507586
0.212925
5.939650
6.385441
6.835898
7.053751
7.114960
7.133214
7.121805
7.101006
6.974033
0.003131
0.002887
0.003040
6.974392
6.942963
6.914562
6.880914
6.526452
6.028729
5.250482
0.023062
0.012713
4.289460
3.893931
3.654774
3.448381
1.074929
3.039508
3.160361
3.393667
3.670527
0.079818
3.816712
3.943818
4.084491
4.046904
4.010508
3.975795
0.001139
4.043735
4.068697
3.984922
3.911864
3.854937
3.751666
3.594544
3.457703
3.328286
3.151039
2.947354
2.808733
2.695690
2.587811
2.490063
2.385591
2.236350
2.106276
0.009453
0.009021
0.000390
0.000333
0.000452
0.000556
0.001166
1.898252
1.802117
1.680215
1.379575
0.003799
0.000918
1.023061
0.784543
0.708668
0.645304
0.329573
0.246242
0.032807
0.025051
0.022312
0.023038
0.128643
0.139764
0.168836
0.181137
0.209212
0.233834
0.240014
0.362402
0.506905
0.531581
0.557659
0.587547
0.602053
0.632802
0.664611
0.629267
0.636914
0.655948
0.651041
0.634675
0.640023
0.008724
0.218884
0.306441
1.844606
2.102273
2.284075
2.524556
2.880060
3.227605
3.667078
4.176076
4.699933
5.255607
6.108601
6.403089
6.588774
0.002882
0.000484
0.000337
0.000168
0.000148
0.000145
0.000187
0.000307
0.000463
0.001386
0.003497
6.793112
7.020742
7.194664
7.213284
7.395010
7.416244
7.439972
7.439499
7.439694
7.428024
7.415706
7.406779
7.396112
7.389915
7.374144
7.190269
7.045076
6.879335
6.430162
5.486002
4.561301
4.128536
3.546025
3.196294
1.657536
1.422635
1.238652
0.003088
0.568892
0.498046
0.433625
0.196377
0.175336
0.159798
0.029655
0.027631
0.014534
0.008469
0.002301
0.002521
0.004308
0.004442
0.004814
0.004661
0.004452
0.004445
0.005679
0.005737
0.005980
0.006525
0.006915
0.007083
0.007318
0.007607
0.007786
0.008679
0.009693
0.010689
0.011435
0.012764
0.007817
0.008649
0.095300
0.141285
0.237331
0.342191
0.387463
0.587537
1.097326
1.633026
2.242528
2.683010
3.597792
4.282405
4.905517
5.610182
6.100983
6.550221
6.822967
7.075406
7.327078
0.058215
7.658518
7.743311
7.801998
7.814664
7.824181
7.831680
7.836729
7.838718
8.085748
8.091939
8.097807
8.097963
8.098378
8.099225
8.098101
8.096607
8.097319
8.098513
8.097148
8.095562
8.096844
8.096660
8.094543
8.094509
8.097315
8.097875
8.095946
8.095008
8.093057
8.083237
8.076483
8.061599
8.034531
8.014136
8.004981
7.961647
7.932061
7.917752
7.899472
7.860290
7.843778
7.841789
7.842298
7.859280
7.882494
7.928028
7.926018
7.924807
7.931094
7.932086
7.901626
7.889074
7.867789
7.784102
7.708283
7.663160
7.526391
7.224701
7.382659
7.326321
7.439946
7.470360
7.511353
7.557402
7.634147
7.615673
7.595157
7.597440
7.576346
7.529999
7.480496
7.467787
7.475516
7.508790
7.523711
7.548501
7.564026
7.593340
7.647556
7.714395
7.752301
7.789854
7.843799
8.005619
8.022175
8.032831
8.051019
8.063159
8.070784
8.081822
8.084626
8.090900
8.095318
8.097179
8.097138
8.098859
8.100061
8.099627
8.097616
8.097341
8.097920
8.097140
8.096542
8.097602
8.099852
8.100531
8.099165
8.098981
8.100024
8.100996
8.101081
8.100797
8.100459
8.098400
8.097634
8.098430
8.099395
8.100134
8.100409
8.099992
8.098368
8.098181
8.099972
8.100699
8.100451
8.100939
8.100804
8.099955
8.099785
8.100372
8.101155
8.101225
8.100546
8.099031
8.097222
8.097572
8.089147
8.073929
8.064039
8.057543
8.045523
8.036244
8.025460
8.017002
7.994934
7.980313
8.093906
8.072313
8.029555
7.975010
7.933593
7.842646
7.573344
7.258191
6.908360
6.569806
6.303083
6.035876
5.788134
5.584217
4.973947
4.343461
3.764552
3.309141
2.861965
2.504053
0.002567
0.000554
0.000452
0.000303
0.000188
0.000151
0.000324
0.000244
0.000189
0.000099
0.000153
0.000117
0.000084
0.000104
0.007782
0.007991
0.008618
0.001452
0.027285
1.471578
1.313208
0.856482
0.206779
0.193081
0.153419
0.005163
0.171431
0.171716
0.174163
0.169242
0.164141
0.153886
0.143516
0.118570
0.078585
0.018028
0.018027
0.017665
0.017397
0.017723
0.018507
0.018992
0.019798
0.021050
0.021498
0.029634
0.029818
0.042533
0.041905
0.041400
0.041315
0.040983
0.038705
0.017579
0.016088
0.015238
0.014606
0.030191
0.042792
0.043535
0.044962
0.045999
0.046498
0.001274
0.000985
0.052406
0.055666
0.057051
0.037223
0.027682
0.027037
0.018370
0.016588
0.003797
0.000099
0.000114
0.000120
0.000146
0.000083
0.000326
0.004757
0.005501
0.006574
0.005893
0.006175
0.008309
0.012313
0.058075
0.105645
0.130722
0.168449
0.248318
0.324370
0.592081
1.677547
2.077183
2.790989
3.218165
3.836053
4.443381
5.153145
6.015011
6.589693
6.963887
7.085770
7.252850
7.424260
7.524810
7.599844
7.691079
7.736288
7.759533
7.793691
7.742613
7.702260
0.030691
0.030969
7.596695
7.625278
7.652974
7.686740
7.706479
7.712593
7.715928
7.736786
7.685685
7.639780
7.603893
7.558696
7.520170
0.004486
0.003257
0.000831
0.000665
0.000592
0.000106
0.000081
0.000070
0.000113
0.000328
0.000348
0.000603
0.000996
0.001914
7.448121
7.483055
7.530915
7.543469
7.522917
7.509989
7.507985
7.456388
7.284875
6.955202
0.004616
0.003939
0.000544
0.000253
0.000127
0.000104
0.000092
0.000050
0.000043
0.000042
0.000049
0.000100
0.000060
0.000063
0.027965
0.010044
6.570461
6.254651
5.999116
5.668367
5.368317
4.698068
4.097176
3.450889
2.493927
2.084012
0.842087
0.491932
0.256086
0.027349
0.008288
0.007154
0.000536
0.052944
0.073943
0.191141
0.637974
0.720783
0.758427
0.808992
0.040837
0.107027
0.217920
0.384909
2.979188
3.579291
4.022749
4.656358
5.484654
6.020287
6.406068
6.780893
7.056745
7.394852
7.530415
7.562806
7.616405
7.631718
7.643557
7.710979
7.739418
7.767568
7.771892
7.771211
7.774078
7.755356
7.694526
7.624121
7.581162
7.528614
7.369240
7.239438
7.132539
7.040366
6.952083
6.898105
6.855822
6.715225
6.596206
6.501211
6.325897
6.144425
6.027463
5.940294
5.725808
5.539356
5.428257
5.187978
5.013367
4.865505
4.564047
4.015589
3.577668
3.241165
2.836325
2.566500
2.173107
0.008387
0.001804
1.741041
1.516579
0.002249
1.163526
0.302623
0.250512
0.224586
0.201933
0.112510
0.104350
0.080274
0.056712
0.052701
0.037275
0.033833
0.030914
0.024337
0.007708
0.008076
0.007663
0.001574
0.001393
0.001490
0.001128
0.000789
0.000061
0.000066
0.000061
0.000067
0.000120
0.000030
0.000038
0.000009
0.000012
0.000013
0.000014
0.000007
0.000010
0.001508
0.001249
0.000021
0.000011
0.000012
0.002921
0.003567
0.000012
0.017439
0.048919
0.048698
0.085015
0.088182
0.088821
0.082959
0.078127
0.087143
0.102992
0.104558
0.102753
0.065248
0.064452
0.050620
0.039015
0.039114
0.037760
0.000539
0.006736
0.000434
0.008984
0.018731
0.018771
0.018390
0.018033
0.022640
0.022343
0.022165
0.022398
0.000821
0.000164
0.000037
0.000034
0.000031
0.000019
0.008744
0.008770
0.008871
0.008859
0.008980
0.009090
0.009145
0.008744
0.008739
0.008805
0.008662
0.008624
0.008807
0.000031
0.000031
0.000161
0.000714
0.007024
0.013217
0.567633
0.564547
0.568130
0.210883
0.172117
0.159491
0.106744
0.099518
0.093051
0.088598
0.069146
0.065126
0.052312
0.049030
0.047231
0.036063
0.031695
0.023280
0.018437
0.003553
0.001434
0.001528
0.001180
0.000981
0.000795
0.000167
0.000145
0.000256
0.000251
0.000340
0.062973
0.073867
0.078980
0.084619
0.091503
0.090725
0.094820
0.055364
0.051314
0.031306
0.028699
0.025178
0.020485
0.005919
0.004347
0.004854
0.004914
0.004751
0.003553
0.003545
0.003544
0.003467
0.003391
0.000036
0.000020
0.000018
0.000033
0.000018
0.000048
0.000035
0.000043
0.000040
0.001589
0.001383
0.001433
0.001513
0.001970
0.002625
0.003365
0.004125
0.013883
0.011104
0.004074
0.003836
0.007954
0.007704
0.006542
0.012793
0.013330
0.013176
0.015867
0.019130
0.020168
0.000665
0.000583
0.000680
0.000760
0.000769
0.021375
0.023177
0.024607
0.026428
0.029161
0.030967
0.032528
0.034026
0.035599
0.039376
0.054060
0.051185
0.051047
0.064137
0.076391
0.087606
0.088412
0.094347
0.096414
0.071995
0.199856
0.281768
0.301586
0.308900
0.315662
0.309253
0.298630
0.285333
0.271471
0.217504
0.164483
0.120496
0.108535
0.038799
0.035843
0.017917
0.008351
0.008081
0.001396
0.004782
0.004376
0.003685
0.003246
0.000741
0.000612
0.000394
0.000504
0.000059
0.000057
0.000062
0.000101
0.000029
0.000689
0.000592
0.005271
0.028884
0.156718
0.213875
0.332618
0.384057
0.406885
0.446409
0.475710
0.544254
0.565088
0.574429
0.554394
0.525358
0.513419
0.505029
0.005628
0.000979
0.001338
0.505243
0.511804
0.523272
0.537806
0.168408
0.001903
0.007838
0.023594
0.053255
0.056004
0.009596
0.009557
0.009954
0.000853
0.000866
0.000833
0.005873
0.014577
0.018806
0.092261
0.094089
0.104562
0.719585
0.797436
0.126298
0.104209
0.019081
0.018392
0.016897
0.016197
0.014843
0.008458
0.000084
0.000079
0.000169
0.000181
0.000077
0.000931
0.009709
0.013900
0.026447
0.026604
0.028278
0.048005
0.050324
0.047765
0.054068
0.054173
0.053394
0.051271
0.046770
0.034193
0.033588
0.032583
0.031337
0.025720
0.019409
0.012287
0.007102
0.006106
0.002610
0.002659
0.002845
0.002915
0.002947
0.013518
0.020577
0.067053
0.076177
0.120668
0.127636
0.138085
0.172794
0.916301
1.053847
0.007400
0.007397
0.007255
0.006880
0.006560
0.006735
0.000211
0.000185
0.000119
0.000087
0.000017
0.000012
0.000011
0.000012
0.000008
0.000010
0.000038
0.000021
0.000016
0.000013
0.000008
0.000007
0.000008
0.000011
0.000024
0.000149
0.005377
0.007056
0.019223
0.027107
0.039839
0.179719
2.945582
3.512125
4.031558
4.315666
4.478867
4.693036
4.962674
5.163074
5.318392
5.502047
5.630744
5.670265
5.729749
5.816763
5.933515
6.059625
6.195445
6.302199
6.362981
6.401336
6.464822
6.564029
6.650112
6.703425
6.729231
6.775740
6.826095
6.842584
6.869704
7.017892
7.031619
7.043628
7.009039
6.974259
7.038481
6.980985
6.891818
6.714681
0.100273
0.000145
0.000058
0.000039
0.000014
0.000006
0.000003
0.000003
0.000001
0.000001
0.000001
0.000001
0.000001
0.000002
0.000001
0.000001
0.000002
0.000001
0.000001
0.000005
0.000001
0.000001
0.000001
0.000001
0.000000
0.000001
0.000002
0.000001
0.000001
0.000002
0.000004
0.000005
0.000001
0.000001
0.000005
0.000003
0.000003
0.000004
0.000001
0.000001
0.000001
0.000002
0.000003
0.000002
0.000001
0.000009
0.000008
0.000004
0.000008
0.000006
0.000005
0.000005
0.000010
0.000004
0.000004
0.000007
0.000020
0.000003
0.000006
0.000003
0.000004
0.000001
0.000000
0.000001
0.000003
0.000002
0.000002
0.000003
0.000002
0.000014
0.000014
0.000014
0.000008
0.000008
0.000011
0.000022
0.000033
0.000050
0.000081
6.098863
5.938103
6.088891
0.079785
6.175921
6.291097
6.456825
6.552121
6.630577
6.636385
6.643100
6.664035
6.689300
6.754777
6.768966
6.802190
6.819785
6.831208
6.851995
6.865173
6.881530
6.898327
6.921229
6.945524
6.934870
6.916424
6.910579
6.908307
6.910066
6.890432
6.855384
6.772092
6.629665
6.577877
6.512937
6.439920
6.313710
0.134582
6.369696
6.764969
6.807912
6.815674
6.825302
6.837103
6.840938
6.851649
6.862256
7.045946
7.074698
7.084278
7.106277
7.113017
7.116787
7.121961
7.127529
7.128387
7.110535
7.098636
7.094322
7.085278
7.070791
7.068102
7.029578
6.811514
6.810622
6.814701
6.820213
6.824086
6.963664
6.994010
7.000789
7.003901
6.961182
6.899770
6.839878
6.785168
0.069481
6.962439
6.983710
6.970130
6.963485
6.941191
6.918637
6.775482
6.688408
6.566548
6.303515
6.002873
5.735902
5.033324
4.464469
0.059427
3.291804
0.027835
0.020060
0.016953
2.731323
2.403541
2.150256
1.746657
1.216827
0.907051
0.746334
0.316391
0.288812
0.001768
0.000668
0.000526
0.000394
0.000188
0.000115
0.000097
0.000481
0.000855
0.000785
0.000101
0.003762
0.003835
0.003865
0.003913
0.004112
0.004240
0.004545
0.008709
0.008308
0.007946
0.023718
0.032233
0.068202
0.066729
0.081246
0.112414
0.558652
0.562948
0.100857
0.083650
0.078400
0.037645
0.000113
0.000100
0.000075
0.000088
0.000077
0.000071
0.000023
0.000039
0.000038
0.000025
0.000046
0.000065
0.000013
0.000011
0.000009
0.000016
0.000029
0.000028
0.000020
0.000012
0.000011
0.000133
0.000160
0.000220
0.000615
0.000033
0.000008
0.000009
0.000016
0.000017
0.000028
0.000021
0.000026
0.000849
0.000565
0.001212
0.001814
0.002570
0.001523
0.002335
1.191016
1.489973
1.699543
1.988352
2.196409
2.521889
2.901407
3.259986
3.600516
3.991483
4.443022
4.921389
5.420277
5.975352
6.100533
6.271036
6.346038
6.402057
6.468701
6.537108
6.624712
6.647644
6.681836
6.713771
6.939982
6.879246
6.906549
6.931602
6.960415
6.970990
6.982814
6.991376
6.994854
6.997586
7.000275
7.013140
7.018945
7.015073
7.014929
7.015580
7.008069
7.002719
7.002202
7.069658
7.103109
7.101655
7.114561
7.125411
7.140224
7.156823
7.159964
7.159785
7.160610
7.162751
7.173015
7.177604
7.181891
7.183714
7.186960
7.187118
0.006483
0.009303
7.247991
7.315211
7.337810
7.336229
7.334549
7.333207
7.333843
7.340149
7.347389
7.348831
7.348141
7.341536
7.337295
7.337156
7.335843
7.295565
7.199462
6.860261
0.224017
7.016864
7.212419
7.338705
7.362062
7.367267
7.372149
7.372728
7.372812
7.373384
7.371830
7.363687
7.340452
7.226396
7.217388
7.210751
7.205843
7.179519
7.170164
7.146226
7.122572
7.109822
7.307943
7.305098
7.323979
7.360845
7.371937
7.356936
7.354464
7.349122
7.326326
7.306262
7.295923
7.242882
7.195805
7.153084
7.117837
6.915939
6.850201
6.894856
6.868983
6.756859
6.747053
6.738760
0.000985
0.000465
0.000283
0.000119
0.000073
0.000034
0.000025
0.000016
0.000016
0.000017
0.000022
0.000013
0.000023
0.000023
0.000047
0.000083
0.000166
0.000548
0.001333
0.001801
0.003015
6.865286
6.897048
6.929134
6.937744
6.914900
6.832666
6.739592
6.606690
6.408088
0.006618
0.001010
0.000498
0.000345
0.000169
0.000079
0.000040
0.000036
0.000036
0.000028
0.000007
0.000008
0.000009
0.000591
0.000153
0.000105
0.000050
0.000125
0.000082
0.000089
0.000095
0.000080
0.000096
0.000066
0.000062
0.000051
0.000070
0.000090
0.000008
0.000029
0.000019
0.000016
0.000025
0.000057
0.000018
0.000040
0.000042
0.000022
0.000016
0.000017
0.000011
0.000014
0.000021
0.000021
0.000054
0.000074
0.000048
0.000029
0.000089
0.000017
0.000017
0.000013
0.000032
0.000016
0.000022
0.000025
0.000048
0.000183
0.000442
0.000642
0.000687
0.000988
6.417699
6.430016
6.442487
6.630502
6.693594
6.701209
6.731732
6.779339
0.000838
0.000815
0.000840
0.000190
6.808897
6.800021
6.811216
6.820249
6.819525
6.815951
6.812882
6.809508
0.000428
0.000415
6.796197
6.740499
6.627713
6.523585
6.396605
6.231017
6.083444
5.936546
5.846211
5.700936
5.609269
5.672945
5.662148
5.627306
5.629687
5.662889
5.707383
5.778717
5.850038
5.837905
5.910456
5.996864
6.108924
6.368835
6.439334
6.520763
6.549560
0.000341
0.000320
0.000291
0.000362
0.000502
6.581522
6.642168
6.691576
6.749466
6.854181
6.926770
6.954236
6.949646
6.945853
0.000559
0.000301
0.000125
0.000042
0.000018
0.000018
0.000295
0.000140
0.000028
0.000017
0.000016
0.000010
0.000005
0.000004
0.000006
0.000020
0.000007
0.000008
0.000015
0.000020
0.000004
0.000004
0.000003
0.000003
0.000012
0.000010
0.000033
0.000035
0.000006
0.000007
0.000009
0.000004
0.000014
0.000005
0.000006
0.000027
0.000028
0.000003
0.000007
0.000007
0.000027
0.000887
0.000475
0.000581
0.000688
0.000689
6.943208
6.929417
6.925759
6.911795
6.905834
6.866949
6.825823
6.799330
6.773604
6.689744
0.000653
0.000344
0.000332
0.000304
0.000153
0.000021
0.000012
0.000017
0.000012
0.000008
0.000016
0.000034
0.000042
0.000016
0.000016
0.000034
0.000015
0.000006
0.000007
0.000027
0.000028
0.000012
0.000011
0.000015
0.000058
0.000098
0.000124
0.000128
0.000256
0.000485
0.001479
6.615223
6.641456
6.690728
6.708212
6.649666
6.603868
6.559559
6.399894
6.302013
6.231266
6.205448
6.098555
6.043512
5.952081
0.000050
0.000037
0.000035
0.000039
0.000021
0.000007
0.000009
0.000010
0.000010
0.000014
0.000020
0.000013
0.000003
0.000002
0.000001
0.000001
0.000002
0.000001
0.000002
0.000002
0.000001
0.000004
0.000005
0.000011
0.000005
0.000005
0.000007
0.000014
0.000003
0.000002
0.000002
0.000011
0.000013
0.000017
0.000003
0.000001
0.000002
0.000005
0.000051
0.000046
0.000042
0.000025
0.000025
0.000026
0.000031
0.000001
0.000000
0.000001
0.000001
0.000003
0.000003
0.000003
0.000008
0.000005
0.000005
0.000005
0.000004
0.000004
0.000006
0.000050
5.885954
5.707918
5.576024
5.445543
5.336976
5.216359
5.128518
4.986144
4.773854
4.562432
4.335742
3.593573
0.042346
0.031870
4.174934
4.289019
4.359546
4.510111
4.714353
4.929522
5.073201
4.815577
3.405501
4.757047
5.081783
5.239380
5.262058
5.235080
5.221214
5.207374
5.158050
5.122701
5.092675
5.024258
4.945477
4.872418
4.808488
4.570846
0.027330
4.305598
4.085746
3.861465
3.655299
0.529156
0.512282
0.020125
0.000009
0.000012
0.000002
0.000002
0.000002
0.000006
0.000002
0.000001
0.000004
0.000007
0.000010
0.000043
0.000036
0.000018
0.000011
0.000004
0.000005
0.000005
0.000002
0.000004
0.000004
0.000009
0.000005
0.000006
0.000011
0.000138
0.000104
0.000010
0.000025
0.000009
0.000040
0.000002
0.000002
0.000001
0.000006
0.000002
0.000001
0.000001
0.000003
0.000004
0.000000
0.000000
0.000001
0.000002
0.000001
0.000001
0.000002
0.000004
0.000005
0.000010
0.000000
0.000000
0.000000
0.000003
0.000000
0.000000
0.000000
0.000008
0.000005
0.000011
0.000010
0.000006
0.000002
0.000005
0.000004
0.000013
0.000000
0.000001
0.000000
0.000001
0.000000
0.000000
0.000000
0.000000
0.000000
0.000000
0.000000
0.000001
0.000001
0.000001
0.000002
0.000003
0.000003
0.000001
0.000002
0.000006
0.000014
0.011434
3.597253
3.597156
3.602758
3.621896
3.652506
3.674086
3.725027
3.696252
3.588365
3.138421
2.601547
1.990128
1.354103
0.916566
0.813618
0.561496
0.440134
0.350822
0.318809
0.262095
0.000658
0.000289
0.000241
0.000090
0.000148
0.000137
0.104766
0.094484
0.076728
0.068002
0.049872
0.046114
0.041965
0.035197
0.033295
0.032022
0.025261
0.024148
0.000036
0.000006
0.000007
0.000004
0.000004
0.000009
0.000003
0.000002
0.000002
0.000017
0.000005
0.000005
0.000053
0.000061
0.000004
0.000006
0.000002
0.000003
0.000002
0.000003
0.000026
0.000621
0.000682
0.000649
0.000588
0.000668
0.000656
0.000617
0.000617
0.000629
0.000628
0.000610
0.000571
0.000519
0.000502
0.000445
0.000437
0.000357
0.000346
0.000344
0.000353
0.000387
0.000420
0.000426
0.000431
0.000418
0.000412
0.000381
0.000342
0.000311
0.000270
0.000187
0.000025
0.000012
0.000010
0.000001
0.000001
0.000001
0.000001
0.000000
0.000000
0.000000
0.000001
0.000001
0.000001
0.000001
0.000000
0.000008
0.000000
0.000000
0.000001
0.000000
0.000000
0.000000
0.000000
0.000000
0.000000
0.000000
0.000000
0.000000
0.000000
0.000000
0.000000
0.000001
0.000000
0.000000
0.000000
0.000000
0.000000
0.000000
0.000000
0.000000
0.000001
0.000000
0.000000
0.000000
0.000000
0.000000
0.000001
0.000001
0.000000
0.000001
0.000000
0.000001
0.000001
0.000001
0.000001
0.000001
0.000000
0.000001
0.000000
0.000001
0.000000
0.000001
0.000001
0.000001
0.000001
0.000001
0.000003
0.000009
0.000002
0.000002
0.000000
0.000000
0.000000
0.000000
0.000000
0.000000
0.000000
0.000000
0.000000
0.000000
0.000000
0.000000
0.000000
0.000000
0.000000
0.000000
0.000000
0.000000
0.000004
0.000003
0.000092
0.000138
0.000120
0.000032
0.000089
0.000108
0.000129
0.000242
0.000281
0.000284
0.000275
0.000262
0.000258
0.000260
0.000264
0.000269
0.000214
0.000174
0.000115
0.000009
0.000004
0.000000
0.000000
0.000000
0.000000
0.000001
0.000001
0.000001
0.000024
0.000021
0.000001
0.000001
0.000009
0.000011
0.000013
0.000012
0.000009
0.000002
0.000008
0.000411
0.000437
0.000461
0.000486
0.000507
0.000537
0.000575
0.000627
0.000655
0.000668
0.000700
0.000605
0.000553
0.000027
0.000009
0.000007
0.000004
0.000000
0.000000
0.000000
0.000000
0.000000
0.000000
0.000000
0.000001
0.000044
0.000045
0.000045
0.000001
0.000000
0.000001
0.000001
0.000001
0.000001
0.000000
0.000000
0.000000
0.000000
0.000000
0.000000
0.000000
0.000000
0.000000
0.000000
0.000000
0.000000
0.000000
0.000000
0.000000
0.000000
0.000000
0.000000
0.000000
0.000000
0.000004
0.000005
0.000005
0.000005
0.000005
0.008260
0.000004
0.000003
0.000003
0.000003
0.000001
0.000000
0.000000
0.000000
0.000000
0.000000
0.000000
0.000000
0.000000
0.000000
0.000000
0.000000
0.000000
0.000000
0.000001
0.000001
0.000001
0.000004
0.000004
0.001054
0.001093
0.001152
0.001171
0.001192
0.001209
0.001180
0.001122
0.001087
0.001067
0.001056
0.001060
0.001070
0.001083
0.001118
0.001115
0.001118
0.001029
0.000929
0.000842
0.000766
0.000719
0.000011
0.000001
0.000001
0.000001
0.000000
0.000000
0.000000
0.000000
0.000000
0.000001
0.000000
0.000014
0.000012
0.000012
0.000012
0.000012
0.000023
0.000693
0.000764
0.000847
0.000948
0.001211
0.001280
0.001298
0.001293
0.001295
0.001288
0.001203
0.001151
0.000006
0.000005
0.000003
0.000001
0.000001
0.000001
0.000001
0.000001
0.000001
0.000000
0.000001
0.000000
0.000000
0.000001
0.000874
0.000661
0.000624
0.001145
0.001077
0.001035
0.000990
0.000918
0.000932
0.000884
0.000595
0.000534
0.000455
0.000301
0.000061
0.000061
0.000184
0.001528
0.001769
0.001999
0.002038
0.002093
0.002115
0.002125
0.002143
0.000003
0.000003
0.000003
0.000005
0.000072
0.000089
0.000001
0.000004
0.002410
0.002423
0.002390
0.002368
0.002263
0.000180
0.000056
0.000027
0.000025
0.000017
0.000010
0.000010
0.000011
0.000013
0.000961
0.001520
0.001632
0.001654
0.001375
0.001391
0.001393
0.001410
0.001294
0.001200
0.001104
0.000031
0.000029
0.000028
0.000000
0.000000
0.000000
0.000000
0.000000
0.000000
0.000000
0.000000
0.000000
0.000000
0.000000
0.000000
0.000000
0.000000
0.000025
0.000026
0.000030
0.000469
0.000510
0.000516
0.000527
0.000545
0.000008
0.000636
0.000686
0.000754
0.000785
0.000781
0.000006
0.000004
0.000004
0.000001
0.000000
0.000000
0.000000
0.000000
0.000000
0.000000
0.000000
0.000000
0.000000
0.000000
0.000000
0.000000
0.000000
0.000000
0.000000
0.000000
0.000000
0.000000
0.000000
0.000000
0.000000
0.000000
0.000000
0.000000
0.000000
0.000000
0.000000
0.000000
0.000000
0.000000
0.000000
0.000000
0.000000
0.000000
0.000000
0.000000
0.000000
0.000000
0.000000
0.000000
0.000000
0.000000
0.000000
0.000000
0.000000
0.000000
0.000000
0.000000
0.000000
0.000000
0.000001
0.000000
0.000000
0.000000
0.000001
0.000001
0.000001
0.000678
0.000002
0.000000
0.000000
0.000000
0.000000
0.000000
0.000000
0.000000
0.000000
0.000000
0.000000
0.000000
