0.000033
0.000009
0.000004
0.000003
0.000003
0.000000
0.001171
0.005522
0.011956
0.124397
0.152359
0.151253
0.150891
0.161765
0.160096
0.160526
0.183607
0.167666
0.164569
0.120460
0.053357
0.052231
0.045388
0.044145
0.017223
0.012211
0.011424
0.010374
0.005454
0.000025
0.000032
0.000078
0.000194
0.000273
0.004541
0.013122
0.012546
0.019492
0.018892
0.018893
0.056558
0.063972
0.067754
0.078700
0.113350
0.113555
0.112961
0.111895
0.108579
0.050590
0.049333
0.033166
0.033293
0.033999
0.041687
0.024131
0.024825
0.024567
0.035608
0.033754
0.011660
0.077538
0.079574
0.100112
0.102763
0.104721
0.106585
0.109863
0.113427
0.115281
0.111484
0.106148
0.092011
0.003735
0.059193
0.048808
0.045349
0.043762
0.023540
0.023110
0.022618
0.019131
0.019435
0.019742
0.019653
0.000721
0.000222
0.008606
0.009439
0.009180
0.009226
0.008782
0.016012
0.016699
0.017117
0.017826
0.018186
0.021610
0.021806
0.020889
0.022070
0.078370
0.085441
0.090336
0.091214
0.095780
0.101157
0.098915
0.098806
0.027234
0.020150
0.020398
0.019426
0.009330
0.009472
0.002436
0.002591
0.002634
0.002841
0.003934
0.004259
0.004374
0.003475
0.001788
0.002431
0.001457
0.001534
0.001739
0.000226
0.000682
0.000685
0.001936
0.002275
0.001863
0.177681
0.231530
0.463498
0.664997
0.717711
0.925973
1.076340
1.503745
1.982794
2.176204
2.403227
3.111924
3.438780
3.866763
4.441309
4.870660
5.354997
5.814074
6.032588
6.172157
6.330568
6.512334
6.581247
6.665232
6.722339
6.690582
6.698757
6.718583
6.751467
6.757575
6.748965
6.737880
6.657216
6.525263
6.426883
6.352701
6.225263
6.110411
0.065990
6.117970
6.191155
6.251991
6.439138
6.507037
6.539797
6.593225
6.591843
6.531956
6.480294
6.433881
6.286495
6.163246
6.093587
6.044622
5.828085
5.655777
5.536225
5.049651
4.516800
4.021485
3.669244
3.256343
0.177464
0.043292
0.020189
1.781136
1.841992
2.588220
3.066327
3.625357
3.836138
5.704751
6.530109
7.574014
7.938462
8.072908
8.095467
8.120580
8.170593
8.183320
8.193461
8.197796
8.199971
8.200841
8.201564
8.202762
8.203089
8.203503
8.205970
8.215446
8.433412
8.436746
8.441924
8.453378
8.471282
8.515580
8.520740
8.521281
8.521467
8.521501
8.521634
8.521591
8.521599
8.521683
8.521666
8.521700
8.521659
8.521546
8.521617
8.521696
8.520988
8.518771
8.514782
8.512506
8.513232
8.511640
8.510236
8.511866
8.515408
8.521580
8.521125
8.520635
8.520706
8.520902
8.520316
8.520101
8.519167
8.518797
8.519260
8.520112
8.520311
8.520979
8.520428
8.517241
8.513370
8.511790
8.512705
8.516895
8.520371
8.520284
8.516557
8.515950
8.519225
8.520254
8.520317
8.520477
8.521080
8.521619
8.521684
8.521245
8.521136
8.521513
8.521653
8.521537
8.521548
8.521411
8.892247
8.893906
8.894579
8.894593
8.893042
8.892671
8.893607
8.894742
8.894901
8.894956
8.894806
8.894813
8.894916
8.894945
8.894818
8.892074
8.883621
8.862498
8.815149
8.778125
8.761004
8.690456
8.606264
8.537421
8.491718
8.402478
8.333804
8.264211
8.231416
7.965210
0.058671
0.066272
8.140955
8.207400
8.275699
8.318992
8.398045
8.465953
8.581073
8.592684
8.583876
8.557084
8.552400
8.523161
8.511849
0.000494
0.000463
0.000353
0.000114
0.000084
0.000034
0.000025
0.000033
0.000068
0.000085
0.000118
0.000482
0.000694
0.001138
0.003875
8.655608
8.771859
8.849436
8.871414
8.886208
8.881855
9.159998
9.168272
9.185454
9.195041
9.186230
9.183094
9.181155
9.185981
9.192151
9.197228
9.202756
9.182579
9.154906
9.093577
8.978247
8.789660
7.138639
7.853737
8.668317
8.905560
9.074393
9.193911
9.206714
9.210146
9.212994
9.212496
9.214016
9.215755
9.215828
9.215436
9.215420
9.215557
9.213698
9.212853
9.213366
9.215387
9.215863
9.216154
9.215064
9.214430
9.208575
9.206024
9.207973
9.211284
9.215548
9.219737
9.220039
9.219944
9.214752
9.213009
9.202035
8.882232
8.882058
8.881829
8.881540
8.881034
8.881115
8.881747
8.881769
8.881722
8.880820
8.880231
8.880656
8.879884
8.877839
8.875354
8.875341
8.879035
8.881397
8.881951
8.881880
8.880347
9.287000
9.302372
9.311684
9.313012
9.312705
9.311451
9.311708
9.313104
9.313297
9.313297
9.313309
9.313275
9.313246
9.313288
9.313123
9.312977
9.313154
9.312882
9.312875
9.313255
9.313283
9.313309
9.313309
9.312993
9.310219
9.372013
9.588712
9.648239
9.653586
9.655082
9.655185
9.655056
9.654920
9.654560
9.647448
9.488130
0.047673
9.407732
9.496104
9.585466
9.626786
9.635757
9.641180
9.643796
9.624700
9.605518
9.596610
9.542008
9.487957
0.004332
0.001952
0.001457
0.001324
0.001065
0.001078
0.001152
0.000800
0.000994
0.001134
9.243744
9.244647
9.258442
9.264475
9.273816
9.279388
9.280782
9.276879
9.273644
9.278544
9.293642
9.400399
9.445424
9.495101
9.480750
9.489450
9.532070
9.623439
9.712438
9.819880
9.901448
9.956149
9.977220
9.987151
9.992468
9.990402
9.985741
9.985369
9.988234
9.990851
9.991471
9.988786
9.988798
9.990344
9.992852
9.996484
9.998446
9.999395
9.999332
9.999361
9.999474
9.999603
9.998438
9.992881
9.991727
9.992612
9.988866
9.987094
9.989395
9.994999
9.997183
9.991214
9.977144
9.973473
9.978172
9.987050
9.996503
9.999372
9.999824
9.999825
9.999747
9.999122
9.990228
9.969377
9.550743
9.551857
9.552188
9.552233
9.552275
9.552250
9.551869
9.551737
9.552119
9.552292
9.552319
9.552073
9.551164
9.550769
9.547457
9.544887
9.544745
9.542651
9.536139
9.458829
9.432054
9.417368
9.413824
9.378775
9.354617
9.267569
9.241805
0.007157
0.001049
0.000376
0.000158
0.000202
0.000154
0.000073
0.000148
0.000159
0.001257
9.182301
9.183254
9.183137
9.183194
9.183934
9.185054
9.185924
9.185598
9.182901
9.182105
9.183719
9.178340
9.173938
9.168026
9.156209
9.139664
9.126419
9.120530
9.115865
9.093141
9.070017
8.967177
8.856809
8.806881
8.659745
8.657805
8.656942
8.661145
8.832762
8.792675
0.024243
0.009673
0.005390
0.001359
0.000932
0.001772
0.001916
0.002043
0.001994
0.001955
0.002330
0.003932
8.553766
8.745845
8.804206
8.846671
8.871838
8.900936
8.916694
8.965002
9.043168
9.075989
9.079817
9.097755
9.122708
9.144008
9.143369
9.145359
9.146316
9.139533
9.130742
9.113227
9.069367
9.046011
9.028911
9.023563
9.002786
8.986382
8.971771
8.968210
8.944408
8.925619
8.914005
8.824945
8.758294
8.725345
8.695342
8.652197
8.617508
8.615778
8.611880
8.582517
8.451923
8.382664
8.249529
7.223404
6.407461
0.147948
0.138318
3.202403
7.108634
7.393014
7.779178
8.030666
8.215142
8.270454
8.336708
0.031012
0.029976
0.029845
0.016155
8.231269
8.309607
8.404130
8.489051
8.605811
8.663787
8.710812
8.648101
8.574179
8.476590
8.315701
8.084485
7.184034
3.532610
7.175532
7.355152
7.474619
7.572177
7.810508
7.930551
8.133640
8.439250
8.850222
8.937509
9.110180
9.136466
9.178717
9.201628
9.249939
9.251895
9.253455
9.253836
9.254328
9.254367
9.254359
9.254384
9.254371
9.254355
9.254358
9.254300
9.253362
9.253257
9.253843
9.253150
9.252655
9.252853
9.251349
9.232988
9.200504
9.190778
9.117073
9.078090
9.057909
0.071013
0.067231
0.076964
0.070901
0.072776
8.965933
8.995134
9.050303
9.078021
9.173360
9.232295
9.240066
9.249111
9.250792
9.251122
9.250826
9.241758
9.237152
9.238084
9.246343
9.252525
9.253861
9.251913
9.246187
9.237129
9.167871
9.010316
8.886507
8.771929
8.612471
0.166969
7.964256
7.936254
0.093049
7.858831
7.898426
7.953339
7.984325
7.984183
7.986727
7.982015
0.040178
0.040230
0.040012
8.039117
8.095112
8.142680
8.211006
8.270334
8.307494
8.374204
8.447213
8.462012
8.485542
8.511518
8.318501
8.342362
8.345279
8.350753
8.348896
8.351988
8.360827
8.291406
8.290199
8.287113
8.289052
8.311920
8.326709
8.328611
8.328466
8.328486
8.328762
8.328758
8.328741
8.328703
8.328696
8.328707
8.328528
8.328264
8.328037
8.327043
8.312907
8.254129
8.147800
0.016055
0.009916
0.009724
0.003447
0.000316
0.000141
0.000108
0.000063
0.000030
0.000018
0.000021
0.000047
0.000077
0.000016
0.000021
0.000048
0.000036
0.000025
0.000012
0.000011
0.000014
0.000002
0.000019
0.000019
0.000016
0.000007
0.000011
0.000009
0.000020
0.000026
0.000014
0.000008
0.000023
0.000017
0.000015
0.000016
0.000018
0.000019
0.000145
0.000244
0.000011
0.000011
0.000014
0.000015
0.000016
0.000018
0.000009
0.000011
0.000017
0.000018
0.000041
0.000126
0.000079
0.000143
0.000446
0.000681
7.911826
7.933956
7.919750
7.897686
7.843165
7.705345
7.267673
6.495048
6.000833
1.132764
1.173531
0.060905
0.063579
0.076396
6.522078
7.418174
7.674424
7.785449
7.846947
7.904958
7.912974
7.914579
7.916181
7.911306
7.894441
7.880275
7.873009
7.829461
7.722721
7.574141
7.443809
7.320262
0.028512
0.020830
0.001134
0.000453
0.000254
0.000131
0.000078
0.000160
0.000078
0.000034
0.000030
0.000034
0.000051
0.000057
0.000103
0.000083
0.000027
0.000010
0.000014
0.000013
0.000013
0.000022
0.000184
0.000192
0.000007
0.000006
0.000013
0.000006
0.000006
0.000009
0.000011
0.000009
0.000015
0.000007
0.000010
0.000012
0.000026
0.000023
0.000037
0.000022
0.000023
0.000049
0.000022
0.000016
0.000023
0.000046
0.000028
0.000033
0.000093
0.000016
0.000016
0.000042
0.000026
0.000008
0.000022
0.000031
0.000026
0.000029
0.000093
0.000007
0.000015
0.000007
0.000006
0.000004
0.000022
0.000021
0.000005
0.000004
0.000008
0.000024
0.000020
0.000031
0.000056
0.000018
0.000005
0.000010
0.000015
0.000009
0.000074
0.000020
0.000016
0.000007
0.000009
0.000027
0.000033
0.000031
0.003684
0.003936
6.955018
6.932578
6.929344
6.900866
6.871809
6.856043
6.852417
6.837077
6.823094
0.000452
0.000602
0.002107
0.000187
0.000193
0.000076
0.000175
0.000128
0.000123
0.000106
0.000027
0.000018
0.000016
0.000006
0.000005
0.000006
0.000034
0.000020
0.000130
0.000088
0.000081
0.000068
0.000031
0.000028
0.000020
0.000021
0.000015
0.000021
0.000039
0.000032
0.000042
0.000007
0.000019
0.000002
0.000002
0.000005
0.000006
0.000008
0.000007
0.000011
0.000020
0.000028
0.000005
0.000012
0.000087
0.000164
0.000038
0.000046
6.779835
6.727933
6.682885
6.644567
0.001275
0.001160
0.000022
0.000025
0.001045
6.414672
6.565642
6.650826
6.707752
6.579358
6.449453
6.274801
0.011956
0.010499
0.002834
0.002135
0.000325
0.000122
0.000115
0.000127
0.000204
0.000327
0.000504
5.960887
5.924378
5.892809
5.805033
5.463189
0.000460
0.000361
0.000286
0.000238
0.000180
0.000119
0.000079
0.000376
0.000516
0.000186
0.000056
0.000058
0.000088
0.000054
0.000222
0.000194
0.000182
0.000186
0.000170
0.000436
0.000519
0.004966
0.005016
0.004552
0.000246
0.000021
0.000024
0.000018
0.000012
0.000004
0.000008
0.000460
0.000354
0.000297
0.000400
0.006809
0.007306
0.007294
0.007201
0.006551
0.005957
0.005254
0.004959
0.004802
0.004495
0.004340
0.004119
0.003938
0.003882
0.004012
0.003924
0.003929
0.003969
0.004182
0.004219
0.004132
0.003972
0.003655
0.003250
0.002491
0.001835
0.005885
0.006692
0.006651
0.006527
0.006545
0.006542
0.006521
0.005233
0.004123
0.003036
0.002284
0.000300
0.000030
0.000027
0.000001
0.000001
0.000001
0.000001
0.000004
0.000005
0.000005
0.000008
0.031316
5.111574
4.766005
4.234063
3.775704
3.461095
3.182421
2.707071
2.133786
1.026698
0.521863
0.016016
0.009316
0.000000
0.000001
0.000000
0.000001
0.000000
0.000001
0.000000
0.000001
0.000001
0.000000
0.000001
0.000001
0.000008
0.000009
0.000012
0.000014
0.000007
0.000007
0.000002
0.000124
0.000244
