0.000000
0.000000
0.000000
0.000000
0.000000
0.000000
0.000000
0.000000
0.000000
0.000000
0.000000
0.000000
0.000000
0.000000
0.000000
0.000000
0.000000
0.000000
0.000000
0.000000
0.000000
0.000000
0.000000
0.000000
0.000000
0.000000
0.000000
0.000000
0.000000
0.000000
0.000000
0.000000
0.000000
0.000000
0.000000
0.000000
0.000000
0.000000
0.000000
0.000000
0.000000
0.000000
0.000000
0.000000
0.000000
0.000000
0.000000
0.000000
0.000000
0.000000
0.000000
0.000000
0.000000
0.000000
0.000000
0.000000
0.000000
0.000000
0.000000
0.000000
0.000000
0.000000
0.000000
0.000000
0.000001
0.000001
0.000003
0.000001
0.000000
0.000001
1.275074
0.227236
0.167206
0.007666
0.007045
0.000586
0.020128
0.009603
0.009971
0.009538
0.009566
0.006872
0.006422
0.006422
0.006422
0.006422
0.006422
0.006422
0.006422
0.006422
0.006422
0.006422
0.006421
0.006421
0.006421
0.006422
0.006422
0.006422
0.006422
0.006422
0.006422
0.006422
0.006421
0.006421
0.006421
0.006422
0.006422
0.006422
0.006421
0.006421
0.006422
0.006422
0.006422
0.006422
0.006422
0.006422
0.006422
0.006422
0.006422
0.006422
0.006422
0.006422
0.006422
0.006421
0.006421
0.006422
0.006422
0.006422
0.006422
0.006422
0.006422
0.006422
0.006422
0.006422
0.006422
0.006422
0.006422
0.006422
0.006421
0.006420
0.006420
0.006422
0.006422
0.006422
0.006422
0.006422
0.006422
0.006421
0.006422
0.006422
0.006422
0.006422
0.006422
0.006422
0.006421
0.006420
0.006421
0.006421
0.006420
0.006420
0.006421
0.006422
0.006422
0.006422
0.006422
0.006422
0.006422
0.006422
0.006422
0.006421
0.006421
0.006421
0.006422
0.006422
0.006422
0.006422
0.006422
0.006422
0.006422
0.006422
0.006420
0.006420
0.006422
0.006422
0.006420
0.006419
0.006420
0.006421
0.006421
0.006421
0.006422
0.006422
0.006421
0.006421
0.006421
0.006422
0.006422
0.006422
0.006422
0.006422
0.006422
0.006422
0.006422
0.006422
0.006422
0.006422
0.006422
0.006422
0.006422
0.006422
0.006421
0.006421
0.006422
0.006422
0.006422
0.006421
0.006422
0.006422
0.006422
0.006422
0.006422
0.006422
0.006422
0.006422
0.006422
0.006422
0.006422
0.006422
0.006422
0.006422
0.006422
0.006422
0.006422
0.006422
0.006422
0.006422
0.006422
0.006421
0.006421
0.006421
0.006422
0.006422
0.006420
0.006420
0.006421
0.006422
0.006422
0.006422
0.006422
0.006421
0.006420
0.006415
0.006414
0.006417
0.006420
0.006420
0.006421
0.006422
0.006422
0.006422
0.006422
0.006422
0.006422
0.006422
0.006421
0.006421
0.006421
0.006422
0.006422
0.006421
0.006422
0.006422
0.006422
0.006421
0.006421
0.006421
0.006420
0.006420
0.006421
0.006420
0.006420
0.006419
0.006419
0.006421
0.006421
0.006422
0.006724
0.006643
0.006903
0.006811
0.006545
0.006661
0.006531
0.006821
0.006888
0.006588
0.006640
0.006490
0.006422
0.006422
0.006421
0.006421
0.006420
0.006420
0.006898
0.012931
0.011591
0.016455
0.172610
0.181774
0.246954
0.288427
0.308991
0.339759
0.312117
0.267587
0.043093
0.027426
0.018489
0.006482
0.006422
0.006422
0.006422
0.006422
0.006421
0.006422
0.006421
0.006421
0.006420
0.006420
0.006422
0.006422
0.006421
0.006421
0.006420
0.006420
0.006421
0.006415
0.006369
0.006339
0.005979
0.005634
0.004580
0.002172
0.004190
0.005774
0.006047
0.006161
0.006385
0.007168
0.007412
0.008077
0.007837
0.006661
0.006767
0.006993
0.007214
0.006693
0.006681
0.006622
0.006636
0.006422
0.006422
0.006422
0.006422
0.006422
0.006422
0.006422
0.006422
0.006545
0.006488
0.006496
0.006548
0.006422
0.006422
0.006422
0.006422
0.006422
0.006422
0.006422
0.006422
0.006422
0.006421
0.006421
0.006421
0.006420
0.006419
0.006412
0.006393
0.006376
0.006325
0.005077
0.004018
0.003279
0.001202
0.003599
0.004390
0.005137
0.005503
0.006082
0.006370
0.006388
0.006360
0.006162
0.005787
0.000016
0.000010
0.000004
0.000003
0.000001
0.000000
0.000000
0.000000
0.000000
0.000000
0.000000
0.000000
0.000000
0.000000
0.000000
0.000000
0.000000
0.000000
0.000000
0.000000
0.000000
0.000000
0.000000
0.000000
0.000000
0.000000
0.000000
0.000000
0.000000
0.000000
0.000000
0.000000
0.000000
0.000000
0.000000
0.000000
0.000000
0.000000
0.000000
0.000000
0.000000
0.000000
0.000000
0.000000
0.000000
0.000000
0.000000
0.000000
0.000001
0.000001
0.000003
0.000007
0.005273
0.006141
0.006209
0.006389
0.006510
0.009104
0.012003
0.010107
0.011716
0.012648
0.171122
0.179607
0.188419
0.202499
0.207494
0.208871
0.186369
0.179436
0.129502
0.074279
0.010184
0.007041
0.006498
0.006421
0.006420
0.006420
0.006420
0.006421
0.006422
0.006422
0.006422
0.006421
0.006421
0.006421
0.006420
0.006421
0.006422
0.006422
0.006422
0.006422
0.006422
0.006422
0.006422
0.006422
0.006422
0.006421
0.006421
0.006421
0.006421
0.006421
0.006421
0.006422
0.006422
0.006422
0.006422
0.006422
0.006421
0.006421
0.006422
0.006422
0.006590
0.006536
0.006626
0.006513
0.006523
0.006420
0.006421
0.006422
0.006422
0.006422
0.006421
0.006421
0.006421
0.006420
0.006419
0.006409
0.006363
0.006245
0.006164
0.006091
0.006076
0.006076
0.006089
0.006104
0.006131
0.006235
0.006260
0.006270
0.006299
0.006318
0.006340
0.006362
0.006368
0.006376
0.006393
0.006415
0.006418
0.006418
0.006419
0.006421
0.006421
0.006420
0.006419
0.006418
0.006418
0.006419
0.006421
0.006422
0.006422
0.006421
0.006416
0.006413
0.006414
0.006415
0.006420
0.006422
0.006422
0.006421
0.006422
0.006422
0.006421
0.006421
0.006421
0.006421
0.006421
0.006421
0.006422
0.006422
0.006421
0.006420
0.006422
0.006422
0.006422
0.006422
0.006422
0.006422
0.006422
0.006421
0.006421
0.006422
0.006422
0.006422
0.006422
0.006421
0.006420
0.006421
0.006421
0.006420
0.006419
0.006419
0.006413
0.006412
0.006415
0.006418
0.006421
0.006421
0.006421
0.006420
0.006419
0.006420
0.006422
0.006422
0.006422
0.006422
0.006423
0.006423
0.006424
0.006422
0.006422
0.006422
0.006421
0.006422
0.006422
0.006422
0.006422
0.006423
0.006423
0.006602
0.006186
0.003656
0.002253
0.005327
0.005894
0.006141
0.006392
0.006419
0.006421
0.006422
0.006422
0.006421
0.006421
0.006422
0.006422
0.006422
0.006422
0.006425
0.006423
0.006423
0.006422
0.006422
0.006422
0.006422
0.006422
0.006421
0.006420
0.006421
0.006422
0.006423
0.006424
0.006425
0.006424
0.006423
0.006423
0.006423
0.006422
0.006422
0.006422
0.006424
0.006428
0.006423
0.006422
0.006614
0.029483
0.039919
0.048803
0.128699
0.144851
0.149153
0.205709
0.199200
0.200976
0.155764
0.099910
0.094751
0.091144
0.076402
0.010958
0.006556
0.006437
0.006434
0.006435
0.006424
0.006422
0.006424
0.006422
0.006423
0.006423
0.006423
0.006423
0.006423
0.007491
0.007500
0.007594
0.006424
0.006424
0.006423
0.006431
0.006425
0.006425
0.006427
0.006426
0.006423
0.006423
0.006425
0.006424
0.006425
0.006425
0.006425
0.006426
0.006427
0.006422
0.006423
0.006423
0.006424
0.006429
0.006429
0.006431
0.006437
0.006435
0.006458
0.006465
0.006441
0.006435
0.006458
0.006543
0.006330
0.006316
0.006288
0.006078
0.005923
0.005884
0.005897
0.005959
0.006118
0.006512
0.006087
0.006024
0.005985
0.005994
0.006052
0.010154
0.012302
0.012238
0.011828
0.011615
0.011323
0.007829
0.006642
0.006433
0.006779
0.007416
0.006623
0.006405
0.006338
0.006268
0.006084
0.005561
0.000328
0.000293
0.000239
0.000200
0.000803
0.001242
0.001648
0.001648
0.001688
0.001450
0.001161
0.000567
0.003985
0.004412
0.004920
0.005218
0.005557
0.005666
0.005935
0.006313
0.006399
0.006436
0.006449
0.006492
0.006589
0.006426
0.006427
0.006425
0.006430
0.006426
0.006425
0.006426
0.006424
0.006424
0.006423
0.006425
0.006429
0.006428
0.006426
0.006425
0.006424
0.006424
0.006425
0.006425
0.006424
0.006424
0.006427
0.006433
0.006430
0.006425
0.006431
0.006435
0.006431
0.006429
0.006428
0.006425
0.006445
0.006425
0.006440
0.006431
0.006431
0.006429
0.006428
0.006426
0.006429
0.006424
0.006430
0.006432
0.006439
0.006431
0.006430
0.006429
0.006425
0.006438
0.006439
0.006465
0.006537
0.006522
0.006455
0.006441
0.006439
0.006446
0.006446
0.006466
0.006629
0.006439
0.006475
0.006482
0.006478
0.006440
0.006511
0.006460
0.006481
0.006454
0.006447
0.006436
0.006434
0.006432
0.006465
0.006431
0.006431
0.006429
0.006430
0.006431
0.006450
0.006460
0.006486
0.006452
0.006448
0.006445
0.006454
0.006438
0.006441
0.006449
0.006447
0.006449
0.006449
0.006449
0.006430
0.000000
0.000001
0.000001
0.000001
0.000001
0.000002
0.000001
0.000002
0.000002
0.000001
0.000001
0.000001
0.000001
0.000001
0.000001
0.000002
0.000002
0.000003
0.000002
0.000001
0.000001
0.000001
0.000010
0.000026
0.000012
0.000012
0.000006
0.000002
0.000004
0.000006
0.000004
0.000002
0.000004
0.000005
0.000023
0.000090
0.000060
0.000016
0.000014
0.000015
0.000010
0.000009
0.000069
0.000069
0.000005
0.000006
0.000017
0.000037
0.000007
0.000007
0.000008
0.000017
0.000016
0.000011
0.000013
0.000017
0.000095
0.000069
0.000072
0.000067
0.000019
0.000014
0.000021
0.000028
0.000021
0.000017
0.000030
0.000091
0.000049
0.000035
0.000101
0.000036
0.000041
0.000056
0.001473
0.003019
0.003004
0.000058
0.000062
0.000213
0.000354
0.000705
0.040669
0.043777
0.050137
0.244406
0.335259
0.420412
0.473108
0.669853
0.783286
1.000821
1.157081
1.435050
1.639694
1.882775
2.187382
2.564353
2.978472
3.449361
4.016708
4.458255
4.628897
4.734524
4.769146
4.780131
4.774116
4.963876
4.966524
4.965029
4.967907
4.975180
4.985735
4.984504
4.979959
4.983004
4.973530
5.115178
5.091437
4.927942
0.003308
0.001190
0.000695
0.000459
0.000215
0.003503
0.000024
0.000013
0.000010
0.000007
0.000008
0.000005
0.000002
0.000004
0.000005
0.000006
0.000006
0.000005
0.000006
0.000006
0.000004
0.000003
0.000003
0.000003
0.000002
0.000005
0.000014
0.000010
0.000010
0.000006
0.000005
0.000006
0.000008
0.000005
0.000006
0.000005
0.000010
0.000044
0.000064
0.000092
0.000142
0.286792
3.198132
3.848079
4.287399
4.767560
5.191993
5.494163
5.808970
5.968359
5.978568
5.983324
5.987956
5.990284
5.990955
5.991496
5.988170
5.987932
0.001530
0.001083
0.001018
0.000858
0.000009
0.000006
0.000004
0.003371
0.000383
0.000224
0.000168
0.000133
0.000034
0.000013
0.000010
0.000011
0.000013
0.000020
0.000001
0.000002
0.000001
0.000001
0.000001
0.000001
0.000012
0.000007
0.000004
0.000003
0.000075
0.000033
0.000035
0.000013
0.000043
0.000052
0.000059
0.000089
0.000196
0.000011
0.000038
0.000066
0.000325
0.002556
6.155164
6.194689
6.198954
6.202463
6.202631
6.203580
6.205441
6.210320
6.212693
6.229312
6.233152
6.239984
6.250666
6.256691
0.000885
0.000163
0.000138
0.000124
0.000118
0.000094
0.000090
6.422087
6.788926
6.798399
6.800773
6.802821
6.803277
6.801865
6.801367
6.795584
6.789613
6.786069
6.783501
6.776843
6.774506
6.777182
6.784228
6.789062
6.789457
6.784372
6.814616
6.831344
7.041936
7.043079
7.043473
7.044267
7.045223
7.045286
7.045414
7.044369
7.041252
7.039379
7.036302
7.035471
7.034049
7.025353
7.018414
7.015762
7.014486
7.009373
7.002753
6.988936
6.989309
6.991536
6.992454
6.992562
7.002556
7.005335
7.002970
7.009544
7.018016
7.023420
7.026456
7.033684
7.039618
7.043483
7.326496
7.369211
7.535120
0.122827
0.120288
7.427210
7.552541
7.619552
7.697533
7.726813
7.743523
7.781969
7.825041
7.838611
7.869600
7.908870
7.994952
8.011763
8.063159
8.060346
8.052775
0.000788
0.001252
0.000691
0.000395
0.000024
0.000017
0.000015
0.000006
0.000010
0.000014
0.000022
0.000056
0.000094
0.000002
0.000007
0.000005
0.000005
0.000031
0.000012
0.000012
0.000010
0.000009
0.000010
0.000034
0.000180
0.000178
0.000126
0.002317
0.000079
0.000060
0.000034
0.000043
0.000049
0.000028
0.000160
0.000102
0.000112
0.000135
0.000284
0.000426
8.111686
8.149269
8.155920
8.122287
8.133929
8.182120
8.262956
8.316779
8.288520
8.274166
8.253655
8.156557
7.920559
7.643927
0.207578
7.539350
7.621445
7.808050
7.932362
8.169885
8.217006
8.267161
8.269412
8.270329
8.270632
8.270767
8.270598
8.270677
8.270587
8.270072
8.269648
8.268328
8.265282
8.261663
8.258217
8.246902
8.242469
8.241203
8.243916
8.251004
8.256407
8.632931
8.630108
8.623261
8.617555
8.599622
8.868418
8.911743
8.905718
8.884854
8.737182
8.723067
8.709753
8.699502
8.655049
0.114775
8.583987
8.625473
8.669747
8.716707
8.724528
8.726474
8.730797
8.729510
8.731220
8.733443
8.738933
8.739178
8.739272
8.738714
8.737565
8.738112
8.737142
8.731695
8.730787
8.733210
8.741288
8.747429
8.992829
9.102246
9.121625
9.109618
8.869225
8.832706
8.763194
8.709640
8.631115
8.254141
7.981646
7.957159
7.953655
7.922483
7.924343
7.978304
7.991378
7.998019
8.003650
8.040570
8.034913
7.961037
7.898836
7.810441
7.606518
7.451157
0.234887
7.621359
7.880384
7.984469
8.373014
8.790239
8.894950
8.923656
8.916926
8.914361
8.913614
8.909447
8.886550
8.842835
8.730027
8.579483
8.440780
8.251273
8.049650
7.640682
7.220176
6.321367
5.637143
5.019280
4.517140
0.010661
0.012129
0.009986
0.022636
3.829366
3.168580
1.821834
1.662747
0.647833
0.640448
0.640702
0.827196
2.835823
3.792195
4.361157
0.014454
5.328513
5.961449
6.460441
6.997798
7.291065
7.640332
7.858111
8.118758
8.151534
8.201931
8.302902
8.366019
8.243144
8.171082
7.847550
7.360069
6.681161
6.095177
5.415590
0.136193
0.102480
0.041787
2.255541
4.472906
5.672935
6.713122
7.548969
7.800606
8.028501
8.111302
8.087457
8.087939
8.016170
7.888506
7.711276
7.308972
6.918767
1.243014
4.546134
4.181554
4.145619
3.939524
0.298609
4.834297
5.367117
5.804381
6.537254
6.937091
7.160666
7.432606
7.724331
7.799792
7.861435
7.924386
7.989825
8.092841
8.241033
8.310672
8.368814
8.365690
8.727219
8.727815
8.549122
8.554216
8.555322
8.556425
8.554903
8.536118
8.426840
8.232480
8.121943
7.922617
7.724540
6.112191
6.601704
6.898122
0.126357
0.131819
0.144637
0.157501
7.871273
8.110893
8.208714
8.053657
7.904184
7.662214
7.636102
7.712480
7.730051
7.808989
7.718184
0.054853
0.048739
7.580637
7.532223
7.507995
7.506280
7.364404
6.928320
4.862119
3.879542
1.413778
1.151595
0.359844
0.119464
0.026350
0.024759
0.021813
0.000275
0.000193
0.000046
0.000053
0.000057
0.000045
0.000054
0.000077
0.000088
0.000385
0.000485
0.003606
0.099826
0.135398
1.172915
1.399254
1.681607
1.972842
5.442037
6.728055
7.676466
7.864024
7.945818
7.965278
7.966526
7.953140
7.955348
7.954440
7.953099
7.994954
8.003603
8.037042
8.104369
8.161327
8.252617
8.281841
8.290740
8.301806
8.313104
8.316596
8.314785
8.313905
8.310050
8.304928
8.303886
8.302868
8.295457
8.286084
8.277882
8.274134
8.255679
8.236504
8.210208
8.003432
7.457570
6.890741
6.013069
4.750959
0.018357
0.005856
0.003180
0.001934
0.000673
0.000586
0.000239
0.000043
0.000020
0.000021
0.000032
0.000027
0.000029
0.000008
0.000007
0.000015
0.000019
0.000028
0.000045
0.000028
0.000007
0.000010
0.000007
0.000012
0.000007
0.000019
0.000014
0.000005
0.000003
0.000005
0.000004
0.000005
0.000009
0.000022
0.000012
0.000011
0.000010
0.000008
0.000011
0.000003
0.000003
0.000013
0.000016
0.000020
0.000021
0.000043
0.000006
0.000011
0.000012
0.000003
0.000002
0.000002
0.000003
0.000004
0.000010
0.000014
0.000008
0.000006
0.000009
0.000004
0.000004
0.000004
0.000004
0.000003
0.000006
0.000003
0.000004
0.000004
0.000006
0.000004
0.000002
0.000003
0.000001
0.000002
0.000003
0.000004
0.000005
0.000001
0.000004
0.000002
0.000002
0.000002
0.000001
0.000002
0.000001
0.000002
0.000001
0.000001
0.000001
0.000001
0.000001
0.000003
0.000005
0.000007
0.000012
0.000027
0.000006
0.000010
0.000002
0.000001
0.000003
0.000003
0.000007
0.000007
0.000007
0.000009
0.000018
0.000026
0.050815
4.197372
3.808236
3.219870
0.415468
0.446793
1.301056
1.293724
0.002138
0.001115
0.002128
0.002051
0.002156
0.002559
0.002989
0.003049
0.003343
0.003329
0.003954
0.000014
0.000010
0.000016
0.000016
0.000018
0.000005
0.000004
0.000012
0.000023
0.000002
0.000005
0.000006
0.000007
0.031731
2.020742
2.625784
3.205307
3.516572
3.926060
4.439224
5.005060
5.151461
5.350584
5.518732
5.664275
5.680737
5.723974
0.048996
0.000005
0.000004
0.000001
0.000001
0.000000
0.000000
0.000000
0.000000
0.000000
0.000000
0.000001
0.000000
0.000001
0.000000
0.000000
0.000000
0.000000
0.000000
0.000000
0.000002
0.000003
0.000000
0.000001
0.000001
0.000000
0.000000
0.000000
0.000000
0.000000
0.000000
0.000000
0.000000
0.000000
0.000000
0.000000
0.000000
0.000000
0.000000
0.000000
0.000000
0.000000
0.000000
0.000000
0.000000
0.000000
6.179663
6.332456
6.419151
6.476791
6.518430
6.563364
0.000002
0.000002
0.000002
0.000002
0.000000
0.000000
0.000000
0.000000
0.000000
0.000003
0.000003
0.000005
0.000001
0.000000
0.000000
0.000000
0.000001
0.000001
0.000000
0.000000
0.000000
0.000000
0.000000
0.000000
0.000000
0.000000
0.000000
0.000000
0.000000
0.000000
0.000000
0.000000
0.000000
0.000000
0.000000
0.000000
0.000000
0.000000
0.000000
0.000000
0.000000
0.000000
0.000000
0.000000
0.000000
0.000000
0.000000
0.000000
0.000000
0.000000
0.000000
0.000000
0.000000
0.000000
0.000000
0.000000
0.000000
0.000000
0.000000
0.000000
0.000000
0.000000
0.000000
0.000000
0.000000
0.000000
0.000000
0.000000
0.000000
0.000000
0.000000
0.000000
0.000000
0.000000
0.000000
0.000000
0.000000
0.000000
0.000000
0.000000
0.000000
0.000000
0.000000
0.000000
0.000000
0.000000
0.000000
0.000000
0.000000
0.000000
0.000000
0.000000
0.000000
0.000000
0.000000
0.000000
0.000000
0.000000
0.000000
0.000000
0.000000
0.000000
0.000000
0.000000
0.000000
0.000000
0.000000
0.000000
0.000000
0.000000
0.000000
0.000000
0.000000
0.000000
0.000000
0.000000
0.000000
0.000000
0.000000
0.000000
0.000000
0.000000
0.000000
0.000000
0.000000
0.000000
0.000000
0.000000
0.000000
0.000000
0.000000
0.000000
0.000000
0.000000
0.000000
0.000000
0.000000
6.563309
6.587406
6.589281
6.591773
6.594947
6.592687
6.592292
6.593236
6.590638
6.569646
6.557695
6.555870
6.538630
6.518513
6.501045
6.478333
6.400509
0.000000
0.000000
0.000000
0.000000
0.000000
0.000000
0.000000
0.000000
0.000000
0.000000
0.000000
0.000000
0.000000
0.000000
0.000000
0.000000
0.000000
0.000000
0.000000
0.000000
0.000000
0.000000
0.000000
0.000000
0.000000
0.000000
0.000000
0.000000
0.000000
0.000000
0.000000
0.000000
0.000000
0.000000
0.000000
0.000000
0.000000
0.000000
0.000000
0.000000
0.000000
0.000000
0.000000
0.000000
0.000000
0.000000
0.000000
0.000000
0.000000
0.000000
0.000000
0.000000
0.000000
0.000000
0.000000
0.000000
0.000000
0.000000
0.000000
0.000000
0.000000
0.000000
0.000000
0.000000
0.000000
0.000000
0.000000
0.000000
6.105908
6.097395
6.096484
6.074630
0.003835
0.002297
0.002084
0.000000
0.000000
0.000000
0.000000
0.000000
0.000000
0.000000
0.004678
0.000223
0.000057
0.000027
0.000040
0.000106
0.000093
0.000016
0.000020
0.000016
0.000008
0.000000
0.000000
0.000000
0.000000
0.000000
0.000000
0.000000
0.000000
0.000016
0.000006
0.000011
0.000065
0.000086
0.000141
0.000230
0.000198
0.000008
0.000021
0.000000
0.000000
0.000000
0.000000
0.000000
0.000000
0.000000
0.000000
0.000000
0.000000
0.000000
0.000000
0.000000
0.000000
0.000000
0.000000
0.000000
0.000000
0.000000
0.000000
0.000000
0.000000
0.000000
0.000000
0.000000
0.000000
0.000000
0.000000
0.000000
0.000000
0.000000
0.000000
0.000000
0.000000
0.000000
0.000000
0.000015
0.000020
0.000032
0.000430
0.000024
0.000025
0.000000
0.000000
0.000000
0.000000
0.000000
0.000000
0.000000
0.000000
0.000000
0.000000
0.000000
0.000000
0.000000
0.000000
0.000000
0.000000
0.000000
0.000000
0.000000
0.000000
0.000000
0.000000
0.000000
0.000000
0.000000
0.000000
0.000000
0.000000
0.000000
0.000000
0.000000
0.000000
0.000000
0.000000
0.000000
0.000000
0.000000
0.000000
0.000000
0.000000
0.000000
0.000000
0.000000
0.000000
0.000000
0.000000
0.000000
0.000000
0.000000
0.000000
0.000000
0.000000
0.000000
0.000000
0.000000
0.000000
0.000000
0.000000
0.000000
0.000000
0.000000
0.000000
0.000000
0.000000
0.000000
0.000000
0.000038
0.000088
5.907517
5.911292
5.915642
5.904574
5.868452
5.837437
0.000000
0.000000
0.000000
0.000000
0.000000
0.000000
0.000000
0.000000
0.000000
0.000000
0.000000
0.000000
0.000000
0.000000
0.000000
0.000000
0.000000
0.000000
0.000000
0.000000
0.000000
0.000000
0.000000
0.000000
0.000000
0.000000
0.000000
0.000000
0.000000
0.000000
0.000000
0.000000
0.000000
0.000000
0.000000
0.000000
0.000000
0.000000
0.000000
0.000000
0.000000
0.000000
0.000000
0.000000
0.000000
0.000000
0.000000
0.000000
0.000000
0.000000
0.000000
0.000000
0.000000
0.000000
0.000000
0.000000
0.000000
0.000000
0.000000
0.000000
0.000000
0.000000
0.000000
0.000000
0.000000
0.000000
0.000000
0.000000
0.000000
0.000000
0.000000
0.000000
0.000000
0.000000
0.000000
0.000000
0.000000
0.000000
0.000000
0.000000
0.000000
0.000000
0.000000
0.000000
0.000000
0.000000
0.000000
0.000000
0.000000
0.000000
0.000000
0.000000
0.000000
0.000000
0.000000
0.000000
0.000000
0.000000
0.000000
0.000000
0.000000
0.000000
0.000000
0.000000
0.000000
0.000000
0.000000
0.000000
0.000000
0.000000
0.000000
0.000000
0.000000
0.000000
0.000000
0.000000
0.000000
0.000000
0.000000
0.000000
0.000000
0.000000
0.000000
0.000000
5.786744
5.729032
5.686067
5.644316
5.580896
5.455035
5.121541
0.001142
0.000639
0.000182
0.000091
0.000021
0.000030
0.000035
0.000036
0.000018
0.000014
0.000024
0.000037
0.000129
0.000040
0.000035
0.000011
0.000009
0.000004
0.000005
0.000007
0.000002
0.000002
0.000002
0.000005
0.000007
0.000005
0.000001
0.000002
0.000003
0.000004
0.000006
0.000007
0.000011
0.000000
0.000000
0.000000
0.000000
0.000007
0.000005
0.000022
0.000000
0.000000
0.000000
0.000000
0.000000
0.000000
0.000000
0.000000
0.000000
0.000000
0.000000
0.000000
0.000000
0.000000
0.000000
0.000000
0.000000
0.000000
0.000000
0.000000
0.000000
0.000000
0.000000
0.000000
0.000000
0.000000
0.000000
0.000000
0.000000
0.000000
0.000000
0.000000
0.000000
0.000000
0.000000
0.000000
0.000000
0.000163
4.736205
4.400685
3.664688
2.808864
1.186765
0.839818
0.435966
0.272430
0.109421
0.063539
0.032664
0.022483
0.014129
0.013122
0.000024
0.000000
0.000000
0.000000
0.000000
0.000000
0.000000
0.000000
0.000000
0.000000
0.000000
0.000000
0.000000
0.000000
0.000000
0.000000
0.000000
0.000000
0.000000
0.000000
0.000000
0.000000
0.000000
0.000000
0.000000
0.000000
0.000000
0.000000
0.000000
0.000000
0.000000
0.000000
0.000000
0.000000
0.000000
0.000000
0.000000
0.000000
0.000000
0.000000
0.000000
0.000000
0.000000
0.000000
0.000000
0.000000
0.000000
0.000000
0.000000
0.000000
0.000000
0.000000
0.000000
0.000000
0.000000
0.000000
0.000000
0.000000
0.000000
0.000000
0.000000
0.000000
0.000000
0.000000
0.000000
0.000000
0.000000
0.000000
0.000000
0.000000
0.000000
0.000000
0.000000
0.000000
0.000000
0.000000
0.000000
0.000000
0.000000
0.000000
0.000000
0.000000
0.000000
0.000000
0.000000
0.000000
0.000000
0.000000
0.000000
0.000000
0.000000
0.000000
0.000000
0.000000
0.000000
0.000000
0.000000
0.000000
0.000000
0.000000
0.000000
0.000000
0.000000
0.000000
0.000000
0.000000
0.000000
0.000000
0.000000
0.000000
0.000000
0.000000
0.000000
0.000000
0.000000
0.000000
0.000000
0.000000
0.000000
0.000000
0.000000
0.000000
0.000000
0.000000
0.000000
0.000000
0.000000
0.000000
0.000000
0.000000
0.000000
0.000000
0.000000
0.000000
0.000000
0.000000
0.000000
0.000000
0.000000
0.000000
0.000000
0.000000
0.000000
0.000000
0.000000
0.000000
0.000000
0.000000
0.000000
0.000000
0.000000
0.000000
0.000000
0.000000
0.000000
0.000000
0.000000
0.000000
0.000000
0.000000
0.000000
0.000000
0.000000
0.000000
0.000000
0.000000
0.000000
0.000000
0.000000
0.000000
0.000000
0.000000
0.000000
0.000000
0.000000
0.000000
0.000000
0.000000
0.000000
0.000000
0.000000
0.000000
0.000000
0.000000
0.000000
0.000000
0.000000
0.000000
0.000000
0.000000
0.000000
0.000000
0.000000
0.000000
0.000000
0.000000
0.000000
0.000000
0.000000
0.000000
0.000000
0.000000
0.000000
0.000000
0.000000
0.000000
0.000000
0.000000
0.000000
0.000000
0.000000
0.000000
0.000000
0.000000
0.000000
0.000000
0.000000
0.000000
0.000000
0.000000
0.000000
0.000000
0.000000
0.000000
0.000000
0.000000
0.000000
0.000000
0.000000
0.000000
0.000000
0.000000
0.000000
0.000000
0.000000
0.000000
0.000000
0.000000
0.000000
0.000000
0.000002
0.000002
0.000002
0.000002
0.000002
0.000002
0.000002
0.000001
0.000000
0.000000
0.000000
0.000000
0.000000
0.000000
0.000000
0.000000
0.000000
0.000000
0.000000
0.000001
0.000111
0.000123
0.000135
0.000157
0.000174
0.000182
0.000187
0.000200
0.000221
0.000227
0.000232
0.000233
0.000234
0.000234
0.000234
0.000232
0.000229
0.000225
0.000222
0.000002
0.000002
0.000002
0.000000
0.000000
0.000000
0.000000
0.000000
0.000000
0.000000
0.000000
0.000000
0.000000
0.000000
0.000000
0.000000
0.000000
0.000000
0.000000
0.000000
0.000000
0.000000
0.000000
0.000000
0.000013
0.000014
0.000015
0.000014
0.000010
0.000002
0.000002
0.000002
0.000002
0.000021
0.000021
0.000020
0.000021
0.000023
0.000023
0.000024
0.000024
0.000025
0.000025
0.000026
0.000023
0.000020
0.000000
0.000000
0.000000
0.000000
0.000000
0.000000
0.000000
0.000000
0.000000
0.000000
0.000000
0.000000
0.000000
0.000000
0.000000
0.000000
0.000000
0.000000
0.000000
0.000000
0.000000
0.000000
0.000000
0.000001
0.000001
0.000000
0.000000
0.000000
0.000000
0.000000
0.000000
0.000000
0.000000
0.000000
0.000000
0.000000
0.000000
0.000000
0.000000
0.000000
0.000000
0.000000
0.000000
0.000000
0.000000
0.000000
0.000000
0.000000
0.000001
0.000001
0.000000
0.000000
0.000000
0.000001
0.000000
0.000000
0.000000
0.000008
0.000011
0.000012
0.000011
0.000012
0.000009
0.000000
0.000001
0.000001
0.000001
0.000002
0.000005
0.000022
0.000794
0.000837
0.000865
0.000914
0.000921
0.000920
0.000925
0.000937
0.000933
0.000900
0.000698
0.000520
0.000391
0.000352
0.000344
0.000337
0.000341
0.000349
0.000332
0.000252
0.000215
0.000029
0.000029
0.000030
0.000030
0.000039
0.000729
0.000797
0.000875
0.001036
0.001050
0.001054
0.001055
0.001056
0.001054
0.001053
0.001052
0.001052
0.001053
0.001048
0.001043
0.001037
0.001032
0.000957
0.000841
0.000795
0.000752
0.000663
0.000593
0.000160
0.000069
0.000062
0.000208
0.000281
0.000396
0.000557
0.000648
0.000660
0.000668
0.000680
0.000681
0.000014
0.000014
0.000207
0.007056
0.007069
0.000288
0.000280
0.000277
0.000276
0.000214
0.000148
0.000001
0.000001
0.000000
0.000000
0.000000
0.000000
0.000000
0.000000
0.000000
0.000000
0.000000
0.000000
0.000000
0.000001
0.000001
0.000001
0.000003
0.000219
0.000238
0.000242
0.000249
0.000252
0.000265
0.000271
0.000280
0.000174
0.000104
0.000387
0.000466
0.000552
0.000562
0.000574
0.000574
0.000584
0.000576
0.000526
0.000491
0.000466
0.000457
0.000451
0.000435
0.000017
0.000012
0.000001
0.000001
0.000001
0.000001
0.000000
0.000000
0.000000
0.000000
0.000000
0.000000
0.000000
0.000000
0.000000
0.000000
0.000000
0.000000
0.000000
0.000000
0.000000
0.000000
0.000000
0.000000
0.000000
0.000000
0.000000
0.000000
0.000000
0.000003
0.000003
0.000005
0.000048
0.000069
0.000085
0.000111
0.000122
0.000131
0.000133
0.000138
0.000146
0.000153
0.000154
0.000156
0.000157
0.000160
0.000156
0.000154
0.000156
0.000159
0.000164
0.000173
0.000163
0.000006
0.000006
0.000006
0.000007
0.000007
0.000013
0.000190
0.000220
0.000219
0.000175
0.000166
0.000166
0.000169
0.000159
0.000143
0.000129
0.000129
0.000133
0.000129
0.000129
0.000130
0.000133
0.000134
0.000138
0.000164
0.000192
0.000188
0.000163
0.000138
0.000131
0.000005
0.000004
0.000001
0.000001
0.000001
0.000001
0.000000
0.000000
0.000000
0.000000
0.000000
0.000000
0.000000
0.000000
0.000000
0.000028
0.000029
0.000031
0.000032
0.000034
0.000032
0.000006
0.000004
0.000004
0.000036
0.000036
0.000027
0.000001
0.000000
0.000000
0.000000
0.000000
0.000000
0.000000
0.000000
0.000000
0.000000
0.000000
0.000001
0.000000
0.000000
0.000000
0.000000
0.000000
0.000000
0.000000
0.000000
0.000000
0.000000
0.000000
0.000000
0.000000
0.000000
0.000000
0.000000
0.000001
0.000066
0.000079
0.000097
