0.000000
0.000018
0.000018
0.009847
0.009886
0.000002
0.000002
0.000002
0.000014
0.000018
0.000002
0.000000
0.000001
0.000001
0.000000
0.000001
0.000013
0.000013
0.000010
0.000003
0.000004
0.000008
0.000014
0.000005
0.000004
0.000004
0.000003
0.000000
0.000000
0.000000
0.000001
0.000002
0.000002
0.000000
0.000000
0.000000
0.000000
0.000000
0.000000
0.000002
0.000003
0.000006
0.000140
0.000313
0.000338
0.015680
1.658347
1.416583
1.093285
0.993010
0.722823
0.000778
0.000665
0.000550
0.000631
0.000588
0.000478
0.000408
0.000030
0.000026
0.000019
0.000017
0.000071
0.000071
0.000406
0.000627
0.000990
0.001155
0.001311
0.001685
0.002199
0.002280
0.002288
0.002313
0.002295
0.002253
0.002248
0.002248
0.001981
0.001840
0.000209
0.000006
0.000004
0.000001
0.000001
0.000001
0.000001
0.000001
0.000001
0.000002
0.000002
0.000003
0.000012
0.000022
0.000029
0.001043
0.001081
0.001123
0.001168
0.001130
0.001086
0.001128
0.001174
0.001149
0.001171
0.006057
0.000025
0.000018
0.000011
0.000010
0.000015
0.000018
0.000031
0.000045
0.000058
0.004217
0.004559
0.005424
0.007739
0.008284
0.008518
0.008546
0.008429
0.008409
0.008445
0.008517
0.008595
0.008615
0.018025
0.018420
0.018583
0.018931
0.019422
0.020225
0.021765
0.022126
0.021784
0.018330
0.002068
0.013736
0.014785
0.015180
0.015439
0.016161
0.016891
0.017316
0.017922
0.018553
0.018273
0.018007
0.017728
0.017529
0.016838
0.016010
0.014915
0.013796
0.003933
0.000849
0.000821
0.002536
0.003060
0.003472
0.003502
0.003380
0.003257
0.003280
0.003889
0.003896
0.003896
0.003906
0.003925
0.003881
0.003821
0.003623
0.003356
0.003145
0.001050
0.000897
0.000671
0.000708
0.000770
0.000922
0.001007
0.001048
0.001185
0.001218
0.000201
0.000139
0.000109
0.000112
0.000005
0.000004
0.000007
0.000009
0.000009
0.000009
0.000009
0.000009
0.000008
0.000013
0.000004
0.000004
0.000004
0.000006
0.000008
0.000006
0.000003
0.000006
0.000007
0.000012
0.000025
0.008226
0.009282
0.010144
0.011730
0.012956
0.013203
0.013487
0.014200
0.014990
0.016000
0.015250
0.014751
0.012788
0.011856
0.010343
0.007322
0.007128
0.001168
0.001121
0.002454
0.003024
0.002866
0.006821
0.007724
0.008484
0.008272
0.006317
0.000044
0.000054
0.000050
0.000099
0.000109
0.000103
0.000022
0.000072
0.002772
0.021475
0.027030
0.026102
0.022776
0.050865
0.068950
0.106981
0.528121
0.568448
0.773761
0.815921
0.851695
0.786331
0.761832
0.019258
0.018046
0.017493
0.000650
0.016026
0.022592
0.578851
0.700842
0.705045
0.767598
0.765251
0.725385
0.636861
0.336832
0.247951
0.007787
0.004076
0.000280
0.010673
0.011160
0.011385
0.016721
0.018162
0.023792
0.040599
0.097516
0.279650
0.327066
0.346907
0.325897
0.320791
0.308650
0.274167
0.258462
0.199648
0.170452
0.156093
0.143738
0.082070
0.003824
0.003442
0.002837
0.000202
0.000101
0.000089
0.000082
0.000019
0.000039
0.000116
0.000062
0.000096
0.004254
0.005725
0.012139
0.012714
0.023204
0.024459
0.176312
0.012636
0.000207
0.010114
0.010013
0.009825
0.009751
0.014884
0.016231
0.016372
0.017190
0.017465
0.018688
0.000423
0.000375
0.000107
0.040898
0.040474
0.040945
0.041342
0.041012
0.032247
0.033458
0.026716
0.026396
0.026188
0.025916
0.010907
0.002781
0.002777
0.003079
0.003122
0.003075
0.000188
0.000032
0.000018
0.000014
0.000031
0.000111
0.000161
0.000013
0.000014
0.000218
0.000053
0.000034
0.000032
0.000021
0.000106
0.000041
0.000029
0.000029
0.000017
0.000030
0.000981
0.000975
0.000030
0.000039
0.000047
0.000326
0.000392
0.002715
0.008318
0.008356
0.008091
0.002822
0.002628
0.000302
0.000103
0.000052
0.000100
0.001451
0.006204
0.006646
0.007551
0.008775
0.008872
0.009097
0.009493
0.010602
0.011089
0.011571
0.013715
0.013589
0.013119
0.012451
0.000096
0.000076
0.000104
0.000064
0.000048
0.000038
0.000027
0.000031
0.000116
0.000037
0.000052
0.000118
0.015444
0.017479
0.020368
0.020541
0.020415
0.019736
0.009142
0.008956
0.008805
0.008669
0.008557
0.008266
0.008627
0.000081
0.000062
0.000510
0.008357
0.064068
0.216464
0.269202
0.286422
0.536074
0.591748
0.638167
0.642774
0.627958
0.626193
0.546944
0.518524
0.497812
0.483896
0.173380
0.147787
0.030266
0.013329
0.631606
0.788112
0.838433
0.897578
0.964197
0.582308
1.022703
1.424846
1.766940
0.016304
0.018497
0.017994
0.000059
0.000463
0.000514
0.009361
0.012477
0.015898
0.018877
0.030695
0.068427
0.088147
0.109160
3.872061
4.750735
5.647143
6.825329
6.884685
7.172203
7.170130
7.217715
7.251643
7.288139
7.392157
6.149989
5.444603
5.254011
5.576576
0.004391
0.002470
0.002175
0.002401
0.002173
0.002170
0.002227
0.002411
0.002325
0.003250
0.003472
0.000011
0.000024
0.000012
0.000020
0.000009
0.000007
0.000011
0.000007
0.000022
0.000019
0.000026
0.000036
0.000058
0.000173
0.000372
0.003346
0.009641
4.691264
6.390091
6.947202
7.581696
8.120521
8.503203
8.632986
8.691458
8.650902
8.787320
8.819761
0.196292
8.654544
8.748121
8.813146
8.821639
8.831907
9.087248
9.077484
9.004136
8.864898
8.739250
8.578128
8.229566
8.110056
7.956120
7.559748
7.373428
0.013922
0.012200
0.011736
0.011215
0.012409
7.292392
7.194332
7.094534
6.957754
0.042487
0.042550
0.041750
0.043353
0.037290
7.135438
7.093641
7.088013
7.118266
7.166144
7.228643
7.370498
7.504836
7.654368
0.051229
7.914812
8.265567
8.564937
8.800755
9.087013
9.313202
9.181039
8.850046
8.513372
7.936502
7.416583
6.822668
6.205607
5.670539
0.065074
0.053116
4.574068
4.394719
4.194646
4.112964
3.987909
3.867343
3.699229
3.559836
3.325338
2.507604
1.750471
0.991763
0.108507
0.050079
0.000505
0.000169
0.000130
0.000102
0.000327
0.000104
0.000083
0.000113
0.000089
0.000050
0.000034
0.000047
0.000048
0.000044
0.000064
0.002277
0.004109
0.000091
0.000083
0.000074
0.000067
0.000066
0.000151
0.000062
0.000030
0.000046
0.000020
0.000012
0.000012
0.000011
0.000011
0.000016
0.000022
0.000011
0.000021
0.000051
0.000051
0.000031
0.000057
0.000071
0.000086
0.000098
0.000012
0.000018
0.000011
0.000012
0.000010
0.000007
0.000011
0.000013
0.000025
0.000029
0.000024
0.000030
0.000026
0.000035
0.000150
0.000148
0.000019
0.000015
0.000019
0.000014
0.000061
0.000070
0.000095
0.000123
0.000092
0.000093
0.000051
0.000086
0.000100
0.000138
0.000054
0.000072
0.000053
0.009753
0.017448
0.019173
0.020111
0.080743
0.087660
0.095769
0.112897
0.000307
0.000278
0.000221
0.000154
0.000201
0.000223
0.119308
0.061742
0.093400
3.042321
3.312121
3.656415
4.031784
4.444560
4.911237
5.423159
5.634599
5.925542
6.136336
6.321999
6.583967
6.850750
7.078886
7.384263
7.561719
7.773547
7.733247
7.722932
7.309835
0.269119
7.690018
7.781960
7.768178
7.732442
7.680155
7.523964
7.355925
7.221340
7.049921
6.863728
6.615965
6.364059
5.931551
5.564249
5.013149
0.197907
0.168007
0.068284
0.088380
0.008598
0.055219
4.240933
0.125257
3.722753
3.728804
0.141656
0.003003
0.005323
0.019401
0.027226
0.054272
4.034241
3.950652
3.688623
3.461738
3.224332
3.000673
0.099619
0.106224
0.080200
0.149328
0.299633
2.037101
3.335988
3.638835
3.973282
4.286032
4.642195
4.729223
4.781034
4.817148
4.762183
4.667200
4.566388
4.496486
4.468138
4.449491
4.434050
0.011722
4.431874
4.501735
4.488257
4.464645
4.397005
4.341096
0.001750
0.001823
3.848391
3.624266
3.445882
3.261692
0.067842
0.061893
0.277454
0.917567
2.883496
3.271792
3.528918
3.780057
3.785530
0.000164
0.000194
0.000112
0.000043
0.000070
0.000121
0.000074
0.000053
0.000039
0.000014
0.000012
0.000022
0.000068
0.000063
0.000038
0.000073
0.000209
0.000243
0.000196
0.000020
0.000015
0.000007
0.000005
0.000010
0.000016
0.000062
0.000099
0.000016
0.000016
0.000009
0.000108
0.019305
3.788408
3.892254
4.031795
3.559968
2.953867
1.718653
0.595548
0.480506
0.052715
0.000027
0.000026
0.000009
0.000006
0.000005
0.000005
0.000005
0.000005
0.000005
0.000007
0.000032
0.000008
0.000007
0.000010
0.000003
0.000003
0.000005
0.036101
0.209572
1.839211
1.925579
2.042222
2.422642
2.587640
2.636445
2.715501
2.787884
2.893889
2.949881
2.931659
2.969311
2.989727
2.951721
2.931748
0.222120
0.000916
0.000004
0.000005
0.000003
0.000003
0.000753
0.217640
0.200995
0.185007
0.027353
0.141657
0.163823
0.171493
3.080898
3.154319
3.154063
0.031124
2.553478
2.564993
2.853770
2.880213
2.922887
2.952703
2.958222
0.037986
2.985898
3.041473
3.093897
3.184679
3.320663
3.441841
3.550769
3.620965
3.691647
3.130185
0.000721
0.000783
0.000320
2.553255
2.240624
0.031018
0.025783
0.022516
0.004418
0.003941
0.003483
0.000224
0.000139
0.000179
0.000103
0.000044
0.000404
0.000685
1.232435
1.077743
0.945039
0.390822
0.362623
0.339494
0.313893
0.051547
0.034405
0.032781
0.029756
0.029269
0.028383
0.006421
0.007169
0.008593
0.000093
0.000061
0.000077
0.000075
0.000080
0.000075
0.000076
0.000041
0.000013
0.000023
0.008509
0.007878
0.008078
0.018597
0.026075
0.162947
0.194228
0.115443
0.101216
0.047728
0.043039
0.006070
0.005772
0.005563
0.000451
0.000364
0.000191
0.000180
0.000020
0.000016
0.000109
0.000079
0.000017
0.000015
0.000020
0.000011
0.000012
0.000012
0.000007
0.000011
0.000009
0.000009
0.000009
0.000020
0.000103
0.000172
0.003975
0.004050
0.003774
0.003792
0.003651
0.000782
0.000792
0.000771
0.007702
0.008849
0.037389
0.035250
0.000110
0.000023
0.000012
0.000009
0.000019
0.000026
0.000020
0.000025
0.000003
0.000003
0.000034
0.000010
0.000042
0.000018
0.000013
0.000270
0.000216
0.000194
0.000300
0.000314
0.000335
0.000233
0.000015
0.000017
0.000298
0.000331
0.000009
0.000007
0.000003
0.000005
0.000011
0.000002
0.000001
0.000001
0.000001
0.000001
0.000187
0.000052
0.000040
0.000031
0.000039
0.000074
0.000056
0.000040
0.000056
0.000067
0.000047
0.000053
0.000051
0.000051
0.000045
0.000045
0.000052
0.000036
0.000038
0.000046
0.000050
0.000035
0.000002
0.000001
0.000001
0.000001
0.000001
0.000001
0.000007
0.000001
0.000004
0.000005
0.000001
0.000002
0.000001
0.000000
0.000000
0.000001
0.000000
0.000001
0.000002
0.000007
0.000008
0.000001
0.000001
0.000001
0.000002
0.000001
0.000001
0.000001
0.000001
0.000001
0.000001
0.000001
0.000002
0.000082
0.000086
0.000443
0.000535
0.000498
0.000143
0.000124
0.000110
0.000105
0.000109
0.000120
0.000134
0.000109
0.000096
0.000077
0.000076
0.000001
0.000001
0.000001
0.000002
0.000002
0.000002
0.000001
0.000000
0.000000
0.000000
0.000000
0.000000
0.000000
0.000000
0.000000
0.000001
0.000000
0.000000
0.000000
0.000000
0.000000
0.000000
0.000000
0.000000
0.000000
0.000000
0.000000
0.000000
0.000000
0.000000
0.000000
0.000016
0.000023
0.000028
0.000020
0.000028
0.000021
0.000026
0.000029
0.000012
0.000012
0.000012
0.000018
0.000011
0.000012
0.000012
0.000016
0.000012
0.000026
0.000000
0.000000
0.000000
0.000000
0.000000
0.000000
0.000000
0.000000
0.000000
0.000000
0.000000
0.000000
0.000000
0.000025
0.000070
0.000020
0.000018
0.000016
0.000014
0.000014
0.000014
0.000015
0.000014
0.000015
0.000013
0.000017
0.000016
0.000013
0.000014
0.000000
0.000000
0.000000
0.000000
0.000000
0.000000
0.000000
0.000000
0.000000
0.000000
0.000000
0.000000
0.000000
0.000000
0.000000
0.000000
0.000000
0.000000
0.000000
0.000000
0.000000
0.000000
0.000000
0.000000
0.000000
0.000000
0.000000
0.000000
0.000000
0.000000
0.000000
0.000000
0.000000
0.000000
0.000000
0.000000
0.000000
0.000000
0.000000
0.000000
0.000000
0.000000
0.000000
0.000014
0.000013
0.000012
0.000012
0.000013
0.000012
0.000011
0.000011
0.000011
0.000013
0.000000
0.000000
0.000000
0.000000
0.000000
0.000000
0.000000
0.000000
0.000000
0.000000
0.000000
0.000000
0.000000
0.000000
0.000000
0.000000
0.000000
0.000000
0.000000
0.000000
0.000000
0.000000
0.000000
0.000000
0.000000
0.000000
0.000000
0.000000
0.000000
0.000000
0.000000
0.000000
0.000000
0.000000
0.000000
0.000000
0.000000
0.000000
0.000000
0.000000
0.000000
0.000000
0.000000
0.000000
0.000000
0.000000
0.000000
0.000000
0.000000
0.000000
0.000000
0.000000
0.000010
0.000013
0.000013
0.000011
0.000011
0.000016
0.000016
0.000011
0.000011
0.000015
0.000016
0.000041
0.000020
0.000022
0.000024
0.000025
0.000034
0.000019
0.000008
0.000000
0.000000
0.000000
0.000000
0.000000
0.000000
0.000000
0.000000
0.000000
0.000003
0.000004
0.000036
0.000008
0.000004
0.000004
0.000008
0.000010
0.000011
0.000007
0.000003
0.000002
0.000003
0.000003
0.000003
0.000000
0.000000
0.000000
0.000000
0.000000
0.000000
0.000000
0.000000
0.000000
0.000000
0.000000
0.000000
0.000000
0.000000
0.000000
0.000000
0.000000
0.000000
0.000000
0.000000
0.000000
0.000000
0.000000
0.000000
0.000000
0.000000
0.000000
0.000000
0.000004
0.000004
0.000004
0.000006
0.000019
0.000012
0.000009
0.000006
0.000006
0.000006
0.000010
0.000008
0.000008
0.000007
0.000007
0.000008
0.000017
0.000014
0.000014
0.000016
0.000017
0.000019
0.000024
0.000024
0.000024
0.000026
0.000008
0.000028
0.000040
0.000049
0.000053
0.000051
0.000008
0.000000
0.000000
0.000000
0.000000
0.000000
0.000000
0.000000
0.000000
0.000000
0.000000
0.000000
0.000000
0.000000
0.000000
0.000000
0.000000
0.000000
0.000000
0.000004
0.000004
0.000005
0.000011
0.000000
0.000000
0.000000
0.000000
0.000000
0.000000
0.000000
0.000000
0.000000
0.000000
0.000000
0.000000
0.000000
0.000000
0.000000
0.000000
0.000000
0.000000
0.000000
0.000000
0.000000
0.000000
0.000000
0.000000
0.000000
0.000000
0.000000
0.000000
0.000000
0.000000
0.000000
0.000000
0.000000
0.000000
0.000000
0.000000
0.000000
0.000000
0.000000
0.000000
0.000000
0.000000
0.000000
0.000000
0.000000
0.000000
0.000000
0.000000
0.000000
0.000000
0.000000
0.000000
0.000000
0.000000
0.000000
0.000000
0.000000
0.000000
0.000000
0.000000
0.000000
0.000000
0.000000
0.000000
0.000000
0.000000
0.000000
0.000000
0.000000
0.000000
0.000000
0.000000
0.000000
0.000000
0.000000
0.000000
0.000000
0.000000
0.000000
0.000000
0.000000
0.000000
0.000000
0.000000
0.000000
0.000000
0.000000
0.000000
0.000000
0.000000
0.000000
0.000000
0.000000
0.000000
0.000000
0.000000
0.000000
0.000000
0.000000
0.000000
0.000000
0.000000
0.000000
0.000000
0.000000
0.000000
0.000000
0.000000
0.000000
0.000000
0.000000
0.000235
0.013909
0.045778
0.085525
0.097017
0.104927
0.111523
0.111663
0.017299
0.016807
0.011554
0.002064
0.000000
0.000000
0.000000
0.000000
0.000000
0.000000
0.000000
0.000000
0.000000
0.000000
0.000000
0.000000
0.000000
0.000000
0.000000
0.000000
0.000000
0.000000
0.000000
0.000000
0.000000
0.000000
0.000000
0.000000
0.000000
0.000000
0.000000
0.000000
0.000000
0.000000
0.000000
0.000000
0.000000
0.000000
0.000000
0.000000
0.000000
0.000000
0.000000
0.000000
0.000000
0.000000
0.000000
0.000000
0.000000
0.000000
0.000000
0.000000
0.000000
0.000000
0.000000
0.000000
0.000000
0.000000
0.000000
0.000000
0.000000
0.000000
0.000000
0.000000
0.000000
0.000000
0.000000
0.000000
0.000000
0.000000
0.000000
0.000000
0.000000
0.000000
0.000000
0.000000
0.000000
0.009303
0.009205
0.009208
0.000115
0.000128
0.000000
0.000000
0.000000
0.000000
0.000000
0.000000
0.000000
0.000000
0.000000
0.000000
0.000000
0.000000
0.000000
0.000000
0.000000
0.000000
0.000000
0.000000
0.000000
0.000000
0.000000
0.000000
0.000000
0.000000
0.000000
0.000000
0.000000
0.000000
0.000000
0.000000
0.000000
0.000000
0.000000
0.000000
0.000000
0.000000
0.000000
0.000000
0.000000
0.000000
0.000000
0.000000
0.000000
0.000000
0.000000
0.000253
0.200909
0.313787
0.286280
0.197798
0.187699
0.114016
0.047977
0.042086
0.037485
0.030852
0.000000
0.000000
0.000000
0.000000
0.000000
0.000000
0.000000
0.000000
0.000000
0.000000
0.000009
0.000014
0.000006
0.000007
0.000000
0.000000
0.000000
0.000000
0.000000
0.000000
0.000000
0.000000
0.000000
0.000000
0.000000
0.000000
0.000000
0.000000
0.000000
0.000000
0.000000
0.000000
0.000012
0.000007
0.000007
0.000010
0.000000
0.000000
0.000000
0.000000
0.000000
0.000000
0.000000
0.003249
0.003284
0.005510
0.005013
0.000000
0.000000
0.000000
0.000000
0.000000
0.000000
0.000000
0.000000
0.000000
0.000000
0.000000
0.000000
0.000000
0.000000
0.000000
0.000000
0.000000
0.000000
0.003553
0.010772
0.041489
0.085740
0.099930
0.084597
0.081740
0.078695
0.038050
0.036431
0.027225
0.025617
0.024486
0.018406
0.016920
0.000827
0.000098
0.000087
0.000000
0.000000
0.000000
0.000000
0.000000
0.000000
0.000000
0.000000
0.000000
0.000000
0.000000
0.000000
0.000000
0.000878
0.013981
0.017721
0.020745
0.026495
0.066405
0.001356
0.000041
0.000040
0.000000
0.000000
0.000000
0.000000
0.000000
0.000000
0.000023
0.000037
0.000020
0.000004
0.000000
0.000000
0.000000
0.000000
0.000000
0.000000
0.000000
0.000000
0.000000
0.000000
0.000000
0.000000
0.000000
0.000000
0.000000
0.000000
0.000000
0.000000
0.000000
0.001635
0.012079
0.021869
0.000000
0.000000
0.000000
0.000000
0.000000
0.000000
0.000000
0.000000
0.000000
0.000000
0.000000
0.000000
0.000000
0.000000
0.000000
0.000000
0.000000
0.000000
0.000000
0.000000
0.000000
0.000000
0.000000
0.000000
0.000000
0.001374
