0.000001
0.000000
0.002350
0.000135
0.000094
0.000002
0.000001
0.000000
0.000000
0.000000
0.000000
0.000000
0.000000
0.000000
0.000000
0.000004
0.000004
0.000004
0.000004
0.000002
0.000000
0.000000
0.000000
0.000000
0.000000
0.000000
0.000001
0.000001
0.000000
0.000000
0.000000
0.000000
0.000000
0.000000
0.000000
0.000001
0.000000
0.000003
0.000001
0.000000
0.000000
0.000000
0.000000
0.000002
0.000047
0.000053
0.000061
0.000071
0.000066
0.000065
0.000002
0.000073
0.000079
0.000085
0.000085
0.000083
0.000078
0.000072
0.000070
0.000069
0.000058
0.000058
0.000060
0.000058
0.000001
0.000000
0.000000
0.000041
0.000044
0.000046
0.000043
0.000041
0.000038
0.000037
0.000025
0.000007
0.000000
0.000000
0.000000
0.000000
0.000000
0.000001
0.000002
0.000000
0.000000
0.000000
0.000000
0.000000
0.000000
0.000000
0.000000
0.000000
0.000000
0.001638
0.001650
0.001649
0.001648
0.000005
0.000006
0.000002
0.000003
0.000002
0.000002
0.000003
0.000003
0.000003
0.000003
0.000003
0.000003
0.000003
0.000004
0.000005
0.000003
0.000001
0.000003
0.000003
0.000004
0.000003
0.000004
0.000002
0.000002
0.000002
0.000003
0.000003
0.000039
0.000042
0.000045
0.000043
0.000040
0.000039
0.000042
0.000047
0.000032
0.000005
0.000032
0.000001
0.000000
0.000000
0.000000
0.000000
0.000000
0.000024
0.000546
0.000671
0.001140
0.001183
0.001325
0.001335
0.001378
0.001437
0.001464
0.000001
0.000001
0.000001
0.000002
0.000002
0.000161
0.000177
0.000271
0.000436
0.000550
0.000636
0.000677
0.000737
0.000429
0.000402
0.000377
0.000335
0.000285
0.000255
0.000206
0.000146
0.000098
0.000054
0.000030
0.000021
0.000017
0.000012
0.000009
0.000009
0.000012
0.000002
0.000002
0.000000
0.000000
0.000000
0.000000
0.000000
0.000000
0.000000
0.000000
0.000001
0.000001
0.000002
0.000002
0.000218
0.000203
0.000191
0.000184
0.000180
0.000178
0.000175
0.000173
0.000177
0.000181
0.000192
0.000199
0.000210
0.000214
0.000199
0.000202
0.000187
0.000180
0.000179
0.000209
0.000143
0.000003
0.000003
0.000002
0.000002
0.000002
0.000002
0.000001
0.000002
0.000001
0.000000
0.000000
0.000000
0.000000
0.000000
0.000000
0.000000
0.000000
0.000000
0.000000
0.000000
0.000000
0.000000
0.000000
0.000000
0.000000
0.000000
0.000000
0.000001
0.000002
0.000003
0.000006
0.000001
0.000001
0.000000
0.000000
0.000000
0.000000
0.000000
0.000000
0.000000
0.000000
0.000000
0.000000
0.000000
0.000000
0.000000
0.000000
0.000000
0.000000
0.000000
0.000000
0.000000
0.000000
0.000000
0.000000
0.000000
0.000000
0.000000
0.000000
0.000000
0.000000
0.000000
0.000000
0.000000
0.000000
0.000000
0.000000
0.000000
0.000000
0.000000
0.000000
0.000000
0.000000
0.000000
0.000000
0.000000
0.000000
0.000000
0.000000
0.000000
0.000000
0.000000
0.000000
0.000000
0.000000
0.000000
0.000000
0.000000
0.000001
0.000001
0.000001
0.000125
0.000320
0.000656
0.008142
0.008811
0.000000
0.008254
0.008740
0.020054
0.047784
0.216416
5.717957
5.726882
5.745092
5.538583
5.495332
0.006955
0.007419
0.006477
0.005880
0.005016
0.006677
0.012222
0.028261
5.680998
5.981086
5.937593
5.953601
5.951426
5.902361
5.929102
5.893993
5.655514
5.494604
5.353211
0.000392
0.000019
0.000021
0.000035
0.000028
0.000025
0.000019
0.000010
0.000139
0.000050
0.000157
0.000144
0.000195
0.000087
0.000061
0.000049
0.012847
0.012497
0.007947
0.004725
0.003217
0.000631
0.000820
4.929806
4.929956
4.878096
4.607172
1.411842
2.288701
3.934223
4.783972
5.376842
5.987034
6.741494
0.013411
0.011883
7.296871
7.592612
7.744066
7.774174
7.803039
8.018536
8.023747
7.990242
7.973440
0.042563
7.997194
0.000508
0.000431
0.000327
0.000116
0.000038
0.000005
0.000006
0.000004
0.000002
0.000002
0.000015
0.000008
0.000003
0.000002
0.000002
0.000002
0.000002
0.000006
0.000012
0.000008
0.000018
0.000018
0.000019
0.000034
0.000075
0.000153
0.000329
8.053652
8.080359
8.102456
8.143946
8.566527
8.634053
8.712615
8.811474
8.851906
8.878957
9.085067
9.092708
9.084971
9.084523
9.074853
9.074347
9.077362
9.050080
9.014956
8.947955
8.859744
8.769831
8.343386
8.211044
8.127894
7.977193
7.807487
7.510167
0.000416
0.000407
0.000309
0.000214
0.000217
0.000241
0.000408
0.000170
0.000157
0.000618
0.001481
8.423283
8.667347
8.658404
0.046355
8.571741
8.604517
8.615591
8.643077
8.671426
8.719487
8.781790
8.825335
8.849842
8.860113
8.787573
8.709234
8.231601
0.000768
0.000808
0.000849
0.055542
0.028945
0.027239
0.011403
0.012362
0.200241
8.011416
8.370432
8.605991
8.894361
8.916797
8.947051
8.968271
8.986459
8.995719
9.024271
9.069290
9.004854
8.935222
0.005904
0.006035
0.006225
0.006340
0.006775
0.007687
9.137649
9.119712
9.376932
9.334093
9.312154
9.206376
9.186989
8.842620
8.241129
7.736107
7.221745
1.409297
7.100243
7.412077
7.675002
0.031399
8.062708
8.318194
8.699562
8.726421
8.727730
8.699616
8.706689
8.544392
8.198701
7.419409
6.760842
6.091210
5.564136
4.976440
4.351673
3.802181
3.239289
2.969218
2.681691
2.289217
1.716715
1.533514
1.285234
0.006351
0.004986
0.003792
0.003076
0.001898
0.000277
0.625248
0.567887
0.517595
0.316990
0.153584
0.010096
0.011126
0.007188
0.007222
0.006004
0.000003
0.000002
0.000002
0.000002
0.000002
0.000002
0.000002
0.000001
0.000000
0.000000
0.000000
0.000000
0.000000
0.000000
0.000000
0.000001
0.000001
0.000001
0.000284
0.000294
0.000335
0.000419
0.000812
0.000720
0.000963
0.000000
0.000000
0.000000
0.000001
0.000001
0.000376
0.003954
0.005228
0.000000
0.000000
0.000000
0.000000
0.000000
0.000000
0.000000
0.000002
0.000001
0.000001
0.000000
0.000000
0.000000
0.000000
0.000000
0.000000
0.000000
0.000001
0.000001
0.000001
0.000001
0.000000
0.000001
0.000001
0.000000
0.000000
0.000001
0.000000
0.000000
0.000000
0.000000
0.000000
0.000000
0.000000
0.000000
0.000000
0.000000
0.000000
0.000000
0.000000
0.000000
0.000000
0.000000
0.000001
0.000000
0.000000
0.000001
0.000002
0.000001
0.000000
0.000001
0.000001
0.000002
0.000008
0.000000
0.000000
0.000000
0.000000
0.000000
0.000000
0.000000
0.000002
0.000001
0.000000
0.000000
0.000000
0.000000
0.000000
0.000000
0.000000
0.000000
0.000000
0.000000
0.000000
0.000000
0.000000
0.000000
0.000000
0.000000
0.000000
0.000000
0.000000
0.000000
0.000000
0.000000
0.000001
0.000001
0.000002
0.000001
0.000001
0.000001
0.000002
0.000003
0.000003
0.000004
0.013668
0.013868
0.016949
0.018462
0.012595
0.013213
0.013439
0.000589
0.000089
0.000232
0.000354
0.000716
0.000793
0.000765
0.001334
0.020393
0.069036
0.136011
0.226697
1.879402
3.026445
3.357677
3.791666
0.005325
4.316953
0.020637
0.000228
0.000088
0.000041
0.000024
0.000026
0.000029
0.000047
0.000065
0.000058
0.000069
0.000125
0.000296
0.032354
0.038366
4.678827
4.841570
5.153490
5.342193
5.438129
0.024886
5.776449
5.973343
6.095510
6.232963
6.374975
6.551957
0.145713
6.725173
6.906357
6.984203
7.088567
7.188679
7.215822
7.098924
1.071858
5.872716
6.194807
6.451673
6.758888
6.975882
7.275785
7.377847
7.475095
7.778966
7.945309
7.973612
7.924223
7.575012
7.874298
7.832746
0.003632
0.021112
8.095051
8.190156
8.308037
8.374720
8.397148
8.423076
8.457386
8.454932
8.415920
8.363703
8.304467
8.050248
7.762209
7.531516
7.379854
6.987604
6.686091
5.975229
5.062676
4.581507
4.457004
4.264118
3.997095
3.856298
3.496915
3.128481
2.891779
2.551326
2.164564
0.291303
0.002028
0.002500
0.148894
0.584025
1.512145
2.459764
3.420126
3.806017
4.463979
0.009025
5.424563
6.292401
6.684342
6.957490
7.362346
7.659681
7.670838
7.583672
7.285167
6.561529
4.085123
1.703997
1.223656
0.002379
0.002495
0.002627
0.002996
0.002852
0.002865
0.002893
0.002910
0.002957
0.002972
0.002998
0.007520
