0.104022
0.000262
0.000114
0.000094
0.000091
0.000044
0.001353
0.001337
0.001370
0.001338
0.000028
0.000017
0.000028
0.000052
0.002336
0.006730
0.008092
0.001751
0.001501
0.001002
0.001038
0.002710
0.002187
0.002224
0.002643
0.000012
0.000018
0.001552
0.012417
0.020737
0.023243
0.050146
0.054355
0.239749
0.852744
1.871451
2.347763
2.584358
2.975985
3.021371
0.017982
3.059843
0.018859
3.216117
3.303074
3.297742
3.237314
3.184244
0.000144
0.000079
0.000053
0.000025
0.000029
0.000131
0.000120
0.004339
0.004489
0.004784
0.006782
0.007404
0.005731
0.005529
0.006082
0.006509
0.012316
0.025139
2.975998
2.843764
2.674365
0.039717
1.776383
1.534536
1.135351
0.402316
0.143772
0.125437
0.085831
0.076721
0.006315
0.000357
0.000086
0.000118
0.000135
0.000160
0.000198
0.010915
0.010328
0.010606
0.010840
0.010952
0.010637
0.010509
0.009605
0.009228
0.008108
0.007625
0.007187
0.006611
0.005611
0.001682
0.000258
0.000123
0.000101
0.000371
0.000299
0.000266
0.000190
0.001100
0.001251
0.005541
0.005849
0.028068
0.028468
0.018614
0.007760
0.001491
0.001530
0.000373
0.023995
0.025310
0.033244
0.046699
0.050301
0.065293
0.106655
0.322255
0.379755
0.546389
0.653400
0.707788
0.805190
0.001051
1.433484
1.668733
1.998316
2.364451
3.035662
3.375969
3.782056
4.330136
4.963413
5.620898
6.561709
7.198383
7.528100
7.715685
7.838596
8.008623
8.220125
8.409637
8.364042
8.318113
8.234266
7.930968
7.465813
7.041006
6.688283
6.166482
5.742834
0.040496
0.011641
0.010968
0.007978
0.001925
0.025270
0.211520
4.158923
4.337515
4.285246
4.145720
3.970270
3.843544
0.045287
0.003740
0.002977
0.004039
0.004380
4.425700
4.709054
5.076693
5.468690
5.991394
6.470474
7.044479
7.592739
8.052064
8.275904
8.560447
8.926599
9.205126
9.261531
9.327750
9.406552
9.417560
9.443212
9.464721
9.511143
9.536536
9.567583
9.615148
9.614102
9.614440
9.615798
9.615192
9.614655
9.615075
9.610931
9.607034
9.596662
9.590998
9.586817
9.576054
9.536466
9.482874
9.446462
9.423601
9.407432
9.408474
9.383733
9.366703
9.360849
9.362347
9.375062
9.369132
9.381318
9.405443
9.434806
9.496849
9.560149
9.593792
9.593636
9.596297
9.600217
9.597647
9.592072
9.578287
9.560657
9.530172
9.517979
9.510942
9.343791
9.342310
9.342723
9.345833
9.346383
9.334380
9.330929
9.330136
9.319661
9.299509
9.275364
9.273477
9.284603
9.296323
9.318600
9.329773
9.335739
9.347409
9.349935
9.350732
9.350005
9.350515
9.345497
9.339599
9.337708
9.334552
9.333901
9.336651
9.345236
9.353675
9.354670
9.353899
9.351894
9.349995
9.343326
9.312940
9.243413
9.190915
9.004705
8.887209
8.774546
8.655499
8.476134
8.314043
8.201351
8.030203
7.895490
7.821183
7.760864
7.733815
7.677045
7.658262
7.645479
7.473442
7.338161
7.219100
7.078992
6.959279
6.694940
6.598452
6.530805
6.510824
6.515435
6.497353
6.494699
6.508812
6.521395
6.434745
6.368726
6.347589
6.374997
6.312552
6.288856
6.235522
6.107058
5.976589
5.876156
5.848363
5.805390
5.810458
5.841538
5.897965
5.975003
6.126849
0.004835
0.003689
0.002952
0.002483
6.269636
6.414705
6.523463
6.635850
6.815706
6.812124
0.001570
0.001667
6.896466
6.950783
6.838726
0.003558
0.002444
0.002365
0.001548
0.001255
0.000803
0.000873
0.000975
0.001052
6.698548
6.651260
6.540882
6.452573
6.420511
6.389409
6.386186
6.394148
6.443966
6.542202
6.650029
6.697194
6.772363
6.876995
6.981707
7.027393
7.085008
7.053676
7.020293
7.029426
7.062592
7.005722
6.974229
6.930267
6.874407
6.775264
6.840385
6.771881
6.444940
6.227957
6.064156
5.869444
5.711879
5.596304
5.504976
5.449647
5.411969
5.374539
5.364711
5.358273
5.374640
5.417057
5.480745
5.456867
5.537971
5.645257
5.672028
5.716974
5.760305
5.796839
5.811463
5.828992
5.832813
5.845388
5.806491
5.766897
5.749774
5.698088
5.638566
5.609033
5.562546
5.542815
5.521300
5.536932
5.560867
5.603113
5.701665
5.877793
6.015115
6.117978
6.368543
6.568725
6.771024
6.990476
7.204161
7.502057
7.730164
8.011869
8.065979
8.100815
8.128563
8.137333
8.117038
8.096589
8.082038
8.027280
7.977680
7.921040
7.890084
7.847063
7.813675
7.788789
7.734786
7.644871
7.591349
7.453030
7.378054
7.273472
6.897392
6.784580
6.737487
6.702656
6.673483
6.678297
6.691817
6.702096
0.000871
0.000581
0.000541
0.000280
0.000163
0.000182
0.000644
0.000506
0.000101
0.000213
0.000257
0.000291
0.000019
0.000016
0.000041
0.000087
6.700389
6.690881
6.681235
6.647650
6.629873
6.457419
6.322391
6.203381
6.110514
6.020700
5.951793
5.893828
5.785841
5.652423
6.033144
6.120459
0.008752
6.213972
6.257149
6.341728
6.368604
6.355380
6.355181
6.308861
6.189854
6.058851
6.032459
5.914811
5.815922
5.696158
5.610855
5.498858
5.323951
5.215210
5.091359
5.083993
5.066363
5.071013
5.112307
5.083939
5.101199
5.143509
5.094098
5.152141
5.231304
5.325346
5.451152
5.618578
5.771614
5.928164
5.936782
5.981872
6.027390
5.921419
5.698592
5.565903
5.469664
5.405055
5.179040
4.975442
4.825982
4.685461
4.525382
4.382924
4.276615
4.188917
4.114118
4.034350
3.952733
3.884773
3.770865
3.728161
3.667598
3.632105
3.584280
3.617409
3.591721
3.568722
3.562135
3.614224
3.703633
3.787224
3.896244
3.914115
3.922687
4.052756
3.999667
3.941383
3.925706
3.909022
3.881056
3.892198
3.912071
0.000039
0.000022
0.000058
3.870397
3.871812
3.903623
3.944853
3.990908
4.033436
4.081514
4.128609
4.204324
4.297096
4.387773
4.407573
4.380825
4.343964
4.345072
4.369366
4.423110
4.471932
4.430951
4.329680
4.259354
4.177356
4.095354
4.028912
3.995067
3.970744
3.972131
3.992744
4.126713
4.178829
4.188677
4.212012
4.235390
4.305768
4.301047
4.280330
4.277865
0.001061
0.000901
0.000569
0.000116
0.000105
0.000317
0.000067
0.000038
0.000121
0.000107
0.000023
0.000029
0.000023
0.000024
0.000019
0.000010
0.000055
0.000056
0.000050
0.000062
0.000134
0.000268
0.000613
0.001207
4.265678
4.341859
4.437224
4.534931
4.664390
4.797341
4.987922
5.153159
5.385211
5.698372
5.847174
6.038091
6.304319
6.662438
6.720013
6.761755
6.831080
6.801187
6.704231
6.638196
6.588515
6.559600
6.463272
6.380918
6.302004
6.196498
6.087043
5.989963
5.830885
5.322963
0.777532
0.044161
5.462495
5.627019
5.728079
5.831257
5.866696
5.807014
5.781283
5.589828
5.246292
4.834600
0.176427
0.039956
0.003814
0.018591
3.181097
3.375708
3.368549
3.337335
3.332542
3.331871
0.012375
0.041886
3.428511
3.496478
3.547764
3.540713
3.547647
3.597252
3.613981
3.543710
0.007059
2.775021
2.780561
2.952431
2.981261
2.993614
2.928351
2.671607
3.323437
3.336768
3.364754
3.404208
3.433706
3.460136
3.507857
3.481546
3.454462
2.597505
2.528321
2.454037
2.391589
2.081171
1.831958
1.582969
1.443740
1.301083
0.041532
0.033872
0.031758
0.029780
0.023284
0.020029
0.018504
0.017855
0.017445
0.006784
0.007120
0.006686
0.410266
0.411883
0.951427
1.036677
1.092147
1.374833
1.418182
1.532722
1.644135
3.793865
4.565198
5.277286
0.032916
0.033484
6.014424
6.456567
6.675152
6.916514
7.090843
0.001821
0.000215
0.000202
0.000119
0.000060
0.000051
0.002334
0.002261
0.002148
0.002038
0.002004
0.001923
0.000129
0.000096
0.000097
0.000118
0.000096
0.000593
0.000668
0.000849
0.000971
0.001151
0.001088
0.000753
0.001518
0.000813
0.000761
0.000029
0.000022
0.000016
0.000047
0.000031
0.000024
0.000045
0.000229
0.000038
0.000020
0.000009
0.000003
0.000002
0.000001
0.000001
0.000001
0.000002
0.000004
0.000006
0.000023
0.000015
0.000014
0.000014
0.000003
0.000001
0.000001
0.000001
0.000001
0.000001
0.000001
0.000001
0.000003
0.000003
0.000005
0.000002
0.000002
0.000003
0.000006
0.000005
0.000008
0.000030
0.000047
0.000037
0.000014
0.000002
0.000002
0.000002
0.000001
0.000001
0.000003
0.000007
0.000019
0.000011
0.000011
0.000002
0.000003
0.000005
0.000008
0.000000
0.000000
0.000002
0.000002
0.000002
0.000003
0.000001
0.000005
0.000005
0.000001
0.000002
0.000002
0.000004
0.000008
0.000007
0.000001
0.000001
0.000000
0.000000
0.000000
0.000000
0.000000
0.000000
0.000000
0.000000
0.000000
0.000001
0.000002
0.000009
0.000092
0.000188
0.000297
0.000174
0.000191
0.000261
0.000000
0.000000
0.000000
0.000000
0.000000
0.000001
0.000000
0.000000
0.000000
0.000000
0.000000
0.000001
0.000000
0.000000
0.000000
0.000000
0.000000
0.000000
0.000000
0.000000
0.000000
0.000000
0.000000
0.000000
0.000000
0.000000
0.000000
0.000000
0.000000
0.000000
0.000000
0.000000
0.000000
0.000000
0.000000
0.000000
0.000000
0.000000
0.000000
0.000000
0.000000
0.000000
0.000000
0.000000
0.000000
0.000000
0.000000
0.000000
0.000000
0.000000
0.000000
0.000000
0.000000
0.000000
0.000000
0.000000
0.000000
0.000000
0.000000
0.000000
0.000000
0.000000
0.000000
0.000000
0.000000
0.000000
0.000000
0.000000
0.000000
0.000000
0.000000
0.000000
0.000000
0.000000
0.000000
0.000000
0.000000
0.000000
0.000000
0.000000
0.000000
0.000000
0.000000
0.000000
0.000000
0.000000
0.000000
0.000000
0.000000
0.000000
0.000000
0.000000
0.000000
0.000000
0.000000
0.000000
0.000000
0.000000
0.000000
0.000000
0.000000
0.000000
0.000000
0.000000
0.000000
0.000000
0.000000
0.000000
0.000000
0.000000
0.000000
0.000000
0.000000
0.000000
0.000000
0.000000
0.000000
0.000000
0.000000
0.000000
0.000000
0.000000
0.000000
0.000000
0.000000
0.000000
0.000000
0.000000
0.000000
0.000000
0.000000
0.000000
0.000000
0.000000
0.000000
0.000000
0.000000
0.000000
0.000000
0.000000
0.000000
0.000000
0.000000
0.000000
0.000000
0.000000
0.000000
0.000000
0.000000
0.000000
0.000000
0.000000
0.000000
0.000000
0.000000
0.000000
0.000000
0.000000
0.000000
0.000000
0.000000
0.000000
0.000000
0.000000
0.000000
0.000000
0.000000
0.000000
0.000000
0.000000
0.000000
0.000000
0.000000
0.000000
0.000000
0.000000
0.000000
0.000000
0.000000
0.000000
0.000000
0.000000
0.000000
0.000000
0.000000
0.000000
0.000000
0.000000
0.000000
0.000000
0.000000
0.000000
0.000000
0.000000
0.000000
0.000000
0.000000
0.000000
0.000000
0.000000
0.000000
0.000000
0.000000
0.000000
0.000000
0.000000
0.000000
0.000000
0.000000
0.000000
0.000000
0.000000
0.000000
0.000000
0.000000
0.000000
0.000000
0.000000
0.000000
0.000000
0.000000
0.000000
0.000000
0.000000
0.000000
0.000000
0.000000
0.000000
0.000000
0.000000
0.000000
0.000000
0.000000
0.000000
0.000000
0.000000
0.000000
0.000000
0.000000
0.000000
0.000000
0.000000
0.000000
0.000000
0.000000
0.000000
0.000000
0.000000
0.000000
0.000000
0.000000
0.000000
0.000000
0.000000
0.000000
0.000000
0.000000
0.000000
0.000000
0.000000
0.000000
0.000000
0.000000
0.000000
0.000000
0.000000
0.000000
0.000000
0.000000
0.000000
0.000000
0.000000
0.000000
0.000000
0.000000
0.000000
0.000000
0.000000
0.000000
0.000000
0.000000
0.000000
0.000000
0.000000
0.000000
0.000000
0.000000
0.000000
0.000000
0.000000
0.000000
0.000000
0.000000
0.000000
0.000000
0.000000
0.000000
0.000000
0.000000
0.000000
0.000000
0.000000
0.000000
0.000000
0.000000
0.000000
0.000000
0.000000
0.000000
0.000000
0.000000
0.000000
0.000000
0.000000
0.000000
0.000000
0.000000
0.000000
0.000000
0.000000
0.000000
0.000000
0.000000
0.000000
0.000000
0.000000
0.000000
0.000000
0.000000
0.000000
0.000000
0.000000
0.000000
0.000000
0.000000
0.000000
0.000000
0.000000
0.000000
0.000000
0.000000
0.000000
0.000000
0.000000
0.000000
0.000000
0.000000
0.000000
0.000000
0.000000
0.000000
0.000000
0.000000
0.000000
0.000000
0.000000
0.000000
0.000000
0.000000
0.000000
0.000000
0.000000
0.000000
0.000000
0.000000
0.000000
0.000000
0.000000
0.000000
0.000000
0.000000
0.000000
0.000000
0.000000
0.000000
0.000000
0.000000
0.000000
0.000000
0.000000
0.000000
0.000000
0.000000
0.000000
0.000000
0.000000
0.000000
0.000000
0.000000
0.000000
0.000000
0.000000
0.000000
0.000000
0.000000
0.000000
0.000000
0.000000
0.000000
0.000000
0.000000
0.000000
0.000000
0.000000
0.000000
0.000000
0.000000
0.000000
0.000000
0.000000
0.000000
0.000000
0.000000
0.000000
0.000000
0.000000
0.000000
0.000000
0.000000
0.000000
0.000000
0.000000
0.000000
0.000000
0.000000
0.000000
0.000000
0.000000
0.000000
0.000000
0.000000
0.000000
0.000000
0.000000
0.000000
0.000000
0.000000
0.000000
0.000000
0.000000
0.000000
0.000000
0.000000
0.000000
0.000000
0.000000
0.000000
0.000000
0.000000
0.000000
0.000000
0.000000
0.000000
0.000000
0.000000
0.000000
0.000000
0.000000
0.000000
0.000000
0.000000
0.000000
0.000000
0.000000
0.000000
0.000000
0.000000
0.000000
0.000000
0.000000
0.000000
0.000000
0.000000
0.000000
0.000000
0.000000
0.000000
0.000000
0.000000
0.000000
0.000000
0.000000
0.000000
0.000000
0.000000
0.000000
0.000000
0.000000
0.000000
0.000000
0.000000
0.000000
0.000000
0.000000
0.000000
0.000000
0.000000
0.000000
0.000000
0.000000
0.000000
0.000000
0.000000
0.000000
0.000000
0.000000
0.000000
0.000000
0.000000
0.000000
0.000000
0.000000
0.000000
0.000000
0.000000
0.000000
0.000000
0.000000
0.000000
0.000000
0.000000
0.000000
0.000000
0.000000
0.000000
0.000000
0.000000
0.000000
0.000000
0.000000
0.000000
0.000000
0.000000
0.000000
0.000000
0.000000
0.000000
0.000000
0.000000
0.000000
0.000000
0.000000
0.000000
0.000000
0.000000
0.000000
0.000000
0.000000
0.000000
0.000000
0.000000
0.000000
0.000000
0.000000
0.000000
0.000000
0.000000
0.000000
0.000000
0.000000
0.000000
0.000000
0.000000
0.000000
0.000000
0.000000
0.000000
0.000000
0.000000
0.000000
0.000000
0.000000
0.000000
0.000000
0.000000
0.000000
0.000000
0.000000
0.000000
0.000000
0.000000
0.000000
0.000000
0.000000
0.000000
0.000000
0.000000
0.000000
0.000000
0.000000
0.000000
0.000000
0.000000
0.000000
0.000000
0.000000
0.000000
0.000000
0.000000
0.000000
0.000000
0.000000
0.000000
0.000000
0.000000
0.000000
0.000000
0.000000
0.000000
0.000000
0.000000
0.000000
0.000000
0.000000
0.000000
0.000000
0.000000
0.000000
0.000000
0.000000
0.000000
0.000000
0.000000
0.000000
0.000000
0.000000
0.000000
0.000000
0.000000
0.000000
0.000000
0.000000
0.000000
0.000000
0.000000
0.000000
0.000000
0.000000
0.000000
0.000000
0.000000
0.000000
0.000000
0.000000
0.000000
0.000000
0.000000
0.000000
0.000000
0.000000
0.000000
0.000000
0.000000
0.000000
0.000000
0.000000
0.000000
0.000000
0.000000
0.000000
0.000000
0.000000
0.000000
0.000000
0.000000
0.000000
0.000000
0.000000
0.000000
0.000000
0.000000
0.000000
0.000000
0.000000
0.000000
0.000000
0.000000
0.000000
0.000000
0.000000
0.000000
0.000000
0.000000
0.000000
0.000000
0.000000
0.000000
0.000000
0.000000
0.000000
0.000000
0.000000
0.000000
0.000000
0.000000
0.000000
0.000000
0.000000
0.000000
0.000000
0.000000
0.000000
0.000000
0.000000
0.000000
0.000000
0.000000
0.000000
0.000000
0.000000
0.000000
0.000000
0.000000
0.000000
0.000000
0.000000
0.000000
0.000000
0.000000
0.000000
0.000000
0.000000
0.000000
0.000000
0.000000
0.000000
0.000000
0.000000
0.000000
0.000000
0.000000
0.000000
0.000000
0.000000
0.000000
0.000000
0.000000
0.000000
0.000000
0.000000
0.000000
0.000000
0.000000
0.000000
0.000000
0.000000
0.000000
0.000000
0.000000
0.000000
0.000000
0.000000
0.000000
0.000000
0.000000
0.000000
0.000000
0.000000
0.000000
0.000000
0.000000
0.000000
0.000000
0.000000
0.000000
0.000000
0.000000
0.000000
0.000000
0.000000
0.000000
0.000000
0.000000
0.000000
0.000000
0.000000
0.000000
0.000000
0.000000
0.000000
0.000000
0.000000
0.000000
0.000000
0.000000
0.000000
0.000000
0.000000
0.000000
0.000000
0.000000
0.000000
0.000000
0.000000
0.000000
0.000000
0.000000
0.000000
0.000000
0.000000
0.000000
0.000000
0.000000
0.000000
0.000000
0.000000
0.000000
0.000000
0.000000
0.000000
0.000000
0.000000
0.000000
0.000000
0.000000
0.000000
0.000000
0.000000
0.000000
0.000000
0.000000
0.000000
0.000000
0.000000
0.000000
0.000000
0.000000
0.000000
0.000000
0.000000
0.000000
0.000000
0.000000
0.000000
0.000000
0.000000
0.000000
0.000000
0.000000
0.000000
0.000000
0.000000
0.000000
0.000000
0.000000
0.000000
0.000000
0.000000
0.000000
0.000000
0.000000
0.000000
0.000000
0.000000
0.000000
0.000000
0.000000
0.000000
0.000000
0.000000
0.000000
0.000000
0.000000
0.000000
0.000000
0.000000
0.000000
0.000000
0.000000
0.000000
0.000000
0.000000
0.000000
0.000000
0.000000
0.000000
0.000000
0.000000
0.000000
0.000000
0.000000
0.000000
0.000000
0.000000
0.000000
0.000000
0.000000
0.000000
0.000000
0.000000
0.000000
0.000000
0.000000
0.000000
0.000000
0.000000
0.000000
0.000000
0.000000
0.000000
0.000000
0.000000
0.000000
0.000000
0.000000
7.000476
7.017363
6.985581
6.863077
6.700506
0.701370
0.123082
0.000011
0.000003
0.000002
0.000001
0.000001
0.000000
0.000001
0.000002
0.000002
0.000000
0.000000
0.000000
0.000000
0.000000
0.000001
0.000000
0.000000
0.000000
0.000000
0.000000
0.000002
0.000001
0.000001
0.000000
0.000000
0.000000
0.000000
0.000000
0.000000
0.000000
0.000000
0.000001
0.000000
0.000001
0.000001
0.000000
0.000000
0.000000
0.000000
0.000001
0.000001
0.000001
0.000000
0.000001
0.000000
0.000000
0.000000
0.000000
0.000000
0.000000
0.000000
0.000000
0.000000
0.000000
0.000000
0.000000
0.000000
0.000000
0.000000
0.000000
0.000001
0.000001
0.000001
0.000000
0.000000
0.000001
0.000001
0.000000
0.000001
0.000001
0.000000
0.000000
0.000000
0.000000
0.000000
0.000000
0.000000
0.000000
0.000000
0.000015
0.000000
0.000000
0.000000
0.000000
0.000000
0.000000
0.000000
0.000000
0.000000
0.000000
0.000000
0.000000
0.000000
0.000000
0.000000
0.000002
0.000002
0.000006
0.000008
0.000000
0.000000
0.000000
0.000000
0.003601
