0.000073
0.000062
0.000050
0.000092
0.000079
0.000063
0.000022
0.000024
0.014089
0.013961
0.017002
0.009010
0.000530
0.000037
0.000045
0.000092
0.000134
0.000146
0.000003
0.000421
0.008953
0.010572
0.012813
0.010517
0.016709
0.017446
0.024346
0.023617
0.023448
0.021545
0.020939
0.020761
0.020344
0.020761
0.011568
0.013063
0.009400
0.009655
0.022386
0.023736
0.024051
0.025014
0.000031
0.000014
0.000008
0.000004
0.000017
0.000012
0.000012
0.000008
0.000008
0.000005
0.000007
0.000004
0.000011
0.000017
0.000198
0.000118
0.000156
0.000188
0.000339
0.002580
0.006543
0.006542
0.008595
0.009652
0.450792
0.460354
0.375059
0.066083
0.051214
0.030999
0.028257
0.026214
0.000627
0.000250
0.000107
0.000082
0.000067
0.000053
0.000024
0.000016
0.000010
0.000019
0.000024
0.000018
0.000169
0.000095
0.000021
0.000008
0.000009
0.000012
0.000035
0.000025
0.000030
0.000029
0.000038
0.000040
0.000032
0.000028
0.000022
0.000029
0.000021
0.000039
0.000035
0.000033
0.000050
0.000050
0.000064
0.000027
0.000028
0.000108
0.000145
0.000239
0.004474
0.070598
0.775966
1.492453
2.147605
3.852510
4.350318
4.919645
5.389787
5.597630
5.781720
6.026902
6.161000
6.240440
6.457388
6.411847
6.270427
6.010282
4.598414
4.423144
4.274395
5.602999
5.733922
6.019875
6.423895
6.652738
6.923322
7.061120
7.165145
7.423525
7.493992
7.573761
7.637433
7.665503
7.706126
7.751936
7.799710
7.834479
0.000440
0.000406
0.000356
7.752855
7.320028
6.738231
6.113200
2.099473
3.228043
2.999485
3.025891
0.007999
0.007060
0.002324
0.003043
0.002683
0.006627
4.452636
4.854961
5.356421
5.745654
6.251930
6.767264
7.194492
7.651308
7.870322
8.040633
8.139329
8.158044
8.206253
8.276540
8.399711
8.461598
8.506887
8.577974
8.682905
8.890369
8.900088
8.918920
8.944069
8.974449
8.935883
8.915456
8.919903
8.940145
8.952848
9.001522
9.054620
9.062412
0.000536
0.000306
0.000313
0.000168
0.000677
0.000445
0.000060
0.000198
0.000162
0.000075
0.000087
0.000379
9.032329
9.025429
9.028322
9.143933
9.144235
9.154440
9.168680
9.144825
9.130444
9.133588
0.000643
0.000473
0.001384
0.001588
0.001754
0.007069
0.004695
9.209878
9.269588
9.324789
9.346291
9.301718
9.282599
9.282416
9.302971
9.255649
9.233896
9.224077
9.201896
9.181520
9.167667
9.171235
9.117971
9.076749
9.047629
9.028790
9.011342
9.001884
8.980712
8.956719
8.938969
8.932792
8.918814
8.881693
8.879475
8.883611
8.841121
8.836076
8.817310
9.004228
8.742532
8.631848
8.615959
8.612108
8.606150
8.634106
8.633286
8.627833
8.622312
8.607748
8.599282
8.594774
8.586511
8.564974
8.547316
8.515126
8.470422
0.001799
0.002608
0.001672
8.502824
8.457920
8.427834
8.403907
8.409773
8.376153
8.349270
8.330379
8.273302
8.187990
8.110518
7.786609
7.760709
7.748412
7.748129
7.934737
8.011563
8.041853
8.085399
8.139024
8.214091
8.359091
8.406235
8.449397
8.503203
8.407767
8.321432
0.001289
0.001093
0.000603
0.000578
0.001071
0.000582
0.000524
0.000437
0.000451
0.000281
0.000350
0.000155
0.000028
0.000010
0.000139
0.000090
0.000123
0.000411
0.000397
0.000744
0.000481
0.000120
0.000107
0.000134
0.000116
0.000079
0.000087
0.000065
0.000167
0.000109
0.000013
0.000015
0.000100
0.000087
0.000093
0.000144
0.000185
0.000015
0.000016
0.000019
0.000007
0.000005
0.000023
0.000018
0.000016
0.000014
0.000147
0.000032
0.000026
0.000025
0.000014
0.000013
0.000010
0.000071
0.000083
0.000073
0.000169
0.000005
0.000009
0.000019
0.000019
0.000030
0.000049
0.000058
0.000104
0.000123
0.000323
8.298598
8.324289
8.383331
8.390795
8.402787
8.403312
8.405638
8.407088
8.404843
8.371627
8.356990
8.339885
8.308655
8.264411
8.223151
8.173768
8.003944
7.718040
7.473990
7.294109
6.465474
5.827224
5.323323
4.204031
3.407500
0.053353
0.053609
0.048196
0.000673
0.000311
0.000336
0.011795
0.010995
0.008984
0.007962
0.008078
0.007616
0.011622
0.011306
0.009304
0.008920
0.000274
0.000169
0.000140
0.000099
0.000031
0.000043
0.000044
0.000040
0.000036
0.000042
0.000087
0.000157
1.286479
1.033359
0.025336
0.023135
0.002449
0.001572
0.001545
0.001618
0.001779
0.001722
0.000341
0.011103
0.010317
0.010267
0.010373
0.009857
0.009707
0.008806
0.005094
0.006994
0.008775
0.008826
0.023935
0.023084
0.023663
0.023531
0.024544
0.025644
0.025464
0.025254
0.023762
0.022461
0.021055
0.020025
0.017928
0.016576
0.015184
0.013980
0.001134
0.014339
0.036367
0.039807
0.043454
0.042476
0.049335
0.054784
0.324703
0.200977
0.158827
0.147526
0.115288
0.080095
0.062559
0.026151
0.020641
0.003334
0.000248
0.000032
0.000036
0.000061
0.000027
0.000014
0.000060
0.000112
0.000313
0.002901
0.002821
0.003062
0.003109
0.002751
0.002384
0.002315
0.001872
0.000540
0.000515
0.000447
0.000027
0.000100
0.000030
0.000030
0.000031
0.000031
0.000050
0.000091
0.000206
0.011796
0.011796
0.027388
0.028523
0.028772
0.029588
0.038137
0.037751
0.041585
0.009149
0.483852
0.681089
1.471794
2.227048
2.668767
3.139276
3.122675
2.964400
0.001013
0.000324
0.000182
0.000179
0.000135
0.000120
0.000062
0.000047
0.000013
0.000109
0.000087
0.000076
0.000077
0.000040
0.000013
0.000018
0.000005
0.000006
0.000007
0.000007
0.000009
0.000007
0.000017
0.000004
0.000006
0.000010
0.000005
0.000007
0.000016
0.000008
0.000005
0.000009
0.000003
0.000008
0.000008
0.000010
0.000007
0.000013
0.000030
0.000021
0.000014
0.000030
0.000016
0.000009
0.000007
0.000029
0.000188
0.000133
0.000170
0.000118
0.000178
0.000350
0.000308
0.000418
0.000384
0.000022
0.000004
0.018347
0.000010
0.000014
0.000008
0.000010
0.000006
0.000005
0.000004
0.000004
0.000009
0.000006
0.000004
0.000002
0.000002
0.000002
0.000001
0.000002
0.000001
0.000002
0.000002
0.000002
0.000003
0.000005
0.000002
0.000005
0.000001
0.000001
0.000001
0.000000
0.000000
0.000002
0.000003
0.000003
0.000001
0.000001
0.000001
0.000001
0.000001
0.000001
0.000004
0.000004
0.000001
0.000002
0.000001
0.000001
0.000001
0.000001
0.000001
0.000001
0.000000
0.000001
0.000001
0.000000
0.000001
0.000002
0.000002
0.000004
0.000004
0.000001
0.000001
0.000001
0.000001
0.000000
0.000000
0.000000
0.000000
0.000000
0.000001
0.000000
0.000000
0.000000
0.000000
0.000000
0.000001
0.000000
0.000000
0.000000
0.000000
0.000000
0.000000
0.000001
0.000000
0.000001
0.000001
0.000000
0.000000
0.000000
0.000001
0.000000
0.000000
0.000000
0.000000
0.000001
0.000001
0.000000
0.000000
0.000000
0.000001
0.000000
0.000001
0.000001
0.000002
0.000001
0.000001
0.000001
0.000001
0.000001
0.000002
0.000001
0.000007
0.000002
0.000001
0.000001
0.000001
0.000001
0.000001
0.000000
0.000001
0.000001
0.000000
0.000007
0.000007
0.000010
0.000034
0.000001
0.000000
0.000000
0.000000
0.000000
0.000000
0.000000
0.000000
0.000000
0.000000
0.000000
0.000000
0.000000
0.000000
0.000001
0.000000
0.000001
0.000001
0.000000
0.000001
0.000001
0.000001
0.000001
0.000006
0.000903
0.000907
0.000007
0.000005
0.000003
0.000004
0.000003
0.000001
0.000001
0.000012
0.000006
0.000004
0.000002
0.000000
0.000001
0.000001
0.000001
0.000001
0.000002
0.000002
0.000000
0.000000
0.000000
0.000001
0.000000
0.000001
0.000002
0.000002
0.000000
0.000001
0.000013
0.000014
0.000011
0.000134
0.000239
0.000153
0.000564
0.000023
0.000010
0.000006
0.000003
0.000003
0.000004
0.000001
0.000006
0.000004
0.000002
0.000001
0.000004
0.000004
0.000007
0.000001
0.000006
0.000008
0.000005
0.000002
0.000005
0.000002
0.000001
0.000001
0.000001
0.000002
0.000000
0.000006
0.000003
0.000001
0.000001
2.434340
0.177238
0.000000
0.000000
0.000000
0.000000
0.000000
0.000000
0.000000
0.000002
0.000000
0.000000
0.000000
0.000000
0.000000
0.000000
0.000000
0.000000
0.000000
0.000000
0.000000
0.000000
0.000000
0.000000
0.000000
0.000000
0.000000
0.000000
0.000000
0.000000
0.000000
0.000000
0.000000
0.000000
0.000000
0.000000
0.000000
0.000000
0.000000
0.000000
0.000000
0.000000
0.000000
0.000000
0.000000
0.000000
0.000000
0.000000
0.000000
0.000000
0.000000
0.000000
0.000000
0.000000
0.000000
0.000000
0.000000
0.000000
0.000000
0.000000
0.000000
0.000000
0.000000
0.000000
0.000000
0.000000
0.000000
0.000000
0.000000
0.000000
0.000000
0.000000
0.000000
0.000000
0.000000
0.000000
0.000000
0.000000
0.000000
0.000000
0.000000
0.000000
0.000000
0.000000
0.000000
0.000000
0.000000
0.000000
0.000000
0.000000
0.000000
0.000000
0.000000
0.000000
0.000000
0.000000
0.000000
0.000000
0.000000
0.000000
0.000000
0.000000
0.000000
0.000000
0.000000
0.000000
0.000000
0.000000
0.000000
0.000000
0.000000
0.000000
0.000000
0.000000
0.000000
0.000000
0.000000
0.000000
0.000000
0.000000
0.000000
0.000000
0.000000
0.000000
0.000000
0.000000
0.000000
0.000000
0.000000
0.000000
0.000000
0.000000
0.000000
0.000000
0.000000
0.000000
0.000000
0.000000
0.000000
0.000000
0.000000
0.000000
0.000000
0.000000
0.000000
0.000000
0.000000
0.000000
0.000000
0.000000
0.000000
0.000000
0.000000
0.000000
0.000000
0.000000
0.000000
0.000000
0.000000
0.000000
0.000000
0.000000
0.000000
0.000000
0.000000
0.000000
0.000000
0.000000
0.000000
0.000000
0.000000
0.000000
0.000000
0.000000
0.000000
0.000000
0.000000
0.000000
0.000000
0.000000
0.000000
0.000000
0.000000
0.000000
0.000000
0.000000
0.000000
0.000000
0.000000
0.000000
0.000000
0.000000
0.000000
0.000000
0.000000
0.000000
0.000000
0.000000
0.000000
0.000000
0.000000
0.000000
0.000000
0.000000
0.000000
0.000000
0.000000
0.000000
0.000000
0.000000
0.000000
0.000000
0.000000
0.000000
0.000000
0.000000
0.000000
0.000000
0.000000
0.000000
0.000000
0.000000
0.000000
0.000000
0.000000
0.000000
0.000000
0.000000
0.000000
0.000000
0.000000
0.000000
0.000000
0.000000
0.000000
0.000000
0.000000
0.000000
0.000000
0.000000
0.000000
0.000000
0.000000
0.000000
0.000000
0.000000
0.000000
0.000000
0.000000
0.000000
0.000000
0.000000
0.000000
0.000000
0.000000
0.000000
0.000000
0.000000
0.000000
0.000000
0.000000
0.091585
0.090614
0.000025
0.000000
0.000000
0.000000
0.000000
0.000000
0.000000
0.000000
0.000000
0.000000
0.000000
0.000000
0.000000
0.000000
0.000000
0.000000
0.000000
0.000000
0.000000
0.000000
0.000000
0.000000
0.000000
0.000000
0.000000
0.000000
0.000000
0.000000
0.000000
0.000000
0.000000
0.000000
0.000000
0.000000
0.000000
0.000000
0.000000
0.000000
0.000000
0.000000
0.000000
0.000000
0.000000
0.000000
0.000000
0.000000
0.000000
0.000000
0.000000
0.000000
0.000000
0.000000
0.000000
0.000000
0.000000
0.000000
0.000000
0.000000
0.000000
0.000000
0.000000
0.000000
0.000000
0.000000
0.000000
0.000000
0.000000
0.000000
0.000000
0.000000
0.000000
0.000000
0.000000
0.000000
0.000000
0.000000
0.000000
0.000000
0.000000
0.000000
0.000000
0.000000
0.000000
0.000000
0.000000
0.000000
0.000000
0.000000
0.000000
0.000000
0.000000
0.000000
0.000000
0.000000
0.000000
0.000000
0.000000
0.000000
0.000000
0.000000
0.000000
0.000000
0.000000
0.000000
0.000000
0.000000
0.000000
0.000001
0.000001
0.000000
0.000000
0.000003
0.000001
0.000000
0.000000
0.000000
0.000000
0.000000
0.000000
0.000000
0.000000
0.000000
0.000000
0.000000
0.000000
0.000000
0.000000
0.000000
0.000000
0.000000
0.000000
0.000000
0.000000
0.000000
0.000000
0.000000
0.000000
0.000000
0.000000
0.000000
0.000000
0.000000
0.000000
0.000000
0.000000
0.000000
0.000000
0.000000
0.000000
0.000000
0.000000
0.000000
0.000000
0.000000
0.000000
0.000000
0.000000
0.000000
0.000000
0.000000
0.000000
0.000000
0.000000
0.000000
0.000000
0.000000
0.000000
0.000000
0.000000
0.000000
0.000000
0.000000
0.000008
0.000116
0.000156
0.000165
0.000154
0.000135
0.000026
0.000011
0.000140
0.000209
0.000230
0.000236
0.000244
0.000244
0.000244
0.000000
0.000000
0.000000
0.000000
0.000000
0.000000
0.000000
0.000000
0.000000
0.000000
0.000000
0.000000
0.000000
0.000000
0.000000
0.000000
0.000000
0.000000
0.000000
0.000000
0.000000
0.000000
0.000000
0.000000
0.000000
