0.003246
0.001119
0.000005
0.000590
0.000768
0.000784
0.000715
0.000671
0.000660
0.000011
0.000009
0.000003
0.000002
0.000002
0.000003
0.000005
0.000027
0.000032
0.000032
0.000024
0.000004
0.000008
0.000012
0.000026
0.011112
0.014181
0.022868
0.067070
0.124405
0.167303
0.177531
0.191022
0.225974
0.254895
6.548729
6.552826
6.510781
6.164669
5.936308
5.723311
4.982437
4.246863
2.386561
0.947064
0.687512
0.017545
0.014713
0.010945
0.003991
0.000728
0.000176
0.000180
0.000113
0.000098
0.000097
0.000130
0.000161
0.000244
0.000319
0.007721
0.233889
0.286984
0.300755
2.028214
2.395350
2.816842
0.054636
0.064432
3.894655
4.326366
4.693904
5.016184
5.087966
5.181461
5.339670
5.436203
0.068447
5.761206
6.001482
6.275295
6.555728
0.007098
0.000418
0.000204
0.000171
0.000192
0.000228
0.000340
6.741018
6.828327
6.856711
6.871406
6.961877
6.978747
6.900382
6.727448
6.818218
0.077695
7.065478
7.156263
7.283648
7.210874
7.104416
7.239299
7.251420
7.260334
7.449895
7.474755
7.496367
7.473318
7.420755
0.000929
0.000231
0.000181
0.000146
0.000034
0.000033
0.000013
0.000009
0.000006
0.000004
0.000005
0.000004
0.000003
0.000005
0.000006
0.000012
0.000216
0.000225
0.000230
0.000260
0.000429
0.000710
0.001254
7.485836
7.638026
7.636957
7.634467
6.916033
6.468082
5.655805
3.974591
3.676782
0.088011
3.216778
0.193459
0.214064
4.984334
5.640884
6.098936
6.841665
6.972320
7.100163
7.130844
7.165833
7.164017
7.152203
7.182057
7.074643
6.972908
6.870535
6.682926
6.393422
6.150462
5.939792
5.748616
0.009484
0.054716
0.115359
0.492466
5.230370
0.016175
0.013499
0.003386
0.003210
0.053912
5.413042
5.802911
6.244506
6.555422
6.840348
7.077269
7.277225
7.229092
7.176102
7.085556
6.966653
6.560664
6.159235
5.806404
5.549531
5.296255
4.850677
0.205543
0.068586
5.048716
5.124189
5.267933
5.465437
5.556321
5.365980
5.298672
0.058122
0.056805
0.064971
0.189066
0.205531
6.354691
6.686735
6.901340
7.136352
7.442377
7.728016
7.928482
8.085889
8.119096
8.120851
8.072508
7.682988
7.155590
6.765238
0.024517
0.022659
6.139674
5.822452
5.387775
0.401995
0.612570
0.098503
0.826809
6.209423
6.527584
6.605836
6.738199
6.860811
7.015687
7.085831
7.168529
7.265311
7.387941
7.446021
7.485390
7.495153
7.503208
7.524205
6.295764
0.063664
0.035745
0.000122
0.000115
0.000097
0.000052
0.000023
0.000094
0.000083
0.000055
0.000201
0.000114
0.000088
0.000047
0.000958
0.000920
0.000148
0.000143
0.000047
0.000051
0.000099
0.000108
0.000318
0.000306
0.000083
0.000121
0.000078
0.000116
0.000310
0.000663
0.001386
0.030787
0.030158
4.898362
4.070157
3.562411
3.055243
2.511530
2.228943
1.925163
0.353308
0.307811
0.253426
0.197761
0.055536
0.046576
0.063392
0.000853
0.000265
0.003359
0.002936
0.002889
0.003078
0.003130
0.003179
0.003356
0.003389
0.003561
0.004141
0.003294
0.003535
0.003876
0.004158
0.004467
0.005057
0.015231
0.117214
0.159914
0.208734
1.042254
1.381455
1.778604
2.051260
2.272118
2.556836
0.002376
0.005761
0.030235
0.012962
0.015107
0.005435
0.014864
0.050829
3.468230
4.091424
4.683795
0.013032
0.028836
0.053096
5.610008
6.685407
6.944018
6.971918
7.063944
7.124922
7.108910
7.093084
7.113003
7.115529
7.153449
7.175268
7.214136
7.266996
7.344870
7.461756
7.608007
7.722007
7.778165
7.846734
7.915599
7.988125
8.016852
8.149919
8.092678
6.955043
2.734563
8.120934
8.305056
8.330507
8.471619
8.519886
8.514985
8.495655
8.504108
8.465678
8.491670
8.499787
8.555835
8.552102
8.532905
8.520980
8.491702
8.451826
8.388736
8.325294
8.224789
8.118397
8.015975
7.808928
7.088005
6.462714
5.556302
4.792254
0.023737
0.018782
0.017460
0.016972
5.219878
5.045194
4.664805
0.005015
0.004205
0.003543
0.004463
0.002483
0.007418
0.063648
4.580110
5.774799
6.110579
6.383955
0.002124
0.001501
0.001191
0.001195
0.000732
0.000729
0.000670
0.041372
6.881070
7.051956
7.268806
7.538117
7.599845
7.645182
7.688881
7.712063
7.728761
7.737124
7.847279
7.851826
7.858573
7.868719
7.881754
7.890568
7.901934
7.882856
7.785221
7.675152
7.419028
7.202040
0.077505
7.314979
7.377998
7.381697
7.231189
0.013093
0.013443
0.013145
7.234800
7.402477
7.427307
7.438955
7.449650
7.463633
7.458954
7.464609
7.454388
7.433579
0.001178
0.000578
0.000264
0.000166
0.000056
0.000145
0.000145
0.000104
0.000108
0.000466
0.000494
7.421083
7.418781
7.397147
7.377114
7.279337
0.040717
0.000078
0.000068
0.000015
0.000079
0.000064
0.000038
0.000035
0.000075
0.000037
0.000014
0.000020
0.000017
0.000012
0.000008
0.000011
0.000019
0.000014
0.000011
0.000069
0.000055
0.000059
0.000440
0.000203
0.000044
0.000036
0.000023
0.000011
0.000014
0.000011
0.000018
0.000023
0.000038
0.000145
0.000049
0.000138
0.000112
0.000029
0.000086
0.000042
0.000036
0.000015
0.000032
0.000029
0.000021
0.000040
0.000051
0.000022
0.000024
0.000031
0.000033
0.000109
0.000103
0.000070
0.000122
0.000169
0.000209
0.037793
0.035517
7.186988
7.045449
7.102651
7.108658
7.216318
7.231026
7.250915
0.082862
7.788302
7.841412
7.850628
7.867458
7.898517
7.919465
7.934711
7.944449
7.949216
7.947339
7.945014
7.944259
7.926987
7.892489
7.887788
7.865189
0.264496
7.497921
7.540784
7.751903
0.000005
0.000001
0.000001
0.000002
0.000002
0.000002
0.000002
0.000000
0.000000
0.000000
0.000000
0.000000
0.000000
0.000000
0.000000
0.000000
0.000000
0.000000
0.000000
0.000000
0.000000
0.000000
0.000000
0.000000
0.000000
0.000000
0.000000
0.000000
0.000000
0.000000
0.000000
0.000000
0.000000
0.000000
0.000000
0.000000
0.000000
0.000000
0.000000
0.000000
0.000000
0.000000
0.000000
0.000000
0.000000
0.000000
0.000000
0.000000
0.000000
0.000000
0.000000
0.000000
0.000000
0.000000
0.000000
0.000000
0.000000
0.000000
0.000000
0.000000
0.000000
0.000000
0.000000
0.000000
0.000000
0.000000
0.000000
0.000000
0.000000
0.000000
0.000000
0.000000
0.000000
0.000000
0.000000
0.000000
0.000000
0.000000
0.000001
0.000002
0.000006
0.000010
7.714353
7.728500
7.736217
7.738693
7.738919
7.739545
7.737742
7.745307
7.746624
7.751653
7.745484
7.728255
7.703477
7.691159
7.658897
7.638977
7.629369
7.627498
7.623683
7.630330
7.630264
7.622181
7.604614
7.513641
7.471866
7.391285
0.096705
6.925002
7.123099
7.215642
7.215633
7.179058
7.147148
7.077359
6.915059
5.704194
5.580276
0.000217
0.000169
0.000125
0.000039
0.000040
0.000071
0.000022
0.000012
0.000007
0.000007
0.000007
0.000009
0.000005
0.000034
0.000020
0.000015
0.000043
0.000038
0.000029
0.000024
0.000058
0.000083
0.000020
0.000086
0.000019
0.000054
0.000045
0.000055
0.000021
0.000016
0.000032
0.000030
0.000005
0.000004
0.000008
0.000009
0.000003
0.000005
0.000006
0.000004
0.000003
0.000004
0.000009
0.000020
0.000023
0.000043
0.000030
0.000008
0.000010
0.000009
0.000008
0.000010
0.000021
0.000014
0.000029
0.000156
0.000205
0.000113
0.000277
0.000087
0.000111
0.001017
0.000068
0.000600
0.000566
0.000560
0.000446
0.000045
0.000051
0.000034
0.000035
0.000045
5.461812
5.539189
5.681221
5.722544
5.820147
5.914230
6.006732
6.020838
6.026417
6.057389
6.092070
0.019426
0.038035
6.147062
6.257645
6.364925
0.000495
0.000424
0.000400
0.000158
0.000048
0.000031
0.000031
0.000054
0.000114
0.000032
0.000037
0.000039
0.000080
0.000016
0.000012
0.000011
0.000016
0.000016
0.000016
0.000023
0.000028
0.000100
0.000453
0.000508
0.000590
0.014737
0.016409
6.473154
6.578688
6.676563
6.768741
6.883815
6.987294
7.083772
7.114185
7.113920
7.118105
7.128074
7.136149
7.078296
0.043790
7.060646
7.035526
7.030036
0.073363
7.166647
7.310931
7.373744
7.391315
7.395990
7.406333
7.382501
0.000509
0.000158
0.000114
0.000082
0.000030
0.000014
0.000009
0.000008
0.000016
0.000010
0.000011
0.000009
0.000007
0.000010
0.000014
0.000030
0.000363
0.000370
0.000028
0.000035
0.000053
0.000436
0.000230
0.000222
0.000282
0.000314
0.000441
0.001686
7.502774
7.522528
7.534833
7.540307
7.538105
7.538563
7.537611
7.545675
7.546120
7.549895
7.559987
7.558978
7.560503
7.563779
7.565590
7.567068
7.567004
7.566686
7.566522
7.567562
7.568175
7.569235
7.565202
7.573986
7.575757
7.562822
7.545093
7.397669
7.315488
6.484507
5.394822
0.108249
0.001865
0.001019
0.000500
0.000239
0.000149
0.000078
0.000079
0.000028
0.000047
0.000048
0.000035
0.000019
0.000025
0.000039
0.000041
0.000011
0.000012
0.000008
0.000008
0.000004
0.000008
0.000005
0.000003
0.000007
0.000009
0.000007
0.000004
0.000015
0.000009
0.000004
0.000009
0.000007
0.000008
0.000005
0.000004
0.000004
0.000004
0.000004
0.000003
0.000003
0.000003
0.000001
0.000002
0.000003
0.000003
0.000008
0.000004
0.000007
0.000003
0.000002
0.000003
0.000003
0.000001
0.000001
0.000001
0.000001
0.000001
0.000002
0.000002
0.000001
0.000001
0.000001
0.000001
0.000002
0.000001
0.000001
0.000001
0.000001
0.000001
0.000001
0.000001
0.000001
0.000001
0.000002
0.000001
0.000000
0.000000
0.000000
0.000001
0.000000
0.000000
0.000000
0.000001
0.000001
0.000000
0.000000
0.000000
0.000000
0.000000
0.000000
0.000000
0.000000
0.000000
0.000000
0.000001
3.103247
1.734837
0.707178
0.149470
0.072839
0.012515
0.000075
0.000018
0.000006
0.000000
0.000000
0.000000
0.000000
0.000000
0.000000
0.000000
0.000000
0.000000
0.000000
0.000000
0.000000
0.000000
0.000000
0.000000
0.000000
0.000000
0.000000
0.000000
0.000000
0.000000
0.000000
0.000000
0.000000
0.000000
0.000000
0.000000
0.000000
0.000000
0.000000
0.000000
0.000000
0.000000
0.000000
0.000000
0.000000
0.000000
0.000000
0.000000
0.000000
0.000000
0.000000
0.000000
0.000000
0.000000
0.000000
0.000000
0.000000
0.000000
0.000000
0.000000
0.000000
0.000000
0.000000
0.000000
0.000000
0.000000
0.000000
0.000000
0.000000
0.000000
0.000000
0.000000
0.000000
0.000000
0.000000
0.000000
0.000000
0.000000
0.000000
0.000000
0.000000
0.000000
0.000000
0.000000
0.000000
0.000000
0.000000
0.000000
0.000000
0.000000
0.000000
0.000000
0.000000
0.000000
0.000000
0.000000
0.000000
0.000000
0.000000
0.000000
0.000000
0.000000
0.000000
0.000000
0.000000
0.000000
0.000000
0.000000
0.000000
0.000000
0.000000
0.000000
0.000000
0.000000
0.000000
0.000000
0.000000
0.000000
0.000000
0.000000
0.000000
0.000000
0.000000
0.000000
0.000000
0.000000
0.000000
0.000000
0.000000
0.000000
0.000000
0.000000
0.000000
0.000000
0.000000
0.000005
0.000003
0.000002
0.000001
0.000001
0.000000
0.000000
0.000000
0.000000
0.000000
0.000000
0.000001
0.000001
0.000000
0.000000
0.000000
0.000000
0.000000
0.000000
0.000000
0.000000
0.000000
0.000000
0.000000
0.000000
0.000000
0.000000
0.000000
0.000002
0.000000
0.000000
0.000000
0.000000
0.000000
0.000000
0.000000
0.000000
0.000000
0.000000
0.000000
0.000000
0.000000
0.000000
0.000000
0.000000
0.000000
0.000000
0.000000
0.000000
0.000000
0.000000
0.000000
0.000000
0.000000
0.000000
0.000000
0.000000
0.000000
0.000000
0.000000
0.000000
0.000000
0.000000
0.000000
0.000000
0.000000
0.000000
0.000000
0.000000
0.000000
0.000000
0.000000
0.000000
0.000000
0.000000
0.000000
0.000000
0.000000
0.000000
0.000000
0.000000
0.000000
0.000000
0.000000
0.000000
0.000000
0.000000
0.000000
0.000000
0.000000
0.000000
0.000000
0.000000
0.000000
0.000000
0.000000
0.000000
0.000006
0.000000
0.000000
0.000000
0.000000
0.000000
0.000000
0.000000
0.000000
0.000000
0.000000
0.000000
0.000000
0.000000
0.000000
0.000000
0.000000
0.000000
0.000000
0.000000
0.000000
0.000000
0.000000
0.000000
0.000000
0.000000
0.000000
0.000000
0.000000
0.000000
0.000000
0.000000
0.000000
0.000000
0.000000
0.000000
0.000000
0.000000
0.000000
0.000000
0.000000
0.000000
0.000000
0.000000
0.000000
0.000000
0.000000
0.000000
0.000000
0.000000
0.000000
0.000000
0.000000
0.000000
0.000000
0.000000
0.000000
0.000000
0.000000
0.000000
0.000000
0.000000
0.000000
0.000000
0.000000
0.000000
0.000000
0.000000
0.000000
0.000000
0.000000
0.000000
0.000000
0.000000
0.000000
0.000000
0.000000
0.000000
0.000000
0.000000
0.000000
0.000000
0.000000
0.000000
0.000000
0.000000
0.000000
0.000000
0.000000
0.000000
0.000000
0.000000
0.000000
0.000000
0.000000
0.000000
0.000000
0.000000
0.000000
0.000000
0.000000
0.000000
0.000000
0.000000
0.000000
0.000000
0.000000
0.000000
0.000000
0.000000
0.000000
0.000000
0.000000
0.000000
0.000000
0.000000
0.000000
