0.005878
0.005820
0.000000
0.000000
0.000000
0.000000
0.000000
0.000000
0.000000
0.000000
0.000000
0.000000
0.000000
0.000000
0.000001
0.000333
0.000281
0.008499
0.008253
0.000178
0.000168
0.000164
0.000162
0.000144
0.000008
0.000001
0.000000
0.000000
0.000000
0.000000
0.000001
0.000000
0.000000
0.000000
0.000000
0.000000
0.000000
0.000000
0.000000
0.000000
0.000000
0.000000
0.000000
0.000000
0.000000
0.000000
0.000000
0.000000
0.000000
0.000000
0.000000
0.000000
0.000000
0.000000
0.000000
0.000000
0.000000
0.000000
0.000000
0.000000
0.000000
0.000000
0.000000
0.000000
0.000000
0.000000
0.000000
0.000055
0.000016
0.000023
0.000039
0.000030
0.000000
0.000000
0.000000
0.000000
0.000000
0.000000
0.000000
0.000000
0.000000
0.000000
0.000000
0.000000
0.000000
0.000000
0.000000
0.000000
0.000000
0.000000
0.000000
0.000000
0.000000
0.000000
0.000000
0.000000
0.000000
0.000000
0.000000
0.000000
0.000000
0.000000
0.000000
0.000000
0.000000
0.000000
0.000000
0.000000
0.000000
0.000000
0.000000
0.000000
0.000000
0.000000
0.000000
0.000000
0.000000
0.000000
0.000000
0.000000
0.000000
0.000000
0.000000
0.000000
0.000000
0.000000
0.000000
0.000000
0.000000
0.000000
0.000000
0.000000
0.000000
0.000000
0.000000
0.000000
0.000000
0.000000
0.000000
0.000000
0.000000
0.000000
0.000000
0.000000
0.000000
0.000000
0.000000
0.000000
0.000000
0.000000
0.000000
0.000000
0.000000
0.000000
0.000000
0.000000
0.000000
0.000000
0.000000
0.000000
0.000000
0.000000
0.000000
0.000000
0.000000
0.000000
0.000000
0.000000
0.000000
0.000000
0.000000
0.000000
0.000000
0.000000
0.000000
0.000000
0.000000
0.000000
0.000000
0.000000
0.000000
0.000000
0.000000
0.000000
0.000000
0.000000
0.000000
0.000000
0.000000
0.000000
0.000000
0.000000
0.000000
0.000000
0.000000
0.000000
0.000000
0.000000
0.000000
0.000000
0.000000
0.000000
0.000000
0.000000
0.000000
0.000000
0.000000
0.000000
0.000000
0.000000
0.000000
0.000000
0.000000
0.000000
0.000000
0.000000
0.000000
0.000000
0.000000
0.000000
0.000000
0.000000
0.000000
0.000000
0.000000
0.000000
0.000000
0.000000
0.000000
0.000000
0.000000
0.000000
0.000000
0.000000
0.000000
0.000000
0.000000
0.000000
0.000000
0.000000
0.000000
0.000000
0.000000
0.000000
0.000000
0.000000
0.000000
0.000000
0.000000
0.000000
0.000000
0.000000
0.000014
0.011168
0.000000
0.000000
0.000000
0.000001
0.000000
0.000000
0.000000
0.000000
0.000000
0.000000
0.000000
0.000000
0.000000
0.000000
0.000000
0.000000
0.000000
0.000000
0.000000
0.000000
0.000000
0.000000
0.000000
0.000000
0.000000
0.000000
0.000000
0.000000
0.000000
0.000000
0.000000
0.000000
0.000000
0.000000
0.000000
0.000000
0.000000
0.000000
0.000000
0.000000
0.000000
0.000000
0.000000
0.000000
0.000000
0.000000
0.000000
0.000000
0.000000
0.000000
0.000000
0.000000
0.000000
0.000000
0.000000
0.000000
0.000000
0.000000
0.000000
0.000000
0.000000
0.000000
0.000000
0.000000
0.000000
0.000000
0.000000
0.000000
0.000000
0.000000
0.000000
0.000000
0.000000
0.000000
0.000000
0.000000
0.000000
0.000000
0.000000
0.000000
0.000000
0.000000
0.000000
0.000000
0.000000
0.000000
0.000000
0.000000
0.000000
0.000000
0.000000
0.000000
0.000000
0.000000
0.000000
0.000000
0.000000
0.000000
0.000000
0.000000
0.000000
0.000000
0.000000
0.000000
0.000000
0.000000
0.000000
0.000000
0.000000
0.000000
0.000000
0.000000
0.000000
0.000000
0.000000
0.000000
0.000000
0.000000
0.000000
0.000000
0.000000
0.000000
0.000000
0.000000
0.000000
0.000000
0.000000
0.000000
0.000000
0.000000
0.000000
0.000000
0.000000
0.000000
0.000000
0.000000
0.000000
0.000000
0.000000
0.000000
0.000000
0.000000
0.000000
0.000000
0.000000
0.000000
0.000000
0.000000
0.000000
0.000000
0.000000
0.000000
0.000000
0.000000
0.000000
0.000000
0.000000
0.000000
0.000000
0.000000
0.000000
0.000000
0.000000
0.000000
0.000000
0.000000
0.000000
0.000000
0.000000
0.000000
0.000000
0.000000
0.000000
0.000000
0.000000
0.000000
0.000000
0.000000
0.000000
0.000000
0.000000
0.000000
0.000000
0.000000
0.000000
0.000000
0.000000
0.000000
0.000000
0.000000
0.000000
0.000000
0.000000
0.000000
0.000000
0.000000
0.000000
0.000000
0.000000
0.000000
0.000000
0.000000
0.000000
0.000000
0.000000
0.000000
0.000000
0.000000
0.000000
0.000000
0.000000
0.000000
0.000000
0.000000
0.000000
0.000000
0.000000
0.000000
0.000000
0.000000
0.000000
0.000000
0.000000
0.000000
0.000000
0.000000
0.000000
0.000000
0.000000
0.000000
0.000000
0.000000
0.000000
0.000000
0.000000
0.000000
0.000000
0.000000
0.000000
0.000000
0.000000
0.000000
0.000000
0.000000
0.000000
0.000000
0.000000
0.000000
0.000000
0.000000
0.000000
0.000000
0.000000
0.000000
0.000000
0.000000
0.000000
0.000000
0.000000
0.000000
0.000000
0.000000
0.000000
0.000000
0.000000
0.000000
0.000000
0.000000
0.000000
0.000000
0.000000
0.000000
0.000000
0.000000
0.000000
0.000000
0.000000
0.000000
0.000000
0.000000
0.000000
0.000000
0.000000
0.000000
0.000000
0.000000
0.000000
0.000000
0.000000
0.000000
0.000000
0.000000
0.000000
0.000000
0.000000
0.000000
0.000000
0.000000
0.000000
0.000000
0.000000
0.000000
0.000000
0.000000
0.000000
0.000000
0.000000
0.000000
0.000000
0.000000
0.000000
0.000000
0.000000
0.000000
0.000000
0.000000
0.000000
0.000000
0.000000
0.000000
0.000000
0.000000
0.000000
0.000000
0.000000
0.000000
0.000000
0.000000
0.000000
0.000000
0.000000
0.000000
0.000000
0.000000
0.000000
0.000000
0.000000
0.000000
0.000000
0.000000
0.000000
0.000000
0.000000
0.000000
0.000000
0.000000
0.000000
0.000051
0.017213
0.020958
3.296816
2.996523
2.666292
2.219368
1.838748
0.000005
0.000000
0.000000
0.000000
0.000000
0.000000
0.000000
0.000000
0.000000
0.000000
0.000000
0.000000
0.000000
0.000000
0.000000
0.000000
0.000000
0.000000
0.000000
0.000000
0.000000
0.000000
0.000007
0.000005
0.000004
0.000003
0.000003
0.000000
0.000000
0.000000
0.000000
0.000000
0.000000
0.000000
0.000000
0.000000
0.000000
0.000000
0.000000
0.000000
0.000000
0.000000
0.000000
0.000000
0.000000
0.000000
0.000000
0.000000
0.000000
0.000000
0.000000
0.000000
0.000000
0.000000
0.000000
0.000000
0.000000
0.000000
0.000000
0.000000
0.000000
0.000009
0.000009
0.000012
0.000011
0.000010
0.000009
0.000010
0.000009
0.000009
0.000009
0.000017
0.000015
0.000008
0.000007
0.000009
0.000010
0.000011
0.000009
0.000008
0.000007
0.000005
0.000003
0.000004
0.000012
0.000013
0.000002
0.000002
0.000020
0.000021
0.000023
0.000037
0.000031
0.000030
0.000030
0.000024
0.000019
0.000017
0.000015
0.000000
0.000000
0.000000
0.000000
0.000000
0.000000
0.000000
0.000000
0.000000
0.000000
0.000000
0.000000
0.000000
0.000000
0.000000
0.000000
0.000000
0.000000
0.000000
0.000000
0.000000
0.000000
0.000000
0.000000
0.000000
0.000000
0.000000
0.000000
0.000000
0.000000
0.000000
0.000000
0.000000
0.000000
0.000000
0.000000
0.000000
0.000000
0.000000
0.000000
0.000000
0.000000
0.000000
0.000000
0.000000
0.000000
0.000000
0.000000
0.000000
0.000000
0.000000
0.000000
0.000000
0.000000
0.000000
0.000000
0.000000
0.000000
0.000000
0.000000
0.000000
0.000000
0.000000
0.000000
0.000000
0.000000
0.000000
0.000000
0.000001
0.000032
0.000033
0.000038
0.000046
0.000048
0.000050
0.000058
0.000058
0.000001
0.000001
0.000000
0.000000
0.000000
0.000000
0.000000
0.000000
0.000000
0.000000
0.000000
0.000000
0.000000
0.000000
0.000000
0.000000
0.000000
0.000000
0.000000
0.000000
0.000000
0.000000
0.000000
0.000000
0.000000
0.000011
0.000010
0.000008
0.000013
0.000000
0.000000
0.000000
0.000000
0.000000
0.000000
0.000000
0.000000
0.000000
0.000000
0.000000
0.000000
0.000000
0.000000
0.000000
0.000000
0.000005
0.000005
0.000089
0.000094
0.000117
0.000112
0.000102
0.000099
0.000112
0.000102
0.000098
0.000094
0.000090
0.000092
0.000002
0.000000
0.000000
0.000000
0.000000
0.000000
0.000000
0.000000
0.000000
0.000000
0.000001
0.000000
0.000000
0.000000
0.000000
0.000000
0.000000
0.000000
0.000000
0.000001
0.000002
0.000002
0.000000
0.000001
0.000000
0.000000
0.000000
0.000000
0.000000
0.000000
0.000000
0.000000
0.000000
0.000000
0.000000
0.000000
0.000000
0.000000
0.000000
0.000000
0.000000
0.000000
0.000001
0.000002
0.000002
0.000000
0.000001
0.000003
0.000001
0.000000
0.000000
0.000001
0.000001
0.000000
0.000001
0.000001
0.000002
0.000002
0.000004
0.000003
0.000002
0.000002
0.000001
0.000001
0.000001
0.000001
0.000000
0.000001
0.000001
0.000001
0.000001
0.000001
0.000001
0.000002
0.000002
0.000001
0.000001
0.000004
0.000002
0.000001
0.000001
0.000002
0.000002
0.000002
0.000001
0.000005
0.000003
0.000003
0.000005
0.000008
0.000008
0.000025
0.000038
0.000036
0.000038
0.000573
0.000934
0.000943
0.000862
0.000871
0.000365
0.000044
0.000014
0.000017
0.000008
0.000005
0.000004
0.000012
0.000015
0.000026
0.000005
0.000018
0.000017
0.000014
0.000114
0.000125
0.000133
0.000216
0.000146
0.000126
0.000118
0.000196
0.000263
0.000337
0.000249
0.000040
0.000024
0.000010
0.000009
0.000014
0.000014
0.000009
0.000011
0.000013
0.000014
0.000013
0.000019
0.000005
0.000056
0.000062
0.003500
0.003687
0.003760
0.000133
0.000095
0.000036
0.000025
0.000039
0.000053
0.000067
0.000079
0.000254
0.000246
0.008024
0.013258
0.026575
0.029584
0.059916
0.299439
0.589999
0.968421
1.141717
1.784184
2.596085
3.237332
4.546028
4.893207
5.273318
6.013904
6.410304
0.000096
0.000082
0.000107
0.000119
6.737823
7.157263
0.000813
0.000725
0.000185
7.462555
7.783739
7.942020
8.057800
8.112780
8.082838
8.050049
7.916124
7.208023
6.707360
0.189148
0.000213
0.000128
0.000054
0.018123
0.359320
5.437265
5.987766
6.605039
7.377747
7.927225
8.473021
8.893078
8.928293
8.968175
8.952076
8.852469
0.004320
0.000039
0.000030
0.002923
0.002863
0.002818
0.002932
0.002979
0.002956
0.002395
0.002236
0.002078
0.001770
0.001621
0.001566
0.001584
0.006988
0.013072
0.001246
0.001089
0.000050
0.000045
0.000036
0.000045
0.000045
0.000060
0.000458
0.002503
0.109305
0.113566
0.141491
0.151589
9.508183
9.584274
9.600745
9.602637
9.588846
9.562477
9.457563
0.229471
9.269874
9.285040
9.289208
9.303995
9.324413
9.324926
9.229456
9.390034
9.077345
8.821902
7.987300
0.126996
0.061872
0.011199
0.074674
0.143272
6.672844
7.263797
7.588899
7.920392
8.317217
8.352923
8.177166
8.071226
7.990078
7.646352
7.206886
6.278662
6.096339
5.449576
5.121153
4.843633
4.377419
0.689136
0.688351
0.138015
0.016849
0.017537
0.018006
0.021830
0.025721
0.071220
0.269267
7.439209
8.271447
9.391394
9.586948
9.658191
9.585808
9.521951
9.461802
9.360125
9.235791
0.085672
9.198412
9.190097
0.225373
0.235122
9.524071
9.689444
9.813714
9.827798
9.808145
9.778660
9.563227
9.257372
9.000575
8.478356
9.315285
9.419921
9.490761
9.582961
9.654136
9.525285
9.506960
9.440179
9.210804
8.997736
8.899307
8.789162
0.403826
8.837049
8.983341
8.904418
8.596554
8.289358
7.996824
0.006207
0.002886
0.001702
0.000538
0.000363
0.000242
0.000170
0.000134
0.000064
0.000059
6.723008
5.722738
4.956544
3.993365
3.561198
3.079206
2.668460
2.317077
0.002401
0.475146
0.264358
0.063949
0.139969
0.280864
0.353062
0.377440
0.017900
0.013807
0.013468
0.013043
0.013047
0.000767
0.000564
0.000361
0.000175
0.003495
0.005103
0.986459
1.064602
1.220278
1.259619
1.256460
0.060377
0.004419
0.000647
0.000324
0.000894
1.293947
1.304303
1.209915
1.106428
1.010528
0.912627
0.839882
0.764102
0.191959
0.169122
0.092085
0.069261
0.054914
0.026384
0.010566
0.009804
0.008785
0.008381
0.008042
0.008107
0.007702
0.019128
0.105335
0.109937
0.126073
0.449986
0.464136
0.412541
0.360419
0.016217
0.421975
0.409495
0.393522
0.361101
0.335745
0.337320
0.327848
0.299237
0.274744
0.261839
0.159314
0.120976
0.091242
0.082214
0.042923
0.013475
0.012425
0.004645
0.010747
0.011496
0.011142
0.009188
0.006278
0.004957
0.007029
0.020994
0.020860
0.018596
0.019099
0.018267
0.011945
0.012345
0.013344
0.000202
0.012108
0.012659
0.006237
0.009454
0.010517
0.365538
0.396964
0.423916
0.466390
0.009746
0.716508
0.759710
0.702962
0.217991
0.206412
0.199447
0.075272
0.072608
0.000038
0.000148
0.000026
0.000027
0.000021
0.001418
0.022246
0.106203
0.365386
0.360449
0.328262
0.310475
0.279221
0.008855
0.007633
0.007153
0.006283
0.006579
0.006713
0.000736
0.000590
0.001193
0.004593
0.004178
0.011755
0.202244
0.146106
0.093404
0.042312
0.023500
0.011289
0.006477
0.005817
0.005274
0.000220
0.000235
0.000301
0.000349
0.000147
0.000066
0.005810
0.006002
0.006097
0.001728
0.002628
0.001858
0.005703
0.012582
0.017318
0.073277
0.078456
0.090265
0.129051
0.145491
0.160036
0.204600
0.207079
0.206469
0.197991
0.226723
0.230315
0.229068
0.151317
0.148282
0.103381
0.060781
0.061880
0.003761
0.003592
0.001647
0.002007
0.003383
0.003636
0.000050
0.000037
0.000030
0.000023
0.000021
0.000024
0.000028
0.000024
0.000068
0.000028
0.000027
0.000031
0.000112
0.000154
0.000130
0.000058
0.000065
0.000183
0.000083
0.000035
0.000062
0.000063
0.000390
0.012754
0.013507
0.014608
0.029528
0.036225
0.049707
0.335696
0.381484
0.417598
0.451698
0.478242
0.521013
0.446574
0.399810
0.256138
0.214278
0.176206
0.000421
0.000417
0.000384
0.000969
0.039737
0.032615
0.027736
0.000765
0.000742
0.006043
0.010654
0.010248
0.002466
0.001462
0.059130
0.100836
0.150880
0.167817
0.191770
0.332539
0.410166
0.441579
0.480289
0.190096
0.224668
0.159694
0.010794
0.008183
0.000558
0.001724
0.629075
0.662085
0.671271
0.583877
0.596179
0.616026
0.023467
0.948683
0.983168
1.034315
1.060017
1.080593
1.086923
1.094487
0.003261
0.002381
0.000753
0.000454
0.000217
1.010445
0.987187
0.844469
0.845871
0.010155
0.000224
0.000154
0.000068
0.000067
0.000109
0.000091
0.000095
0.000108
0.000092
0.000231
0.000384
0.000436
0.000655
0.001477
0.001738
0.005098
0.005497
0.005646
0.006055
0.008415
0.008184
0.007913
0.006732
0.005588
0.004982
0.004932
0.000193
0.000035
0.000031
0.000013
0.000008
0.000054
0.000036
0.000055
0.000070
0.000093
0.000126
0.000169
0.000199
0.000244
0.000275
0.000297
0.000079
0.001017
0.001853
0.002570
0.003208
0.004045
0.004833
0.005082
0.005280
0.005519
0.005656
0.005553
0.005232
0.004715
0.004111
0.003709
0.002993
0.002390
0.000301
0.000268
0.000284
0.000382
0.000408
0.000293
0.000337
0.005076
0.005574
0.005576
0.005688
0.005300
0.000438
0.000669
0.004430
0.004915
0.005375
0.005582
0.004905
0.004455
0.002818
0.002797
0.002730
0.002722
0.002800
0.002655
0.003080
0.002591
0.000700
0.000714
0.000697
0.000663
0.000645
0.000627
0.001856
0.002137
0.002096
0.002144
0.002262
0.002434
0.002792
0.002872
0.002943
0.002975
0.002806
0.002755
0.002684
0.002519
0.002505
0.002540
0.000972
0.001232
0.001623
0.002105
0.002213
0.002246
0.002350
0.000032
0.000044
0.000157
0.000035
0.000014
0.000022
0.000009
0.000523
0.000753
0.000878
0.000967
0.001002
0.000897
0.000903
0.000913
0.001135
0.001116
0.003291
0.003813
1.094275
1.128018
1.079480
1.057721
1.042277
1.020525
0.961026
0.911634
0.861628
0.027507
0.011706
0.006868
0.004065
0.004572
0.007096
0.008271
0.482246
0.490208
0.394684
0.464078
0.508237
0.514122
0.472599
0.472788
0.457789
0.178904
0.160250
0.147169
0.084058
0.084637
0.044263
0.009086
0.125986
0.465548
0.475344
0.489522
0.494490
0.499810
0.508066
0.484075
0.253032
0.087926
0.071421
0.055657
0.040575
0.004061
0.000307
0.000308
0.015891
0.018273
0.030788
0.034779
0.159141
0.325033
0.322554
0.001509
0.624035
0.631634
0.639812
0.647066
0.662366
0.101412
0.084496
0.048620
0.038833
0.001679
0.001719
0.001911
0.001902
0.038522
0.141883
0.158118
0.200862
1.325087
1.478485
1.657753
1.884506
0.004119
2.378948
2.786616
3.307348
3.846107
4.023671
4.216556
4.386769
4.404520
0.002977
4.317785
4.302893
4.062159
3.604460
3.019336
0.005005
0.003634
0.003314
0.001748
0.107320
2.799040
2.955869
3.012959
2.622957
2.078292
0.092699
0.052438
0.002402
0.000257
0.000036
0.000480
