0.026111
0.009116
0.007714
0.000000
0.000100
0.000095
0.000034
0.005332
0.005277
0.009977
0.009938
0.001050
0.000119
0.000103
0.000097
0.000018
0.000010
0.000010
0.000008
0.000265
0.000222
0.002694
0.002741
0.002845
0.002682
0.002421
0.002087
0.001936
0.001735
0.001332
0.000986
0.000776
0.000004
0.000039
0.000036
0.000029
0.000042
0.000105
0.000043
0.000035
0.000035
0.000082
0.000521
0.000667
0.009370
0.009693
0.010349
0.010386
0.000030
0.000066
0.000000
0.000000
0.034237
0.035798
0.036219
0.000143
0.000092
0.000075
0.000197
0.000142
0.000046
0.000115
0.000249
0.000101
0.000151
0.000333
0.038851
0.043169
0.046199
0.043067
0.000250
0.000145
0.000198
0.000073
0.000067
0.000090
0.000000
0.000000
0.000000
0.000000
0.000000
0.000000
0.000000
0.000000
0.000000
0.000000
0.000000
0.000000
0.000000
0.000000
0.000000
0.000000
0.000000
0.000000
0.000000
0.000000
0.000000
0.000000
0.000000
0.000000
0.000000
0.000000
0.000000
0.000000
0.000000
0.000000
0.000000
0.000000
0.000000
0.000000
0.000000
0.005671
0.005502
0.005293
0.004999
0.004926
0.004945
0.005099
0.000211
0.000342
0.000000
0.000000
0.000000
0.000000
0.000000
0.000000
0.000000
0.000000
0.000000
0.000000
0.000000
0.000000
0.000000
0.000000
0.000000
0.000000
0.000000
0.000000
0.000000
0.000000
0.000000
0.000000
0.000002
0.000178
0.000187
0.000142
0.057398
0.097758
0.263807
0.394512
1.857489
2.060273
2.645395
0.032150
0.017138
0.011986
0.009791
0.001954
2.596940
2.522532
2.421312
2.316064
2.210739
2.115755
2.003926
1.841798
1.581705
1.224492
0.875689
0.145529
0.013075
0.000380
0.000305
0.000339
0.000407
0.000197
0.000585
0.003419
0.019821
0.020314
0.020472
0.019916
0.001979
0.002030
0.002000
0.086929
0.096992
0.053444
0.032793
2.021975
2.245061
2.472976
2.983749
3.327175
3.896063
4.391594
4.966996
5.740584
6.582943
0.006548
7.524768
8.495484
9.760442
9.916714
9.940191
9.959333
9.989946
9.996622
9.999551
9.999784
9.999792
9.999714
9.999698
9.999790
9.999776
9.999768
9.999773
9.999666
9.999144
9.997895
9.993476
9.987152
9.981092
9.979813
9.982926
9.990897
9.998360
9.999637
9.999738
9.999753
9.999580
9.999579
9.999720
9.999707
9.999768
9.999788
9.999825
9.999821
9.999803
9.999738
9.999681
9.999541
9.998910
9.997050
9.982457
9.941769
9.910991
9.553998
9.496270
9.467907
9.581698
9.566693
9.557112
9.523312
9.493274
9.476562
9.469342
9.456367
9.396717
9.337535
9.111922
9.110563
9.110179
9.110250
9.109444
9.108480
9.108324
9.107405
9.106527
9.106325
9.106959
9.107956
9.108035
9.107852
9.106719
9.105717
9.105896
9.106523
9.106683
9.099516
9.091772
9.082181
9.063712
9.050558
9.038607
9.029454
9.025176
9.022135
8.962946
8.944231
8.919774
8.908051
8.894447
8.880139
8.862801
8.834992
8.823136
8.821350
8.823323
8.798187
8.798903
8.813467
8.808323
8.529839
8.529772
8.514969
8.497683
8.474884
8.455470
8.391082
8.388699
8.381116
8.069528
8.068501
8.065653
8.063269
8.061786
8.054114
8.032679
8.012467
7.916897
7.475072
7.104063
6.847313
6.191169
5.376501
4.688829
3.861792
3.173541
2.667850
1.769193
1.460136
0.445699
0.214494
0.151596
0.099412
0.005495
0.004484
0.112206
0.588851
0.584703
0.494481
0.178641
0.107963
0.000003
0.000004
0.000000
