0.000136
0.000001
0.000001
0.000000
0.000000
0.000000
0.000000
0.000000
0.000000
0.000000
0.000000
0.000000
0.000000
0.000175
0.009118
0.009259
0.009806
0.009884
0.020070
0.020716
0.024958
0.025402
0.000398
0.042330
1.495432
1.399757
0.035279
0.031340
0.022153
0.020041
0.004178
0.001064
0.001096
0.008882
0.010420
0.011675
0.014014
0.013230
0.013102
0.013100
0.013280
0.013153
0.013254
0.013188
0.000478
0.000317
0.000019
0.000020
0.000019
0.000098
0.000101
0.000027
0.000031
0.000014
0.000001
0.000057
0.000077
0.000069
0.000414
0.000194
0.000235
0.000145
0.000697
0.000605
0.000417
0.000190
0.000000
0.000000
0.000000
0.000000
0.000000
0.000000
0.000000
0.000000
0.000000
0.004885
0.000039
0.000037
0.000034
0.000065
0.000098
0.000105
0.000092
0.000545
0.000978
0.000771
0.003254
0.003459
0.003688
0.964904
0.869850
0.796379
0.722656
0.578360
0.397425
0.102774
0.077555
0.027502
0.022580
0.022242
0.019876
0.015600
0.014986
0.009587
0.004086
0.000407
0.000386
0.000223
0.000203
0.007897
0.009374
0.020592
0.007846
0.002150
0.108339
0.656342
0.780430
0.874998
1.037462
1.157245
1.286952
1.295639
0.000428
0.000218
0.007616
1.250453
1.227135
1.133171
1.019190
0.026819
0.005924
0.000000
0.000000
0.000000
0.000000
0.000002
0.000002
0.000001
0.000001
0.000001
0.000000
0.000000
0.000000
0.000000
0.000000
0.000000
0.000000
0.000000
0.000000
0.000000
0.000000
0.000000
0.000000
0.000000
0.000000
0.000000
0.000000
0.000000
0.000000
0.000000
0.000000
0.000000
0.000000
0.000000
0.000000
0.000000
0.000001
0.000001
0.000045
0.000032
0.000020
0.000003
0.000001
0.000001
0.000001
0.000004
0.000004
0.000003
0.000010
0.000011
0.000000
0.000000
0.000000
0.000000
0.000001
0.000001
0.000001
0.000001
0.000003
0.001280
0.740671
0.685280
0.604332
0.538947
0.238876
0.215613
0.154023
0.098497
0.075815
0.028248
0.007895
0.001040
0.000811
0.000052
0.000001
0.000005
0.000002
0.000021
0.000018
0.000006
0.000003
0.000003
0.000004
0.000020
0.000007
0.000003
0.000003
0.000003
0.000001
0.000001
0.000137
0.000000
0.000000
0.000001
0.000001
0.000001
0.000001
0.000001
0.000003
0.001040
0.008821
0.012572
0.026031
0.097287
0.098140
0.099724
0.103713
0.118687
0.131026
0.130555
0.128476
0.120196
0.112704
0.103949
0.094056
0.083753
0.079164
0.072755
0.069962
0.059277
0.049777
0.002942
0.000608
0.000177
0.000291
0.000440
0.000051
0.007488
0.008082
0.008906
0.014277
0.109931
0.117183
0.125157
0.129505
0.131116
0.132554
0.118535
0.116091
0.113191
0.000165
0.000109
0.000076
0.109743
0.107487
0.106172
0.102249
0.097949
0.078867
0.076609
0.059304
0.015620
0.012674
0.012174
0.011649
0.007312
0.006528
0.005262
0.000838
0.010541
0.017713
0.069027
0.072943
0.071905
0.121738
0.145825
0.149598
0.154832
0.152942
0.054514
0.040393
0.028886
0.012093
0.012451
0.008248
0.000101
0.000015
0.000016
0.000030
0.000056
0.005578
0.005522
0.005611
0.005944
0.032860
0.045246
0.060185
0.079628
0.218040
0.228713
0.239050
0.235216
0.222962
0.207007
0.188978
0.165102
0.094217
0.082119
0.059751
0.032664
0.025084
0.017371
0.015450
0.007647
0.003917
0.003730
0.000881
0.000153
0.000060
0.000126
0.000121
0.000177
0.000099
0.000098
0.000202
0.000274
0.000144
0.006977
0.015095
0.015174
0.084000
0.086239
0.025119
0.021842
0.021199
0.008887
0.009086
0.000361
0.000183
0.000078
0.004029
0.012236
0.302653
0.325088
0.348858
0.416279
0.505467
0.523864
0.454994
0.261199
0.051495
0.045787
0.035755
0.027881
0.019114
0.003050
0.002925
0.000306
0.000301
0.000072
0.000033
0.000030
0.000044
0.000037
0.000135
0.024033
0.057991
0.061839
0.198187
0.192549
0.172123
0.166288
0.160241
0.146845
0.024656
0.021858
0.000254
0.008361
0.008165
0.016081
0.023838
0.046436
0.048247
0.061940
0.061229
0.060269
0.059553
0.059052
0.057376
0.055045
0.052696
0.051245
0.047342
0.046725
0.000121
0.000494
0.000123
0.000042
0.000074
0.000024
0.000026
0.000032
0.000014
0.000074
0.000106
0.075589
0.068223
0.029611
0.029753
0.025760
0.007686
0.006530
0.000459
0.001449
0.007326
0.006673
0.001430
0.001072
0.000030
0.000040
0.000090
0.000309
0.003993
0.004100
0.004075
0.004133
0.015235
0.016449
0.028019
0.028793
0.034062
0.073099
0.070462
0.076037
0.678481
0.722669
0.752078
0.745092
0.742430
0.702475
0.027742
0.038623
0.030708
0.001637
0.000046
0.000053
0.000028
0.000040
0.000031
0.000027
0.000043
0.000035
0.000046
0.000056
0.000035
0.000048
0.000053
0.000060
0.000087
0.000089
0.000078
0.055347
0.059445
0.089861
0.149348
0.192661
0.208147
0.252846
0.757248
0.754167
0.354317
0.268180
0.176968
0.014162
0.008306
0.008242
0.000555
0.000305
0.000331
0.000403
0.000277
0.000342
0.000870
0.000948
0.001717
0.001239
0.000458
0.000998
0.001230
0.029024
0.028383
0.026711
0.005868
0.058241
0.091853
1.072286
1.196248
1.308545
1.437650
0.000614
0.001182
0.007379
1.911893
2.140378
0.015813
0.011477
0.007799
0.003764
0.008461
0.055400
0.120279
2.652541
3.915579
4.646503
5.107385
5.722690
5.968378
6.333531
6.426999
6.436468
6.446033
6.452225
6.470813
6.525045
6.575468
6.678858
6.657381
6.661781
6.649594
6.577102
6.533806
6.483349
6.383284
6.174365
5.971073
5.733387
5.049252
4.612177
4.110845
3.560457
3.058319
1.745548
3.373161
0.013770
0.011397
0.014150
0.056975
3.941992
4.223872
4.128025
4.162490
0.040770
0.003480
0.003558
0.024496
0.191226
0.199256
5.202507
5.374193
5.535050
5.757786
6.069006
6.273823
0.047452
0.033783
0.033142
5.935540
5.853211
5.791781
5.648129
5.567609
5.414325
5.209035
4.827517
0.335953
0.303226
0.129833
0.036062
0.000084
0.000133
0.000144
0.000360
0.000285
0.038951
0.067445
4.473072
4.839833
5.101159
5.351682
5.550856
5.217845
5.352930
5.496022
6.015495
6.332742
6.837770
7.121992
7.403418
7.661083
7.805832
7.923802
8.069745
8.142430
8.214408
8.309739
8.358771
8.398594
8.431338
8.466985
8.489551
8.512935
8.534552
8.536209
8.538057
8.539130
8.541801
8.544184
8.544422
8.544618
8.544690
8.545078
8.545584
8.546350
8.547386
8.549724
8.549926
8.554125
8.552369
8.747019
8.739255
8.673733
0.253752
8.288183
8.464256
0.246813
8.760952
8.793779
8.793036
8.792261
8.791848
8.792232
8.790079
8.789591
8.791564
8.793658
8.793906
8.793559
8.793586
8.793638
8.793592
8.793763
8.793609
8.793621
8.793897
8.794138
8.796065
8.795968
8.795531
8.795239
8.794933
8.790251
8.789318
8.792251
8.792507
8.791595
8.793543
8.793553
8.792686
8.791829
8.788604
8.775774
8.699595
0.005322
0.002188
0.002050
0.001947
0.001968
0.001985
0.002026
0.002175
0.002477
8.765822
8.785331
8.792307
8.793952
8.793919
8.793716
8.793711
8.793490
8.793392
8.792294
8.791112
8.791686
8.793325
8.793325
8.793620
8.792478
8.786750
8.784005
8.785283
8.785479
8.781562
8.781487
8.785429
8.789367
8.792781
8.793934
8.820655
8.828943
8.837080
8.847373
8.850268
8.853540
8.853954
8.852599
8.847363
8.837088
8.825611
8.795886
8.736238
8.704655
8.624707
8.542898
0.020802
0.003999
0.000998
0.000301
0.000113
0.000076
0.000036
0.000022
0.000015
0.000014
0.000011
0.000023
0.000016
0.000009
0.000026
0.000027
0.000061
0.000078
0.000136
8.310355
8.213660
8.246430
8.257607
8.264677
8.269899
8.287554
8.290270
8.296588
8.300148
8.290135
8.282185
8.279389
8.266756
8.275045
8.296744
8.342827
8.409515
8.404507
8.404700
8.406981
8.404337
8.393137
8.384541
8.379049
8.377959
8.385469
8.406687
8.401778
8.399893
8.564747
8.543711
8.555683
8.573424
8.593737
8.638474
8.651980
8.627631
8.607987
8.416229
8.238763
0.047964
0.043035
0.040718
0.038500
0.010780
0.036180
7.904978
6.546229
5.328040
2.724133
0.244471
0.150488
0.145964
0.137852
0.130751
0.171009
0.159328
0.148535
0.138245
0.131909
0.126504
0.118423
0.106358
0.095569
0.072570
0.048971
0.054022
0.048193
0.000138
0.000106
0.000124
0.000196
0.000205
0.000347
0.011077
0.011942
0.012590
0.013147
0.050490
0.052731
0.054353
0.054407
0.050017
0.046458
0.044287
0.045113
0.043060
0.042268
0.041146
0.040449
0.038412
0.036669
0.034991
0.033600
0.030675
0.026771
0.025028
0.017843
0.017070
0.016759
0.016035
0.015770
0.016043
0.016322
0.018883
0.023601
0.033721
0.040322
0.040170
0.039795
0.009040
0.001071
0.000849
0.001043
0.001405
0.006664
0.129758
0.184867
2.614671
2.990314
3.218784
0.000622
0.000349
0.000052
0.000388
0.000240
0.000039
0.000039
0.000024
0.000045
0.000047
0.000031
0.000016
0.000026
0.000176
0.001707
0.002015
0.002250
0.002544
0.003185
0.003660
0.003904
0.004119
0.004417
0.004773
0.005054
0.004866
0.004907
0.006357
0.006896
0.007796
0.018469
0.018218
0.017564
0.017154
0.016356
0.020945
0.020378
0.019197
0.018049
0.017266
0.016091
0.015883
0.015745
0.008043
0.004013
0.003912
0.002973
0.003193
0.002995
0.003165
0.003182
0.003050
0.003006
0.002976
0.000627
0.000132
0.000768
0.018444
0.019600
0.007771
0.004926
0.004700
0.004675
0.004613
0.011224
0.011264
0.011365
0.011343
0.011030
0.010479
0.009774
0.008629
0.009600
0.004000
0.005471
0.005937
0.006574
0.006489
0.000053
0.004799
0.005102
0.000562
0.000035
0.000051
0.002143
0.012591
0.026553
0.027771
0.029916
0.031247
0.032888
0.040335
0.042308
0.043731
0.045193
0.046802
0.045755
0.046801
0.048749
0.046732
0.018629
0.017309
0.001901
0.001973
0.001870
0.001847
0.001685
0.001603
0.017661
0.018156
0.018902
0.019732
0.020381
0.021120
0.022459
0.024527
0.026132
0.038569
0.042156
0.044582
0.049667
0.046873
0.019607
0.018992
0.017994
0.017205
0.016677
0.016135
0.015759
0.015108
0.008603
0.012348
0.012535
0.011837
0.012875
0.013299
0.015223
0.017243
0.032231
0.029149
0.033827
0.017345
0.004411
0.004287
0.004242
0.004212
0.004213
0.004233
0.004220
0.004222
0.004305
0.004184
0.004186
0.004176
0.004190
0.004258
0.004227
0.004257
0.004280
0.004673
0.004922
0.005000
0.005709
0.019266
0.039847
0.049648
0.055474
0.061898
0.069382
0.082610
5.423495
6.637839
7.878223
8.221073
8.342277
8.361160
0.000306
0.000031
0.000016
0.000014
0.000083
0.000231
0.000081
0.000057
0.000047
0.000026
0.000155
0.000080
0.000007
0.000006
0.000009
0.000010
0.000022
0.000130
0.000186
0.000104
0.000286
0.000371
0.000722
8.433829
8.448402
8.452714
8.455280
8.458753
8.459858
8.460059
8.474279
8.479829
8.476265
8.450247
8.448556
8.447226
8.434010
8.410571
8.382230
8.360117
8.299409
8.113802
8.257523
8.306743
8.335827
8.611752
8.727451
0.000853
0.000679
0.000542
8.803430
8.811845
8.812346
8.813373
8.821465
8.825565
8.833024
8.838964
8.838475
8.838873
8.839921
8.840847
8.856294
8.859537
8.857194
8.845260
8.832800
8.816163
8.814379
8.740886
8.627830
8.483723
8.073971
8.008049
8.247353
8.405383
8.790180
8.808842
8.818525
8.824043
8.825274
8.825734
8.815650
8.807252
8.791033
8.726211
8.459299
0.216792
8.405349
8.437679
8.244147
0.301478
8.790432
8.842644
8.859711
8.869656
8.888507
8.895177
8.899680
8.897852
8.894000
8.878494
8.816437
8.796711
8.754912
8.685075
8.658548
8.601804
8.486840
8.392241
8.312554
8.201042
7.456998
6.129492
5.519142
4.857819
4.102043
3.607793
3.113396
2.654981
2.345644
1.994923
1.783791
1.603295
0.365425
0.350977
0.290242
0.302878
0.291684
0.275474
0.025586
0.000754
0.000462
0.000482
0.000543
0.000514
0.032171
0.031298
0.039229
0.296184
1.045223
1.171405
1.076474
0.027682
0.586514
0.543626
0.496262
0.394930
0.340666
0.320723
0.282645
0.008669
0.003674
0.002276
0.001724
0.001395
0.001191
0.000174
0.000163
0.000404
0.000360
0.000386
0.000213
0.000132
0.000525
0.002900
0.173711
0.171188
0.186584
0.257869
0.250118
0.249028
0.243946
0.238851
0.232317
0.217354
0.204511
0.190483
0.162810
0.110655
0.103101
0.100235
0.092394
0.082948
0.063450
0.039153
0.002645
0.000132
0.000181
0.000289
0.000286
0.000101
0.000031
0.000053
0.000045
0.000088
0.000070
0.000071
0.000065
0.000096
0.000041
0.000031
0.000031
0.000055
0.000091
0.000064
0.000057
0.000027
0.000076
0.000050
0.000089
0.000065
0.000059
0.000046
0.000049
0.000034
0.000024
0.000028
0.000045
0.000076
0.000044
0.000037
0.000025
0.000081
0.000053
0.000075
0.000045
0.000043
0.000042
0.000062
0.000036
0.000230
0.000175
0.000225
0.000237
0.000252
0.000189
0.000193
0.000227
0.000187
0.000308
0.000178
0.000171
0.000156
0.000183
0.000171
0.000136
0.000158
0.004536
0.023940
0.023736
0.029210
0.028528
0.041217
0.063580
0.068953
0.076979
0.081555
0.089858
0.092535
0.094409
0.089565
0.090367
0.091326
0.093160
0.095288
0.097169
0.102365
0.100877
0.098256
0.093197
0.088763
0.088428
0.083386
0.000528
0.069844
0.067922
0.059275
0.053807
0.042505
0.015329
0.014952
0.014050
0.013189
0.006767
0.006481
0.006382
0.006158
0.005759
0.005034
0.004642
0.000048
0.000108
0.000084
0.000058
0.000046
0.000049
0.000040
0.000048
0.000034
0.001044
0.015303
0.024369
0.026991
0.026645
0.025964
0.025019
0.023393
0.022184
0.014693
0.005889
0.005578
0.005218
0.004420
0.001382
0.000023
0.000019
0.000011
0.000015
0.000023
0.000018
0.000024
0.000037
0.000039
0.000020
0.000020
0.000009
0.000008
0.000012
0.000037
0.000126
0.000020
0.000359
0.000561
0.001106
0.001147
0.001212
0.001229
0.001321
0.001482
0.001715
0.001960
0.001917
0.001938
0.002063
0.001923
0.000177
0.000082
0.000057
0.000062
0.000064
0.000065
0.000102
0.006105
0.007091
0.007942
0.008313
0.008814
0.008890
0.009025
0.009148
0.009151
0.000019
0.000013
0.000010
0.000014
0.000018
0.000031
0.000007
0.000012
0.000007
0.000009
0.000005
0.000008
0.000011
0.000022
0.000031
0.000006
0.000015
0.000015
0.000015
0.005186
0.015989
0.033932
0.034789
0.035416
0.036618
0.037484
0.037599
0.050086
0.050223
0.049906
0.050154
0.049780
0.048509
0.046581
0.045421
0.034269
0.027504
0.010456
0.002444
0.002450
0.002267
0.001674
0.001468
0.000076
0.000011
0.001551
0.002148
0.003379
0.080408
0.088282
0.125604
0.135274
0.137510
0.143053
0.140386
0.050124
0.046903
0.024859
0.023137
0.022149
0.021284
0.005258
0.005197
0.003125
0.003158
0.003603
0.004164
0.004993
0.005817
0.006741
0.006756
0.006812
0.006839
0.006944
0.017798
0.016976
0.017041
0.017347
0.017634
0.020741
0.021077
0.020016
0.020313
0.019874
0.020630
0.020302
0.013085
0.012513
0.012182
0.006426
0.006251
0.006034
0.006042
0.006002
0.005879
0.005774
0.005218
0.004291
0.003742
0.003521
0.001102
0.001258
0.003439
0.004304
0.005072
0.005445
0.005605
0.005319
0.000044
0.000081
0.000030
0.007423
0.000413
0.000049
0.000044
0.000072
0.000057
0.003268
0.004428
0.011560
0.021312
0.034049
0.071029
0.076143
0.270452
0.293721
0.303727
0.316723
0.302764
0.299666
0.291729
0.099788
0.094301
0.070280
0.056474
0.039153
0.027539
0.007331
0.003651
0.001893
0.001648
0.000727
0.000032
0.000020
0.000014
0.000011
0.000006
0.000022
0.000027
0.000044
0.000678
0.000928
0.001116
0.047488
0.187422
0.159784
0.111617
0.103470
0.016580
0.010529
0.004338
0.001796
0.002218
0.002115
0.001617
0.001520
0.001146
0.001043
0.025993
0.040434
0.042144
0.219214
0.229421
0.276319
0.282067
0.290901
0.301206
0.294266
0.283558
0.274461
0.000380
0.000045
0.000076
0.007890
0.007873
0.007771
0.007868
0.000037
0.000022
0.000032
0.000036
0.000047
0.000058
0.002726
0.003623
0.020335
0.021902
0.022489
0.022743
0.027292
0.027963
0.020973
0.013298
0.013146
0.002139
0.005395
0.005418
0.003801
0.003838
0.003923
0.005352
0.006103
0.006432
0.006585
0.006854
0.006503
0.006900
0.005989
0.009384
0.001252
0.000971
0.000209
0.000195
0.001775
0.001976
0.002227
0.002283
0.002404
0.002573
0.002595
0.016020
0.016589
0.016573
0.016096
0.015327
0.008611
0.003396
0.003127
0.001864
0.002137
0.002156
0.008060
0.008727
0.009936
0.018801
0.025513
0.105898
0.128804
0.145134
0.144478
0.143004
0.143894
0.000070
0.000142
0.000381
0.000612
0.000601
0.000523
0.000568
0.209534
0.213704
0.217243
0.215638
0.185657
0.178838
0.164328
0.163428
0.120452
0.123193
0.100901
0.078434
0.047664
0.306984
0.338173
0.361850
0.368881
0.065822
0.065639
0.065399
0.010767
0.000107
0.000151
0.006106
0.012972
0.166556
0.173894
0.176041
0.163661
0.169099
0.154906
0.143518
0.098600
0.059159
0.005038
0.000119
0.000031
0.000014
0.000011
0.004714
0.072936
0.076233
0.077479
0.079740
0.083798
0.132279
0.329829
0.365448
0.405398
0.431741
0.499126
0.510219
0.527051
0.540105
0.536037
0.195461
0.000070
0.000044
0.000048
0.000029
0.000075
0.000048
0.000044
0.000039
0.000045
0.000084
0.000119
0.000326
0.000470
0.000627
0.340147
1.786036
2.071432
2.798227
3.498929
3.795063
4.159851
4.510089
4.836883
5.092563
5.161073
5.211584
0.000220
0.000219
0.000203
0.000273
0.000277
0.039211
5.282053
5.303876
5.315555
5.249026
5.195070
5.063008
4.670071
4.265307
3.426085
0.028227
0.010374
0.009002
0.018959
0.018408
0.017710
0.016832
0.310199
0.287213
0.250547
0.240435
0.002371
0.012296
0.183658
0.140655
0.134338
0.116665
0.108421
0.007069
0.028277
0.027677
0.055465
0.475380
0.493873
0.557168
0.549946
0.542788
0.002726
1.002717
1.035714
1.008696
0.963664
0.917600
0.874854
0.781507
0.613437
0.022714
0.028706
0.028648
0.004896
0.000630
0.015081
0.019179
0.177732
0.030807
0.018352
0.025069
0.569180
0.579919
0.588537
0.575220
0.558861
0.540838
0.517494
0.478497
0.043680
0.306234
0.293082
0.284106
0.272249
0.000300
0.000253
0.000341
0.000380
0.000460
0.000344
0.000242
0.000082
0.009974
0.155472
0.186842
0.199298
0.221212
0.211492
0.003588
0.188401
0.189712
0.189553
0.186336
0.187890
0.186273
0.174526
0.149168
0.148232
0.143314
0.121181
0.063974
0.076289
0.086606
0.099589
0.109967
0.009028
0.009519
0.015524
0.026608
0.027630
0.027794
0.027327
0.027592
0.031711
0.038366
0.039145
0.038884
0.009153
0.008279
0.017729
0.039729
0.038796
0.037510
0.036472
0.027936
0.041707
0.055310
0.059159
0.065889
0.069872
0.060261
0.060581
0.062499
0.000069
0.000038
0.000298
0.000302
0.000308
0.000262
0.000189
0.000035
0.000741
0.000746
0.001362
0.000015
0.000291
0.000447
0.001904
0.075464
0.081009
0.085928
0.087160
0.085169
0.032110
0.006816
0.003913
0.002141
0.002173
0.002311
0.002892
0.003358
0.003455
0.008547
0.287340
0.331194
0.357418
0.372954
0.393915
0.376736
0.352187
0.330473
0.302671
0.277991
0.231936
0.179693
0.126462
0.000841
0.000184
0.000064
0.000081
0.000033
0.000029
0.000034
0.000017
0.000063
0.000015
0.000020
0.000040
0.000046
0.000011
0.005472
0.005477
0.000589
0.000614
0.000564
0.000476
0.000187
0.000075
0.000081
0.000053
0.000130
0.004796
0.004160
0.003543
0.003368
0.002274
0.002596
0.002677
0.002506
0.000013
0.000009
0.000010
0.001015
0.001409
0.001523
0.001711
0.001866
0.002063
0.002011
0.001996
0.002367
0.002802
0.002840
0.039336
0.039920
0.040190
0.040457
0.062384
0.064041
0.063651
0.004587
0.004611
0.004334
0.003389
0.082315
0.087084
0.092340
0.093799
0.095198
0.106073
0.108443
0.122923
0.163181
0.177345
0.192707
0.216887
0.249677
0.273044
0.300461
0.302276
0.305140
0.309058
0.202745
0.185515
0.182734
0.180155
0.174704
0.156941
0.123670
0.111301
0.103374
0.096806
0.075914
0.028710
0.021466
0.019244
0.018402
0.016736
0.002062
0.001971
0.002251
0.002282
0.000231
0.000154
0.000077
0.000096
0.000088
0.000045
0.000042
0.000760
0.091258
0.100226
0.107050
0.119935
0.121845
0.123574
0.215433
0.226145
0.230368
0.237216
0.243734
0.253008
0.259477
0.275853
0.282713
0.280226
0.272993
0.264045
0.254379
0.236453
0.223927
0.079663
0.069963
0.065157
0.009444
0.002270
0.000333
0.000359
0.000498
0.000023
0.000010
0.000012
0.000020
0.000043
0.000034
0.000064
0.000062
0.000073
0.000038
0.000051
0.000118
0.000228
0.000277
0.006559
0.036476
0.049566
0.124129
0.139882
0.114685
0.008221
0.194145
0.183236
0.182754
0.175129
0.132267
0.091302
0.094720
0.093545
0.093234
0.077528
0.004087
0.002476
0.002407
0.002369
0.002398
0.073644
0.072311
0.066640
0.063877
0.062448
0.060981
0.059592
0.058317
0.057521
0.056056
0.053159
0.003633
0.000093
0.001799
0.000007
0.000004
0.000005
0.000004
0.000004
0.000007
0.000004
0.000009
0.000008
0.000000
0.000000
0.000000
0.000000
0.000000
0.000000
0.000000
0.000000
0.000000
0.000044
0.000008
0.000005
0.000014
0.000002
0.000003
0.000003
0.000004
0.000004
0.000008
0.000006
0.000003
0.000005
0.000007
0.000014
0.000006
0.000382
0.000390
0.000460
0.000674
0.049757
0.050312
0.050486
0.051191
0.051220
0.000879
0.000331
0.000300
0.000278
0.000283
0.000282
0.000254
0.000226
0.000264
0.000257
0.000213
0.000223
0.000010
0.000007
0.000008
0.000013
0.000013
0.002070
0.002744
0.006007
0.127633
0.137809
0.143764
0.163265
0.166160
0.155745
0.137037
0.130554
0.121676
0.121475
0.103728
0.091359
0.083585
0.076354
0.013475
0.011597
0.004436
0.000195
0.026598
0.029765
0.027702
0.019556
0.030791
0.034587
0.034708
0.036398
0.034227
0.034080
0.033465
0.044339
0.044182
0.038226
0.038613
0.038894
0.039453
0.038787
0.036446
0.032717
0.017294
0.015742
0.013151
0.002142
0.000180
0.001263
0.007597
0.007435
0.003060
0.019899
0.027282
