0.000000
0.000000
0.000483
0.000083
0.000469
0.000528
1.088432
0.009156
0.008024
0.007639
0.016578
0.018619
0.019966
0.020570
0.016546
0.017749
0.018806
0.019919
0.012960
0.013345
0.011554
0.000553
0.000020
0.000004
0.000014
0.000008
0.000006
0.000003
0.000003
0.000002
0.000004
0.000006
0.000010
0.000016
0.000022
0.000033
0.001270
0.001388
0.001664
0.001761
0.001678
0.000220
0.000066
0.000088
0.000014
0.000015
0.000022
0.000021
0.000011
0.000028
0.000018
0.000019
0.000034
0.000088
0.000123
0.000812
0.011704
0.018724
0.022654
0.024887
0.034967
0.053981
0.055955
0.058389
0.074714
0.085373
0.086677
0.090747
0.002769
0.002837
0.000200
0.000431
0.000433
0.004086
0.003937
0.023718
0.104173
0.114290
0.116794
0.117004
0.126388
0.228784
0.208363
0.200327
0.189314
0.160795
0.142907
0.133292
0.126228
0.115919
0.099602
0.022673
0.018669
0.017327
0.012761
0.008493
0.001691
0.001557
0.001295
0.002529
0.002315
0.001551
0.000003
0.000005
0.000253
0.000323
0.000001
0.000002
0.000002
0.000001
0.000001
0.000008
0.001609
0.001753
0.002083
0.002280
0.009068
0.008786
0.008360
0.015294
0.018190
0.018852
0.020456
0.018422
0.019059
0.018692
0.018829
0.010266
0.009484
0.009400
0.009436
0.000254
0.000002
0.000001
0.000002
0.000004
0.000002
0.000002
0.000015
0.000038
0.000025
0.000024
0.000025
0.000030
0.000023
0.000012
0.000005
0.000006
0.000005
0.000005
0.000005
0.000164
0.012889
0.016842
0.017557
0.087860
0.100598
0.196504
0.211175
0.214982
0.233910
0.235194
0.234304
0.233951
0.232912
0.141648
0.026221
0.005220
0.136078
0.005332
0.001698
0.001217
0.000523
0.000413
0.000009
0.000003
0.000004
0.000008
0.000010
0.000007
0.000005
0.000005
0.000007
0.000305
0.000008
0.000006
0.000007
0.000008
0.000016
0.000012
0.000010
0.000012
0.003462
0.003649
0.314729
0.325927
0.338320
0.347065
0.025839
0.409810
0.430778
0.448568
0.024868
0.370418
0.402435
0.025969
0.023677
0.019432
0.013766
0.010154
0.003553
0.003928
0.003463
0.003425
0.000136
0.000154
0.000082
0.000094
0.000109
0.000076
0.000115
0.006322
0.006138
0.006085
0.009898
0.013255
0.013910
0.020984
0.022150
0.027364
0.030268
0.029306
0.034147
0.017882
0.017719
0.007664
0.003641
0.000538
0.000235
0.000356
0.000076
0.000359
0.000381
0.000534
0.000034
0.000025
0.000035
0.000034
0.000041
0.000044
0.000048
0.000053
0.000082
0.011229
0.015271
0.034224
0.037490
0.056156
0.086043
0.103352
0.130800
0.138593
0.181958
0.177519
0.785759
0.857859
0.963695
1.059529
1.192364
1.220698
0.333549
0.376355
0.420320
0.483812
2.414136
2.764231
3.120217
3.546905
3.847320
4.160083
4.477728
4.505315
4.565196
0.116502
4.094917
3.949794
3.762233
0.092776
0.088712
3.636753
3.659239
0.118419
3.900961
4.156410
0.039428
4.348341
0.009170
4.736164
4.891917
5.041689
5.137370
5.203300
5.256200
5.341653
5.383188
5.386045
5.470827
5.486518
5.509156
5.540978
5.613357
5.633997
5.672650
5.916601
6.011925
6.117427
6.247254
6.310417
6.372619
0.002362
0.006281
6.596453
6.731518
6.834411
6.916258
7.002961
7.098784
7.178992
7.205862
7.214689
7.233205
7.262116
0.000017
0.000002
0.000001
0.000001
0.000001
0.000000
0.000000
0.000000
0.000000
0.000000
0.000000
0.000000
0.000000
0.000000
0.000000
0.000000
0.000000
0.000000
0.000000
0.000000
0.000000
0.000000
0.000000
0.000000
0.000000
0.000000
0.000000
0.000000
0.000000
0.000000
0.000000
0.000000
0.000000
0.000000
0.000000
0.000000
0.000000
0.000000
0.000000
0.000000
0.000000
0.000000
0.000000
0.000000
0.000000
0.000000
0.000000
0.000000
0.000000
0.000000
0.000000
0.000000
0.000000
0.000000
0.000000
0.000000
0.000000
0.000000
0.000000
0.000000
0.000000
0.000000
0.000000
0.000000
0.000000
0.000000
0.000000
0.000000
0.000000
0.000000
0.000000
0.000000
0.000000
0.000000
0.000000
0.000000
0.000000
0.000000
0.000000
0.000000
0.000000
0.000000
0.000000
0.000000
0.000000
0.000000
0.000000
0.000000
0.000000
0.000000
0.000000
0.000000
0.000000
0.000000
0.000000
0.000000
0.000000
0.000000
0.000000
0.000000
0.000000
0.000000
0.000000
0.000000
0.000000
0.000000
0.000000
0.000000
0.000000
0.000000
0.000000
0.000000
0.000000
0.000000
0.000000
0.000000
0.000000
0.000000
0.000000
0.000000
0.000000
0.000000
0.000000
0.000000
0.000000
0.000000
0.000000
0.000000
0.000000
0.000000
0.000000
0.000000
0.000000
0.000000
0.000000
0.000000
0.000000
0.000000
0.000000
0.000000
0.000000
0.000000
0.000000
0.000000
0.000000
0.000000
0.000000
0.000000
0.000000
0.000000
0.000000
0.000000
0.000000
0.000000
0.000000
0.000000
0.000000
0.000000
0.000000
0.000000
0.000000
0.000000
0.000000
0.000000
0.000000
0.000000
0.000000
0.000000
0.000000
0.000000
0.000000
0.000000
0.000000
0.000000
0.000000
0.000000
0.000000
0.000000
0.000000
0.000000
0.000000
0.000000
0.000000
0.000000
0.000000
0.000000
0.000000
0.000000
0.000000
0.000000
0.000000
0.000000
0.000000
0.000000
0.000000
0.000000
0.000000
0.000000
0.000000
0.000000
0.000000
0.000000
0.000000
0.000000
0.000000
0.000000
0.000000
0.000000
0.000000
0.000000
0.000000
0.000000
0.000000
0.000000
0.000000
0.000000
0.000000
0.000000
0.000000
0.000000
0.000000
0.000000
0.000000
0.000000
0.000000
0.000000
0.000000
0.000000
0.000000
0.000000
0.000000
0.000000
0.000000
0.000000
0.000000
0.000000
0.000000
0.000000
0.000000
0.000000
0.000000
0.000000
0.000000
0.000000
0.000000
0.000000
0.000000
0.000000
0.000000
0.000000
0.000000
0.000000
0.000000
0.000000
0.000000
0.000000
0.000000
0.000000
0.000000
0.000000
0.000000
0.000000
0.000000
0.000000
0.000000
0.000000
0.000000
0.000000
0.000000
0.000000
0.000000
0.000000
0.000000
0.000000
0.000000
0.000000
0.000000
0.000000
0.000000
0.000000
0.000000
0.000000
0.000000
0.000000
0.000000
0.000000
0.000000
0.000000
0.000000
0.000000
0.000000
0.000000
0.000000
0.000000
0.000000
0.000000
0.000000
0.000000
0.000000
0.000000
0.000000
0.000000
0.000000
0.000000
0.000000
0.000000
0.000000
0.000000
0.000000
0.000000
0.000000
0.000000
0.000000
0.000000
0.000000
0.000000
0.000000
0.000000
0.000000
0.000000
0.000000
0.000000
0.000000
0.000000
0.000000
0.000000
0.000000
0.000000
0.000000
0.000000
0.000000
0.000000
0.000000
0.000000
0.000000
0.000000
0.000000
0.000000
0.000000
0.000001
0.000001
0.000002
0.000000
0.000000
0.000000
0.000000
0.000000
0.000000
0.000000
0.000000
0.000001
0.000001
0.000000
0.000000
0.000001
0.000001
0.000001
0.000003
0.000045
0.000136
0.000166
0.000179
0.000318
0.000410
0.000483
7.218837
7.227872
7.237525
7.239030
7.238715
7.233605
7.208989
7.155327
0.063251
6.965126
7.155186
7.345971
7.369126
7.399184
7.404996
7.428471
7.440680
7.444629
7.447009
7.442211
7.439847
7.434836
7.415682
6.900530
6.902721
6.908246
6.909845
6.905836
6.901342
6.996560
7.011501
7.032830
7.066882
7.074178
7.076677
7.067191
7.045225
6.971231
6.887051
6.429884
5.967454
6.413147
6.875457
6.905698
6.907205
6.905069
6.904780
6.906310
6.909195
6.909603
6.910150
6.911439
6.914937
7.014974
7.296783
7.371396
7.382599
7.387254
7.391344
7.392032
7.392218
7.392989
7.394182
7.394661
7.394022
7.392874
7.392787
7.394394
7.396149
7.396826
7.394744
7.393641
7.392250
7.403242
7.406319
7.565674
7.626464
7.639172
7.640312
7.641001
7.641196
7.641706
7.643708
7.644297
7.645247
7.646520
7.646727
7.646112
7.646361
7.648019
7.648495
7.648370
7.646069
7.644578
7.644904
8.128415
8.134933
8.139424
8.140234
8.140946
8.140421
8.135229
8.119065
8.078556
8.020547
7.786199
7.786336
7.787899
7.813618
7.824142
7.827597
7.833736
7.825505
7.814515
7.808598
7.759885
7.747867
7.740994
7.713842
7.685051
7.658415
7.632570
7.454590
7.462019
7.475641
7.505634
7.540740
7.727523
7.736923
7.739951
7.741191
7.741859
7.742161
7.740047
7.733554
7.727517
7.704316
7.696751
7.650649
7.635933
7.556565
7.682240
7.762505
7.770573
7.778287
7.778929
7.777381
7.774962
7.773764
7.772466
7.751172
7.751276
7.751559
7.753306
7.746698
7.745402
7.884234
7.914040
7.927296
7.940775
7.953659
7.957426
7.960702
7.964867
7.956845
7.955286
7.959307
7.988345
7.995319
7.999651
8.006459
8.013739
8.017759
8.015467
8.013350
8.012965
8.012434
8.011298
8.011867
8.014268
8.014725
7.972748
7.969410
7.967394
7.960443
7.902408
7.746099
7.745853
7.745883
7.745742
7.745333
7.745264
7.742867
7.739763
7.839023
7.893548
7.940221
7.971234
7.982890
7.991304
7.994130
7.997892
7.998207
7.992946
7.984421
8.284721
8.287547
8.297734
0.000237
0.000095
0.000107
0.000046
0.000080
0.000037
0.000068
0.000035
0.000077
0.000052
0.000157
0.000148
0.000554
0.000609
0.002933
0.003221
0.010763
8.467201
8.574432
8.634808
8.676393
8.689661
8.699208
8.696193
8.696245
8.699734
8.699902
8.701675
8.703791
8.703604
8.703550
8.702863
8.703118
9.078257
9.085117
9.083624
9.084311
9.087855
9.090546
9.091185
9.091488
9.090639
9.080325
9.035137
0.223806
8.545277
8.486130
7.800509
1.579461
1.481694
7.045953
7.787944
8.031747
8.237562
8.373959
0.043034
0.035294
8.299693
8.315909
8.305263
0.083550
8.444157
8.541396
8.645458
8.740641
8.861168
9.017577
9.046693
9.073020
9.094988
9.099080
9.097662
8.893180
8.891393
8.890065
8.886940
8.882013
8.876904
8.871361
8.865769
8.840161
8.799459
8.809277
8.847288
8.859679
8.850796
8.758864
8.644107
8.451441
8.308320
0.133633
0.006541
0.207455
7.866982
8.059016
8.260651
8.363295
8.466270
8.572465
8.697836
8.766680
8.775941
8.728141
8.669484
8.445512
8.242604
7.695863
7.250844
0.078165
5.321085
7.397095
8.120830
8.396520
8.575710
8.759905
8.844451
8.890235
8.892993
8.897009
8.898437
8.899161
8.899253
8.898919
8.898694
8.898226
8.898191
8.898245
8.897729
8.895766
8.895489
8.897315
8.897566
8.896656
8.897064
8.896812
8.896741
8.897788
8.898833
8.894309
8.856789
8.785406
8.751014
8.693888
8.662934
8.625784
8.611733
8.594083
8.583978
8.568762
8.557568
8.547296
8.541493
8.539517
8.537238
8.535564
8.531724
8.529737
8.529387
8.528643
8.527677
8.527764
8.526229
8.524683
8.521615
8.518061
8.318328
8.316527
8.307728
8.259999
8.207754
8.001761
7.986918
7.984105
7.990031
7.992193
7.990148
7.981287
7.962416
7.886541
7.754986
7.570308
7.428683
7.289586
6.854357
6.539424
6.131950
5.434725
4.792378
4.249551
3.814640
3.411992
2.475900
1.959929
0.012846
0.000261
0.000345
0.005832
0.006358
0.006292
1.769899
1.643360
0.151354
0.003541
0.003469
0.003318
0.003607
0.007827
0.026018
0.020277
0.018270
1.696694
1.681022
1.414921
1.336710
1.272255
0.780878
1.033694
0.922627
0.812228
0.006376
0.001626
0.001576
0.001523
0.001824
0.311989
0.219542
0.010763
0.004218
1.859951
2.811034
0.171613
3.936861
4.463665
4.730104
5.049772
5.470763
5.649414
5.910223
6.013091
6.124743
6.183266
0.000075
0.000095
0.000180
0.000191
0.000299
6.167033
6.112945
6.076862
6.024585
5.885905
5.906868
5.836968
5.766075
5.690647
5.647759
5.545753
0.006197
5.275464
5.056353
0.028121
0.028660
4.827681
4.711785
4.612895
4.593327
4.528319
4.495395
4.516922
4.481741
4.403171
4.354929
4.213586
3.999809
3.792478
3.605424
3.278986
3.071839
2.797879
2.564040
2.314315
2.162987
2.019799
1.875321
1.708758
1.566628
1.420405
0.005541
0.002227
0.002309
0.005646
0.989446
0.914636
0.866163
0.308231
0.269190
0.094580
0.031896
0.033307
0.034200
0.013445
0.086913
0.822720
1.449421
2.691820
3.038754
3.474144
4.042320
4.475072
4.794527
4.871777
4.896150
4.876341
4.181355
2.658234
2.217045
1.888236
1.617585
0.281705
0.011316
0.004411
0.003586
0.002436
0.002094
0.000016
0.000017
0.001070
0.000890
0.000007
0.000055
0.000406
0.000611
0.000568
0.000577
0.000561
0.000550
0.000554
0.000571
0.000585
0.000603
0.000570
0.000546
0.000493
0.000463
0.000458
0.000000
