0.000725
0.000336
0.000218
0.000161
0.000019
0.000152
0.000191
0.000234
0.000264
0.000382
0.000002
0.000001
0.000000
0.000000
0.000000
0.000000
0.000000
0.000000
0.000000
0.000000
0.000001
0.000000
0.000000
0.000000
0.000000
0.000000
0.000001
0.000004
0.000004
0.000093
0.000077
0.000069
0.002243
0.002235
0.000071
0.000007
0.000018
0.000021
0.000025
0.000036
0.000105
0.000000
0.000000
0.000000
0.000000
0.000000
0.000000
0.000000
0.000000
0.000000
0.000000
0.000001
0.000001
0.000000
0.000001
0.000001
0.000003
0.000004
0.000001
0.000001
0.000001
0.000002
0.000001
0.000001
0.000005
0.000004
0.000004
0.000013
0.000057
0.000101
0.000000
0.000000
0.000000
0.000000
0.000000
0.000306
0.001991
0.038911
0.043057
0.049532
0.059417
0.100748
0.109328
7.440971
7.982398
7.980375
7.862625
7.847474
8.034521
8.042578
8.052366
0.000000
0.000000
0.000000
0.000000
0.000000
0.000001
0.000001
0.000000
0.000000
0.000000
0.000000
0.000000
0.000000
0.000000
0.000000
0.000000
0.000000
0.000000
0.000000
0.000000
0.000003
0.000002
0.000002
0.000001
0.000001
8.064952
8.082708
8.115136
8.132077
8.130706
8.127622
8.126331
8.070817
7.947827
7.948419
7.943493
7.940065
7.939432
7.940921
7.943245
8.057827
8.205789
8.226255
8.225973
8.219957
8.210904
8.207772
8.198934
8.193324
0.000075
0.000076
0.000074
0.000002
0.000001
0.000000
0.000000
0.000000
0.000000
0.000000
0.000000
0.000000
0.000000
0.000000
0.000000
0.000000
0.000000
0.000000
0.000000
0.000000
0.000000
0.000001
0.000003
0.000001
0.000001
0.000001
0.000002
8.191529
8.194981
8.186428
8.168774
8.169898
8.166107
0.000004
0.000005
0.000004
0.000005
8.149347
8.133345
8.104889
8.080049
0.000781
0.000750
0.000546
0.000027
0.000029
0.000023
0.000021
0.000315
0.000238
0.000203
0.000699
0.001747
0.001999
0.005148
0.032741
8.278131
8.289497
8.257724
7.861279
7.853081
7.849813
7.850796
7.856217
7.867964
7.886194
7.915815
7.917463
7.909006
7.887734
7.855479
7.811411
7.767304
7.700234
7.672569
0.000001
0.000000
0.000000
0.000000
0.000000
0.000000
0.000000
0.000002
0.000000
0.000000
0.000000
0.000000
0.000000
0.000000
0.000000
0.000001
0.000001
0.000007
0.000008
0.000008
0.000002
0.000000
0.000000
0.000000
0.000001
0.000004
0.000001
0.000000
0.000000
0.000000
0.000000
0.000000
0.000000
0.000000
0.000000
0.000000
0.000001
0.000003
0.000002
0.000003
0.000001
0.000002
0.000000
0.000002
0.000003
0.000003
0.000005
0.000004
0.000028
0.000030
0.000010
0.000001
0.000001
0.000002
0.000011
0.000003
0.000002
0.000001
0.000001
0.000001
0.000003
0.000006
0.000017
0.000018
0.000003
0.000002
0.000003
0.000002
0.000003
0.000019
0.000020
0.000003
0.000002
0.000002
0.000006
0.000012
0.000016
0.000028
7.793095
8.673208
8.839743
8.898057
8.973663
9.057535
9.104520
9.137236
9.145317
9.147498
9.149336
9.150663
9.148825
9.146938
9.144584
9.144801
9.148355
9.151775
9.151551
9.150969
9.150775
9.150225
9.149223
0.000042
0.000007
0.000005
0.000010
0.000008
0.000004
0.000005
0.000003
0.000005
0.000004
0.000005
0.000005
0.000041
0.000038
0.000051
0.000052
0.000090
0.002077
0.001685
0.002036
0.005172
9.557619
9.688036
9.782143
9.811243
9.842605
9.871175
9.888343
9.925361
9.949881
9.972930
9.983038
9.996226
9.998714
9.998860
9.998961
9.998613
9.998359
9.995428
9.982878
9.974930
9.966032
9.956414
9.945780
9.945363
9.948192
9.965053
9.981412
9.988258
9.987934
9.980978
9.977127
9.976173
9.970722
9.964819
9.963557
9.966402
9.945482
9.918297
9.861680
9.821536
9.764904
9.582297
9.274857
8.535543
7.480507
6.196406
5.471197
4.810151
0.149774
3.045766
3.621434
3.800369
4.016164
5.302317
7.182617
7.757279
7.811235
7.919809
8.039466
8.046778
8.048181
0.247730
0.456407
7.954869
8.396230
0.088907
0.094339
8.927492
0.020218
0.025397
9.653677
9.735631
9.703265
9.557114
9.221360
9.419376
9.478572
9.484314
9.398069
9.347607
9.134153
9.132070
9.136639
9.141611
9.144041
9.148787
9.150320
9.149005
9.147669
9.147140
9.147691
9.137492
9.124111
9.092642
9.071182
9.034207
8.833443
0.110431
8.256654
7.940138
7.522553
8.028210
0.109448
0.111177
0.091746
7.855690
7.928076
8.002214
7.919986
7.906719
7.904667
7.793348
0.169703
8.030020
0.203440
8.488439
8.505517
8.524091
8.547912
8.584825
8.596893
8.602406
8.602868
8.600540
8.592032
8.584558
8.582910
8.584056
8.583631
8.586126
8.594066
8.597143
8.601250
8.603030
8.603384
8.604035
8.604541
8.604033
8.597519
8.594220
8.593665
8.580063
9.228992
9.024171
8.996594
8.993194
8.989074
8.991682
8.997004
8.996000
8.997754
9.004604
9.014217
9.016666
9.018593
9.018934
9.019080
9.053365
9.054943
9.019238
9.019214
9.019098
9.018719
9.018070
9.017964
9.018545
9.018961
9.019259
9.018904
9.024828
9.035776
9.540198
9.567969
9.572676
9.575566
9.577179
9.577064
9.577356
9.577754
9.577546
9.576150
9.571824
9.566042
9.536845
9.517741
9.457591
9.395886
9.285236
9.163370
9.165144
9.166002
9.167458
9.167720
9.167752
9.167668
9.167633
9.167681
9.167393
9.167356
9.167558
9.166947
9.166830
9.167098
9.166526
9.166434
9.166845
9.167513
9.167659
9.167688
9.167683
9.167686
9.167722
9.167765
9.167772
9.167772
9.167767
9.167727
9.167449
9.166735
9.166052
9.166497
9.167627
9.167505
9.161223
9.064946
8.929402
8.849711
8.672561
0.006887
0.002693
0.001177
0.000492
0.000287
0.000194
0.000126
0.000040
0.000034
0.000017
0.000015
0.000017
0.000015
0.000021
0.000012
0.000010
0.000010
0.000008
0.000012
0.000011
0.000015
0.000035
0.000085
0.000062
0.000042
0.000019
0.000021
0.000034
0.000036
0.000055
0.000134
0.000130
0.000198
8.398884
8.403870
8.409712
8.410348
8.413478
8.413930
8.408778
8.401472
8.400755
8.400723
8.402458
0.000199
0.000234
0.000185
0.000087
0.000163
0.000040
0.000032
0.000073
0.000032
0.000033
0.000060
0.000022
0.000030
0.000005
0.000005
0.000002
0.000001
0.000001
0.000001
0.000003
0.000002
0.000001
0.000018
0.000012
0.000009
0.000006
0.000007
0.000004
0.000002
0.000007
0.000003
0.000007
0.000002
0.000005
0.000006
0.000014
0.000025
0.000044
0.000068
0.000014
0.000004
0.000006
0.000004
0.000004
0.000004
0.000003
0.000002
0.000002
0.000001
0.000001
0.000008
0.000004
0.000002
0.000002
0.000003
0.000002
0.000003
0.000015
0.000010
0.000006
0.000028
0.000010
0.000005
0.000004
0.000006
0.000002
0.000001
0.000013
0.000012
0.000003
0.000003
0.000003
0.000008
0.000055
8.389042
8.388285
8.386679
8.386281
8.386093
8.384011
8.383219
8.381395
8.365731
8.348900
8.334207
8.107631
8.102512
8.072278
7.606185
0.000016
0.000016
0.000018
0.000027
0.000036
0.000003
0.000001
0.000000
0.000000
0.000000
0.000001
0.000000
0.000000
0.000000
0.000000
0.000000
0.000000
0.000000
0.000000
0.000001
0.000004
0.000001
0.000000
0.000001
0.000025
0.000024
0.000024
0.000035
0.000046
0.000941
