0.003844
0.005648
0.002441
0.001247
0.000200
0.001062
0.001174
0.000000
0.000000
0.000000
0.000000
0.000000
0.000000
0.000000
0.000000
0.000000
0.000000
0.000000
0.000000
0.000000
0.000000
0.000000
0.000000
0.000000
0.000000
0.000000
0.000000
0.000000
0.000000
0.000000
0.000000
0.000000
0.000000
0.000000
0.000000
0.000000
0.000000
0.000000
0.000025
0.000037
0.000047
0.000127
0.000827
0.003184
0.003192
0.003236
0.004383
0.003351
0.000917
0.001001
0.001124
0.000000
0.000000
0.000000
0.000000
0.000000
0.000000
0.000000
0.000000
0.000000
0.000000
0.000000
0.000000
0.000000
0.000000
0.000000
0.000000
0.000000
0.000000
0.000000
0.000000
0.000000
0.000000
0.000000
0.000000
0.000000
0.000000
0.000000
0.000000
0.000000
0.000000
0.000000
0.000000
0.000000
0.000000
0.000000
0.000000
0.000000
0.000000
0.000000
0.000000
0.000000
0.000000
0.000000
0.000000
0.000000
0.000000
0.000000
0.000000
0.000000
0.000000
0.000000
0.000000
0.000000
0.000000
0.000000
0.000000
0.000000
0.000000
0.000000
0.000000
0.000000
0.000000
0.000000
0.000000
0.000000
0.000000
0.000000
0.000000
0.000000
0.000000
0.000000
0.000000
0.000000
0.000000
0.000000
0.000000
0.000000
0.000000
0.000000
0.000000
0.000000
0.000000
0.000000
0.000000
0.000000
0.000000
0.000000
0.000000
0.000000
0.000000
0.000000
0.001892
0.000263
0.000284
0.000366
0.000044
0.000000
0.000000
0.000000
0.000089
0.000061
0.000090
0.002119
0.005866
0.012454
0.033202
0.043683
0.025448
0.025301
0.002111
0.000286
0.001686
0.000207
0.000139
0.000135
0.000058
0.000044
0.000041
0.000024
0.000017
0.000014
0.000001
0.000001
0.000001
0.000001
0.000000
0.000029
0.000025
0.000024
0.000028
0.000020
0.001237
0.005607
0.012616
0.016102
0.017888
0.011971
0.012290
0.000000
0.000000
0.000000
0.000000
0.000000
0.000000
0.000000
0.000000
0.000000
0.000000
0.000000
0.000000
0.000000
0.000000
0.000000
0.000000
0.000000
0.000000
0.000000
0.000000
0.000000
0.000000
0.000000
0.000000
0.000000
0.000000
0.000000
0.000000
0.000000
0.000000
0.000000
0.000000
0.000000
0.000000
0.000000
0.000000
0.000000
0.000000
0.000000
0.000000
0.000000
0.000000
0.000000
0.000000
0.000000
0.000000
0.000000
0.000000
0.000000
0.000000
0.000000
0.000000
0.000000
0.000000
0.000000
0.000000
0.000000
0.000000
0.000000
0.000000
0.000000
0.000000
0.000000
0.000000
0.000000
0.000000
0.000000
0.000000
0.000000
0.000000
0.000000
0.000000
0.000000
0.000000
0.000000
0.000000
0.000000
0.000000
0.000000
0.000000
0.000000
0.000000
0.000000
0.000000
0.000000
0.000000
0.000000
0.000000
0.000000
0.000000
0.000000
0.000000
0.000000
0.000000
0.000000
0.000000
0.000000
0.000000
0.000000
0.000000
0.000000
0.000000
0.000000
0.000005
0.000004
0.000004
0.000000
0.000000
0.000000
0.000000
0.000000
0.000000
0.000001
0.000000
0.000000
0.000000
0.000000
0.000000
0.000000
0.000000
0.000000
0.000000
0.000000
0.000000
0.000000
0.000000
0.000000
0.000000
0.000000
0.000000
0.000000
0.000000
0.000000
0.000000
0.000000
0.000000
0.000000
0.000000
0.000000
0.000000
0.000000
0.000000
0.000000
0.000000
0.000000
0.000000
0.000000
0.000000
0.000000
0.000001
0.000000
0.000001
0.000000
0.000000
0.000000
0.000000
0.000000
0.000001
0.000000
0.000000
0.000001
0.000001
0.000005
0.000075
0.000021
0.000012
0.000001
0.000001
0.000001
0.000001
0.000001
0.000001
0.000001
0.000003
0.000002
0.000001
0.000002
0.000001
0.000001
0.000001
0.000001
0.000002
0.000002
0.000001
0.000001
0.000001
0.000003
0.000004
0.000009
0.000001
0.000003
0.000003
0.000006
0.000008
0.000008
0.000012
0.000145
0.000013
0.000004
0.000003
0.000003
0.000002
0.000004
0.000006
0.000007
0.000002
0.000003
0.000003
0.000001
0.000001
0.000002
0.000002
0.000002
0.000004
0.000007
0.000011
0.000004
0.000001
0.000003
0.000002
0.000004
0.000007
0.000004
0.000010
0.000008
0.000012
0.000028
0.000028
0.000054
0.018748
0.063310
0.096821
0.188111
0.289886
0.445037
0.708403
0.754840
0.924531
1.194379
2.077834
0.282742
0.024812
3.519899
4.466611
5.209503
6.166866
6.935960
7.332664
7.589659
7.762706
7.814388
7.815247
7.817406
7.821094
7.824106
7.829867
7.845331
7.862113
7.932742
7.973231
8.753694
8.825186
8.862189
8.911822
8.934900
8.938196
9.137128
9.152233
9.180953
9.177754
9.035752
9.039761
9.040627
9.027108
9.010519
8.986253
0.000006
0.000001
0.000000
0.000000
0.000000
0.000000
0.000000
0.000000
0.000000
0.000000
0.000000
0.000000
0.000000
0.000000
0.000000
0.000000
0.000000
0.000000
0.000000
0.000000
0.000000
0.000000
0.000000
0.000000
0.000000
0.000000
0.000000
0.000000
0.000000
0.000000
0.000000
0.000000
0.000000
0.000000
0.000000
0.000000
0.000000
0.000000
0.000000
0.000000
0.000000
0.000000
0.000000
0.000000
0.000000
0.000000
0.000000
0.000000
0.000000
0.000000
0.000000
0.000000
0.000000
0.000000
0.000000
0.000000
0.000000
0.000000
0.000000
0.000000
0.000000
0.000000
0.000000
0.000000
0.000000
0.000000
0.000000
0.000002
0.000004
0.000009
0.000016
8.960305
8.927177
8.954626
9.159527
9.197282
9.212900
9.218933
9.224413
9.236358
9.239852
9.242170
9.259885
9.267182
9.470214
9.492073
9.499025
9.501277
9.504030
9.506107
9.507002
9.508102
9.510264
9.512395
9.513801
9.515906
9.517413
9.518005
9.480369
9.175054
8.794321
7.942077
7.253453
6.862800
6.501779
0.690243
0.908530
7.597983
8.381497
8.990635
9.460356
9.569382
9.578408
9.970014
9.973670
9.975756
9.977543
9.979039
9.980300
9.981108
9.982740
9.985014
9.984618
9.984040
9.984784
9.987274
9.966985
0.000320
0.000181
0.000046
0.000013
0.000006
0.000003
0.000002
0.000001
0.000001
0.000001
0.000001
0.000000
0.000000
0.000000
0.000000
0.000000
0.000000
0.000000
0.000000
0.000000
0.000000
0.000000
0.000000
0.000000
0.000000
0.000000
0.000001
0.000001
0.000007
0.000012
0.000025
0.000034
0.000053
0.000088
0.000164
0.000475
9.867728
9.938703
9.955544
9.979219
9.986519
9.995344
9.998192
9.995246
9.989523
9.972842
9.942909
9.899496
9.822131
9.762430
9.690497
9.564121
9.850282
9.918872
9.946985
9.965413
9.989105
9.994146
9.998426
9.999604
9.999611
9.999316
9.997363
9.994279
9.993528
9.990232
9.990389
9.995182
9.997398
9.998402
9.999447
9.999389
9.996166
9.995404
9.996213
9.997909
9.998856
9.997845
9.994863
9.992140
9.992012
9.989677
9.986110
9.985966
9.989889
9.997919
9.998422
9.997780
9.997545
9.997767
9.996294
9.994117
9.992421
9.992162
9.991691
9.980702
9.955028
9.891553
9.655956
9.400452
8.970576
8.537122
7.008150
4.587170
3.807728
2.590983
1.857416
1.451064
1.202947
0.934781
0.187920
0.013376
0.000553
0.000164
0.000127
0.000057
0.000039
0.000020
0.000026
0.000028
0.000019
0.000021
0.000027
0.000045
0.000007
0.000007
0.000009
0.000012
0.000015
0.000013
0.000049
0.000070
0.000047
0.000036
0.000045
0.000009
0.000012
0.000021
0.000047
0.000038
0.000016
0.000071
0.000030
0.000042
0.000056
0.000029
0.000016
0.000015
0.000010
0.000008
0.000007
0.000009
0.000007
0.000005
0.000003
0.000004
0.000005
0.000002
0.000004
0.000008
0.000006
0.000019
0.000023
0.000021
0.000005
0.000010
0.000010
0.000009
0.000004
0.000005
0.000013
0.000011
0.000010
0.000013
0.000003
0.000002
0.000005
0.000005
0.000005
0.000003
0.000004
0.000003
0.000003
0.000002
0.000002
0.000002
0.000003
0.000002
0.000002
0.000002
0.000001
0.000001
0.000001
0.000001
0.000001
0.000001
0.000000
0.000000
0.000001
0.000001
0.000000
0.000001
0.000001
0.000001
0.000001
0.000005
0.000001
0.000002
0.000001
0.000000
0.000000
0.000000
0.000000
0.000000
0.000000
0.000001
0.000000
0.000000
0.000002
0.000001
0.000001
0.000000
0.000000
0.000000
0.000000
0.000000
0.000001
0.000001
0.000002
0.000001
0.000000
0.000000
0.000000
0.000000
0.000000
0.000000
0.000000
0.000000
0.000000
0.000000
0.000000
0.000000
0.000000
0.000000
0.000000
0.000000
0.000000
0.000000
0.000000
0.000000
0.000000
0.000000
0.000001
0.000000
0.000000
0.000000
0.000000
0.000000
0.000000
0.000000
0.000000
0.000000
0.000000
0.000000
0.000000
0.000000
0.000000
0.000000
0.000000
0.000000
0.000000
0.000000
0.000000
0.000000
0.000000
0.000000
0.000000
0.000000
0.000000
0.000000
0.000000
0.000000
0.000000
0.000000
0.000000
0.000000
0.000000
0.000000
0.000000
0.000000
0.000000
0.000000
0.000000
0.000000
0.000000
0.000000
0.000000
0.000000
0.000000
0.000000
0.000000
0.000000
0.000000
0.000000
0.000000
0.000000
0.000000
0.000000
0.000000
0.000000
0.000000
0.000000
0.000000
0.000000
0.000000
0.000000
0.000000
0.000000
0.000000
0.000000
0.000000
0.000000
0.000000
0.000000
0.000000
0.000000
0.000000
0.000000
0.000000
0.000000
0.000000
0.000000
0.255896
0.151886
0.100232
0.056692
0.067414
0.064703
0.060338
0.026062
0.016924
0.012767
0.011960
0.006222
0.000230
0.000248
0.000000
0.000000
0.000000
0.000000
0.000000
0.000000
0.000000
0.000000
0.000000
0.000000
0.000000
0.000000
0.000000
0.000000
0.000000
0.000000
0.000000
0.000000
0.000000
0.000000
0.000000
0.000000
0.000000
0.000000
0.000000
0.000000
0.000000
0.000000
0.000000
0.000000
0.000000
0.000000
0.000000
0.000000
0.000000
0.000000
0.000000
0.000000
0.000000
0.000000
0.000000
0.000000
0.000000
0.000000
0.000000
0.000000
0.000000
0.000000
0.000000
0.000000
0.000000
0.000000
0.000000
0.000000
0.000000
0.000000
0.000000
0.000000
0.000000
0.000000
0.000000
0.000000
0.000000
0.000000
0.000000
0.000000
0.000000
0.000000
0.000000
0.000000
0.000000
0.000000
0.000000
0.000000
0.000000
0.000000
0.000000
0.000000
0.000000
0.000000
0.000000
0.000000
0.000000
0.000000
0.000000
0.000000
0.000000
0.000000
0.000000
0.000000
0.000000
0.000000
0.000000
0.000000
0.000000
0.000000
0.000004
0.000002
0.000001
0.000000
0.000000
0.000000
0.000000
0.000000
0.000000
0.000000
0.000000
0.000163
0.000099
0.000030
0.000420
0.000466
0.000450
0.000403
0.000000
0.000000
0.000000
0.000000
0.000000
0.000000
0.000000
0.000000
