0.100625
0.052961
0.021613
0.000087
0.000051
0.000060
0.000199
0.000189
0.000037
0.000029
0.000027
0.000000
0.000000
0.000000
0.000000
0.000000
0.000000
0.000004
0.002531
0.002661
0.002769
0.002852
0.002671
0.004197
0.004180
0.004099
0.006284
0.006307
0.006263
0.006127
0.005832
0.000025
0.000004
0.000004
0.000002
0.000013
0.000010
0.000006
0.000002
0.000003
0.000002
0.000003
0.000004
0.000006
0.000008
0.000029
0.000006
0.000012
0.000025
0.000482
0.005117
0.000088
0.000109
0.000000
0.000024
0.000036
0.000193
0.000023
0.000020
0.000065
0.000069
0.000148
0.001606
0.020800
0.020688
0.020345
0.028871
0.031106
0.032308
0.036362
0.005418
0.000000
0.000000
0.000000
0.000000
0.000000
0.000000
0.000000
0.000000
0.000000
0.000000
0.000000
0.000000
0.000000
0.000030
0.000040
0.000000
0.000000
0.000000
0.000000
0.000000
0.000000
0.000000
0.000000
0.000000
0.000000
0.000000
0.000000
0.000000
0.000000
0.000000
0.000000
0.000000
0.000000
0.000000
0.000000
0.000000
0.000000
0.000000
0.000000
0.000000
0.000000
0.000000
0.000000
0.000000
0.000000
0.000000
0.000000
0.000000
0.000000
0.000000
0.000000
0.000000
0.000000
0.000000
0.000000
0.000000
0.000000
0.000000
0.000000
0.000000
0.000000
0.000000
0.000000
0.000000
0.000000
0.000000
0.000000
0.000000
0.000000
0.000000
0.000000
0.000000
0.000000
0.000000
0.000000
0.000000
0.000000
0.000000
0.000000
0.000000
0.000000
0.000000
0.000000
0.000000
0.000000
0.000000
0.000000
0.000000
0.000000
0.000000
0.000000
0.000000
0.000000
0.000000
0.000000
0.000000
0.000000
0.000000
0.000000
0.000000
0.000000
0.000000
0.000000
0.000000
0.000000
0.000000
0.000000
0.000000
0.000000
0.000000
0.000000
0.000000
0.000000
0.000000
0.000000
0.000000
0.000000
0.000000
0.000000
0.000000
0.000000
0.000000
0.000000
0.000000
0.000000
0.000000
0.000000
0.000000
0.000000
0.000000
0.000000
0.000001
0.000001
0.000000
0.000000
0.000000
0.000000
0.000000
0.000000
0.000000
0.000001
0.000005
0.000000
0.000000
0.000000
0.000000
0.000855
0.000761
0.000000
0.000000
0.000001
0.000001
0.000018
0.000001
0.000001
0.000001
0.000001
0.000002
0.000151
0.004270
0.083341
0.352773
0.519601
0.593924
0.969958
1.707932
1.989498
2.174935
0.010941
0.000002
0.000001
0.000001
0.000001
0.000001
0.000001
0.000001
0.000001
0.000004
0.000001
0.000002
0.000001
0.000001
0.000000
0.000001
0.000001
0.000000
0.000001
0.000001
0.000002
0.000005
0.000003
0.000002
0.000006
0.000009
0.000001
0.000001
0.000006
0.000004
0.000018
0.000003
0.000003
0.000002
0.000004
0.000001
0.000001
0.000002
0.000004
0.000004
0.000003
0.000001
0.000002
0.000004
0.000003
0.000005
0.000007
0.000009
0.000006
0.000010
0.000006
0.000009
0.000003
0.000003
0.000002
0.000002
0.000004
0.000005
0.000005
0.000002
0.000005
0.000005
0.000004
0.000004
0.000009
0.000009
0.000011
0.000015
0.000004
0.000005
0.000008
0.000012
0.000011
0.000009
0.000020
0.000042
0.000067
0.000263
0.018124
0.021049
2.977350
3.521814
4.315286
4.906462
5.793310
6.549851
6.770219
6.858513
6.933649
7.018303
7.005288
7.034320
6.996373
6.916537
6.852075
0.000223
0.000084
0.000074
0.000018
0.000019
0.000005
0.000004
0.000002
0.000009
0.000007
0.000019
0.000011
0.000014
0.000006
0.000013
0.000007
0.000004
0.000003
0.000003
0.000002
0.000002
0.000003
0.000003
0.000004
0.000024
0.000045
0.000027
0.000018
0.000016
0.000015
0.000006
0.000005
0.000007
0.000027
0.000028
0.000033
0.000081
0.001726
0.003920
0.003818
0.005078
0.005382
0.112530
7.443673
7.791866
7.792259
7.804843
7.700505
0.055741
7.727198
7.807791
7.865272
7.947166
8.009408
8.027515
8.029674
8.002870
7.989733
7.980698
7.976605
7.977336
7.988107
8.008130
8.023484
8.030787
8.044273
8.042055
8.033400
7.986345
7.913623
7.820715
7.593836
6.478253
5.537023
4.738773
0.014485
0.000636
0.000444
0.000226
0.000875
0.000062
0.000038
0.000162
0.000133
0.000143
0.000133
0.000140
1.899948
1.263030
0.077151
0.048863
0.049710
0.021866
0.041852
0.043069
0.245690
0.595669
1.019622
1.156179
4.193379
5.074338
6.206412
7.094829
7.908070
7.981160
8.037132
8.047587
8.057022
8.043760
8.041174
8.041041
8.021692
8.004721
7.944830
0.063165
0.112153
7.847157
7.975454
8.037786
8.039554
8.051403
8.054366
8.051432
8.038689
8.029895
8.020670
8.029094
8.032989
8.001510
0.081304
8.127682
8.243294
8.262012
8.294781
8.307433
8.313937
8.317881
8.311777
8.301454
8.261701
8.223686
8.197089
8.166556
8.144187
8.141904
8.160823
8.144698
8.125766
8.122685
8.131456
8.155449
8.462553
8.489432
8.539129
8.592409
8.635784
8.651126
8.622381
8.546283
8.409536
8.207232
7.616061
7.036726
0.817612
0.092392
0.037735
0.272255
6.100767
6.535188
6.923271
7.450538
7.832158
8.096862
8.293717
8.404902
8.430713
8.457040
8.380570
8.147753
7.921763
7.717317
7.547771
7.457793
7.397994
7.009285
6.511997
0.107308
0.002327
0.001739
0.001658
0.006077
0.005641
0.021124
6.747013
6.847957
6.778798
6.977989
7.190355
7.382529
7.604095
7.829380
8.073080
8.345323
8.794318
8.803800
8.819676
8.843578
8.859594
8.838195
8.797186
8.758355
8.645970
8.507560
8.054695
7.189828
6.173393
5.570339
5.002828
4.395357
0.911989
0.468785
0.185012
0.093378
0.090743
0.008984
0.000627
0.001020
0.001264
0.002426
0.040461
5.511642
6.137608
6.989053
8.013992
8.583915
9.017786
9.174015
9.330768
9.401845
9.456900
9.424796
9.329606
9.167307
8.847833
8.594970
8.321072
7.982844
7.605054
7.109653
0.085816
0.059844
0.005066
0.004242
0.003582
0.044587
0.038338
0.065237
5.186003
5.447847
6.135049
6.522653
6.770732
0.019460
7.053168
7.398565
7.723201
8.266379
8.548368
8.822983
9.131777
9.446478
9.613587
9.676018
9.668698
9.663586
9.667528
9.670223
9.635389
9.578927
9.484292
9.459541
9.441570
9.380886
9.312911
9.222840
9.168728
9.117524
0.054804
0.058449
9.137108
9.328261
9.375167
9.404960
9.412651
9.419534
9.426672
9.431092
9.423495
9.638582
9.641645
9.634808
9.582669
9.426513
8.882446
8.136929
6.830883
0.005883
0.001378
0.000576
0.000334
0.000255
0.000182
0.000148
0.000128
0.000046
0.000058
0.000067
0.000091
0.000204
0.000363
0.000560
0.000534
0.000591
0.000472
0.000251
0.000343
6.087955
5.465235
4.799508
4.336191
3.925280
3.466391
3.104938
2.267471
1.957737
0.447134
0.001399
0.001244
0.000986
0.000830
0.000637
0.000586
0.130522
0.775962
1.424105
2.650209
2.803040
2.985685
3.207568
3.430517
3.439143
3.404422
3.391683
0.068937
2.383564
0.011393
0.012326
1.818002
1.805885
0.004946
0.006694
0.016314
3.734834
4.246623
4.931829
5.785277
6.413629
7.025514
7.678362
8.513958
8.827562
9.288877
9.507813
9.574056
9.678086
9.740685
9.762158
9.788602
9.770729
9.730642
9.690908
9.654652
9.273893
9.269581
9.270984
9.277138
9.279000
9.291382
9.213611
9.104668
8.996498
8.904765
8.815071
0.063079
0.068735
9.150832
9.190711
9.254441
9.270170
9.282336
9.290694
9.301252
9.302065
9.302420
9.305047
9.306044
9.306416
9.307409
9.297598
9.212520
9.145641
9.058836
8.996493
8.953823
8.934985
8.935808
8.937295
8.947465
8.935022
8.862897
8.804977
8.769656
8.746825
8.665343
8.547824
8.426975
8.271560
8.263066
8.193220
7.898964
7.837733
0.115953
7.420129
7.484153
7.713891
7.845307
7.955618
7.982084
8.004998
7.990410
8.008671
8.027712
8.032031
8.043828
7.881246
0.140622
7.902583
8.039656
8.167473
8.175635
8.173686
8.159908
8.018029
7.827208
0.053756
5.807691
6.145974
6.433690
0.084978
7.022606
7.371052
7.713549
7.884050
7.943515
8.017255
8.145902
8.271921
8.307292
8.341190
8.375402
8.373173
8.374908
8.379145
8.385122
8.388682
8.393007
8.400443
8.402864
8.407225
8.354556
8.118707
8.159781
8.206122
8.234230
8.266829
8.303443
8.319606
8.291784
8.241779
8.134258
7.993906
7.831029
7.481281
0.032087
0.030546
0.029623
0.025736
0.589670
0.042190
0.801383
0.841795
6.297330
6.951436
7.629750
8.111624
8.418127
8.634832
8.637820
8.632750
8.333172
8.327507
8.316985
8.311825
8.304353
8.312455
8.308909
8.282351
8.244223
8.223189
0.003602
0.001952
0.000634
0.000371
0.000255
0.000134
0.000068
0.000037
0.000052
0.000038
0.000034
0.000049
0.000253
0.000304
0.000320
0.000676
0.000886
8.151862
8.191308
8.230782
8.224832
8.225509
8.185546
8.150054
8.129815
8.112728
8.107488
8.104450
8.101996
7.781881
6.757556
0.000910
0.000477
0.000292
0.000298
0.000320
0.000370
0.000048
0.000140
0.000171
0.000100
0.000038
0.000037
0.000034
0.000039
0.000071
0.000029
0.000025
0.000062
0.000063
0.047231
6.809520
6.967822
7.024838
7.196949
7.337556
7.498136
7.588259
7.586502
7.534086
7.493581
7.371793
7.195922
6.996943
0.005479
0.001571
0.001226
0.000573
0.000169
0.000059
0.000040
0.000036
0.000039
0.000006
0.000007
0.000041
0.000017
0.000010
0.000008
0.000002
0.000004
0.000015
0.000010
0.000003
0.000003
0.000004
0.000005
0.000028
0.000006
0.000002
0.000002
0.000002
0.000004
0.000003
0.000015
0.000014
0.000004
0.000003
0.000005
0.000006
0.000014
0.000012
0.000038
0.000041
0.000003
0.000007
0.000008
0.000005
0.000005
0.000004
0.000003
0.000002
0.000003
0.000003
0.000001
0.000001
0.000001
0.000001
0.000002
0.000001
0.000005
0.000002
0.000004
0.000005
0.000002
0.000002
0.000002
0.000001
0.000001
0.000001
0.000002
0.000002
0.000001
0.000001
0.000003
0.000001
0.000001
0.000003
0.000003
0.000002
0.000002
0.000004
0.000000
0.000000
0.000000
0.000000
0.000000
0.000000
0.000000
0.000000
0.000000
0.000001
0.000000
0.000000
0.000000
0.000000
0.000000
0.000000
0.000000
0.000000
0.000000
0.000000
0.000000
0.000000
0.000000
0.000000
0.000000
0.000000
0.000000
0.000000
0.000000
0.000000
0.000000
0.000000
0.000000
0.000000
0.000000
0.000000
0.000000
0.000000
0.000000
0.000000
0.000000
0.000000
0.000000
0.000000
0.000000
0.000000
0.000000
0.000000
0.000000
0.000000
0.000000
0.000000
0.000000
0.000000
0.000000
0.000000
0.000000
0.000000
0.000000
0.000000
0.000000
0.000000
0.000000
0.000000
0.000000
0.000000
0.000000
0.000000
0.000000
0.000000
0.000000
0.000000
0.000000
0.000000
0.000000
0.000000
0.000000
0.000000
0.000000
0.000000
0.000000
0.000000
0.000000
0.000012
0.000005
0.000000
0.000000
0.000000
0.000000
0.000000
0.000000
0.000000
0.000000
0.000000
0.000000
0.000000
0.000000
0.000000
0.000000
0.000000
0.000000
0.000000
0.000000
0.000000
0.000000
0.000000
0.000000
0.000000
0.000000
0.000000
0.000000
0.000000
0.000000
0.000000
0.000000
0.000000
0.000000
0.000000
0.000000
0.000000
0.000000
0.000000
0.000000
0.000000
6.596303
6.355322
6.007490
5.500302
4.939461
3.139833
2.310829
1.342981
0.896139
0.621621
0.563613
0.333612
0.253067
0.205838
0.141042
0.074718
0.046054
0.021200
0.012837
0.000042
0.000039
0.000000
0.000000
0.000000
0.000000
0.000000
0.000000
0.000000
0.000000
0.000000
0.000000
0.000000
0.000000
0.000000
0.000000
0.000000
0.000000
0.000000
0.000000
0.000000
0.000000
0.000000
0.000000
0.000000
0.000000
0.000000
0.000000
0.000000
0.000000
0.000000
0.000000
0.000000
0.000000
0.000000
0.000000
0.000000
0.000000
0.000000
0.000000
0.000000
0.000000
0.000000
0.000000
0.000000
0.000000
0.000000
0.000000
0.000000
0.000000
0.000000
0.000000
0.000000
0.000000
0.000000
0.000000
0.000000
0.000000
0.000000
0.000000
0.000000
0.000000
0.000003
0.000002
0.000001
0.000003
0.000005
0.000006
0.000006
0.000112
0.000042
0.000028
0.000016
0.000015
0.000000
0.000000
0.000000
0.000000
0.000000
0.000000
0.000000
0.000000
0.000000
0.000000
0.000000
0.000000
0.000000
0.000000
0.000000
0.000000
0.000000
0.000000
0.000000
0.000000
0.000000
0.000000
0.000000
0.000000
0.000000
0.000000
0.000000
0.000000
0.000000
0.000000
0.000000
0.000000
0.000000
0.000000
0.000000
0.000000
0.000000
0.000000
0.000000
0.000000
0.000000
0.000000
0.000000
0.000000
0.000000
0.000000
0.000000
0.000000
0.000000
0.000000
0.000000
0.000000
0.000000
0.000000
0.000000
0.000000
0.000000
0.000000
0.000000
0.000000
0.000000
0.000000
0.000000
0.000000
0.000000
0.000000
0.000000
0.000000
0.000000
0.000000
0.000000
0.000000
0.000000
0.000000
0.000000
0.000000
0.000000
0.000000
0.000000
0.000000
0.000000
0.000000
0.000000
0.000000
0.000000
0.000000
0.000000
0.000000
0.000000
0.000029
0.000005
0.000004
0.000003
0.000002
0.000001
0.000003
0.000002
0.000002
0.000005
0.000003
0.000005
0.000000
0.000000
0.000000
0.000000
0.000000
0.000000
0.000000
0.000000
0.000000
0.000000
0.000000
0.000000
0.000000
0.000000
0.000000
0.000000
0.000000
0.000000
0.000000
0.000000
0.000000
0.000000
0.000000
0.000000
0.000000
0.000000
0.000000
0.000000
0.000000
0.000000
0.000000
0.000000
0.000000
0.000000
0.000000
0.000000
0.000000
0.000000
0.000000
0.000000
0.000000
0.000000
0.000000
0.000000
0.000000
0.000000
0.000000
0.000000
0.000000
0.000000
0.000000
0.000000
0.000000
0.000000
0.000000
0.000000
0.000000
0.000005
0.000005
0.000003
0.000004
0.000024
0.000025
0.000025
0.000007
0.000005
0.000007
0.000010
0.000122
0.013855
0.015518
0.026857
0.026115
0.014629
0.010134
0.000013
0.001164
