0.008321
0.000023
0.000010
0.000009
0.000009
0.000013
0.000000
0.000164
0.000169
0.000181
0.000198
0.000221
0.000219
0.000219
0.000218
0.000220
0.000223
0.000219
0.000206
0.000115
0.000079
0.000001
0.000001
0.000001
0.000001
0.000003
0.000002
0.001862
0.001884
0.001894
0.001900
0.004647
0.000090
0.006077
0.013431
0.039582
0.045222
0.060159
0.064806
0.068874
0.071128
0.072812
0.074193
0.074438
0.072789
0.071500
0.063638
0.054834
0.048747
0.033824
0.024497
0.015188
0.016491
0.018505
0.000099
0.000000
0.000000
0.000000
0.000000
0.000000
0.000000
0.000000
0.000000
0.000000
0.000000
0.000000
0.000000
0.000000
0.000000
0.000000
0.000000
0.000000
0.000001
0.000001
0.000006
0.002982
0.065988
0.063936
0.053146
0.047945
0.023103
0.010770
0.003239
0.000000
0.000000
0.000000
0.000000
0.000000
0.000000
0.000000
0.000000
0.000000
0.000000
0.000000
0.000000
0.000000
0.000000
0.000000
0.000000
0.000000
0.000000
0.000000
0.000000
0.014286
0.014978
0.026585
0.030349
0.041662
0.046490
0.061209
0.074521
0.081363
0.083279
0.082794
0.083251
0.083410
0.036954
0.035956
0.034617
0.032379
0.029858
0.000003
0.000000
0.000000
0.000000
0.000000
0.000000
0.000000
0.000000
0.000000
0.000000
0.000000
0.000000
0.000000
0.000000
0.000000
0.000000
0.000000
0.000000
0.000000
0.000000
0.000000
0.000000
0.000000
0.000000
0.000000
0.000000
0.000000
0.000000
0.000000
0.000000
0.000000
0.028672
0.027908
0.026433
0.025419
0.063017
0.084065
0.086672
0.087635
0.088243
0.090435
0.091428
0.092620
0.094955
0.091347
0.085182
0.000228
0.000033
0.000008
0.000005
0.000005
0.000001
0.000000
0.000001
0.000002
0.000002
0.000003
0.000270
0.000195
0.000064
0.000057
0.000016
0.003861
0.003853
0.003485
0.000008
0.002448
0.002446
0.002452
0.002457
0.002462
0.002471
0.002467
0.002429
0.002186
0.000121
0.000064
0.000013
0.000004
0.000004
0.000005
0.000011
0.000001
0.000002
0.000000
0.000001
0.000000
0.000001
0.000001
0.000001
0.000001
0.000002
0.000000
0.000000
0.000000
0.000000
0.000000
0.000000
0.000000
0.000000
0.000000
0.000000
0.000000
0.000000
0.000000
0.000000
0.000000
0.000001
0.000001
0.000000
0.000000
0.000000
0.000000
0.000000
0.000000
0.000000
0.000000
0.000000
0.000000
0.000001
0.000000
0.000000
0.000000
0.000000
0.000000
0.000000
0.000001
0.000002
0.000000
0.000000
0.000000
0.000000
0.000000
0.000001
0.000001
0.000001
0.000001
0.000003
0.000911
0.032452
0.034392
0.035814
0.036484
0.038900
0.046872
0.098976
0.101671
0.091325
0.073833
0.072826
0.069313
0.000002
0.000002
0.000001
0.000000
0.000000
0.000000
0.000000
0.000000
0.000001
0.000348
0.000358
0.000389
0.000393
0.000396
0.000396
0.000381
0.000009
0.000006
0.000005
0.000002
0.000001
0.000001
0.000000
0.000000
0.000000
0.000000
0.000000
0.000000
0.000000
0.000001
0.000001
0.000001
0.000134
0.000173
0.000209
0.000215
0.000220
0.000231
0.000245
0.000267
0.000261
0.000255
0.000237
0.000227
0.000217
0.000214
0.000163
0.000120
0.000003
0.000002
0.000002
0.000002
0.000001
0.000001
0.000005
0.000026
0.000033
0.000034
0.000036
0.000034
0.000034
0.000034
0.000034
0.000003
0.000015
0.000001
0.000002
0.000001
0.000019
0.000013
0.000005
0.000003
0.000001
0.000002
0.000003
0.000004
0.000003
0.000001
0.000001
0.000001
0.000003
0.000005
0.000003
0.000001
0.000000
0.000000
0.000000
0.000000
0.000000
0.000000
0.000001
0.000001
0.000002
0.000001
0.000002
0.000007
0.000008
0.000010
0.000032
0.000041
0.000010
0.000007
0.000004
0.000004
0.000003
0.000027
0.000006
0.000004
0.000005
0.000003
0.000005
0.000007
0.000014
0.000044
0.022802
0.023793
0.073670
0.080001
0.094504
0.107468
0.131501
0.072731
0.072472
0.072432
0.000238
0.000002
0.000001
0.000001
0.000000
0.000000
0.000000
0.000000
0.000000
0.000000
0.000000
0.000000
0.000000
0.000000
0.000001
0.000001
0.000000
0.000000
0.000000
0.000000
0.000000
0.000000
0.000000
0.000000
0.000000
0.000000
0.000000
0.000000
0.000000
0.000000
0.000000
0.000000
0.000000
0.000000
0.000000
0.000000
0.000001
0.000000
0.000000
0.000001
0.000000
0.000000
0.000000
0.000000
0.000000
0.000001
0.000000
0.000000
0.000000
0.000000
0.000000
0.000042
0.000018
0.000028
0.000013
0.000015
0.000007
0.000007
0.000012
0.000015
0.000011
0.000018
0.000000
0.000001
0.000001
0.000000
0.000000
0.000001
0.000000
0.000001
0.000000
0.000001
0.000001
0.000006
0.000006
0.000007
0.000000
0.000000
0.000000
0.000001
0.000005
0.000004
0.000004
0.000002
0.063378
0.062575
0.061529
0.060501
0.000002
0.000001
0.000001
0.000001
0.000010
0.000003
0.000002
0.000002
0.000002
0.000003
0.000002
0.000007
0.000010
0.000010
0.000004
0.000010
0.000010
0.000027
0.000026
0.000009
0.000020
0.000056
0.000074
0.000062
0.049231
0.049396
0.082792
0.163232
1.913205
1.821916
0.041234
0.262971
0.959157
0.954394
0.070692
0.065491
0.001531
0.001387
0.000097
0.000040
0.000036
0.001018
0.052790
0.072231
0.108157
0.133752
0.146026
0.146303
0.131552
0.131220
0.132592
0.136490
0.135889
0.127478
0.040723
0.031698
0.030888
0.006264
0.006040
0.004705
0.000009
0.000011
0.000003
0.000004
0.000006
0.000053
0.001223
0.000005
0.000004
0.000004
0.000004
0.000002
0.000002
0.000004
0.000005
0.000011
0.000021
0.000023
0.000009
0.000007
0.000012
0.000016
0.000045
0.000027
0.000030
0.000021
0.000013
0.000024
0.000023
0.000024
0.000057
0.000052
0.000051
0.000067
0.000056
0.000034
0.000023
0.085680
0.088053
0.108506
0.113565
0.120341
0.126681
0.128574
0.128385
0.126373
0.083497
0.095722
0.151566
1.621627
0.013916
2.313757
2.471349
2.754744
2.935163
0.027362
0.007575
0.003744
0.003601
0.003749
0.003732
0.004385
0.017243
0.019967
0.020416
0.020776
0.020988
0.021438
0.082370
0.094336
0.119340
0.138675
0.152579
0.166486
0.247220
0.272712
0.324673
0.382685
0.719031
6.738826
7.436330
7.837061
8.209916
8.561503
8.938655
9.101130
8.874034
8.701173
0.000112
0.000056
0.000070
0.000063
0.000056
0.000198
0.000375
0.000576
0.000868
0.001186
8.669437
8.531623
8.323826
8.176918
8.100044
8.063288
8.051202
8.069606
8.106053
8.096026
8.118056
8.164930
8.236764
8.268630
8.311104
8.382543
8.395387
8.415374
8.474528
8.534555
8.483845
8.442611
8.420043
8.345461
8.316613
8.290763
8.224280
8.195095
8.184034
8.175397
8.155511
8.158614
8.203119
8.240319
8.273370
8.310692
0.002568
0.001674
0.000387
0.000184
0.000095
0.000099
0.000073
0.000040
0.000027
0.000022
0.000026
0.000031
0.000021
0.000055
0.000017
0.000023
0.000027
0.000023
0.000032
0.000035
0.000011
0.000019
0.000033
0.000036
0.000014
0.000022
0.000037
0.000082
0.000088
0.000012
0.000010
0.000027
0.000024
0.000017
0.000026
0.000031
0.000063
0.000011
0.000008
0.000006
0.000014
0.000015
0.000024
0.000009
0.000016
0.000044
0.000008
0.000006
0.000006
0.000021
0.000011
0.000011
0.000014
0.000016
0.000024
0.000042
0.000066
0.000104
0.000223
0.000369
0.000586
8.341776
8.452520
8.539155
8.646755
8.763467
8.829701
8.882350
8.965867
9.039334
9.054952
9.091731
9.143246
9.115895
9.085386
9.069794
9.045841
8.903358
8.781431
8.693496
8.603786
0.009907
0.009206
0.006814
0.005075
0.005997
0.006314
0.007097
8.569347
8.588782
8.601223
0.002082
0.001369
0.000883
0.000855
0.000085
0.000041
0.000020
0.000016
0.000027
0.000009
0.000011
0.000012
0.000009
0.000032
0.000042
0.008253
0.004510
0.001316
0.001381
0.001345
0.001191
0.001114
0.001098
0.001146
0.001193
0.001252
0.001270
0.001255
0.001262
0.001327
0.001334
0.001370
0.001373
0.001352
0.001326
0.001307
0.001731
8.335811
8.293545
8.271490
8.269330
8.302820
8.348618
8.401872
8.448350
8.530265
8.628768
8.641796
8.626781
8.645476
8.693818
8.662484
8.661969
8.694268
8.746480
8.765537
8.815236
8.874468
8.886997
8.825208
8.758504
8.718257
8.578233
8.463696
0.179746
8.779903
9.000409
9.196696
9.537975
9.526240
9.519854
9.506679
0.071910
9.671524
9.761390
9.840891
9.936325
9.947872
9.954662
9.964343
9.986108
9.987390
9.988163
9.991979
9.990530
9.992259
9.995868
9.997467
9.994384
9.992351
9.990386
9.992093
9.989407
9.989870
9.983191
9.973042
9.970239
9.968173
9.946151
9.936217
9.930552
9.867448
9.828717
9.764223
9.693670
9.567678
9.466344
0.095941
9.296798
9.362655
9.356250
9.357577
9.381539
9.371991
9.374631
9.384056
9.407175
9.413058
9.427713
9.446080
9.444560
9.465542
9.491749
9.498492
9.497699
9.508562
9.550806
9.571207
9.584404
9.606168
9.618373
9.646097
9.690982
9.763109
9.784876
9.813118
9.853616
9.850490
9.838364
9.831796
9.829438
9.771025
9.734361
9.723410
9.700265
9.689123
9.683954
9.668750
9.552975
9.450615
9.362393
9.230410
9.133434
9.041518
8.683500
8.167902
7.947144
7.765435
7.384886
0.031879
7.273964
7.429093
7.290390
7.118950
6.907048
6.749099
6.640706
0.000688
0.000483
0.000249
0.000346
0.000315
0.000281
0.000312
0.000067
0.000053
0.000113
0.000355
0.000271
0.000278
0.000098
0.000159
0.000162
0.000402
0.000060
0.000139
0.000139
0.000372
0.000092
0.000087
0.000069
0.000056
0.000063
0.000049
0.000118
0.000113
0.000437
0.000709
0.006179
0.007183
0.050967
6.608459
6.581233
0.032947
0.009513
6.551284
6.568908
0.177444
6.501589
6.866588
7.105073
0.000413
0.000311
0.000084
0.000077
0.000049
0.000035
0.000059
0.000022
0.000019
0.000013
0.000012
0.000017
0.000025
0.000028
0.000031
0.000011
0.000011
0.000028
0.000033
0.000027
0.000020
0.000027
0.000090
0.000098
0.000502
0.000777
0.001977
0.002959
0.003694
0.005110
7.497288
7.835415
8.118127
8.485530
8.873120
9.093430
9.389203
9.271938
9.217684
9.171513
9.151666
9.111576
9.086742
9.068748
9.037560
9.009753
8.997593
8.975396
8.906935
8.837815
8.798528
8.771798
8.747003
8.748753
8.766148
8.729942
8.717945
0.000817
0.000058
0.000115
0.000335
0.000130
0.000280
0.000248
0.000258
0.000053
0.000049
0.000122
0.000072
0.000080
0.000083
0.000110
0.000179
0.000178
0.000223
0.000377
0.000511
8.767687
8.771834
8.708290
8.674060
8.666010
8.650152
8.673729
8.719284
8.758557
8.740682
8.754934
8.759273
8.754817
8.776638
8.818089
8.902854
8.897180
8.909911
8.939204
8.941816
8.988365
9.058948
9.159425
9.197961
9.237828
9.095231
9.157769
9.177818
9.195219
9.223546
9.221373
9.194145
9.175991
9.125820
9.088007
9.061686
9.056119
9.009948
8.971183
8.939082
8.921010
8.911618
8.910543
8.937201
8.979357
9.020181
9.060631
9.110078
9.140613
9.185801
9.263016
9.286099
9.269384
9.262183
9.262465
9.265498
9.269514
9.283617
9.302193
9.315486
9.331679
9.358184
9.360766
9.374259
9.399244
9.417069
9.405784
9.398906
9.402278
9.388521
9.388809
9.410324
9.409891
0.003745
0.002383
0.001627
0.000031
0.000021
0.000018
0.000011
0.000002
0.000001
0.000005
0.000005
0.000005
0.000007
0.000487
0.000383
0.000319
0.000295
0.000285
0.000287
0.000314
0.000367
0.000405
0.000007
0.000001
0.000001
0.000001
0.000001
0.000000
0.000000
0.000000
0.000000
0.000000
0.000000
0.000000
0.000000
0.000000
0.000000
0.000000
0.000000
0.000000
0.000001
0.000001
0.000001
0.000001
0.000001
0.000002
0.000000
0.000000
0.000000
0.000000
0.000000
0.000000
0.000001
0.000001
0.000001
0.000001
0.000001
0.000001
0.000000
0.000000
0.000000
0.000000
0.000000
0.000000
0.000000
0.000000
0.000000
0.000000
0.000001
0.000001
0.000001
0.000001
0.000002
0.000002
0.000003
0.000010
0.000021
0.001814
0.002406
9.235663
9.332981
9.375081
9.393042
9.411842
9.431544
9.430382
9.401646
9.373856
9.352392
0.298838
9.027779
9.190199
9.395345
9.412462
9.418714
9.426461
9.441229
9.442105
9.444155
9.447056
9.455315
9.440621
9.438723
9.441588
9.440363
9.447639
9.460188
9.455812
9.455281
9.458616
9.456985
9.451062
9.450418
9.444966
9.417859
9.400488
9.392481
9.383362
9.370532
9.364765
9.369820
9.331110
9.297789
9.284536
9.263208
9.221864
9.197511
9.188376
9.172035
9.042371
9.069276
9.109229
9.118495
9.129225
9.149663
9.118199
9.110340
9.103070
9.098788
9.114211
9.232572
9.338683
9.391062
9.414956
9.434685
9.440034
9.438095
9.435717
9.428842
9.403535
9.384793
9.370750
9.316603
9.223622
9.165186
8.816983
7.390744
2.957502
7.473513
8.507935
8.333851
7.947112
7.605499
7.402297
6.875415
0.115873
5.733325
5.420468
4.570988
4.052537
3.525929
3.238816
2.999435
0.897050
0.003452
0.002555
0.001739
0.001338
0.001495
0.001110
0.000965
0.000198
0.000242
0.001229
0.001370
0.001569
0.001742
0.001785
0.002532
0.002323
0.002421
0.002332
0.002422
0.002583
0.002341
0.002414
0.002373
0.002036
0.001991
0.001983
0.001890
0.001842
0.001502
0.001180
0.000993
0.000030
0.000046
0.000031
0.000024
0.000028
0.000026
0.000014
0.000008
0.000007
0.000010
0.000007
0.000005
0.000005
0.000007
0.000008
0.000022
0.000016
0.000019
0.000026
0.000031
0.000005
0.000007
0.000018
0.000480
0.000507
0.000489
0.000469
0.000454
0.000462
0.000468
0.000497
0.000528
0.000610
0.000573
0.000471
0.000451
0.000440
0.000434
0.000433
0.000412
0.000379
0.000351
0.000337
0.000197
0.000049
0.000003
0.000002
0.000002
0.000005
0.000001
0.000001
0.000001
0.000002
0.000001
0.000004
0.000005
0.000008
0.000002
0.000002
0.000001
0.000000
0.000001
0.000001
0.000001
0.000003
0.000003
0.000001
0.000001
0.000001
0.000001
0.000001
0.000001
0.000002
0.000001
0.000001
0.000000
0.000000
0.000000
0.000001
0.000001
0.000003
0.000002
0.000002
0.000006
0.000011
0.000016
0.000336
0.000345
0.000347
0.000364
0.000348
0.000344
0.000279
0.000209
0.000168
0.000116
0.000009
0.000010
0.000034
0.412966
0.317404
0.267994
0.144521
0.091395
0.055280
0.045813
0.000323
0.028680
0.027473
0.026359
0.021259
0.026984
0.027285
0.012774
0.001629
0.001400
0.002034
0.019490
0.017088
0.015198
0.009231
0.021838
0.021276
0.021950
0.021861
0.021653
0.024223
0.023912
0.023451
0.023053
0.017059
0.016847
0.014195
0.013548
0.012067
0.011127
0.009554
0.004746
0.004343
0.000002
0.000001
0.000000
0.000001
0.000000
0.000000
0.000000
0.000000
0.000000
0.000000
0.000000
0.000000
0.000000
0.000000
0.000000
0.000000
0.000000
0.000000
0.000000
0.000000
0.000000
0.000000
0.000001
0.000001
0.000000
0.000006
0.000009
0.000003
0.000003
0.000000
0.000000
0.000000
0.000000
0.000000
0.000000
0.000000
0.000000
0.000000
0.000000
0.000000
0.000000
0.000000
0.000000
0.000000
0.000000
0.000000
0.000011
0.000004
0.000004
0.000003
0.000003
0.000002
0.000074
0.000117
0.046644
0.047764
0.048349
0.048858
0.000748
0.000788
0.000450
0.000293
0.000269
0.000002
0.000002
0.000002
0.000001
0.000005
0.000005
0.000085
0.000007
0.000009
0.000035
0.000004
0.000000
0.000001
0.000001
0.000001
0.000001
0.000001
0.000001
0.000000
0.000000
0.000000
0.000000
0.000000
0.000000
0.000000
0.000000
0.000000
0.000001
0.000001
0.000001
0.000001
0.000004
0.000004
0.000005
0.000008
0.000311
0.000440
0.000556
0.000556
0.000501
0.000488
0.000469
0.000437
0.000366
0.000381
0.000120
0.000088
0.000338
0.000430
0.000621
0.000617
0.000626
0.000021
0.000023
0.000191
0.000226
0.059950
0.028159
0.016389
0.005460
0.000887
0.000915
0.000975
0.001012
0.001053
0.001099
0.001089
0.001101
0.001167
0.001291
0.001422
0.001540
0.001593
0.001616
0.001608
0.018257
0.018087
0.005742
0.005138
0.004746
0.003935
0.001524
0.001173
0.001099
0.001038
0.000964
0.000664
0.000481
0.000046
0.000038
0.000029
0.000020
0.000022
0.000021
0.000513
0.000802
0.000870
0.000960
0.001101
0.001143
0.001165
0.001163
0.001171
0.001171
0.001171
0.001171
0.001167
0.001172
0.001176
0.001172
0.001176
0.001170
0.001168
0.001142
0.001123
0.001114
0.001038
0.000991
0.000975
0.000976
0.000978
0.000990
0.000999
0.000989
0.000945
0.000728
0.000394
0.000245
0.000140
0.000078
0.000002
0.000001
0.000000
0.000163
0.000796
0.000808
0.000830
0.007443
0.008566
0.008535
0.006814
0.006844
0.007074
0.007183
0.007117
0.006936
0.007093
0.012249
0.013314
0.000000
0.000000
0.000000
0.000001
0.000002
0.000002
0.000008
0.000021
0.000515
0.000582
0.000585
0.000582
0.000584
0.000583
0.000581
0.000569
0.000554
0.000441
0.000321
0.000313
0.012846
0.012744
0.011581
0.011289
0.018311
0.019286
0.019943
0.020349
0.020323
0.020631
0.019600
0.014416
0.009993
0.009556
0.000041
0.009634
0.009560
0.009189
0.009005
0.008629
0.008494
0.008454
0.008104
0.000222
0.000365
0.008093
0.008946
0.010209
0.016833
0.018748
0.019439
0.000000
0.000000
0.000000
0.000000
0.000000
0.000000
0.000000
0.000000
0.000000
0.000000
0.000014
0.000039
0.000040
0.000044
0.001744
0.001799
0.001877
0.001947
0.002074
0.002360
0.002498
0.002516
0.002527
0.002525
0.002523
0.002524
0.002520
0.002481
0.002445
0.002380
0.002348
0.002297
0.002285
0.002296
0.002295
0.002283
0.002279
0.002263
0.002240
0.002232
0.002241
0.002248
0.002267
0.002256
0.002263
0.002289
0.002298
0.002314
0.002299
0.002290
0.002292
0.002315
0.002342
0.002331
0.002310
0.002294
0.002290
0.001904
0.001588
0.000062
0.000061
0.000047
0.000004
0.000000
0.000000
0.000000
0.000000
0.000000
0.001016
0.020643
0.021679
0.028048
0.029476
0.027362
0.030304
0.031847
0.033526
0.033760
0.031819
0.009665
0.032991
0.035149
0.036818
0.038796
0.040699
0.057702
0.059176
0.059971
0.060946
0.062695
0.073366
0.083683
0.086792
0.084277
0.001285
0.001183
0.001170
0.113682
0.119620
0.085862
0.071881
0.012454
0.011416
0.006095
0.005554
0.000278
0.000327
0.000035
0.001030
0.024434
0.025363
0.028077
0.028640
0.000019
0.000001
0.000001
0.000001
0.000001
0.000002
0.000002
0.000002
0.000003
0.000005
0.000005
0.000006
0.000027
0.005762
0.006222
0.006924
0.005187
0.024031
0.024947
0.027947
0.040185
0.040756
0.040927
0.000152
0.000075
0.000000
