0.001814
0.000000
0.000000
0.000000
0.000000
0.000000
0.000000
0.000000
0.000000
0.000000
0.000000
0.000000
0.000000
0.000000
0.000000
0.000000
0.000000
0.000000
0.000000
0.000009
0.000009
0.000009
0.000008
0.000007
0.000005
0.000000
0.000000
0.000000
0.000000
0.000000
0.000000
0.000000
0.000000
0.000000
0.000000
0.000000
0.000000
0.000000
0.000000
0.000000
0.000000
0.000000
0.000040
0.000548
0.000860
0.001178
0.001394
0.002148
0.006563
0.006926
0.007589
0.013421
0.013826
0.013789
0.013235
0.000000
0.000000
0.000000
0.000000
0.000000
0.000000
0.000000
0.000000
0.000000
0.000000
0.000000
0.000000
0.000000
0.000000
0.000000
0.000000
0.000000
0.000000
0.000000
0.000000
0.000000
0.000000
0.000000
0.000000
0.000000
0.000000
0.000000
0.000000
0.000000
0.000000
0.000000
0.000000
0.000000
0.000000
0.021622
0.031593
0.034599
0.038150
0.000003
0.000000
0.000000
0.000000
0.000000
0.000000
0.000000
0.000000
0.000000
0.000000
0.000000
0.000000
0.000000
0.000000
0.000000
0.000000
0.000000
0.000000
0.000000
0.000000
0.000000
0.000000
0.000000
0.000000
0.000000
0.000000
0.000000
0.000000
0.000003
0.000002
0.000001
0.000001
0.000000
0.000000
0.000000
0.000000
0.000000
0.000000
0.000000
0.000000
0.000000
0.000000
0.000000
0.000000
0.000000
0.000000
0.000000
0.000000
0.000000
0.000000
0.000000
0.000000
0.000000
0.000000
0.000000
0.000000
0.000000
0.000000
0.000000
0.000000
0.000000
0.000000
0.000000
0.000000
0.000000
0.000000
0.000000
0.000000
0.000000
0.000000
0.000000
0.000000
0.000000
0.000000
0.000000
0.000000
0.000000
0.000000
0.000000
0.000000
0.000000
0.000000
0.000000
0.000000
0.000000
0.000000
0.000000
0.000000
0.000006
0.000002
0.000001
0.000001
0.000000
0.000001
0.000000
0.000001
0.000001
0.000001
0.000000
0.000000
0.000000
0.000000
0.000000
0.000000
0.000000
0.000000
0.000000
0.000000
0.000000
0.000000
0.000000
0.000000
0.000000
0.000000
0.000003
0.000003
0.000435
0.000782
0.000863
0.000775
0.000620
0.000040
0.000010
0.000002
0.000002
0.000000
0.000000
0.000000
0.000000
0.000000
0.000000
0.000000
0.000000
0.000000
0.000000
0.000000
0.000000
0.000000
0.000009
0.000000
0.000000
0.000000
0.000000
0.000000
0.000000
0.000001
0.000001
0.000001
0.000021
0.000021
0.000021
0.000001
0.000001
0.000000
0.000001
0.000001
0.000000
0.000000
0.000000
0.000000
0.000000
0.000001
0.000000
0.000000
0.000000
0.000000
0.000000
0.000000
0.000001
0.000001
0.000001
0.000001
0.000001
0.000000
0.000000
0.000000
0.000000
0.000000
0.000000
0.000000
0.000001
0.000000
0.000000
0.000001
0.000001
0.000001
0.000002
0.000000
0.000001
0.000001
0.000001
0.000000
0.000001
0.000001
0.000002
0.000003
0.000006
0.000006
0.000009
0.000029
0.000072
1.199055
0.965312
0.871911
0.473338
0.013650
0.010129
0.001233
0.000281
0.000007
0.000005
0.000001
0.000001
0.000000
0.000001
0.000002
0.000001
0.000001
0.000001
0.000001
0.000267
0.000010
0.000006
0.000010
0.000010
0.000010
0.000012
0.000001
0.000001
0.000001
0.000002
0.000005
0.000000
0.000005
0.000005
0.000006
0.000007
0.000010
0.000000
0.000000
0.000000
0.000000
0.000000
0.000000
0.000001
0.000002
0.000001
0.000001
0.000000
0.000000
0.000000
0.000000
0.000000
0.000000
0.000000
0.000000
0.000000
0.000000
0.000000
0.000001
0.000001
0.000001
0.000001
0.000000
0.000000
0.000001
0.000001
0.000003
0.000053
0.001166
0.001294
0.001644
0.001658
0.001709
0.001712
0.001608
0.000907
0.001148
0.001357
0.001349
0.001348
0.000029
0.000012
0.000004
0.000004
0.000003
0.000007
0.000007
0.000015
0.000019
0.000001
0.000005
0.000004
0.000004
0.000006
0.000007
0.000223
0.000474
0.000531
0.000586
0.000655
0.000741
0.000862
0.000905
0.000919
0.000919
0.000918
0.000923
0.000927
0.000907
0.000895
0.000825
0.000742
0.000028
0.000026
0.000024
0.000024
0.000077
0.000091
0.000090
0.000153
0.000008
0.000008
0.000009
0.000013
0.000005
0.000012
0.000010
0.000006
0.000013
0.000006
0.000003
0.000006
0.000012
0.000007
0.000006
0.000009
0.000018
0.000008
0.000013
0.000042
0.000099
0.000195
0.015041
0.015965
0.821138
1.164649
1.272033
1.348407
1.369983
1.865093
2.120636
2.177717
2.246089
2.382552
2.552240
2.620382
2.661379
2.678024
2.782393
2.769569
2.699693
2.632122
2.548141
2.430588
2.334350
2.232812
2.062922
1.765116
1.575813
1.440931
1.308448
1.111622
0.981271
0.864345
0.491563
0.469668
0.407680
0.310410
0.138268
0.112037
0.069635
0.064556
0.025447
0.024883
0.024640
0.024243
0.024333
0.024745
0.024894
0.000040
0.000024
0.000017
0.000046
0.000193
0.000026
0.000009
0.000017
0.000008
0.000008
0.000005
0.000006
0.000011
0.000006
0.000006
0.000005
0.000004
0.000006
0.000006
0.000005
0.000008
0.000009
0.000006
0.000005
0.000003
0.000012
0.000008
0.000004
0.000008
0.000007
0.000005
0.000008
0.000017
0.000006
0.000014
0.000044
0.000042
0.000010
0.000014
0.000061
0.000061
0.000017
0.000014
0.000022
0.000015
0.000023
0.000187
0.000100
0.000090
0.000082
0.000133
0.000132
0.000126
0.000048
0.000045
0.000026
0.000066
0.000042
0.000049
0.000293
0.000073
0.000123
0.000162
0.000165
0.000054
0.000188
0.000210
0.000172
0.000026
0.000023
0.000025
0.000076
0.000051
0.000025
0.000013
0.000005
0.000008
0.000010
0.000010
0.000006
0.000010
0.000019
0.000029
0.000010
0.000022
0.000014
0.000012
0.000009
0.000011
0.000017
0.000037
0.029955
0.029123
0.030269
0.316534
0.331756
0.343112
0.349242
0.343050
0.342545
0.311602
0.332942
0.327367
0.318364
0.302609
0.291809
0.203933
0.160682
0.158406
0.106632
0.025023
0.012864
0.010281
0.008309
0.000147
0.000029
0.000021
0.000026
0.000057
0.000059
0.000041
0.000079
0.000107
0.000052
0.000015
0.000027
0.000059
0.000051
0.000072
0.000039
0.000025
0.000028
0.000043
0.000026
0.000051
0.000040
0.000111
0.000099
0.000129
0.000121
0.000024
0.000016
0.000014
0.000026
0.000024
0.000054
0.000075
0.000058
0.000012
0.000013
0.000005
0.000022
0.000008
0.000022
0.000030
0.000012
0.000107
0.000209
0.000095
0.000779
0.000886
0.009417
0.008931
0.011248
0.017770
0.021221
0.022952
0.182159
0.321917
0.657617
0.853060
0.952046
1.063357
1.099085
1.213563
1.324031
1.448544
1.516112
1.622818
1.709039
1.854524
2.078913
2.448451
2.621074
0.010374
0.010264
0.010145
0.009700
0.009179
0.009067
0.000059
0.000078
0.008656
2.816647
3.108347
3.194603
3.233692
3.253092
3.202590
2.936822
2.863816
2.776498
2.452784
2.150098
1.844279
1.442333
1.266205
1.074968
0.959466
0.840475
0.685935
0.587433
0.531621
0.048404
0.044057
0.031721
0.013466
0.000041
0.000099
0.000124
0.000525
0.000080
0.000069
0.021935
0.035193
0.113882
0.150651
0.223765
0.258961
0.386641
0.415802
0.470477
0.507192
0.567665
0.588803
0.475638
0.002120
0.599645
0.647732
0.714238
0.730783
0.741928
0.752596
0.763107
0.739766
0.775824
0.793225
0.778929
0.837431
0.841236
0.795040
0.793799
0.818301
0.906851
0.906924
0.894355
0.875166
0.790437
0.724337
0.647741
0.529721
0.482675
0.101654
0.065353
0.031637
0.002066
0.023316
0.024668
0.025223
0.026447
0.030530
0.031222
0.158193
0.305818
0.452292
0.518376
0.548845
0.578804
0.508513
0.479131
0.479125
0.444716
0.465568
0.418349
0.012912
0.000421
0.000324
0.000311
0.000277
0.000213
0.000259
0.000564
0.017875
0.140991
0.863133
1.063253
1.528105
1.758969
2.069733
2.359032
2.863538
3.379804
0.047927
4.648018
5.240485
5.434609
0.000136
0.000114
0.000105
0.000046
0.000018
0.000020
0.000017
0.000015
0.000029
0.000015
0.000027
0.000046
0.000025
0.000025
0.000040
0.000056
0.000100
0.000140
5.673932
5.765927
5.890382
6.039688
6.163542
6.435556
6.503894
6.612476
0.011517
0.010094
0.010583
6.779164
6.883478
7.010416
7.188269
7.343726
7.385001
7.446332
7.527219
7.489792
0.184617
6.539717
6.143133
3.997040
0.211838
0.026657
0.021943
2.886960
0.070822
4.044727
4.662539
5.170714
5.768650
0.009158
6.396602
7.071703
7.248385
7.429807
7.548149
7.620803
7.581668
7.744166
8.046916
8.234720
8.403310
8.475049
8.558137
8.681585
8.697882
8.703354
8.711522
8.735331
8.757436
0.000055
0.000048
0.000058
0.000166
0.000111
0.000110
0.000166
0.000042
0.000055
0.000005
0.000006
0.000012
0.000011
0.000020
0.000013
0.000040
0.000080
0.000099
0.000012
0.000028
0.000015
0.000052
0.000050
0.000032
0.000022
0.000025
0.000027
0.000114
0.000098
0.000241
0.000837
8.778898
8.805906
8.840667
8.871046
8.905275
8.965390
8.979415
8.949780
8.880075
8.844651
8.722117
8.448104
8.166122
0.000391
0.000275
0.000143
0.000024
0.000012
0.000008
0.000004
0.000004
0.000003
0.000004
0.000005
0.000009
0.000002
0.000002
0.000002
0.000002
0.000002
0.000004
0.000006
0.000004
0.000003
0.000003
0.000007
0.000055
0.040848
0.040985
0.010818
0.010939
0.011001
0.011428
0.017683
0.015536
0.019249
0.023430
8.218620
8.237499
8.234238
8.225395
8.239558
8.240783
0.020285
0.021218
8.149676
8.201715
8.225508
8.230830
8.242821
8.260882
8.097135
8.079653
8.030995
8.047244
8.051942
8.056635
8.151502
8.181245
8.212949
8.218848
8.220302
8.212116
8.165995
8.131106
8.091637
7.850401
0.001121
0.000828
0.000743
0.000937
0.001526
0.000943
0.001066
0.001397
0.002445
0.010455
7.753708
7.954877
7.942642
0.206451
7.923899
7.954691
7.990064
7.945620
7.909536
7.863503
7.812419
7.798145
7.767201
7.750882
7.697309
7.639615
7.533825
7.478615
0.001172
0.000832
0.000738
0.000556
0.000503
0.000305
0.000066
0.000061
0.000008
0.000006
0.000014
0.000010
0.000021
0.000029
0.000033
0.000076
0.000065
0.000351
0.000247
0.000245
0.000072
0.000088
0.000246
0.000019
0.000011
0.000017
0.000017
0.000016
0.000004
0.000009
0.000006
0.000016
0.000025
0.000026
0.000014
0.000009
0.000012
0.000019
0.000152
7.286046
7.267321
7.250770
7.276633
0.614623
0.614727
6.613335
7.183911
7.481068
7.703027
7.878219
8.181805
8.239641
8.301857
8.302750
8.302857
8.302047
8.300079
8.299330
8.297732
8.298252
8.294825
8.295607
8.300389
8.302320
8.298252
8.304555
8.306274
8.308051
8.303603
8.302750
8.301034
8.292395
8.287739
8.260488
8.196827
8.113847
7.875089
7.131462
6.516452
5.557000
4.801508
4.418601
4.093763
3.779590
3.504025
3.111671
2.513702
2.129523
1.859083
1.177662
0.903179
0.488569
0.241698
0.149766
0.001119
0.000160
0.000123
0.000092
0.000081
0.000027
0.000026
0.000009
0.000017
0.000016
0.000008
0.000008
0.000007
0.000015
0.000021
0.000218
0.000014
0.000016
0.000010
0.000014
0.000007
0.000006
0.000013
0.000003
0.000006
0.000005
0.000007
0.000005
0.000003
0.000002
0.000033
0.000006
0.000006
0.000486
0.000004
0.000004
0.000004
0.000004
0.000006
0.000010
0.000003
0.000003
0.000002
0.000004
0.000014
0.000003
0.000001
0.000003
0.000010
0.000050
0.005930
0.058197
0.057078
0.053972
0.037440
0.005731
0.001204
0.000692
0.000655
0.000555
0.000488
0.000461
0.000029
0.000030
0.000030
0.000030
0.000000
0.000000
0.000000
0.000001
0.000001
0.000002
0.000007
0.000019
0.000776
0.000828
0.000818
0.000748
0.000676
0.000105
0.000102
0.000100
0.000016
0.000011
0.000005
0.000005
0.000004
0.000000
0.000000
0.000000
0.000000
0.000000
0.000000
0.000000
0.000000
0.000000
0.000000
0.000000
0.000000
0.000001
0.000000
0.000000
0.000000
0.000000
0.000000
0.000000
0.000000
0.000000
0.000000
0.000000
0.000036
0.000025
0.000021
0.000000
0.000000
0.000000
0.000000
0.000000
0.000000
0.000000
0.000000
0.000000
0.000000
0.000000
0.000000
0.000000
0.000000
0.000000
0.000000
0.000000
0.000000
0.000000
0.000000
0.000000
0.000000
0.001110
0.000000
0.000000
0.000000
0.000000
0.000000
0.000000
0.000000
0.000000
0.000000
0.000000
0.000000
0.000000
0.000000
0.000000
0.000000
0.000000
0.000000
0.000000
0.000000
0.000000
0.000000
0.000000
0.000000
0.000000
0.000000
0.000000
0.000000
0.000000
0.000000
0.000000
0.000000
0.001165
0.001126
0.001107
0.000010
0.000004
0.000004
0.000004
0.000018
0.000009
0.000005
0.000000
0.000000
0.000000
0.000000
0.000000
0.000000
0.000000
0.000000
0.000000
0.000000
0.000000
0.000000
0.000000
0.000000
0.000000
0.000000
0.000000
0.000000
0.000000
0.000000
0.000000
0.000000
0.000000
0.000000
0.000000
0.000000
0.000000
0.000000
0.000004
0.000005
0.000005
0.000005
0.000005
0.000004
0.000000
0.000000
0.000000
0.000000
0.000000
0.000000
0.000000
0.000000
0.000000
0.000000
0.000000
0.000000
0.000000
0.000000
0.000000
0.000000
0.000000
0.000000
0.000000
0.000000
0.000000
0.000000
0.000000
0.000000
0.000000
0.000000
0.000000
0.000000
0.000000
0.000000
0.000000
0.000000
0.000000
0.000000
0.000000
