0.172329
0.119168
0.114940
0.112853
0.110867
0.109291
0.106755
0.095152
0.087629
0.001198
0.000766
0.000225
0.000125
0.000107
0.000112
0.000078
0.002192
0.002257
0.002325
0.002265
0.002157
0.002162
0.001920
0.001706
0.001268
0.000573
0.000668
0.077276
0.126192
0.134055
0.143329
0.400639
0.431912
0.474651
2.269740
2.632715
4.184685
4.767155
5.477637
6.123079
6.484352
6.773891
0.234243
7.347321
7.629289
7.788709
7.862159
7.920416
7.960837
8.015952
8.048667
8.478212
8.490351
8.516173
8.530951
8.530284
8.521477
8.519837
8.503749
8.442579
8.403903
8.354912
8.686565
0.090266
0.055276
0.038334
8.154883
7.842166
7.548612
7.127621
6.845546
6.503919
6.057606
5.808102
0.942048
0.003702
0.004976
0.001271
0.002200
0.001457
0.001089
0.000744
0.001605
0.002226
0.000577
0.000371
0.000384
0.000257
5.329759
5.737078
6.243904
6.624176
6.857277
7.103142
7.313352
7.394996
7.516512
7.624986
7.625581
7.573977
7.474347
7.412288
7.258660
7.046209
6.852794
6.790837
6.287551
5.472199
1.241696
3.163776
1.146568
4.064291
5.705899
6.532906
7.344290
7.816464
8.016895
8.136823
8.214796
8.270007
8.286424
8.305437
8.291361
8.270350
8.231715
8.018081
7.723479
7.337159
7.088754
6.881277
6.378063
4.656296
6.025313
5.209484
6.195610
6.842023
7.175813
7.539037
7.745924
7.819747
7.915998
7.973219
7.958987
7.730555
7.477624
7.229526
6.760958
6.264080
5.577597
4.979264
4.735372
4.602299
4.482238
1.621774
0.079113
0.039433
6.952462
7.467854
7.843524
8.298896
8.782192
8.930880
9.044029
9.083489
9.115250
8.995960
8.897072
8.818531
8.519830
8.348762
8.505459
8.523476
8.535039
8.622680
8.727728
8.818511
8.880808
8.958474
9.112099
9.174571
9.252122
9.328908
9.359822
9.354933
9.370509
9.383600
9.407390
9.410203
9.403988
9.380015
9.309596
9.271700
9.190840
9.144049
9.114671
9.068514
9.040799
9.000808
0.017136
8.916791
8.928827
8.963060
9.017183
9.023927
9.015499
0.000539
0.000356
0.000124
0.000093
0.000084
0.000069
0.000013
0.000007
0.000009
0.000011
0.000014
0.000008
0.000028
0.000010
0.000012
0.000008
0.000015
0.000014
0.000012
0.000003
0.000008
0.000006
0.000005
0.000005
0.000003
0.000004
0.000003
0.000004
0.000001
0.000016
0.000011
0.000006
0.000004
0.000004
0.000001
0.000017
0.000011
0.000008
0.000012
0.000003
0.000003
0.000002
0.000007
0.000007
0.000010
0.000002
0.000003
0.000005
0.000007
0.000005
0.000003
0.000003
0.000006
0.000003
0.000003
0.000002
0.000006
0.000006
0.000003
0.000006
0.000013
0.000014
0.000012
0.000003
0.000007
0.000002
0.000013
0.000005
0.000015
0.000007
0.000032
0.000012
0.000018
0.000021
0.000006
0.000006
0.000004
0.000016
0.000002
0.000008
0.000006
0.000015
0.000015
0.000005
0.000009
0.000010
0.000003
0.000013
0.000007
0.000015
0.000012
0.000012
0.000012
0.000014
0.000004
0.000010
0.000008
0.000016
0.000014
0.000007
0.000010
0.000011
0.000003
0.000007
0.000005
0.000009
0.000008
0.000004
0.000004
0.000004
0.000008
0.000010
0.000012
0.000008
0.000016
0.000012
0.000022
0.000008
0.000023
0.000015
0.000026
0.000003
0.000009
0.000007
0.000016
0.000016
0.000006
0.000012
0.000013
0.000004
0.000012
0.000008
0.000018
0.000007
0.000013
0.000009
0.000021
0.000003
0.000008
0.000006
0.000018
0.000004
0.000014
0.000006
0.000010
0.000007
0.000010
0.000005
0.000004
0.000005
0.000008
0.000012
0.000015
0.000009
0.000022
0.000016
0.000028
0.000009
0.000022
0.000014
0.000027
0.000003
0.000009
0.000007
0.000017
0.000017
0.000007
0.000014
0.000016
0.000004
0.000013
0.000009
0.000022
0.000008
0.000013
0.000009
0.000021
0.000003
0.000009
0.000007
0.000017
0.000018
0.000007
0.000015
0.000017
0.000004
0.000012
0.000009
0.000020
0.000008
0.000014
0.000009
0.000024
0.000003
0.000012
0.000009
0.000029
0.000016
0.000010
0.000004
0.000016
0.000005
0.000010
0.000008
0.000008
0.000007
0.000012
0.000002
0.000010
0.000006
0.000011
0.000008
0.000008
0.000004
0.000005
0.000003
0.000018
0.000018
0.000012
0.000027
0.000011
0.000007
0.000006
0.000004
0.000016
0.000014
0.000009
0.000014
0.000016
0.000002
0.000012
0.000004
0.000007
0.000003
0.000004
0.000002
0.000005
0.000005
0.000004
0.000004
0.000003
0.000002
0.000002
0.000002
0.000004
0.000004
0.000006
0.000010
0.000012
0.000016
0.000039
0.000072
0.000180
0.000389
0.000717
0.001085
9.278432
9.328777
9.359401
9.374016
9.397437
9.397012
9.776067
9.771532
9.782512
9.572368
9.084728
9.296590
9.379549
9.454217
9.498465
9.529126
9.599581
9.684875
9.791809
9.876644
9.881501
9.870778
9.865655
9.836050
9.787189
9.677422
9.538212
8.879084
9.026748
9.036709
9.034833
9.071155
9.108960
9.132916
9.176546
9.269496
9.288691
9.320052
9.353655
9.370290
9.377238
9.403863
9.443199
9.447154
9.457911
9.479042
9.489253
9.301394
9.091051
8.939664
0.086798
8.608052
8.691123
0.075855
0.078359
8.730172
8.774289
8.781659
8.819761
8.892809
0.066081
0.062335
0.063843
8.880998
9.180662
9.320449
9.470755
9.639014
9.767289
9.806074
9.817428
9.852850
9.893666
9.911519
9.922577
9.937922
9.944292
9.952554
9.966668
9.977026
9.983450
9.993261
9.993216
9.995534
9.995514
9.994928
9.994535
9.987630
9.986164
9.986579
9.978683
9.969360
9.967304
9.960392
9.958112
9.942668
9.902523
9.874601
9.813576
9.710207
8.964055
8.935544
8.929512
8.928599
8.928451
8.926658
8.922973
8.921017
8.920370
8.920499
8.919436
8.920768
8.924812
8.932932
8.936929
8.944852
8.941928
8.914568
8.905969
8.896137
8.873146
8.851197
8.904270
8.805983
8.703375
8.658139
8.562572
0.514845
9.158828
9.226071
9.255609
9.277657
9.299487
9.305207
9.310354
9.322163
9.336185
9.349729
9.354747
9.359214
9.354213
9.348431
9.333718
9.254933
9.083739
8.895058
8.513928
8.398110
8.346681
8.305506
8.269910
8.236713
8.196991
8.087726
7.783935
0.435869
9.034473
9.116689
9.140835
9.186597
9.197670
9.228857
9.256774
9.288767
9.291959
9.294359
9.287730
9.284173
9.288494
9.294935
9.303001
9.303194
9.297762
9.295630
9.294470
9.291479
9.286121
8.801131
8.795599
8.785116
8.774005
8.758314
8.725833
8.662933
8.386552
8.379751
8.380084
8.379630
8.377504
8.371694
8.352606
8.329210
8.313500
8.279398
8.240309
8.187009
8.137429
0.122840
0.118782
7.825567
7.660990
7.747341
7.801983
7.891188
7.991190
8.033004
8.061836
8.061608
8.060051
8.061315
8.064725
8.068590
8.062106
8.058498
8.050450
8.050086
8.050101
8.049557
8.050020
8.045605
8.046230
8.048988
8.036791
8.018518
8.177052
8.143160
8.073186
8.036413
8.017679
7.953745
7.838787
7.732891
7.625802
7.295947
6.958955
6.554849
5.785397
4.267121
3.570392
2.662514
0.950444
0.815384
0.289638
0.261016
0.219560
0.173403
0.069088
0.016581
0.009659
0.004446
0.003893
0.003404
0.001051
0.020959
