0.003906
0.003631
0.000794
0.002361
0.002692
0.002771
0.008151
0.011808
0.014655
0.010613
0.010868
0.010750
0.009239
0.009072
0.008943
0.008790
0.008750
0.000080
0.000142
0.000166
0.000197
0.001018
0.012165
0.009178
0.009249
0.009268
0.003946
0.003970
0.004043
0.003999
0.004005
0.004025
0.004036
0.004102
0.004126
0.004107
0.004097
0.004041
0.004001
0.003981
0.003968
0.003970
0.003987
0.004016
0.004061
0.004080
0.004131
0.004200
0.004517
0.004506
0.000006
0.000005
0.000006
0.000004
0.003906
0.003824
0.000002
0.000001
0.000001
0.000001
0.000002
0.000003
0.000002
0.000003
0.000126
0.004285
0.012506
1.065436
0.974627
0.819440
0.729362
0.651533
0.524897
0.469374
0.402096
0.278261
0.151995
0.093874
0.009353
0.001320
0.000571
0.000031
0.000037
0.000003
0.000003
0.000002
0.000001
0.000004
0.000005
0.000004
0.000009
0.000009
0.000002
0.000002
0.000010
0.000003
0.000006
0.000004
0.000021
0.000023
0.000013
0.000006
0.000007
0.000010
0.000038
0.000032
0.000012
0.000008
0.000383
0.000416
0.000461
0.000439
0.000434
0.001629
0.001440
0.000363
0.000360
0.000190
0.000816
0.000663
0.000735
0.000730
0.000717
0.000732
0.000731
0.000753
0.000781
0.000793
0.000800
0.000795
0.000796
0.000797
0.000781
0.000774
0.000797
0.000712
0.000699
0.000859
0.000056
0.000037
0.000035
0.000078
0.000775
0.000817
0.009262
0.010107
0.010429
0.010617
0.010681
0.015936
0.009864
0.031210
0.031460
0.022535
0.023240
0.026131
0.027052
0.036273
0.036627
0.078954
0.090019
0.329697
0.387794
0.428993
0.433456
0.440791
0.015412
0.014522
0.000054
0.000002
0.000002
0.000002
0.000002
0.000004
0.000013
0.000005
0.000003
0.000002
0.000002
0.000003
0.000003
0.000002
0.000003
0.000001
0.000003
0.000004
0.000002
0.000004
0.000006
0.000015
0.000020
0.000037
0.000018
0.000005
0.000003
0.000003
0.000002
0.000001
0.000002
0.000129
0.000085
0.000005
0.000004
0.000003
0.000004
0.000003
0.000003
0.000003
0.000002
0.000003
0.000002
0.000003
0.000003
0.000004
0.000005
0.000006
0.000007
0.000200
0.006089
0.009503
0.012191
0.115787
0.162841
0.189923
0.198766
0.220161
1.123549
1.175554
1.237227
1.301321
1.377035
1.454795
1.511301
1.554963
1.603219
1.601771
1.597044
0.019806
0.000450
0.000459
0.000578
1.685154
1.648174
1.625213
1.611806
1.547665
0.518149
2.009712
2.203873
2.423984
2.593092
2.765868
2.946009
2.990044
2.924931
2.862307
2.752530
0.001890
0.001810
0.000045
0.000035
0.000014
0.000016
0.000014
0.000005
0.000011
0.000008
0.000007
0.000011
0.000009
0.000005
0.000005
0.000006
0.000005
0.000008
0.001462
0.000111
0.001584
2.591272
2.476428
2.391099
2.307980
2.196716
2.100401
1.996296
1.896134
1.673613
0.831235
0.388627
0.126119
0.073980
0.033221
0.019393
0.022839
0.021742
0.020911
0.020317
0.019284
0.015417
0.014332
0.013429
0.012215
0.002391
0.002434
0.002726
0.002796
0.002061
0.001946
0.001908
0.001870
0.001722
0.001632
0.001581
0.000050
0.000007
0.000006
0.000006
0.000005
0.000039
0.000028
0.000014
0.000011
0.000015
0.000009
0.000037
0.000056
0.000105
0.000174
0.031180
0.040168
0.046215
1.499503
1.691794
1.877098
2.115030
2.399225
2.799037
3.045610
3.226161
0.024779
0.027654
3.305384
3.330147
3.314508
3.156114
2.969724
2.793400
2.592637
2.423803
2.200586
1.986160
1.762381
1.516534
1.325586
1.165920
0.069018
0.062833
0.054721
0.044916
0.042725
0.025689
0.005307
0.000146
0.001115
0.287687
0.276810
0.267149
0.260668
0.233420
0.227419
0.179702
0.176254
0.158097
0.144363
0.140421
0.121131
0.106679
0.099791
0.002798
0.001613
0.000461
0.000179
0.001798
0.001829
0.001833
0.001814
0.000645
0.000050
0.000022
0.000020
0.000027
0.000026
0.000014
0.000011
0.000031
0.000014
0.000014
0.000007
0.000008
0.000022
0.000015
0.000029
0.000039
0.000014
0.000011
0.000006
0.000004
0.000008
0.000007
0.000015
0.000012
0.000528
0.000053
0.000026
0.000216
0.000012
0.066835
0.066411
0.064495
0.061539
0.089007
0.085942
0.053957
0.066458
0.160653
0.172056
0.178507
0.187409
0.191488
0.196167
0.202469
0.173383
0.000220
0.000016
0.000006
0.000011
0.000007
0.000006
0.000005
0.000020
0.000020
0.000049
0.000014
0.000009
0.000010
0.000007
0.000004
0.000008
0.000004
0.000006
0.000008
0.000015
0.000024
0.000017
0.000014
0.000011
0.000008
0.000012
0.000005
0.000007
0.000026
0.000028
0.000022
0.000025
0.000034
0.000042
0.000018
0.000013
0.000009
0.000004
0.000009
0.000006
0.000022
0.000015
0.000013
0.000017
0.000015
0.037357
0.119002
0.121742
0.134839
0.133953
0.242317
0.268878
0.288648
0.291847
0.288680
0.274115
0.000000
0.250251
0.240332
0.224621
0.214330
0.200066
0.159294
0.146817
0.021998
0.005145
0.000011
0.000009
0.000013
0.000006
0.000007
0.000015
0.000056
0.000012
0.000007
0.000006
0.000006
0.000022
0.000015
0.000026
0.000020
0.000010
0.000008
0.000006
0.000007
0.000012
0.000013
0.000021
0.000028
0.025373
0.026257
0.036480
0.037605
0.039291
0.108479
0.115074
0.122850
0.126154
0.124191
0.120616
0.117011
0.112063
0.107493
0.105217
0.103647
0.100220
0.097328
0.036548
0.036514
0.083240
0.182063
0.195518
0.204465
0.213182
0.223942
0.228394
0.230070
0.236672
0.246996
0.244368
0.001913
0.000147
0.000057
0.000088
0.000078
0.000231
0.000182
0.001340
0.265892
0.262075
0.255340
0.249876
0.247180
0.244307
0.235433
0.231457
0.140316
0.139854
0.138485
0.125151
0.116320
0.116244
0.108447
0.106268
0.103593
0.094488
0.089915
0.048376
0.032239
0.000043
0.000050
0.000063
0.000068
0.000572
0.002680
0.019166
0.020998
0.187595
0.214335
0.216476
0.241470
0.260269
0.283924
0.318453
0.357209
0.378313
0.000183
0.000060
0.000026
0.000036
0.000011
0.000020
0.000016
0.391632
0.389606
0.393413
0.392996
0.032992
0.018851
0.020123
0.016334
0.014408
0.009760
0.000198
0.000058
0.000040
0.000075
0.000022
0.000012
0.000017
0.000011
0.000002
0.000004
0.000004
0.000003
0.000004
0.000014
0.000290
0.000048
0.000038
0.000038
0.001254
0.001289
0.001225
0.001072
0.000897
0.000592
0.000494
0.000044
0.000006
0.000014
0.000030
0.000022
0.000008
0.000134
0.000145
0.000160
0.000024
0.000043
0.000023
0.000023
0.000064
0.000073
0.000115
0.000203
0.000129
0.002180
0.003260
0.246190
0.246432
0.244478
0.242983
0.239508
0.236890
0.227443
0.222327
0.194150
0.187684
0.177233
0.157546
0.151013
0.143190
0.134729
0.120953
0.113282
0.122367
0.117237
0.015960
0.018591
0.024886
0.025309
0.005430
0.000029
0.000019
0.000016
0.000015
0.000006
0.000023
0.000003
0.000004
0.000006
0.000005
0.000107
0.000007
0.000029
0.000034
0.003238
0.003829
0.004787
0.005486
0.005026
0.005196
0.036807
0.041000
0.064210
0.068867
0.079636
0.085616
0.096262
0.105216
0.109912
0.115437
0.115245
0.103401
0.005677
0.002400
0.002401
0.001851
0.000406
0.000005
0.000023
0.000170
0.000073
0.000164
0.000132
0.000071
0.000067
0.000141
0.000252
0.000205
0.000002
0.000002
0.000002
0.001218
0.003468
0.003325
0.003417
0.004203
0.005514
0.188992
0.190910
0.191747
0.190737
0.189209
0.171092
0.184398
0.185171
0.183747
0.174796
0.165957
0.160058
0.145129
0.139277
0.131883
0.046847
0.042246
0.040470
0.038738
0.037125
0.013249
0.012066
0.009470
0.000195
0.000000
0.000000
0.000000
0.000000
0.000014
0.000012
0.000005
0.000005
0.000002
0.000004
0.000002
0.000021
0.000018
0.000106
0.000157
0.000135
0.000301
0.000269
0.000307
0.000319
0.000336
0.000437
0.000401
0.000413
0.000340
0.009805
0.009800
0.009582
0.028247
0.029308
0.029712
0.029650
0.058851
0.062340
0.005539
0.005583
0.006483
0.001680
0.001414
0.000010
0.000747
0.000378
0.000291
0.000199
0.000009
0.000003
0.000003
0.000003
0.000005
0.000003
0.000002
0.000002
0.000187
0.000159
0.000073
0.000067
0.000051
0.000069
0.000160
0.000170
0.000003
0.000002
0.000016
0.000001
0.000001
0.000000
0.000001
0.000001
0.000003
0.000003
0.000002
0.000002
0.000002
0.000002
0.000001
0.001282
0.001273
0.001218
0.001268
0.001240
0.001185
0.031704
0.077831
0.081458
0.097711
0.104652
0.112416
0.120278
0.198681
0.208836
0.217843
0.091335
0.042404
0.037857
0.036113
0.030366
0.028134
0.021295
0.000000
0.000000
0.000000
0.000000
0.000000
0.000000
0.000000
0.000160
0.000491
0.000588
0.000626
0.091165
0.091572
0.092534
0.092083
0.091479
0.090904
0.089049
0.087196
0.083575
0.073635
0.071608
0.069858
0.067734
0.065796
0.065055
0.062399
0.003358
0.002223
0.005484
0.006920
0.007012
0.006783
0.006813
0.000018
0.000061
0.000062
0.000252
0.002720
0.022731
0.022816
0.024945
0.025875
0.026751
0.051169
0.090468
0.105000
0.113925
0.123225
0.127137
0.131409
0.140786
0.160935
0.159080
0.155011
0.152973
0.148954
0.144534
0.141282
0.133992
0.125707
0.120189
0.080031
0.042274
0.039173
0.036194
0.034587
0.029601
0.028237
0.006491
0.005783
0.003159
0.002714
0.002608
0.002648
0.002527
0.002591
0.002668
0.002740
0.000011
0.000021
0.000004
0.000005
0.000002
0.000001
0.000001
0.000026
0.000010
0.000006
0.000003
0.000004
0.000002
0.000224
0.008956
0.009008
0.008977
0.020470
0.021478
0.023008
0.024677
0.021248
0.021277
0.018586
0.013487
0.000241
0.000241
0.000274
0.000162
0.000036
0.000023
0.000021
0.000092
0.000087
0.000096
0.000021
0.000018
0.000016
0.000019
0.000030
0.001111
0.001179
0.001261
0.001761
0.001882
0.002126
0.002474
0.002731
0.003124
0.003182
0.005818
0.055667
0.056816
0.057753
0.058709
0.064347
0.071937
0.073270
0.074220
0.077648
0.080758
0.083860
0.085987
0.090221
0.093254
0.096042
0.096670
0.097385
0.098736
0.086452
0.023785
0.010358
0.009837
0.006671
0.008290
0.008332
0.000806
0.000033
0.000000
0.000000
0.000000
0.000000
0.000000
0.000000
0.000004
0.000006
0.000007
0.000021
0.000000
0.000000
0.000000
0.000032
0.000037
0.000036
0.000039
0.001560
0.002502
0.003603
0.044433
0.063069
0.104812
0.114393
0.120346
0.138722
0.161469
0.191288
0.179928
0.175559
0.167444
0.156611
0.123195
0.119925
0.115694
0.051670
0.048734
0.045473
0.020196
0.011948
0.010746
0.000286
0.000142
0.000005
0.000002
0.000001
0.000002
0.000001
0.000176
0.000087
0.000011
0.000015
0.006860
0.006910
0.007034
0.006993
0.000807
0.003713
0.009870
0.017734
0.030999
0.074587
0.084222
0.098746
0.134238
0.161027
0.228173
0.245020
0.266608
0.279435
0.271961
0.259973
0.245815
0.222023
0.186634
0.165536
0.150534
0.140923
0.123630
0.072466
0.057935
0.043061
0.034068
0.025449
0.025190
0.025070
0.002711
0.000535
0.000546
0.000020
0.001381
0.001339
0.001327
0.008120
0.008162
0.013644
0.014286
0.054812
0.057582
0.061123
0.062586
0.059436
0.024510
0.023947
0.024536
0.023993
0.059354
0.069294
0.070422
0.072765
0.074187
0.074380
0.076025
0.075663
0.075187
0.074315
0.073646
0.073175
0.073172
0.070668
0.065097
0.061589
0.012037
0.007298
0.000022
0.000033
0.000020
0.000006
0.000005
0.000002
0.000004
0.000005
0.000011
0.000008
0.000004
0.000006
0.000007
0.000005
0.000007
0.000005
0.000004
0.000006
0.000006
0.003400
0.007773
0.007983
0.017638
0.018598
0.018800
0.021830
0.023209
0.023808
0.126335
0.120251
0.115243
0.108298
0.102090
0.096086
0.092719
0.049050
0.000060
0.000015
0.000012
0.000009
0.000003
0.000003
0.000004
0.000005
0.000005
0.000005
0.000014
0.000004
0.000025
0.000025
0.000007
0.000005
0.000004
0.000177
0.000120
0.000042
0.000011
0.000005
0.000007
0.000012
0.000009
0.000010
0.000007
0.000019
0.000027
0.000017
0.000018
0.000094
0.000087
0.000073
0.000107
0.000116
0.000022
0.000012
0.000099
0.000088
0.000089
0.000011
0.000013
0.000014
0.000011
0.000014
0.000024
0.000092
0.000081
0.000016
0.000043
0.000015
0.005537
0.006293
0.006634
0.043771
0.042386
0.040576
0.039748
0.031030
0.027657
0.007009
0.000021
0.017952
0.020312
0.020655
0.020754
0.020697
0.022466
0.024996
0.156508
0.163629
0.171744
0.180033
0.189707
0.196141
0.185247
0.173804
0.165873
0.142534
0.139127
0.129756
0.027417
0.027810
0.029849
0.005131
0.004901
0.004459
0.001446
0.001461
0.001830
0.021333
0.021433
0.050593
0.051740
0.052068
0.049553
0.048437
0.046919
0.014736
0.012851
0.007720
0.003369
0.000631
0.000388
0.000371
0.000056
0.000031
0.000011
0.000009
0.000057
0.001227
0.001253
0.001217
0.001196
0.001123
0.000910
0.000821
0.000854
0.000787
0.000758
0.001174
0.003969
0.018345
0.051836
0.055499
0.058537
0.061031
0.063483
0.066953
0.065748
0.064232
0.062521
0.059375
0.058288
0.056234
0.053314
0.051487
0.000007
0.000108
0.000016
0.000016
0.000002
0.000001
0.000001
0.000000
0.000000
0.000001
0.000027
0.000062
0.001783
0.043866
0.040622
0.035875
0.035450
0.034836
0.034150
0.010790
0.022836
0.032256
0.031494
0.030833
0.001386
0.001370
0.001361
0.001352
0.000021
0.000023
0.000032
0.000011
0.000024
0.000020
0.000062
0.000064
0.000052
0.000699
0.003300
0.041182
0.042007
0.053109
0.053780
0.039603
0.039045
0.022105
0.023133
0.023685
0.023071
0.023287
0.023433
0.041162
0.037286
0.012566
0.007561
0.000156
0.000032
0.000026
0.000031
0.000036
0.000024
0.000045
0.000072
0.000092
0.000000
0.000061
0.000000
0.003101
0.002873
0.002536
0.002415
0.002112
0.000626
0.000550
0.000136
0.000153
0.000274
0.000668
0.000802
0.000772
0.000878
0.005429
0.008691
0.009880
0.011939
0.080931
0.085811
0.089613
0.094100
0.099342
0.105648
0.125671
0.124028
0.120453
0.118087
0.112324
0.108010
0.101732
0.098047
0.091605
0.085548
0.079503
0.017260
0.016540
0.016036
0.005829
0.000017
0.000209
0.000133
0.000268
0.000188
0.000068
0.000047
0.000082
0.000153
0.000232
0.000349
0.000399
0.000204
0.000469
0.000580
0.006254
0.007891
0.013251
0.013959
0.015188
0.015593
0.018299
0.033109
0.047466
0.048607
0.050547
0.051986
0.044967
0.044876
0.044357
0.045580
0.015011
0.000863
0.000740
0.000715
0.000241
0.000024
0.000016
0.000011
0.000013
0.000020
0.000812
0.000794
0.000686
0.000556
0.000463
0.000348
0.000370
0.000380
0.000650
0.003048
0.006540
0.022331
0.078111
0.113846
0.120189
0.122890
0.129965
0.138108
0.148045
0.147370
0.157131
0.172418
0.176477
0.166162
0.162409
0.166935
0.164078
0.161164
0.157988
0.150338
0.106714
0.099200
0.079695
0.024032
0.019350
0.005559
0.005180
0.005141
0.004771
0.003506
0.000489
0.000491
0.000863
0.003531
0.004314
0.012418
0.016182
0.022086
0.117437
0.123237
0.127588
0.135413
0.141182
0.145929
0.148786
0.148645
0.150479
0.152991
0.151580
0.153624
0.154055
0.155500
0.158371
0.147466
0.150365
0.156711
0.142822
0.145716
0.142291
0.139597
0.132375
0.131347
0.126470
0.121724
0.013115
0.014330
0.010006
0.003462
0.003647
0.003111
0.003087
0.003529
0.000539
0.030339
0.034144
0.065329
0.076065
0.091421
0.101710
0.107636
0.115211
0.097923
0.090200
0.076482
0.050221
0.015276
0.010242
0.011191
0.025998
0.009333
0.009012
0.008833
0.008131
0.008028
0.007985
0.000130
0.016237
0.081792
0.083108
0.088182
0.009153
0.312999
0.331320
0.319710
0.309888
0.298900
0.285117
0.269084
0.255189
0.018957
0.018157
0.002026
0.000027
0.000049
0.000020
0.000024
0.000002
0.000002
0.000008
0.000009
0.000002
0.000002
0.000003
0.000003
0.000005
0.000029
0.000051
0.000101
0.017242
0.014085
0.018274
0.023758
0.142196
0.142260
0.141239
0.140782
0.138628
0.135976
0.132393
0.113800
0.099798
0.050100
0.047814
0.045879
0.043399
0.041495
0.027950
0.018158
0.013480
0.001044
0.007928
0.007913
0.008320
0.008856
0.000018
0.000019
0.010783
0.012264
0.013120
0.013272
0.013754
0.014591
0.019269
0.021638
0.022004
0.022582
0.024196
0.024938
0.096231
0.123380
0.133551
0.158479
0.170636
0.182181
0.185400
0.187372
0.201248
0.200570
0.200032
0.194469
0.184679
0.169774
0.012823
0.006130
0.002627
0.000084
0.000003
0.000002
0.001048
0.000994
0.006326
0.018983
0.019283
0.019413
0.019334
0.019197
0.000167
0.000031
0.000000
0.000000
0.000000
0.000000
0.000019
0.000020
0.000025
0.000048
0.000107
0.000017
0.000000
0.000000
0.000000
0.000000
0.000009
0.000039
0.000010
0.000073
0.000060
0.019073
0.019081
0.019243
0.019331
0.019284
0.019458
0.019537
0.119628
0.115556
0.112232
0.110254
0.108851
0.106057
0.102296
0.027913
0.027052
0.021320
0.016916
0.018992
0.020294
0.022229
0.001130
0.002562
0.002592
0.000013
0.000009
0.000007
0.000012
0.000009
0.000075
0.000068
0.000056
0.001635
0.001822
0.119469
0.135648
0.153200
0.312907
0.335957
0.191795
0.118337
0.053093
0.028660
0.022825
0.019446
0.013550
0.005770
0.004527
0.001943
0.001931
0.001951
0.001946
0.000119
0.000066
0.000119
0.000111
0.002419
0.002678
0.000026
0.000005
0.000002
0.000002
0.000004
0.000257
0.000142
0.000181
0.000368
0.192821
0.202953
0.204263
0.201757
0.197372
0.196843
0.195814
0.202184
0.201438
0.195583
0.186550
0.181855
0.176222
0.166231
0.147845
0.125784
0.087597
0.076787
0.044868
0.043967
0.032618
0.023522
0.023277
0.022338
0.018324
0.015658
0.001690
0.016627
0.041817
0.046013
0.050610
0.076755
0.077737
0.078619
0.018500
0.078852
0.079022
0.079295
0.078846
0.079180
0.078073
0.018768
0.020936
0.026853
0.075433
0.078825
0.129391
0.129238
0.126949
0.115646
0.106697
0.095871
0.074882
0.022717
0.021482
0.012156
0.000048
0.000181
0.004522
0.006188
0.025709
0.025903
0.026096
0.026206
0.025591
0.025245
0.024950
0.024761
0.024544
0.020609
0.017875
0.017514
0.016415
0.015268
0.036478
0.031737
0.000518
0.001519
0.099846
0.105478
0.111120
0.126477
0.131674
0.137037
0.140804
0.141285
0.001846
0.000126
0.000385
0.000186
0.001608
0.000152
0.000023
0.000039
0.000083
0.000074
0.000123
0.000051
0.000449
0.163934
0.165608
0.169139
0.175544
0.178008
0.178897
0.179528
0.172971
0.164048
0.020488
0.018858
0.018974
0.018778
0.018685
0.017891
0.017754
0.000433
0.001280
0.013380
0.025212
0.035694
0.070306
0.082562
0.095477
0.089711
0.096407
0.134763
0.149614
0.149720
0.150326
0.147253
0.084239
0.070942
0.069654
0.007187
0.000061
0.000057
0.000032
0.000130
0.003905
0.005189
0.005443
0.005884
0.123809
0.155294
0.157710
0.162238
0.162525
0.164553
0.161339
0.163173
0.156581
0.142028
0.025908
0.017578
0.014355
0.011543
0.011039
0.025473
0.027801
0.029728
0.044938
0.047221
0.099478
0.104636
0.122343
0.125070
0.128505
0.135493
0.128393
0.117416
0.115685
0.112091
0.107526
0.104109
0.065036
0.052685
0.011599
0.000617
0.000014
0.000545
0.000653
0.000921
0.003893
0.007636
0.009590
0.016011
0.017031
0.174040
0.215499
0.221153
0.227574
0.219849
0.211078
0.209578
0.196731
0.187977
0.006956
0.006521
0.011502
0.000227
0.001614
0.001772
0.001874
0.002168
0.002177
0.002144
0.001817
0.001438
0.000930
0.000060
0.000034
0.000040
0.000017
0.000041
0.000071
0.000094
0.000125
0.006910
0.006801
0.006817
0.006856
0.007447
0.007498
0.027855
0.028198
0.026825
0.008625
0.027426
0.028085
0.027615
0.023910
0.066703
0.078953
0.086084
0.090495
0.088567
0.073617
0.070175
0.060576
0.000496
0.000553
0.000018
0.000026
0.000034
0.000043
0.047482
0.023114
0.021741
0.040466
0.041907
0.047129
0.044396
0.017129
0.000078
0.000021
0.000018
0.000163
0.000525
0.000439
0.000355
0.000116
0.000103
0.000180
0.000888
0.020196
0.022033
0.022097
0.029978
0.030320
0.065028
0.096233
0.154964
0.185940
0.200068
0.219318
0.230693
0.241748
0.244765
0.007214
0.330095
0.332999
0.338259
0.344154
0.350740
0.356856
0.364117
0.372841
0.017418
0.000557
0.000228
0.000189
0.000104
0.000128
0.000067
0.000108
0.000306
0.001147
0.006241
0.019997
0.022852
0.473042
0.498449
0.503530
0.482319
0.250255
0.220924
0.013295
0.008204
0.000037
0.000631
0.014815
0.015256
0.023398
0.103238
0.168254
0.181906
0.178090
0.147840
0.193441
0.178826
0.165299
0.157858
0.153850
0.017388
0.018206
0.018538
0.018782
0.005008
0.021333
0.024817
0.045790
0.089009
0.156078
0.214371
0.249108
0.299022
0.370609
0.623698
0.819505
0.953617
1.051836
1.172507
1.323279
1.511555
1.669001
1.959772
2.183800
2.181126
2.042025
0.005455
0.156850
1.954211
0.004485
0.008004
0.024654
2.912192
3.356738
3.559709
3.777199
3.830630
3.747228
3.458964
0.027734
0.002312
0.213315
2.448851
2.554509
2.576891
0.100275
2.544897
2.401939
2.317681
2.111563
1.913046
1.640839
0.324439
0.009603
0.009289
0.073542
2.176991
2.265590
2.316062
2.358515
2.412580
2.470564
2.620668
2.681583
2.708311
2.759295
2.813468
2.798802
2.805562
2.806693
2.762958
0.034170
0.007561
0.010862
0.011533
0.003965
0.006558
2.754886
2.757158
2.772708
2.794946
2.818096
2.828387
2.868507
2.901552
2.930864
0.021955
0.006154
0.007253
0.009603
2.891960
2.933551
2.952561
3.011337
3.067249
3.099903
0.001672
0.001651
0.001275
0.000755
0.000026
0.001157
0.002806
3.161290
3.212038
3.297389
3.331122
0.006218
0.000250
0.000121
0.000228
0.000282
3.567993
3.662222
3.730651
3.806814
3.957942
4.052642
4.081043
4.084634
4.032442
3.944584
3.856711
3.760059
3.664212
3.561346
3.514958
3.420706
3.355003
3.222287
3.085212
2.995723
2.901436
2.741034
2.663672
2.555968
0.005722
2.707653
2.707282
2.675582
2.603399
2.522630
2.417343
2.304570
2.168153
2.037338
0.075632
1.828731
0.021902
0.021439
0.020440
0.019742
0.019815
0.019702
0.018734
0.018290
0.017611
0.016923
0.016080
0.004185
0.003286
0.000376
0.000211
0.001304
0.000921
0.000798
0.000725
0.000773
0.000756
0.000164
0.000100
0.890695
0.917842
0.923537
1.193214
1.226200
1.308772
1.485512
1.668571
1.773606
1.830349
1.881012
1.925077
1.952082
1.976953
2.005594
1.969902
1.990874
2.001385
2.028665
2.021264
2.037054
2.061753
2.062849
2.065533
0.016894
0.013064
0.015163
1.924056
2.240901
2.315783
2.417329
2.505452
2.557554
2.621613
2.705858
2.813017
2.877127
2.883590
2.891677
2.889981
0.000200
0.000209
0.000249
0.000012
0.000022
0.000019
0.000034
0.000029
0.000013
0.000016
0.000009
0.000013
0.000016
0.000027
0.000016
0.000016
0.000043
0.000013
0.000000
0.000000
0.000000
0.000000
0.000034
0.000035
0.000032
0.000028
2.792188
2.761247
2.713079
2.666848
2.580829
2.509533
2.463637
2.385731
2.344209
2.320135
2.236591
2.178399
2.146558
2.083381
0.025308
0.005909
0.000594
0.000366
0.000299
0.000329
0.000407
0.000263
0.000588
1.985962
1.969579
1.955061
1.945214
1.931448
1.928036
1.923549
1.922659
1.930744
1.921667
0.020598
0.019180
1.789120
1.785209
1.792668
1.790710
1.782112
1.768166
1.737933
1.798794
1.793279
1.786475
1.760930
1.720331
1.686126
1.661456
1.628820
1.447528
1.393029
1.368876
1.335386
1.319284
0.000028
0.000023
0.000033
0.000050
0.000067
0.000849
0.001580
1.281711
1.253144
1.239280
1.232626
1.174103
1.143688
1.107340
1.086444
0.018843
0.018785
0.018706
0.018949
0.018643
0.018754
1.074860
1.042408
1.025259
1.013046
0.999066
0.979297
0.036646
0.041627
0.030333
0.021729
0.018642
0.019462
0.018702
0.019991
0.028958
0.911278
0.894042
0.884412
0.862573
0.023149
0.022931
0.022724
0.022481
0.000334
0.000384
0.000115
0.000117
0.000136
0.000045
0.000041
0.000028
0.000051
0.000011
0.000045
0.000247
0.000183
0.000228
0.000217
0.000029
0.000035
0.000912
0.002028
0.889073
0.874286
0.849026
0.834667
0.827791
0.808998
0.803539
0.799185
0.796089
0.770453
0.722324
0.156013
0.131685
0.086731
0.001222
0.000073
0.000058
0.002169
0.099588
0.182574
0.382276
0.402640
0.413733
0.380956
0.330859
0.327683
0.054672
0.515861
0.543260
0.564588
0.588478
0.615506
0.604816
0.595196
0.016277
0.000148
0.000100
0.000095
0.000099
0.000334
0.019399
0.022925
0.021494
0.019444
0.017270
0.015662
0.012192
0.009313
0.010532
0.006612
0.006314
0.003960
0.000363
0.000303
0.000293
0.000306
0.000263
0.001024
0.008726
0.009028
0.014720
0.017420
0.019604
0.020713
0.639963
0.645329
0.050482
0.048766
0.598467
0.598844
0.502718
0.494093
0.305496
0.311744
0.306812
0.051947
0.038746
0.038625
0.033522
0.032747
0.032989
0.041745
0.056197
0.677419
0.694235
0.709134
0.709719
0.702951
0.685963
0.673161
0.650410
0.023752
0.023757
0.023819
0.027016
0.002614
0.000085
0.000222
0.000074
0.000073
0.000059
0.000044
0.000036
0.000559
0.004221
0.014274
0.030123
0.596255
0.608319
0.622972
0.647832
0.657682
0.652376
0.648433
0.637430
0.598811
0.584925
0.060342
0.597510
0.584662
0.572178
0.531282
0.497771
0.473150
0.456657
0.440582
0.420184
0.105181
0.022841
0.008105
0.000045
0.000113
0.013430
0.013965
0.299888
0.308163
0.316567
0.323958
0.311279
0.313393
0.313805
0.314265
0.011268
0.005566
0.000245
0.000174
0.000014
0.000038
0.000046
0.000022
0.000120
0.000115
0.000098
0.000318
0.000409
0.000379
0.000370
0.000569
0.001318
0.001660
0.018106
0.333427
0.335948
0.336380
0.332733
0.308581
0.054970
0.055305
0.044162
0.043047
0.018361
0.000119
0.002288
0.003701
0.101026
0.103242
0.105013
0.104151
0.069562
0.061216
0.054746
0.021745
0.016602
0.021999
0.053944
0.055351
0.082459
0.082902
0.088142
0.088990
0.000218
0.000176
0.000163
0.000151
0.000129
0.000066
0.000065
0.000052
0.000064
0.000022
0.000030
0.000026
0.000020
0.000027
0.000040
0.000083
0.000077
0.107086
0.108982
0.008144
0.004256
0.007183
0.006985
0.006396
0.005924
0.004835
0.000059
0.000055
0.000054
0.000072
0.000039
0.000036
0.000022
0.000096
0.000049
0.000041
0.000036
0.000029
0.000024
0.000021
0.000018
0.000020
0.000057
0.000063
0.000095
0.000072
0.000067
0.000096
0.000121
0.000061
0.016933
0.000518
0.000025
0.000033
0.000050
0.000020
0.000031
0.000031
0.000042
0.000526
0.114549
0.015764
0.000036
0.000032
0.000046
0.000015
0.000016
0.000022
0.000014
0.000022
0.000008
0.000026
0.000016
0.000007
0.000007
0.000023
0.000013
0.000020
0.009481
0.297899
0.308179
0.316052
0.328897
0.030158
0.000163
0.000182
0.220312
0.226120
0.226807
0.215545
0.162259
0.148125
0.021773
0.002667
0.001330
0.000657
0.034916
0.037155
0.148182
0.157575
0.172429
0.184237
0.185118
0.187446
0.097641
0.090835
0.047165
0.007974
0.006331
0.006256
0.006404
0.048298
0.094615
0.154264
0.158004
0.160736
0.163462
0.159700
0.157059
0.150497
0.141076
0.134737
0.122348
0.041218
0.033376
0.032927
0.015156
0.012027
0.011415
0.011533
0.011270
0.004795
0.003326
0.003502
0.003500
0.002967
0.002544
0.001246
0.007475
0.008288
0.008569
0.008600
0.006916
0.012541
0.008535
0.008949
0.009598
0.010623
0.010915
0.000084
0.001683
0.001776
0.001728
0.000209
0.000813
0.000737
0.000913
0.539710
0.606045
0.765845
0.870003
1.032276
1.179587
1.361487
1.588580
1.827486
0.000107
0.000105
0.000627
0.000745
0.000167
0.000100
0.000115
0.000179
0.001554
2.081257
0.005290
0.000080
0.000075
0.000106
0.000035
0.000049
0.000070
0.000074
0.000059
0.000516
0.000382
0.000503
0.000629
0.000699
0.002062
2.205103
2.184602
2.166885
2.082117
0.002993
0.002962
0.002306
0.002168
0.001887
0.001849
0.001913
0.002020
0.001060
0.001293
0.001552
0.004127
0.026604
0.076170
2.104384
1.511743
1.246781
1.131096
0.886461
0.826924
0.697883
0.612135
0.091542
0.081230
0.032335
0.030941
0.022014
0.019326
0.011909
0.045316
0.044676
0.044694
0.043692
0.043153
0.042589
0.000766
0.000620
0.002329
0.002602
0.003091
0.003796
0.036387
0.010733
0.012497
0.048285
0.081038
0.083505
0.097143
0.095177
0.072394
0.068067
0.057995
0.000815
0.053554
0.049343
0.049609
0.049508
0.047836
0.001459
0.053422
0.054699
0.054980
0.053867
0.040438
0.040500
0.041799
0.072330
0.073626
0.075064
0.077895
0.073653
0.069010
0.054726
0.007623
0.000132
0.000064
0.000031
0.000033
0.000029
0.000032
0.000036
0.000151
0.000060
0.000106
0.000160
0.000672
0.035343
0.082868
0.113604
0.162217
0.205541
0.293123
0.338276
0.020724
3.262335
3.821706
4.523177
5.576259
7.028677
7.941099
8.630368
8.661732
8.646657
8.452611
8.865373
9.084634
9.114147
9.152772
9.165844
9.177351
9.186570
9.201356
9.214329
9.302446
9.383177
9.400832
9.453810
9.746807
9.743069
9.739114
9.741413
9.745808
9.747495
9.748302
9.749706
9.677935
9.470918
9.236509
8.986299
0.155605
9.060797
9.180825
9.101144
9.019320
8.970488
8.895217
8.703935
8.551265
8.422118
7.570206
6.703970
6.017134
5.505638
0.028053
5.224389
0.569955
0.267168
0.121025
0.000821
0.000000
0.000000
0.000000
0.000001
0.000001
0.014810
0.139949
6.164664
6.619227
6.974203
7.286378
7.656680
7.702356
6.732721
5.757287
0.382233
0.006310
0.003353
0.007152
0.954397
2.688908
6.110004
6.892555
7.592637
8.222428
8.841663
9.177400
9.246876
9.301852
9.331217
9.299641
8.373145
7.502294
0.214930
1.091897
6.631172
7.637767
8.177744
8.889315
9.239279
9.203611
9.215361
0.091701
9.486455
9.521290
9.547671
9.554248
9.558255
9.548763
9.542305
8.423848
7.768771
7.292116
6.754417
5.968714
5.440252
4.351632
3.577170
2.008549
0.316349
0.213930
0.000655
0.000493
0.000386
1.151245
1.090970
0.922912
0.890235
0.888735
0.052936
0.077303
0.076377
0.075447
0.073268
0.071714
0.071321
0.070677
0.046176
0.045532
0.045104
0.044430
0.043002
0.043014
0.042855
0.042708
0.036598
0.023084
0.018020
0.000029
0.000078
0.011736
