0.000253
0.000001
0.000000
0.000000
0.000000
0.000001
0.000001
0.000001
0.000799
0.000810
0.000077
0.000068
0.000060
0.000057
0.000058
0.000074
0.000058
0.000057
0.000055
0.000082
0.000001
0.000001
0.000001
0.000018
0.002985
0.003484
0.005557
0.005626
0.003354
0.005060
0.005070
0.005018
0.005046
0.008649
0.005249
0.005106
0.005044
0.005034
0.005001
0.002259
0.002222
0.002164
0.001905
0.001760
0.000454
0.000457
0.000472
0.000436
0.000002
0.000002
0.000003
0.000008
0.000024
0.000007
0.000007
0.000008
0.000021
0.000001
0.000001
0.000001
0.000003
0.000002
0.000002
0.000002
0.000004
0.000002
0.000002
0.000002
0.000001
0.000003
0.000006
0.000016
0.000030
0.000028
0.000069
0.000050
0.000065
0.000488
0.005230
0.006016
0.006318
0.006538
0.006737
0.007230
0.009445
0.004161
0.004056
0.004046
0.003751
0.001984
0.001811
0.001252
0.000335
0.001668
0.001748
0.001756
0.001646
0.001617
0.001688
0.001948
0.002225
0.002615
0.003325
0.004097
0.004960
0.005496
0.005706
0.011726
0.013004
0.013445
0.023386
0.025626
0.027320
0.032061
0.338795
0.333415
0.290331
0.281198
0.242728
0.228924
0.145888
0.062760
0.054890
0.040486
0.026026
0.025568
0.025260
0.008215
0.005378
0.000121
0.000717
0.000816
0.001317
0.004661
0.026898
0.028861
0.031421
0.538984
0.731476
0.796669
1.091430
1.346549
1.545685
1.730058
1.920749
2.294768
2.860523
3.359153
3.994317
4.375155
4.845272
5.271490
0.004234
6.021213
6.668536
7.033478
7.143192
7.177323
7.179181
7.180841
7.181171
7.181196
7.181213
7.181179
7.180597
7.313464
7.320624
7.320976
7.321026
7.321012
7.320898
7.320762
7.320476
7.320564
7.320766
7.320416
7.319393
7.317941
7.317822
7.959290
7.966376
7.967788
7.967370
7.968002
7.968135
7.969052
8.194560
8.448945
8.450553
8.453877
8.468467
8.483307
8.500310
8.750765
8.752783
8.759469
8.766950
8.771625
8.758364
0.211766
8.657397
8.768829
8.781693
8.782770
8.782083
8.779922
8.780410
8.783381
8.785154
8.784434
8.784102
8.784159
8.784709
8.784734
8.784736
8.785341
8.786183
8.786503
8.785982
8.782241
8.773037
8.770913
8.768823
8.768085
8.774065
8.779638
8.784613
8.781895
8.751678
8.675413
8.610659
8.660767
8.601495
8.520613
8.452363
0.061561
0.060480
0.060757
0.083515
8.772740
8.863731
8.932511
8.955044
8.962170
8.966779
8.968682
8.968088
8.969919
8.972634
8.970066
8.953168
0.000038
0.000042
0.000046
8.932754
8.716504
8.543777
8.388934
8.087897
8.406901
8.387291
0.135176
8.644696
8.669401
8.684357
8.686695
8.686839
8.672032
8.662496
8.660268
8.661412
8.661917
8.669199
8.678973
8.679644
0.000146
0.000091
0.000030
0.000012
0.000008
0.000004
0.000001
0.000001
0.000000
0.000000
0.000000
0.000000
0.000000
0.000000
0.000000
0.000000
0.000000
0.000000
0.000000
0.000000
0.000001
0.000000
0.000000
0.000000
0.000000
0.000000
0.000001
0.000003
0.000005
0.000009
0.000017
0.000030
0.000121
0.000241
8.578860
8.806460
8.894171
8.924829
8.945961
8.968615
8.971711
8.972174
8.972857
8.972944
8.972705
8.972360
8.972335
8.972297
8.970150
8.966562
8.950186
8.931934
9.597221
9.407449
9.042312
8.758789
8.380352
7.980914
7.324438
6.731474
5.937853
5.016325
4.364863
3.795703
0.160963
0.113351
0.012448
0.000377
0.000237
0.000245
0.000186
0.000065
0.000120
0.000103
0.000119
0.000204
0.014338
0.012552
0.011879
0.001523
0.422093
1.178604
1.197096
1.487241
1.550836
1.653542
1.705029
1.757857
1.817981
1.845492
0.001191
0.000715
0.000346
0.000411
0.001220
0.001492
0.001309
0.000790
0.003398
2.042196
2.164650
2.236386
2.292804
2.310967
2.329442
2.319404
0.000830
0.005328
0.006406
0.000715
0.000778
0.001310
0.084431
0.461773
3.908286
4.314182
4.903034
5.452899
6.169040
0.059311
7.871489
8.365680
0.055056
8.677931
8.766252
8.683295
8.485803
0.087321
8.471685
8.618204
8.724085
8.499709
8.577517
8.651021
8.685321
8.733607
8.758213
8.787679
8.680221
0.005597
0.007067
0.135594
9.031362
9.222112
8.933459
8.530131
8.037995
0.928016
0.283544
7.889097
8.457928
8.699887
8.716525
0.013075
0.012102
8.671668
8.725991
8.823395
8.879310
8.906105
8.960732
9.056911
9.060962
9.059458
9.124728
9.142533
9.182191
9.236382
9.226963
9.255303
9.061429
0.002383
0.001726
0.000446
0.000286
0.000063
0.000044
0.000009
0.000005
0.000005
0.000020
0.000010
0.000007
0.000003
0.000002
0.000003
0.000005
0.000005
0.000013
0.000014
0.000015
0.000004
0.000033
0.000030
0.000013
0.000037
0.000107
0.000305
0.000456
0.000615
0.001527
8.827567
0.000299
0.000167
0.000053
0.000034
0.000019
0.000008
0.000004
0.000004
0.000003
0.000001
0.000001
0.000001
0.000001
0.000002
0.000001
0.000003
0.000005
0.000005
0.000007
0.000023
0.000040
0.000072
0.000419
0.000719
0.001169
0.001657
8.872284
8.851011
8.816416
8.804310
8.911709
8.953163
9.014691
9.008011
9.014738
9.007846
8.988787
8.961372
8.948297
8.904867
0.087066
0.089854
9.082053
9.091216
9.093369
9.094006
9.095322
9.091941
9.083345
9.054989
9.038867
8.886344
8.867396
8.895419
8.877681
8.847912
8.814364
8.771126
0.064718
8.467486
8.649252
8.750380
8.841650
8.931451
9.004618
9.023242
9.048626
9.063070
9.067344
9.068860
0.000045
0.000039
0.000041
0.000042
0.000030
0.000081
0.000169
0.000268
9.084172
9.083974
9.083966
9.084454
9.084131
9.084573
9.086521
9.087547
9.086307
9.321645
9.336087
9.327453
9.310689
9.305574
9.284561
9.263922
0.034927
9.092160
9.104488
9.121423
9.105154
9.102650
9.105130
9.098101
9.098095
9.096960
0.008893
0.014050
0.014599
0.014838
0.009273
9.089172
9.095182
9.092361
9.082005
9.058764
9.034729
8.998575
9.041403
9.018922
9.003806
8.945838
8.841394
8.717196
7.981308
6.654562
6.167638
5.862359
4.341972
4.839727
5.088294
5.103764
5.445430
5.688549
5.832095
0.001429
0.007309
0.006761
0.005235
0.007125
0.001429
0.001434
0.000921
0.002032
0.002049
0.002492
0.002776
0.025062
0.041742
0.090691
0.187223
7.053908
7.422108
7.675483
7.831488
7.922908
8.191068
8.257921
8.291428
8.323295
8.382645
8.321447
8.313654
8.249404
8.166125
0.003883
0.002870
0.002069
0.001644
0.001487
0.000633
0.000493
8.045037
7.984740
7.948293
7.900209
7.840626
0.064976
7.948414
7.990725
0.000699
0.000568
0.000677
0.000718
0.002877
7.960161
7.961907
7.958372
7.960337
7.829280
7.835943
7.843421
7.847031
7.837656
7.786881
7.712253
7.638198
0.009475
0.004248
0.002937
0.001822
0.001454
0.001229
0.001024
0.000899
0.000686
0.000423
0.000356
0.000028
0.000047
0.000040
0.000020
0.000024
0.000033
0.000150
0.000125
0.000117
0.000136
0.000158
0.000176
0.000232
0.000308
0.000564
7.219192
7.136825
7.073511
0.018641
0.019140
0.019709
0.000022
0.000011
0.000009
0.000032
0.000019
0.000020
0.000018
0.000010
0.000007
0.000028
0.000031
0.001140
0.000025
0.000011
0.000009
0.000018
0.000024
0.000067
0.000079
0.000053
0.000060
0.000098
0.000065
0.000079
0.000051
0.000092
0.000044
0.000118
0.003686
0.003959
0.004036
0.004048
0.004236
0.003951
0.004030
0.003762
0.004522
0.004448
0.000055
0.000043
0.000032
0.000026
0.000017
0.000013
0.000010
0.000007
0.000005
0.000004
0.000004
0.000004
0.000004
0.000014
0.000014
0.000023
0.000003
0.000002
0.000004
0.000008
0.000014
0.000022
0.000003
0.000003
0.000006
0.000005
0.000002
0.000002
0.000002
0.000005
0.000002
0.000003
0.000005
0.000010
0.000031
0.000050
0.000016
0.000007
0.000006
0.000012
0.000020
0.000028
7.009606
6.956977
6.929498
6.911725
6.888784
6.813872
6.731929
6.672330
6.532628
6.436538
6.362187
6.239993
5.845587
5.402736
4.994157
4.702506
4.223795
0.010207
0.007734
0.002293
0.000618
0.000518
0.000533
0.000354
0.000514
0.000315
0.000255
0.000327
0.000252
0.000417
0.000276
0.000195
0.000208
0.000130
0.000401
0.000181
0.000144
0.000044
0.000027
0.000277
0.000242
0.000022
0.000039
0.000043
0.000020
0.000014
0.000011
0.000005
0.000014
0.000012
0.000007
0.000008
0.000011
0.000007
0.000008
0.000019
0.000013
0.000008
0.000013
0.000015
0.000027
0.000012
0.000011
0.000008
0.000016
0.000014
0.000053
0.000056
0.000060
0.000044
0.000037
0.000047
0.000016
3.760498
3.353723
2.958129
2.521354
2.197455
1.967800
1.634025
1.443660
1.182673
1.082834
0.922457
0.718586
0.381934
0.284406
0.225802
0.138553
0.065912
0.043296
0.030960
0.018087
0.017618
0.010971
0.009330
0.005158
0.001314
0.002498
0.002502
0.002465
