0.027536
0.010719
0.000017
0.000017
0.000025
0.000029
0.000012
0.000020
0.001178
0.001038
0.000779
0.000295
0.000312
0.003861
0.000000
0.000000
0.000000
0.000013
0.000000
0.000000
0.000000
0.000000
0.000000
0.000000
0.000000
0.000000
0.000000
0.000000
0.000000
0.000000
0.000000
0.000000
0.000000
0.000000
0.000000
0.000000
0.000000
0.000066
0.000114
0.000167
0.000241
0.000000
0.000000
0.000000
0.000000
0.000000
0.000000
0.000000
0.000000
0.000000
0.000000
0.000000
0.000000
0.000000
0.000000
0.000000
0.000000
0.000000
0.000000
0.000000
0.000000
0.000000
0.000000
0.000000
0.000000
0.000000
0.000000
0.000000
0.000000
0.000000
0.000000
0.000000
0.000000
0.000000
0.000000
0.000000
0.000000
0.000000
0.000000
0.000000
0.000000
0.000000
0.000000
0.000000
0.000000
0.000000
0.000000
0.004453
0.004325
0.003977
0.002686
0.001882
0.000351
0.000343
0.000552
0.000331
0.000325
0.000025
0.000000
0.000000
0.000000
0.003201
0.010487
0.012088
0.013720
0.015935
1.144492
1.097674
0.798574
0.676948
0.448050
0.398878
0.137188
0.000028
0.000047
0.000054
0.000073
0.000070
0.000075
0.000002
0.000001
0.000001
0.000001
0.000002
0.000003
0.000012
0.000011
0.000001
0.000001
0.000001
0.000000
0.000001
0.000000
0.000000
0.000000
0.000000
0.000000
0.000000
0.000000
0.000000
0.000000
0.000000
0.000000
0.000000
0.000000
0.000000
0.000000
0.000000
0.000000
0.000000
0.000000
0.001237
0.001328
0.001755
0.001653
0.054167
0.080138
0.086176
0.124335
0.154970
0.243746
1.657113
1.821935
2.059427
2.219232
2.431345
2.418949
2.476560
2.537829
2.457150
2.176994
2.071764
1.782102
0.858682
0.292029
0.096305
0.000000
0.000001
0.000000
0.000001
0.000000
0.000000
0.000000
0.000000
0.000000
0.000000
0.000000
0.000004
0.000004
0.000003
0.000000
0.000000
0.000000
0.000000
0.000001
0.000000
0.000000
0.000000
0.000000
0.000000
0.000000
0.000001
0.000001
0.000001
0.000001
0.000001
0.000000
0.000000
0.000000
0.000001
0.000004
0.000002
0.000003
0.000079
0.000007
0.000005
0.000021
0.000030
0.000031
0.002581
0.098217
1.897616
2.310920
2.879797
3.271096
3.961042
4.537908
4.930315
5.035413
5.065650
5.283330
5.293106
5.287347
5.478433
5.367062
0.232549
0.220124
0.076436
0.004933
0.004705
4.918773
5.075675
5.169971
5.291431
5.478927
5.513388
5.505113
5.519574
5.520814
5.520272
5.521453
5.513448
5.504278
5.499478
5.501650
5.501215
5.492532
5.485772
5.484747
5.489057
0.000004
0.000007
0.000008
0.000093
0.003600
0.003366
5.533951
5.560831
5.587464
5.610567
5.601603
5.568920
5.637770
5.646066
5.648035
5.653711
5.598945
0.005182
0.000013
0.000008
0.000004
0.000002
0.000000
0.000003
0.000001
0.000001
0.000001
0.000000
0.000000
0.000000
0.000000
0.000000
0.000000
0.000001
0.000001
0.000001
0.000001
0.000001
0.000002
0.000003
0.000000
5.590998
5.343687
5.167858
4.898248
4.632727
4.586075
4.404801
3.915528
3.409474
3.054438
0.000016
0.000004
0.000003
0.000002
0.000001
0.000001
0.000000
0.000000
0.000001
0.000001
0.017374
0.010144
1.950870
1.718581
1.284616
1.081001
0.910568
0.768766
0.678921
0.608746
0.041038
0.035567
0.027848
0.017146
0.014138
0.000910
0.000846
0.000583
0.001984
0.001778
0.002244
0.002295
0.002473
0.002484
0.002482
0.008772
0.008837
0.037553
0.040430
0.044210
0.050553
0.078175
0.091510
0.108484
0.147666
0.156155
0.166854
0.347547
0.352152
0.418092
0.426373
0.319109
0.261071
0.060075
0.033099
0.028773
0.007859
0.000001
0.000101
0.004230
0.004790
0.005664
0.070547
0.130978
0.202846
0.280402
0.419185
0.686464
0.779597
0.927731
1.000402
1.013072
0.944754
0.855828
0.777104
0.689631
0.032440
0.028794
0.000495
0.000021
0.000010
0.000115
0.000085
0.000054
0.000055
0.000101
0.000023
0.000034
0.000005
0.000003
0.000001
0.008855
0.042750
0.146457
0.243316
0.348625
0.490673
0.555446
0.600779
0.595010
0.560458
0.218584
0.222363
0.000000
0.000000
0.000000
0.000007
0.000001
0.000000
0.000000
0.000000
0.000000
0.000001
0.014544
0.018185
0.395523
0.801154
0.812028
0.802075
0.796854
0.377677
0.302133
0.275021
0.177925
0.167630
0.143135
0.114935
0.095848
0.077218
0.060642
0.053058
0.049500
0.046110
0.003931
0.005987
0.046820
0.047785
0.047365
0.047258
0.046429
0.047088
0.042333
0.002621
0.001529
0.001514
0.001471
0.001391
0.001483
0.001237
0.000691
0.017020
0.096815
0.169187
0.379918
0.432450
0.477187
0.479056
0.484359
0.502986
0.490276
0.470199
0.406729
0.244434
0.246409
0.005430
0.013714
0.013067
0.012650
0.013459
0.013447
0.001730
0.000001
0.000000
0.000000
0.000000
0.000000
0.000000
0.000000
0.000000
0.000000
0.000880
0.001301
0.001356
0.000000
0.000001
0.000001
0.000000
0.000001
0.000000
0.000001
0.000001
0.000000
0.000000
0.000000
0.000000
0.000000
0.000000
0.000000
0.000001
0.000001
0.000001
0.000001
0.000001
0.000001
0.013959
0.024682
0.027920
0.033744
1.170362
1.308385
1.468962
1.656519
1.711095
1.694760
1.694656
1.674000
1.620194
1.570699
1.395951
1.247153
1.111566
0.992238
0.892328
0.803605
0.693562
0.537460
0.477110
0.368475
0.339596
0.049677
0.048700
0.043230
0.080066
0.087904
0.106575
0.104981
0.101207
0.096128
0.092285
0.081558
0.078603
0.075241
0.024502
0.010318
0.005917
0.005828
0.004211
0.003993
0.003309
0.000001
0.000001
0.000000
0.000000
0.000001
0.000001
0.000001
0.000001
0.000001
0.000001
0.000001
0.000002
0.000001
0.003106
0.004725
0.004294
0.001291
0.001560
0.009589
0.009517
0.008830
0.009186
0.010785
0.152192
0.168163
0.452519
0.524539
0.571675
0.627095
0.688611
0.757921
0.995120
1.093653
1.453769
1.671603
0.000065
0.000032
0.000015
0.000011
0.000005
0.000003
0.000003
0.000002
0.000002
0.000002
0.000004
0.000013
0.000011
0.000003
0.000002
0.000003
0.000005
0.000002
0.000002
0.000003
0.000004
0.000006
0.000009
2.034023
2.420315
2.692459
3.233431
3.309876
3.289305
0.002475
0.000030
0.000024
0.000003
0.000002
0.000002
0.000001
0.000001
0.000001
0.000001
0.000002
0.000006
0.000005
0.000001
0.000001
0.000001
0.000000
0.000000
0.000001
0.000002
0.000000
0.000000
0.000001
0.000001
0.000002
0.000003
0.000004
0.000004
0.000002
0.000003
0.000003
0.000002
0.000001
0.000002
0.000001
0.000001
0.000001
0.000001
0.000001
0.000001
0.000002
0.000010
0.000008
0.000007
0.000003
0.000003
0.000002
0.000002
0.000001
0.000000
0.000001
0.000000
0.000001
0.000001
0.000002
0.000002
0.000002
0.000001
0.000052
0.000052
0.000041
0.000016
0.000002
0.000001
0.000001
0.000001
0.000002
0.000001
0.000001
0.000002
0.000002
0.000038
0.000017
0.000011
0.000007
0.000010
0.000007
0.000002
0.000002
0.000001
0.000001
0.000002
0.000015
0.000005
0.000004
0.000002
0.000009
0.000011
0.000013
0.000002
0.000005
0.000007
0.000008
0.000057
0.003090
0.038486
3.334280
3.388270
3.385011
3.254988
2.935280
2.607462
2.289886
2.012811
1.473606
1.310683
0.880896
0.556136
0.334052
0.307960
0.305207
0.308495
0.269065
0.244299
0.236889
0.233326
0.227457
0.223639
0.083395
0.054524
0.043895
0.036872
0.021572
0.004525
0.000946
0.000623
0.000126
0.000007
0.000011
0.000008
0.000010
0.000007
0.000006
0.000007
0.000019
0.000014
0.000025
0.000021
0.000020
0.000016
0.000014
0.000015
0.000018
0.000019
0.000038
0.000024
0.000020
0.000015
0.000014
0.000016
0.000014
0.000014
0.000015
0.000014
0.000018
0.000026
0.000043
0.000006
0.000006
0.000007
0.000014
0.000015
0.000007
0.000007
0.000030
0.000025
0.000013
0.000010
0.000017
0.000030
0.000035
0.000016
0.000018
0.000033
0.000036
0.000026
0.000027
0.000029
0.000057
0.000017
0.000028
0.000056
0.000067
0.000058
0.000030
0.000040
0.000065
0.000185
0.000271
0.000423
0.000681
0.000936
0.311084
0.634438
0.984717
1.135294
1.249637
1.368091
0.000680
0.001225
0.007999
1.975067
2.261752
2.508109
2.782388
3.127533
3.520466
3.992734
4.631688
5.259388
6.040257
6.862026
7.761644
9.036052
9.366845
9.400310
9.416084
9.426623
9.429885
9.422919
9.323438
9.252691
0.037966
0.034596
0.035086
9.228715
9.281256
9.329066
9.370458
9.421927
9.469559
9.478593
9.453561
9.400156
9.289630
9.118397
0.193766
0.006522
9.011280
9.087606
9.125612
9.170111
9.228595
9.281079
9.335214
9.371599
9.366319
9.322534
9.322600
9.306843
9.256270
9.192880
9.287290
9.202484
9.127916
9.085672
8.816861
8.740074
8.710056
8.791509
8.699236
8.736627
8.758747
8.712605
8.664335
8.622202
8.623064
8.564400
8.368841
8.373747
8.385196
8.402212
8.418785
8.466101
8.495223
8.383964
8.239699
8.047893
7.913802
7.827042
7.820387
7.863978
7.807249
7.576187
7.389735
7.269758
7.223293
7.240363
0.000552
0.000420
0.000226
0.000209
0.000358
0.000154
0.000166
0.000101
0.000141
0.000486
0.000150
0.000111
0.000107
0.000037
0.000057
0.000021
0.000041
0.000095
0.000042
0.000054
0.000028
0.000038
0.000008
0.000238
0.000013
0.000023
0.000023
0.000025
0.000070
0.000089
0.000072
0.000095
0.000037
0.000049
0.000064
0.000004
0.000016
0.000014
0.000035
0.000071
0.000032
0.000065
0.000025
0.000017
0.000011
0.000021
0.000012
0.000048
0.000011
0.000007
0.000004
0.000004
0.000002
0.000003
0.000002
0.000039
0.000020
0.000022
0.000002
0.000002
0.000003
0.000002
0.000003
0.000003
0.000001
0.000002
0.000005
0.000004
0.000007
0.000008
0.000032
7.257915
7.216801
7.078583
6.913362
6.756712
6.283658
5.808102
5.377590
0.336462
0.218972
0.206975
0.190225
0.188168
0.187653
0.186371
0.185295
0.184362
4.332539
4.083677
3.820376
3.574359
3.125891
2.882000
2.674765
2.473635
0.166845
0.124315
0.055584
0.048495
0.043371
0.035511
0.031641
0.029797
0.019777
0.000179
0.000018
0.000005
0.000004
0.000005
0.000003
0.000003
0.000003
0.000006
0.000013
0.009152
0.009205
0.043176
0.064929
2.069415
1.941106
1.786489
1.659732
1.558065
1.199488
1.107905
0.952230
0.878063
0.057436
0.060901
0.006641
0.006531
0.003965
0.004566
0.004381
0.003890
0.000014
0.000017
0.000019
0.000021
0.000537
0.000690
0.001114
0.001495
0.001662
0.001736
0.001825
0.007043
0.038674
0.044228
0.036786
0.058406
0.000011
0.000009
0.000005
0.000002
0.000006
0.000004
0.000006
0.000003
0.000002
0.000001
0.000001
0.000000
0.000001
0.000002
0.000001
0.000001
0.000001
0.000001
0.022115
0.219628
0.308246
0.488186
0.722578
1.334581
1.697663
1.936204
2.161394
2.417922
2.522707
2.665463
0.000006
0.000008
0.000009
0.007012
0.006303
2.574583
2.679836
2.844926
3.682021
4.130705
4.660241
4.884010
5.386943
5.724883
5.978819
0.018973
0.143949
6.692114
0.000053
0.000028
0.000012
0.000014
0.000012
0.000004
0.000001
0.000003
0.000005
0.000003
0.000001
0.000003
0.105750
0.112695
0.000005
0.000006
0.000010
0.000025
7.309204
7.917234
7.878916
7.484260
7.119603
6.445560
5.723948
1.763440
0.436848
0.098779
0.067110
0.021937
0.006638
0.000024
0.000016
0.000015
0.000003
0.000002
0.000002
0.000001
0.000001
0.000000
0.000000
0.000000
0.000000
0.000000
0.000000
0.000000
0.000000
0.000000
0.000000
0.000000
0.000000
0.000000
0.000001
0.000001
0.000000
0.000000
0.000000
0.000001
0.000002
0.000023
0.000029
0.000041
0.000054
0.000085
0.000132
0.000234
0.000355
0.000495
0.000649
