0.006037
0.006015
0.005967
0.007819
0.007693
0.002371
0.000560
0.002055
0.002107
0.002154
0.001980
0.000641
0.000628
0.001371
0.000166
0.000033
0.000131
0.000106
0.000064
0.000001
0.000001
0.000001
0.000001
0.000001
0.000001
0.000002
0.000005
0.000006
0.000011
0.000011
0.000002
0.000002
0.000003
0.000001
0.000003
0.000002
0.000002
0.000001
0.000001
0.000002
0.000003
0.000002
0.000001
0.000003
0.000002
0.000003
0.000004
0.000223
0.000388
0.000021
0.000140
0.000446
0.006522
0.016420
0.032944
0.035304
0.049084
0.039308
0.016585
0.009224
0.000187
0.001892
0.004598
0.009750
0.009961
0.009942
0.009687
0.009035
0.007980
0.003778
0.002740
0.001193
0.000997
0.000649
0.000053
0.000043
0.002742
0.010835
0.012238
0.013302
0.022758
0.028687
0.029676
0.028729
0.029514
0.026949
0.051444
0.054695
0.073725
0.040044
0.405073
2.988964
4.090603
4.581582
4.945765
5.220719
0.063337
0.270776
0.879911
6.608899
7.075534
7.430579
7.931292
8.251399
8.417696
8.604380
8.825645
8.975787
9.004084
9.006022
8.997230
8.913626
0.116675
8.709419
8.842186
8.987323
9.121932
9.299026
9.301188
0.001059
0.000527
0.000196
0.000072
0.000044
0.000019
0.000013
0.000007
0.000002
0.000001
0.000001
0.000000
0.000000
0.000000
0.000000
0.000001
0.000001
0.000002
0.000006
0.000009
0.000013
0.000020
0.000070
0.000302
0.000373
9.258892
9.350579
9.651735
9.653243
9.653236
9.646863
9.643416
9.644217
9.649671
9.652509
9.652954
9.652920
9.632780
9.611180
9.516081
9.403390
8.928262
8.925129
8.924077
8.923482
8.923374
8.923071
8.922917
9.252704
9.254605
9.254196
9.253513
9.253841
9.281485
9.296125
9.299545
9.300847
9.303416
9.310029
9.313379
9.316166
9.330335
9.357782
9.403368
0.000274
0.000155
0.000063
0.000040
0.000012
0.000006
0.000004
0.000004
0.000003
0.000001
0.000001
0.000002
0.000003
0.000001
0.000002
0.000004
0.000018
0.000034
0.000075
0.000110
0.000242
0.000596
0.001265
9.368444
9.811070
9.846934
9.840004
9.845546
9.655413
3.108537
7.628558
9.966340
9.989728
9.992950
9.994380
9.998260
9.999391
9.999483
9.999242
9.999539
9.999653
9.999079
9.997732
9.995703
9.980820
9.905186
9.812021
9.709759
0.141537
0.137755
9.437484
9.478930
9.470063
9.347399
9.150244
9.196381
9.227793
9.194537
9.079953
8.843736
0.155495
8.875143
8.930880
9.003749
9.006527
9.005547
9.017099
9.025573
9.088306
9.096072
9.096712
9.363307
9.373316
9.377933
9.377857
9.379851
9.376325
9.363141
9.345666
9.331927
9.290802
9.163592
9.046831
8.920455
8.823965
8.580428
8.425754
8.318441
8.231983
8.153462
8.033469
7.842715
0.002003
0.001853
0.000616
0.000431
0.000355
0.000406
0.000390
0.000479
0.000306
0.000318
0.000410
7.803006
7.478759
7.040071
0.207699
6.376348
5.605752
5.090672
0.004906
0.003902
0.001913
0.000354
0.000308
0.000239
0.000255
0.000273
0.000350
0.000115
0.000202
0.059225
4.693181
3.979345
0.038319
0.104939
0.960728
0.811946
0.328755
0.096438
0.894057
2.125279
3.596520
4.199368
4.789196
5.260005
5.730085
6.083434
6.846216
0.028998
7.589652
7.914215
8.462238
8.555433
8.494343
7.588306
6.753458
5.817805
5.100409
4.504001
3.881740
3.380892
2.961677
0.014525
0.008814
2.448697
2.216743
1.972650
1.794267
0.001365
0.020897
0.019917
0.020760
0.020796
0.048503
0.046952
0.046767
0.043988
0.019009
0.018514
0.037555
0.036968
0.036150
0.035080
0.781065
0.754707
0.719880
0.636744
0.586472
0.054270
0.026750
0.006553
0.118552
0.147723
0.155515
0.152619
0.235308
0.163101
0.017727
0.000783
0.002068
0.001627
0.095529
0.095144
0.031921
0.011531
0.001812
0.001922
0.000766
0.004070
0.597003
0.634136
0.635480
0.541194
0.515240
0.468273
0.136144
0.035891
0.010142
0.014433
0.008245
0.008310
0.009710
0.009905
0.088786
0.140724
0.307423
0.470950
0.504994
0.560818
0.733836
0.824706
0.911486
0.974123
0.014110
1.205592
1.289193
1.413577
1.478276
1.487006
1.487971
1.453741
0.003591
0.000418
0.001493
0.028828
0.034562
0.612350
0.985841
1.343288
1.724519
1.721823
1.602346
1.488086
0.070953
1.461408
1.365989
1.290345
0.159941
0.179179
0.191545
0.465508
0.510043
0.008407
0.008321
0.008437
0.020459
0.128689
0.172242
1.177566
1.922381
2.342717
2.732178
0.010741
3.031339
3.363457
3.628048
4.031468
4.241450
0.008448
0.011535
0.005943
0.022142
4.507409
4.638928
4.683303
4.697918
4.444346
3.979788
0.194249
0.051350
0.036878
2.291292
2.227800
2.084473
1.156540
0.021614
0.027454
3.522318
3.856624
4.358102
4.335975
0.063509
0.000897
0.005875
3.898547
3.564662
0.088750
3.506510
3.415405
0.018132
0.013973
0.013782
0.013749
0.013087
0.001806
0.001820
0.003712
0.008381
0.008624
0.020641
0.204769
0.957428
2.978172
6.567364
7.227506
0.668322
7.106498
7.587727
7.843236
0.000253
0.000168
0.000055
0.000028
0.000037
0.000014
0.000016
0.000016
0.000007
0.000008
0.000008
0.000006
0.000031
0.000010
0.000009
0.000004
0.000002
0.000004
0.000001
0.000002
0.000002
0.000001
0.000001
0.000000
0.000000
0.000001
0.000001
0.000001
0.000001
0.000001
0.000001
0.000001
0.000000
0.000002
0.000001
0.000001
0.000000
0.000000
0.000000
0.000001
0.000001
0.000000
0.000001
0.000001
0.000001
0.000002
0.000003
0.000001
0.000003
0.000001
0.000004
0.000002
0.000001
0.000001
0.000001
0.000001
0.000002
0.000001
0.000002
0.000003
0.000002
0.000001
0.000001
0.000001
0.000003
0.000005
0.000002
0.000006
0.000001
0.000004
0.000001
0.000001
0.000001
0.000001
0.000001
0.000001
0.000001
0.000004
0.000004
0.000003
0.000002
0.000002
0.000001
0.000001
0.000001
0.000000
0.000001
0.000001
0.000006
0.000001
0.000004
0.000000
0.000001
0.000001
0.000000
0.000001
0.000001
0.000000
0.000001
0.000001
0.000000
0.000000
0.000000
0.000001
0.000001
0.000002
0.000017
0.000005
0.000003
0.000002
0.000001
0.000002
0.000001
0.000001
0.000001
0.000002
0.000005
0.000005
0.000011
0.000003
0.000003
0.000003
0.000003
0.000001
0.000002
0.000002
0.000001
0.000001
0.000000
0.000000
0.000000
0.000000
0.000000
0.000000
0.000000
0.000001
0.000000
0.000000
0.000001
0.000001
0.000001
0.000001
0.000001
0.000007
0.000002
0.000001
0.000001
0.000001
0.000001
0.000002
0.000002
0.000000
0.000000
0.000000
0.000000
0.000000
0.000000
0.000000
0.000000
0.000000
0.000000
0.000000
0.000000
0.000000
0.000000
0.000000
0.000001
0.000000
0.000001
0.000000
0.000000
0.000000
0.000000
0.000000
0.000000
0.000001
0.000000
0.000001
0.000001
0.000001
0.000001
0.000001
0.000001
0.000001
0.000002
0.000001
0.000002
0.000001
0.000000
0.000000
0.000000
0.000000
0.000000
0.000000
0.000000
0.000000
0.000001
0.000001
0.000002
0.000005
0.000000
0.000002
0.000000
0.000000
0.000001
0.000001
0.000000
0.000000
0.000000
0.000001
0.000000
0.000000
0.000000
0.000000
0.000000
0.000000
0.000001
0.000002
0.000001
0.000001
0.000002
0.000001
0.000001
0.000001
0.000001
0.000000
0.000000
0.000000
0.000000
0.000001
0.000000
0.000001
0.000001
0.000000
0.000000
0.000000
0.000000
0.000000
0.000000
0.000000
0.000000
0.000000
0.000002
0.000002
0.000002
0.000000
0.000000
0.000000
0.000000
0.000000
0.000000
0.000000
0.000000
0.000000
0.000000
0.000000
0.000000
0.000000
0.000001
0.000000
0.000002
0.000002
0.000001
0.000001
0.000000
0.000004
0.000002
0.000001
0.000002
0.000001
0.000002
0.000002
0.000002
0.000014
0.000026
0.000010
0.000068
0.000004
0.000003
0.000001
0.000001
0.000001
0.000003
0.000002
0.000002
0.000001
0.000001
0.000001
0.000003
0.000003
0.000001
0.000002
0.000002
0.000001
0.000000
0.000000
0.000000
0.000000
0.000000
0.000000
0.000002
0.000001
0.000002
0.000000
0.000002
0.000002
0.000001
0.000000
0.000000
0.000000
0.000001
0.000001
0.000001
0.000001
0.000000
0.000000
0.000000
0.000000
0.000000
0.000000
0.000000
0.000000
0.000000
0.000001
0.000000
0.000001
0.000001
0.000001
0.000000
0.000001
0.000000
0.000001
0.000000
0.000000
0.000000
0.000001
0.000001
0.000002
0.000000
0.000002
0.000002
0.000001
0.000001
0.000005
0.000003
0.000001
0.000001
0.000001
0.000000
0.000000
0.000000
0.000000
0.000000
0.000000
0.000000
0.000000
0.000000
0.000000
0.000000
0.000000
0.000000
0.000001
0.000000
0.000000
0.000000
0.000000
0.000000
0.000000
0.000001
0.000001
0.000001
0.000001
0.000000
0.000001
0.000000
0.000001
0.000001
0.000001
0.000000
0.000002
0.000001
0.000001
0.000001
0.000000
0.000001
0.000001
0.000001
0.000001
0.000000
0.000000
0.000000
0.000001
0.000001
0.000001
0.000001
0.000011
0.000001
0.000002
0.000001
0.000001
0.000001
0.000001
0.000008
0.000002
0.000002
0.000001
0.000001
0.000001
0.000001
0.000002
0.000000
0.000001
0.000001
0.000001
0.000001
0.000001
0.000004
0.000003
0.000003
0.000003
0.000002
0.000003
0.000001
0.000001
0.000001
0.000000
0.000000
0.000000
0.000001
0.000000
0.000000
0.000001
0.000001
0.000001
0.000000
0.000001
0.000002
0.000002
0.000003
0.000001
0.000001
0.000001
0.000001
0.000002
0.000001
0.000001
0.000001
0.000000
0.000001
0.000001
0.000001
0.000000
0.000001
0.000000
0.000000
0.000000
0.000001
0.000000
0.000008
0.000006
0.000002
0.000001
0.000000
0.000000
0.000001
0.000000
0.000000
0.000000
0.000000
0.000000
0.000001
0.000003
0.000002
0.000001
0.000003
0.000001
0.000006
0.000001
0.000002
0.000003
0.000000
0.000001
0.000000
0.000001
0.000000
0.000004
0.000001
0.000002
0.000002
0.000001
0.000002
0.000002
0.000005
0.000008
0.000022
0.000034
0.000059
0.000120
0.000677
7.997079
8.067327
0.894183
7.332279
7.870609
8.376750
8.785435
8.745157
8.694128
8.668487
8.593753
8.267725
7.939315
7.601422
7.136501
6.762807
6.332863
6.063931
5.708696
5.160043
4.762042
4.399891
4.038464
3.465424
2.899687
2.440148
0.256508
0.213737
0.153680
0.001219
0.000967
0.000800
0.000642
0.000403
0.000341
0.057919
0.070891
0.099301
0.550102
0.953535
1.360673
1.540923
1.622111
0.018745
0.001317
0.001250
0.001356
0.040807
2.202783
2.401762
2.623356
2.837454
3.054848
3.335080
3.788394
4.138693
4.293180
4.497673
4.551845
0.010790
4.394742
4.406630
4.067438
3.147846
2.682996
2.057222
1.921032
0.342235
0.315587
0.014947
0.014737
1.826945
1.983602
2.215500
4.062006
4.491831
5.028026
5.444599
5.635932
5.824338
6.055132
0.068135
0.000904
0.000930
0.000965
0.000300
0.013579
0.012831
0.016243
0.005738
0.001011
0.001207
0.001321
0.012949
6.509851
6.774310
7.190639
7.513278
7.768224
8.076276
8.423289
8.725230
9.158933
9.328178
9.329679
9.280193
9.204717
8.951868
0.153173
7.931841
6.884465
5.766381
4.951678
4.284432
0.068722
0.080501
0.072208
0.040034
0.007075
0.797861
2.151669
2.502420
3.449514
6.440443
7.397205
8.514387
9.141564
9.187632
9.185185
9.173511
9.176745
9.185918
9.194448
9.158399
9.135702
9.131843
8.989253
8.736343
7.742772
6.987683
0.040466
0.055389
6.136939
5.373597
4.734427
4.197202
3.323423
2.886835
0.239967
0.139910
0.068678
0.042355
0.000520
0.000892
0.000608
0.002444
0.468996
0.645713
1.153521
1.333735
1.359599
1.554122
1.554255
1.523981
1.438117
1.322437
1.217034
0.003246
0.008062
0.013430
0.004762
0.017367
0.122075
0.167571
0.163383
0.156074
0.142894
0.130290
0.124185
0.126300
0.120038
0.111518
0.098721
0.063072
0.047804
0.044910
0.037111
0.027967
0.023172
0.001873
0.002384
0.001363
0.009093
0.233487
0.324335
0.557339
0.712233
1.445301
1.911063
2.372619
2.679342
2.887428
2.910921
2.816708
2.624400
0.203753
0.185261
0.175358
0.001207
0.000418
0.000387
0.000775
0.003440
0.027173
2.113832
1.887961
1.664880
1.327352
1.127770
0.875065
0.697390
0.047697
0.007629
0.146729
0.450344
0.448221
0.028487
0.756358
0.836969
0.926519
1.105007
1.123787
1.158929
0.334165
0.995824
1.060169
0.948202
0.934295
0.739321
0.630046
0.306063
0.237662
0.216281
0.098301
0.066576
0.052075
0.043213
0.033781
0.006681
0.129780
0.102753
0.094158
0.086068
0.023600
0.003972
0.003940
0.053833
0.072575
0.122454
0.308128
0.351029
0.468880
0.522799
0.584718
0.617617
0.578605
0.530467
0.006604
0.002320
0.000658
0.000512
0.000490
0.000590
0.406478
0.333959
0.308759
0.006062
0.000744
0.200530
0.202642
0.192603
0.176566
0.106009
0.028050
0.000678
0.000680
0.002859
0.121799
0.126406
0.373941
0.402157
0.450830
0.586035
0.623772
0.646537
0.650613
0.684684
0.723521
0.712650
0.714765
0.724362
0.064449
0.002959
0.000143
0.000177
0.000189
0.000274
0.000278
0.000329
0.000379
0.000688
0.023334
0.023256
0.735680
0.005215
1.170064
1.182026
0.007694
0.005825
1.012160
0.028423
0.005351
1.012609
0.010083
1.157405
1.201955
1.026205
1.047421
0.006080
0.000023
0.000032
0.000030
0.000006
0.000007
0.000012
0.000008
0.000014
0.000020
0.000013
0.000015
0.000022
0.000030
0.000023
0.000038
0.000036
0.000048
0.000016
0.000014
0.000013
0.000018
0.000007
0.000007
0.000006
0.000003
0.000002
0.000002
0.000001
0.000002
0.000007
0.000005
0.000012
0.000009
0.000005
0.000004
0.000003
0.000002
0.000003
0.000005
0.000005
0.000005
0.000007
0.000003
0.000003
0.000007
0.000008
0.000011
0.000007
0.000007
0.000011
0.000009
0.000016
0.000064
0.000072
0.000213
0.000025
0.000027
0.000018
0.000006
0.000070
0.000018
0.000021
0.000006
0.000014
0.000027
0.000025
0.000013
0.000022
0.000045
0.000048
0.000118
0.000078
0.000088
0.000054
0.000051
0.000023
0.000018
0.000014
0.000016
0.000012
0.000009
0.000029
0.000127
0.000108
0.000153
0.003184
0.004300
0.000577
0.000620
0.121243
1.536587
1.662442
1.818875
1.990706
2.185746
2.410989
2.699444
3.067458
3.379425
3.743687
4.128197
4.590206
5.013785
5.464106
5.720872
5.755262
5.795088
5.823669
5.841673
5.844388
5.847748
5.851376
5.847980
5.822762
5.810937
5.768758
5.712731
5.221040
4.804206
4.205059
3.728369
3.377142
3.046250
0.009843
0.033723
0.021789
1.362765
3.060798
3.618009
3.879727
4.171380
4.448989
4.774701
5.021999
5.158730
5.285066
5.370025
5.381431
5.396453
5.380172
5.349788
5.335081
5.333274
5.310010
5.285787
5.230484
5.218714
5.213508
5.203686
4.924093
4.313035
3.750695
3.317877
2.945381
2.640125
2.362005
0.002366
0.000837
0.000939
0.000809
0.000608
0.000452
0.000111
0.025096
0.316235
0.238478
0.130888
0.104045
0.059291
0.033210
0.007091
0.008469
0.000005
0.000008
0.000009
0.000008
0.000006
0.000324
0.000643
0.000536
0.010423
0.125905
0.197045
0.240992
0.441523
0.763079
0.947685
1.144135
1.327562
1.604733
1.806583
1.967212
2.136014
2.179191
2.204227
2.251399
2.289659
0.507040
0.518489
0.525472
0.541266
2.609705
2.754189
2.899636
2.960372
3.002535
3.187291
3.387873
3.521109
3.806398
4.007607
0.004824
0.001046
0.000558
0.000435
0.000341
0.000182
0.003729
0.001955
0.001296
0.000852
0.000794
0.000701
0.000521
0.000313
0.000216
0.000018
0.000009
0.000008
0.000009
0.000015
0.000029
0.000041
0.000075
0.003090
0.003213
0.003285
0.003550
0.003568
0.003401
0.001892
0.001893
0.003834
0.004846
0.004921
0.004846
0.004828
0.004845
0.004802
0.004461
0.004451
0.004223
0.003563
0.003324
0.002814
0.002768
0.002551
0.000137
0.000093
0.000093
0.000009
0.000005
0.000001
0.000002
0.000001
0.000004
0.000004
0.000005
0.000010
0.000004
0.000002
0.000002
0.000001
0.000002
0.000001
0.000002
0.000001
0.000007
0.000006
0.000002
0.000002
0.000005
0.000152
0.000202
0.000274
0.000414
0.000422
0.000428
0.000463
0.000426
0.000406
0.000386
0.000040
0.000008
0.000008
0.000006
0.000005
0.000006
0.000007
0.000007
0.000011
0.000345
0.000377
0.000440
0.000454
0.000499
0.000507
0.000510
0.000499
0.000482
0.000010
0.000008
0.000006
0.000006
0.000005
0.000005
0.000006
0.000179
0.000190
0.000186
0.000176
0.000180
0.000181
0.000123
0.000101
0.000093
0.000094
0.000107
0.000143
0.000187
0.000255
0.000264
0.000274
0.000278
0.000295
0.000318
0.000322
0.000324
0.000319
0.000307
0.000308
0.000314
0.000332
0.000358
0.000002
0.000001
0.000001
0.000001
0.000001
0.000001
0.000001
0.000001
0.000002
0.000001
0.000001
0.000001
0.000001
0.000001
0.000021
0.000022
0.000075
0.000001
0.000000
0.000001
0.000001
0.000001
0.000001
0.000000
0.000000
0.000000
0.000000
0.000000
0.000000
0.000000
0.000000
0.000000
0.000000
0.000000
0.000000
0.000001
0.000002
0.000003
0.000001
0.000001
0.000002
0.000001
0.000000
0.000000
0.000000
0.000001
0.000001
0.000000
0.000000
0.000000
0.000000
0.000000
0.000000
0.000000
0.000005
0.000030
0.000032
0.000005
0.000005
0.000005
0.000000
0.000000
0.000000
0.000000
0.000000
0.000000
0.000000
0.000000
0.000000
0.000000
0.000001
0.000001
0.000001
3.871448
3.878108
3.881777
3.891776
3.873733
3.819242
3.822820
3.845513
3.842858
3.847825
0.000466
0.000001
0.000001
0.000001
0.000002
0.000002
0.000001
0.000000
0.000001
0.000000
0.000000
0.000000
0.000000
0.000001
0.000001
0.000002
0.000003
0.000013
0.000007
0.000004
0.000002
0.000001
0.000000
0.000001
0.000001
0.000000
0.000001
0.000002
0.000002
0.000001
0.000000
0.000000
0.000443
3.856656
3.847292
3.737934
3.636696
0.006505
0.000003
0.000004
0.000004
0.000002
0.000015
0.000020
0.000020
0.000002
0.000002
0.000002
0.000001
0.000002
0.000002
0.000002
0.000003
0.000004
0.000004
0.000003
0.000003
0.000003
0.000003
0.000001
0.000001
0.000012
0.000011
0.000011
0.000000
0.000000
0.000001
0.000009
0.000000
0.000000
0.000000
0.000000
0.000005
0.000009
0.000016
0.000016
0.000010
0.000007
0.000006
3.079599
3.305624
2.857319
1.005265
0.535766
0.385659
0.023091
0.019802
0.001858
0.000006
0.000003
0.000335
0.000340
0.000166
0.000165
0.000167
0.000164
0.000142
0.000002
0.000000
0.000000
0.000000
0.000000
0.000000
0.000000
0.000001
0.000001
0.000001
0.000039
0.000046
0.000049
0.000050
0.000059
0.000060
0.000060
0.000062
0.000064
0.000070
0.000072
0.000078
0.000071
0.000069
0.000060
0.000000
0.000000
0.000000
0.000000
0.000000
0.000000
0.000000
0.000001
0.000000
0.000000
0.000000
0.000001
0.000001
0.000000
0.000000
0.000000
0.000000
0.000000
0.000000
0.000000
0.000000
0.000000
0.000000
0.000000
0.000000
0.000000
0.000000
0.000000
0.000000
0.000000
0.000000
0.000000
0.000000
0.000000
0.000000
0.000000
0.000000
0.000000
0.000000
0.000000
0.000000
0.000000
0.000000
0.000000
0.000003
0.000001
0.000001
0.000001
0.000005
0.000004
0.000004
0.000001
0.000000
0.000000
0.000000
0.000000
0.000000
0.000000
0.000000
0.000001
0.000001
0.000001
0.000003
0.000103
0.000163
0.000199
0.000234
0.000412
0.000528
0.000679
0.000681
0.000589
0.000612
0.000546
0.000337
0.000183
0.000179
0.000625
0.000706
0.000727
0.000734
0.000744
0.000755
0.000785
0.000791
0.000704
0.000647
0.000628
0.000612
0.000550
0.000533
0.000439
0.000368
0.000346
0.000329
0.000323
0.000314
0.000311
0.000291
0.000265
0.000202
0.000131
0.000090
0.000077
0.000068
0.000060
0.000057
0.000017
0.000011
0.000011
0.000013
0.000184
0.000191
0.000199
0.000198
0.000193
0.000186
0.000165
0.000158
0.000131
0.000117
0.000098
0.000088
0.000001
0.000001
0.000000
0.000000
0.000000
0.000000
0.000000
0.000000
0.000000
0.000000
0.000000
0.000000
0.000000
0.000000
0.000000
0.000000
0.000000
0.000000
0.000001
0.000001
0.000001
0.000061
0.000061
0.000002
0.000002
0.000001
0.000001
0.000004
0.000039
0.000045
0.000045
0.000048
0.000046
0.000048
0.000042
0.000033
0.000011
0.000024
0.000093
0.000103
0.000117
0.000115
0.000097
0.000086
0.000084
0.000080
0.000076
0.000016
0.000089
0.000099
0.000111
0.000129
0.000146
0.000168
0.000194
0.000195
0.000196
0.000187
0.000185
0.000174
0.000004
0.000003
0.000002
0.000000
0.000000
0.000000
0.000000
0.000000
0.000000
0.000000
0.000000
0.000000
0.000000
0.000000
0.000000
0.000000
0.000000
0.000000
0.000000
0.000000
0.000000
0.000000
0.000000
0.000000
0.000000
0.000000
0.000000
0.000000
0.000000
0.000000
0.000000
0.000000
0.000000
0.000000
0.000000
0.000000
0.000000
0.000000
0.000000
0.000000
0.000001
0.000001
0.000000
0.000000
0.000000
0.000000
0.000000
0.000000
0.000000
0.000000
0.000000
0.000000
0.000000
0.000000
0.000000
0.000002
0.000007
0.000206
0.000253
0.000331
0.000355
0.000364
0.000364
0.000360
0.000356
0.000353
0.000344
0.000336
0.000332
0.000330
0.000329
0.000335
0.000343
0.000352
0.000366
0.000367
0.000367
0.000370
0.000378
0.000386
0.000399
0.000414
0.000440
0.000455
0.000470
0.000472
0.000452
0.000417
0.000392
0.000373
0.000355
0.000340
0.000329
0.000278
0.000011
0.000007
0.000003
0.000007
0.000000
0.000000
0.000000
0.000000
0.000001
0.000002
0.000003
0.000049
0.000050
0.000049
0.000046
0.000044
0.000043
0.000044
0.000043
0.000043
0.000045
0.000047
0.000052
0.000069
0.000085
0.000086
0.000089
0.000092
0.000097
0.000103
0.000113
0.000125
0.000139
0.000155
0.000164
0.000175
0.000183
0.000180
0.000002
0.000001
0.000000
0.000000
0.000000
0.000000
0.000000
0.000000
0.000000
0.000000
0.000000
0.000000
0.000000
0.000000
0.000000
0.000000
0.000000
0.000000
0.000000
0.000000
0.000000
0.000000
0.000000
0.000000
0.000000
0.000000
0.000000
0.000000
0.000000
0.000000
0.000001
0.000002
0.000000
0.000000
0.000000
0.000000
0.000000
0.000000
0.000000
0.000000
0.000000
0.000001
0.000267
0.000300
0.000305
0.000313
0.000318
0.000323
0.000325
0.000329
0.000338
0.000342
0.000346
0.000347
0.000349
0.000351
0.000356
0.000358
0.000362
0.000362
0.000360
0.000360
0.000358
0.000358
0.000351
0.000340
0.000303
0.000012
0.000003
0.000002
0.000002
0.000000
0.000000
0.000000
0.000000
0.000000
0.000000
0.000000
0.000000
0.000000
0.000000
0.000000
0.000000
0.000000
0.000000
0.000000
0.000000
0.000000
0.000000
0.000000
0.000000
0.000002
0.000001
0.000000
0.000000
0.000000
0.000000
0.000000
0.000000
0.000000
0.000000
0.000000
0.000000
0.000000
0.000000
0.000000
0.000000
0.000000
0.000000
0.000000
0.000000
0.000000
0.000000
0.000000
0.000000
0.000000
0.000000
0.000000
0.000000
0.000000
0.000000
0.000000
0.000000
0.000000
0.000000
0.000000
0.000000
0.000000
0.000000
0.000000
0.000000
0.000000
0.000000
0.000000
0.000000
0.000000
0.000000
0.000000
0.000000
0.000000
0.000000
0.000000
0.000000
0.000000
0.000000
0.000000
0.000000
0.000000
0.000002
0.000002
0.000000
0.000000
0.000000
0.000000
0.000000
0.000000
0.000000
0.000000
0.000000
0.000000
0.000000
0.000001
0.000001
0.000010
0.000000
0.000000
0.000000
0.000000
0.000000
0.000000
0.000000
0.000000
0.000000
0.000000
0.000000
0.000000
0.000000
0.000000
0.000000
0.000000
0.000000
0.000000
0.000000
