0.006065
0.005399
0.001827
0.001821
0.001801
0.001786
0.006832
0.002730
0.006462
0.006465
0.006898
0.007412
0.007386
0.007112
0.006834
0.000000
0.000070
0.000076
0.000078
0.000087
0.000001
0.000000
0.000000
0.000000
0.000000
0.000000
0.000000
0.000002
0.000002
0.000002
0.000003
0.000010
0.000028
0.000516
0.000618
0.000752
0.000777
0.000803
0.000812
0.000810
0.000782
0.000687
0.000551
0.000446
0.000394
0.000364
0.000334
0.000312
0.000294
0.000289
0.000381
0.000431
0.000451
0.002064
0.002196
0.000047
0.000040
0.000001
0.000000
0.000000
0.000000
0.000000
0.000000
0.000000
0.000009
0.000079
0.000057
0.000023
0.000000
0.000001
0.000002
0.000552
0.000627
0.000634
0.000647
0.000667
0.000004
0.000002
0.000001
0.000000
0.000000
0.000000
0.000000
0.000000
0.000000
0.000000
0.000000
0.000001
0.000150
0.000167
0.000134
0.000139
0.000144
0.000148
0.007632
0.006970
0.003242
0.003756
0.003765
0.001613
0.001520
0.001166
0.000460
0.000493
0.008482
0.033275
0.034595
0.031988
0.031472
0.039886
0.046355
0.045047
0.048706
0.048892
0.047204
0.030985
0.002186
0.000166
0.000000
0.000000
0.000000
0.000000
0.000000
0.000000
0.000000
0.000000
0.000000
0.000001
0.000001
0.000001
0.000002
0.000002
0.000004
0.000407
0.000834
0.038235
0.040705
1.131470
0.999617
0.887235
0.085630
0.004701
0.115567
0.113255
0.000003
0.000001
0.000000
0.000001
0.000000
0.000000
0.000000
0.000001
0.000001
0.000001
0.000000
0.000000
0.000000
0.000000
0.000000
0.000000
0.049681
0.187405
0.230240
0.346028
0.445399
0.231223
0.208270
0.000001
0.000001
0.000000
0.000003
0.000002
0.000001
0.000001
0.000001
0.000001
0.000000
0.000001
0.000001
0.000001
0.000116
0.000124
0.000080
0.000107
0.000155
0.024380
0.190129
0.202950
0.220608
0.253304
0.283844
0.290244
0.311568
0.000017
0.000008
0.000006
0.000006
0.000003
0.000001
0.000003
0.000002
0.000001
0.000001
0.000001
0.000000
0.000000
0.000001
0.000001
0.000001
0.000001
0.000001
0.000000
0.000001
0.000001
0.000001
0.000001
0.000006
0.000008
0.000005
0.000006
0.000004
0.000002
0.000003
0.000002
0.000002
0.000002
0.000002
0.000022
0.000007
0.000004
0.000004
0.000011
0.000010
0.000007
0.000010
0.000011
0.000007
0.000005
0.000012
0.000068
0.000020
0.000024
0.000009
0.000007
0.000017
0.000015
0.000021
0.000029
0.000010
0.000010
0.000014
0.000014
0.000016
0.000014
0.000015
0.000015
0.000013
0.000015
0.000140
0.000063
0.000063
0.000033
0.000182
0.000038
0.000026
0.000028
0.002037
0.001917
0.000052
0.000065
0.007531
0.007472
0.007380
0.007768
0.007882
0.008365
0.000426
0.000116
0.000041
0.000036
0.000045
0.000071
0.000122
0.000126
0.000099
0.000111
0.000020
0.000026
0.000028
0.000036
0.000030
0.000035
0.000170
0.000362
0.000366
0.000169
0.001333
0.026894
0.291400
0.587186
0.656211
0.744290
0.970735
1.363283
2.083726
3.487066
4.035686
4.595055
5.304648
6.161824
6.680447
7.266288
7.601056
7.753875
7.857081
7.925851
7.882178
8.053421
8.200529
8.401702
8.417177
8.438318
8.491726
8.501379
8.500316
8.502361
8.505229
8.501998
8.499615
8.500800
8.501623
8.510091
8.509848
8.508646
8.495155
8.484455
8.473645
8.329826
8.192476
8.099824
7.999903
7.921350
7.880395
7.861351
7.851140
7.870211
7.919204
7.959362
8.006661
8.045387
8.135748
8.410010
8.465519
8.477066
8.475659
8.471167
8.458305
8.449562
8.626534
8.635479
8.656869
8.691968
8.688906
8.683779
8.681189
8.684358
8.682401
8.679243
8.685853
8.692445
8.690742
8.691768
8.697833
8.967264
8.950429
8.888920
8.845093
0.080839
8.802000
8.867909
8.871938
8.869419
8.870762
7.969503
7.202650
6.264182
1.098750
0.092765
0.079352
0.039569
0.030764
0.004389
0.003336
0.003347
0.000199
0.000141
0.000124
0.000100
0.000124
0.000209
0.000422
0.003031
0.004566
0.295974
3.466312
4.277998
5.128742
6.118325
6.820494
7.665198
8.467668
9.217824
9.420601
9.607239
9.636802
9.681924
9.690844
9.701582
9.695139
9.688239
9.678803
9.663883
9.638555
9.626163
9.608457
9.537496
9.442217
0.004093
0.001689
0.001347
0.000627
0.000565
0.000456
0.000476
0.000172
0.000211
0.000410
9.283984
9.133270
9.002331
8.870795
8.727803
8.527682
8.318919
8.122559
7.910617
7.189401
6.259998
5.432051
4.811816
4.174736
3.719581
2.361396
1.396701
0.102762
0.121766
0.010163
0.009000
0.007815
0.007987
0.006984
0.001417
0.000587
0.000828
0.011525
0.014241
0.315211
0.535570
0.576327
3.310240
3.830352
4.769100
5.416000
5.909251
6.204694
6.441063
6.495794
6.594888
6.671891
6.748359
6.842007
6.928502
6.976939
7.049787
7.178050
7.329707
7.515642
7.627982
7.788666
7.968076
8.047968
8.137775
8.190637
0.033085
0.030029
0.029449
0.029914
0.034565
8.281429
7.873542
7.857433
7.850686
7.804411
7.776858
7.768248
7.752527
7.734515
7.720509
7.715297
7.704538
7.689105
7.674832
7.669604
7.654518
7.648073
7.652602
7.657722
7.637455
7.629064
7.634048
7.638172
7.640217
7.642698
7.651570
7.655629
7.615296
7.592944
7.567888
7.548210
7.535868
7.538938
7.545011
7.547500
7.549473
7.443036
0.121406
7.610073
7.584239
7.601312
7.632312
7.665765
7.703720
7.762918
7.763698
7.927036
7.936076
7.943486
7.901480
7.910321
7.877539
7.518738
7.531731
7.758153
7.736655
7.721209
7.708726
7.707248
7.586676
7.580140
7.562757
7.545957
7.528598
7.432535
7.420315
7.386280
6.953934
6.657270
6.387591
6.082131
5.724482
5.421906
5.111954
4.917903
4.745024
4.591680
4.315124
3.920275
3.445413
2.728848
2.226863
1.655192
1.033764
0.947915
0.327542
0.176714
0.060322
0.056791
0.055318
0.000669
0.000642
0.000642
0.000865
0.001358
0.068669
0.072404
