0.232532
0.009003
0.008359
0.000000
0.000042
0.000022
0.003755
0.003698
0.003682
0.001569
0.000000
0.000000
0.000000
0.000000
0.000000
0.000000
0.000000
0.000000
0.000000
0.000000
0.000000
0.000000
0.000000
0.000000
0.000063
0.000030
0.000025
0.000026
0.000043
0.000032
0.000036
0.000037
0.000043
0.000000
0.000000
0.000000
0.000000
0.000000
0.000000
0.000000
0.000000
0.000000
0.000000
0.000000
0.000000
0.000000
0.000000
0.000000
0.000000
0.000000
0.000000
0.000000
0.000000
0.000000
0.000000
0.000000
0.000000
0.000000
0.000000
0.000000
0.000000
0.000000
0.000000
0.000000
0.000000
0.000000
0.000000
0.000000
0.000000
0.000000
0.000000
0.000000
0.000000
0.000000
0.000000
0.000000
0.000000
0.000000
0.000000
0.000000
0.000000
0.000000
0.000000
0.000000
0.000000
0.000000
0.000000
0.000000
0.000000
0.000000
0.000000
0.000000
0.000000
0.000000
0.000000
0.000000
0.000000
0.000000
0.000000
0.000000
0.000000
0.000000
0.000000
0.000000
0.000000
0.000000
0.000000
0.000000
0.000000
0.000000
0.000000
0.000000
0.000000
0.000000
0.000000
0.000000
0.000000
0.000000
0.000000
0.000000
0.000000
0.000000
0.000000
0.000000
0.000000
0.000000
0.000000
0.000000
0.000000
0.000000
0.000000
0.000000
0.000000
0.000000
0.000000
0.000000
0.000000
0.000000
0.000000
0.000000
0.001248
0.001242
0.000000
0.000000
0.000000
0.000000
0.000000
0.000000
0.000000
0.000000
0.000000
0.000000
0.000000
0.000000
0.000000
0.000000
0.000000
0.000000
0.000000
0.000000
0.000000
0.000000
0.000000
0.000000
0.000000
0.000000
0.000000
0.000039
0.000032
0.000036
0.001737
0.002379
0.003632
0.003509
0.003445
0.004003
0.004418
0.004461
0.004519
0.000000
0.000000
0.000000
0.000000
0.000000
0.000000
0.000000
0.000000
0.000000
0.000000
0.000000
0.000000
0.000000
0.000000
0.000000
0.000000
0.000000
0.000000
0.000000
0.000000
0.000000
0.000000
0.000000
0.000000
0.000000
0.000000
0.000000
0.000000
0.000000
0.000000
0.000000
0.000000
0.000000
0.000000
0.000000
0.000000
0.000000
0.000000
0.000000
0.000000
0.000000
0.000000
0.000000
0.000000
0.000000
0.000000
0.000000
0.000000
0.000000
0.000000
0.000000
0.000000
0.000000
0.000000
0.000000
0.000000
0.000000
0.000000
0.000000
0.000000
0.000000
0.000000
0.000000
0.000000
0.000000
0.000000
0.000000
0.000000
0.000000
0.000000
0.000000
0.000000
0.000000
0.000000
0.000000
0.000000
0.000000
0.000000
0.000000
0.000000
0.000000
0.000000
0.000000
0.000000
0.000000
0.000000
0.000000
0.000000
0.000000
0.000000
0.000000
0.000000
0.000000
0.000000
0.000000
0.000000
0.000000
0.000000
0.000000
0.000000
0.000000
0.000000
0.000000
0.000000
0.000000
0.000000
0.000000
0.000000
0.000000
0.000000
0.000000
0.000000
0.000000
0.000000
0.000000
0.000000
0.000000
0.000000
0.000000
0.000000
0.000000
0.000000
0.000000
0.000000
0.000000
0.000000
0.000000
0.000000
0.000000
0.000000
0.000000
0.000000
0.000000
0.000000
0.000029
0.000019
0.000026
0.000026
0.000000
0.000000
0.000000
0.000000
0.000000
0.000000
0.000000
0.000000
0.000000
0.000000
0.000000
0.000000
0.000000
0.000000
0.000000
0.000000
0.000000
0.000000
0.000000
0.000000
0.000000
0.000000
0.000000
0.000000
0.000000
0.000000
0.000000
0.000000
0.000000
0.000000
0.004703
0.004780
0.005057
0.006362
0.006910
0.007352
0.000000
0.000000
0.000000
0.000000
0.000000
0.000000
0.000000
0.000000
0.000000
0.000000
0.000000
0.000000
0.000000
0.000000
0.000000
0.000000
0.000000
0.000000
0.000000
0.000000
0.000000
0.000000
0.000000
0.000000
0.000000
0.000000
0.000000
0.000000
0.000000
0.000000
0.000000
0.000000
0.000000
0.000000
0.000000
0.000000
0.000000
0.000000
0.000000
0.000000
0.000000
0.000000
0.000000
0.000000
0.000000
0.000000
0.000000
0.000000
0.000000
0.000000
0.000000
0.000000
0.000000
0.000000
0.000000
0.000000
0.000000
0.000000
0.000000
0.000000
0.000000
0.000000
0.000000
0.000000
0.000000
0.000000
0.000000
0.000000
0.000000
0.000000
0.000000
0.000000
0.000000
0.000000
0.000000
0.000000
0.000000
0.000000
0.000000
0.000000
0.000000
0.000000
0.000000
0.000000
0.000000
0.000000
0.000000
0.000000
0.000000
0.000000
0.000000
0.000000
0.000000
0.000000
0.000000
0.000000
0.000000
0.000000
0.000000
0.000000
0.000000
0.000000
0.000000
0.000000
0.000000
0.000000
0.000000
0.000000
0.000000
0.000000
0.000000
0.000000
0.000000
0.000000
0.000000
0.000000
0.000000
0.000000
0.000000
0.000000
0.000000
0.000000
0.000000
0.000000
0.000000
0.000000
0.000000
0.000000
0.000000
0.000000
0.000000
0.000000
0.000000
0.000000
0.000000
0.000000
0.000000
0.000000
0.000000
0.000000
0.000000
0.000000
0.000000
0.000000
0.000000
0.000000
0.000000
0.000000
0.000000
0.000000
0.000000
0.000000
0.000000
0.000000
0.000000
0.000000
0.000000
0.000000
0.000000
0.000000
0.000000
0.000000
0.000000
0.007129
0.006941
0.007432
0.006929
0.000000
0.000000
0.000000
0.000000
0.000000
0.000000
0.000000
0.000000
0.000000
0.000000
0.000000
0.000000
0.000000
0.000000
0.000000
0.000000
0.000000
0.000000
0.000000
0.000000
0.000000
0.000000
0.000000
0.000000
0.000000
0.000000
0.000000
0.000136
0.000001
0.000001
0.000000
0.000002
0.000002
0.000001
0.000000
0.000000
0.000001
0.000004
0.000005
0.000004
0.000001
0.000000
0.000000
0.000000
0.000000
0.000000
0.000000
0.000000
0.000000
0.000000
0.000000
0.000001
0.000074
0.000028
0.000019
0.000000
0.000000
0.000000
0.000000
0.000000
0.000000
0.000000
0.000000
0.000000
0.000001
0.000041
0.000001
0.000000
0.000000
0.000000
0.000000
0.000001
0.000000
0.000001
0.000001
0.000001
0.000002
0.000074
0.000951
0.000224
0.000205
0.000018
0.000015
0.000013
0.000014
0.000003
0.000004
0.000004
0.000005
0.000051
0.000050
0.000045
0.000038
0.000073
0.000005
0.000011
0.000026
0.000002
0.000003
0.000002
0.000004
0.000005
0.000008
0.000004
0.000004
0.000006
0.000003
0.000004
0.000003
0.000003
0.000137
0.000257
0.000004
0.000004
0.000005
0.000003
0.000004
0.000006
0.000006
0.000008
0.000005
0.000004
0.000008
0.000012
0.000011
0.000003
0.000009
0.000007
0.000008
0.000012
0.000006
0.000007
0.000004
0.000004
0.000008
0.000003
0.000004
0.000004
0.000008
0.000005
0.000006
0.000005
0.000008
0.000012
0.000010
0.000004
0.000004
0.000015
0.000017
0.000028
0.000023
0.000028
0.000042
0.000074
0.000085
0.014077
0.017337
0.019949
0.024532
0.026704
0.029364
0.095179
0.184998
0.292167
0.364325
0.555435
3.475548
3.672656
3.923307
4.552194
5.107593
5.396361
5.632644
5.849864
6.186427
6.361997
6.511083
6.565998
6.615899
6.640649
6.660655
6.694331
6.712905
6.708473
6.726837
6.746288
6.761504
0.107653
0.010352
0.011709
6.493125
6.529191
6.651509
6.651452
6.609084
6.584435
0.097980
6.813200
6.838979
6.851994
6.855998
6.857712
0.003122
0.002265
0.001702
0.000907
0.000312
0.000104
0.000049
0.000041
0.000070
0.000029
0.000019
0.000012
0.000076
0.000055
0.000033
0.000010
0.000018
0.000020
0.000043
0.000037
0.000018
0.000006
0.000011
0.000025
0.000019
0.000010
0.000006
0.000007
0.000008
0.000012
0.000014
0.000020
0.000007
0.000005
0.000009
0.000044
0.000006
0.000015
0.000008
0.000024
0.000021
0.000089
0.000081
0.000127
0.000159
0.002739
0.002838
0.003428
6.684733
6.750434
6.886156
7.247231
7.206634
7.268651
7.277547
7.283009
7.285250
7.289979
7.289209
7.276497
7.240395
7.206423
7.181270
7.158595
7.120655
7.091691
7.069035
7.045609
7.026426
7.003604
6.968945
6.921764
0.008065
0.001039
0.000667
0.000622
0.000446
0.000333
0.000558
0.000557
0.000577
0.000850
0.001103
6.861833
6.917111
6.969149
6.978027
6.977586
6.953961
6.929157
6.886652
6.927729
6.873136
6.820866
6.693509
6.486402
6.361148
6.155641
5.902272
0.000410
0.000280
0.000161
0.000113
0.000101
0.000026
0.000031
0.000009
0.000006
0.000005
0.000008
0.000007
0.000011
0.000031
0.000047
0.000089
0.000210
0.000412
5.050791
6.360530
6.566778
6.757570
6.903306
7.029527
7.090484
7.141375
7.165524
7.180010
7.450256
7.453653
7.428166
7.247965
7.242609
7.223710
7.213693
7.218681
7.215382
7.131966
7.057008
6.898678
6.769898
6.653898
6.564156
6.488976
6.443290
6.403687
6.362172
6.321343
6.307537
6.299761
6.305222
6.341190
6.400330
6.475420
6.552583
6.601935
6.661683
6.725562
6.763095
6.983527
7.051337
7.091749
7.088076
7.072560
7.035683
7.024740
6.964774
6.915049
6.883345
0.111100
6.872536
6.957107
7.085852
7.146771
7.137910
6.813766
6.574567
6.623433
6.626022
6.633609
6.640351
6.638171
6.633538
6.630735
6.624808
6.609080
6.611249
6.615560
6.619454
6.623243
6.627939
6.628210
6.616820
6.613949
6.613344
6.608923
6.607657
6.611515
6.617129
6.620311
6.624888
6.625947
6.617828
6.610855
6.819616
6.852084
6.864629
6.868534
6.872078
6.873792
6.873878
6.872907
6.869348
6.867744
6.869073
6.861204
0.094317
6.731077
6.834457
6.864597
6.859259
6.855685
6.851538
6.844589
6.839294
6.837858
6.841548
6.848330
6.847242
6.850359
6.858488
6.861089
6.857001
6.858053
6.859886
6.858028
6.856693
6.859545
6.859940
6.862469
6.872355
6.873923
6.893201
6.901991
6.900842
6.892681
6.835279
6.815385
6.801751
6.777314
6.766955
6.757337
6.738489
6.661229
6.589181
6.529221
6.330698
6.237491
6.072218
5.826087
5.600148
5.403330
5.295775
5.113980
4.965545
4.849399
4.764142
4.672210
4.600870
4.544237
4.484436
4.433835
4.401627
4.368357
4.309122
4.251472
4.201792
4.144323
4.069100
4.019646
3.967194
3.924684
0.000706
0.000492
0.000416
0.000325
0.000311
0.000262
0.000304
0.000353
0.000002
0.000002
0.000002
0.000002
0.000001
0.000001
0.000001
0.000001
0.000001
0.000001
0.000001
0.000001
0.000001
0.000001
0.000001
0.000001
0.000001
0.000001
0.000001
0.000001
0.000001
0.000001
0.000001
0.000001
0.000001
0.000001
0.000000
0.000000
0.000000
0.000000
0.000000
0.000000
0.000000
0.000000
0.000000
0.000000
0.000000
0.000000
0.000000
0.000000
0.000000
0.000000
0.000000
0.000000
0.000000
0.000000
0.000000
0.000000
0.000000
0.000000
0.000000
0.000000
0.000000
0.000000
0.000000
0.000000
0.000000
0.000000
0.000000
0.000000
0.000000
0.000000
0.000000
0.000000
0.000000
0.000000
0.000000
0.000000
0.000000
0.000000
0.000000
0.000000
0.000000
0.000000
0.000000
0.000000
0.000000
0.000000
0.000000
0.000000
0.000000
0.000000
0.000000
0.000000
0.000000
0.000000
0.000000
0.000000
0.000000
0.000000
0.000000
0.000000
0.000000
0.000000
0.000000
0.000000
0.000000
0.000000
0.000000
0.000000
0.000000
0.000000
0.000000
0.000000
0.000000
0.000000
0.000000
0.000000
0.000000
0.000000
0.000000
0.000000
0.000000
0.000000
0.000000
0.000000
0.000000
0.000000
0.000000
0.000000
0.000000
0.000000
0.000000
0.000000
0.000000
0.000000
0.000000
0.000000
0.000000
0.000000
0.000000
0.000000
0.000000
0.000000
0.000000
0.000000
0.000000
0.000000
0.000000
0.000000
0.000000
0.000000
0.000000
0.000000
0.000000
0.000000
0.000000
0.000000
0.000000
0.000000
0.000000
0.000000
0.000000
0.000000
0.000000
0.000000
0.000000
0.000000
0.000000
0.000000
0.000000
0.000000
0.000000
0.000000
0.000000
0.000000
0.000000
0.000000
0.000000
0.000000
0.000000
0.000000
0.000000
0.000000
0.000000
0.000000
0.000000
0.000000
0.000000
0.000000
0.000000
0.000000
0.000000
0.000000
0.000000
0.000000
0.000000
0.000000
0.000000
0.000000
0.000000
0.000000
0.000000
0.000000
0.000000
0.000000
0.000000
0.000000
0.000000
0.000000
0.000000
0.000000
0.000000
0.000000
0.000000
0.000000
0.000000
0.000000
0.000000
0.000000
0.000000
0.000000
0.000000
0.000000
0.000000
0.000000
0.000000
0.000000
0.000000
0.000000
0.000000
0.000000
0.000000
0.000000
0.000000
0.000000
0.000000
0.000000
0.000000
0.000000
0.000000
0.000000
0.000000
0.000000
0.000000
0.000000
0.000000
0.000000
0.000000
0.000000
0.000000
0.000000
0.000000
0.000000
0.000000
0.000000
0.000000
0.000000
0.000000
0.000000
0.000000
0.000000
0.000000
0.000000
0.000000
0.000000
0.000000
0.000000
0.000000
0.000000
0.000000
0.000000
0.000000
0.000000
0.000000
0.000000
0.000000
0.000000
0.000000
0.000000
0.000000
0.000000
0.000000
0.000000
0.000000
0.000000
0.000000
0.000000
0.000000
0.000000
0.000000
0.000000
0.000000
0.000000
0.000000
0.000000
0.000000
0.000000
0.000000
0.000000
0.000000
0.000000
0.000000
0.000000
0.000000
0.000000
0.000000
0.000000
0.000000
0.000000
0.000000
0.000000
0.000000
0.000000
0.000000
0.000000
0.000000
0.000000
0.000000
0.000000
0.000000
0.000000
0.000000
0.000000
0.000000
0.000000
0.000000
0.000000
0.000000
0.000000
0.000000
0.000000
0.000000
0.000000
0.000000
0.000000
0.000000
0.000000
0.000000
0.000000
0.000000
0.000000
0.000000
0.000000
0.000000
0.000000
0.000000
0.000000
0.000000
0.000000
0.000000
0.000000
0.000000
0.000000
0.000000
0.000000
0.000000
0.000000
0.000000
0.000000
0.000000
0.000000
0.000000
0.000000
0.000000
0.000000
0.000000
0.000000
0.000000
0.000000
0.000000
0.000000
0.000000
0.000000
0.000000
0.000000
0.000000
0.000000
0.000000
0.000000
0.000000
0.000000
0.000000
0.000000
0.000000
0.000000
0.000000
0.000000
0.000000
0.000000
0.000000
0.000000
0.000000
0.000000
0.000000
0.000000
0.000000
0.000000
0.000000
0.000000
0.000000
0.000000
0.000000
0.000000
0.000000
0.000000
0.000000
0.000000
0.000000
0.000000
0.000000
0.000000
0.000000
0.000000
0.000000
0.000000
0.000000
0.000000
0.000000
0.000000
0.000000
0.000000
0.000000
0.000000
0.000000
0.000000
0.000000
0.000000
0.000000
0.000000
0.000000
0.000000
0.000000
0.000000
0.000000
0.000000
0.000000
0.000000
0.000000
0.000000
0.000000
0.000000
0.000000
0.000000
0.000000
0.000000
0.000000
0.000000
0.000000
0.000000
0.000000
0.000000
0.000000
0.000000
0.000000
0.000000
0.000000
0.000000
0.000000
0.000000
0.000000
0.000000
0.000000
0.000000
0.000000
0.000000
0.000000
0.000000
0.000000
0.000000
0.000000
0.000000
0.000000
0.000000
0.000000
0.000000
0.000000
0.000000
0.000000
0.000000
0.000000
0.000000
0.000000
0.000000
0.000000
0.000000
0.000000
0.000000
0.000000
0.000000
0.000000
0.000000
0.000000
0.000000
0.000000
0.000000
0.000000
0.000000
0.000000
0.000000
0.000000
0.000000
0.000000
0.000000
0.000000
0.000000
0.000000
0.000000
0.000000
0.000000
0.000000
0.000000
0.000000
0.000000
0.000000
0.000000
0.000000
0.000000
0.000000
0.000000
0.000000
0.000000
0.000000
0.000000
0.000000
0.000000
0.000000
0.000000
0.000000
0.000000
0.000000
0.000000
0.000000
0.000000
0.000000
0.000000
0.000000
0.000000
0.000000
0.000000
0.000000
0.000000
0.000000
0.000000
0.000000
0.000000
0.000000
0.000000
0.000000
0.000000
0.000000
0.000000
0.000000
0.000000
0.000000
0.000000
0.000000
0.000000
0.000000
0.000000
0.000000
0.000000
0.000000
0.000000
0.000000
0.000000
0.000000
0.000000
0.000000
0.000000
0.000000
0.000000
0.000000
0.000000
0.000000
0.000000
0.000000
0.000000
0.000000
0.000000
0.000000
0.000000
0.000000
0.000000
0.000000
0.000000
0.000000
0.000000
0.000000
0.000000
0.000000
0.000000
0.000000
0.000000
0.000000
0.000000
0.000000
0.000000
0.000000
0.000000
0.000000
0.000000
0.000000
0.000000
0.000000
0.000000
0.000000
0.000000
0.000000
0.000000
0.000000
0.000000
0.000000
0.000000
0.000000
0.000000
0.000000
3.862952
3.853402
3.867995
3.828481
3.818106
3.804704
3.732767
3.564340
3.384191
0.000544
0.000425
0.000288
0.000084
0.000076
0.002117
0.001912
0.001626
0.000975
0.000839
0.000024
0.000048
0.000035
0.000031
0.000017
0.000014
0.000007
0.000005
0.000008
0.000487
0.000407
0.000351
0.000321
0.000036
0.000027
0.000035
0.000038
0.000046
0.000056
0.000077
0.000015
0.000021
0.000024
0.000039
0.000035
0.000068
0.000029
0.000132
0.000030
0.000021
0.000013
0.000005
0.000004
0.000003
0.000007
0.000009
0.000016
0.000011
0.000010
0.000019
0.000013
0.000011
0.000013
0.000021
0.000034
0.000031
0.000048
0.000104
0.000037
0.000017
0.000027
0.000021
0.000046
0.000070
0.000009
0.000129
0.000073
0.000061
0.000056
0.000052
0.000019
0.000030
0.000017
0.000007
0.000007
0.000091
0.000086
0.000025
0.000041
0.000019
0.000045
0.000040
0.000006
0.000031
0.000027
0.000015
0.000023
0.000023
0.000212
0.000287
0.000188
0.000199
0.000180
0.000215
0.000201
0.000015
0.000016
0.000016
0.000014
0.000012
0.000007
0.000004
0.000004
0.000005
0.000006
0.000011
0.000011
0.000030
0.000040
0.000029
0.000020
0.000036
0.000035
0.000010
0.000015
0.000014
0.000008
0.000033
0.000047
0.000035
0.000057
0.000016
0.000020
0.000020
0.000023
0.000012
0.000028
0.000033
0.000014
0.000096
0.000047
0.000044
0.000007
0.000009
0.000016
0.000024
0.000409
0.000505
0.000567
0.000521
0.000519
0.000498
0.000319
0.000330
0.000348
0.000339
0.000728
0.000381
0.000414
0.000492
0.000561
0.000539
0.000433
0.000384
0.000339
0.000008
0.000007
0.000002
0.000002
0.000003
0.000007
0.000009
0.000007
0.000022
0.000248
0.000194
0.000199
0.000020
0.000019
0.000025
0.000020
0.002009
0.000918
0.000011
0.000008
0.000006
0.000008
0.000009
0.000013
0.000011
0.000021
0.000034
0.000014
0.000047
0.000009
0.000012
0.000009
0.000002
0.000005
0.000004
0.000010
0.000014
0.000011
0.000013
0.000012
0.000005
0.000010
0.000010
0.000009
0.000017
0.000839
0.000931
0.000904
0.000833
0.000807
0.000667
0.000705
0.000828
0.000734
0.000690
0.000699
0.000481
0.000330
0.000356
0.002337
0.002450
0.002549
0.002646
0.002631
0.002602
0.002600
0.002569
0.002546
0.002539
0.000936
0.001185
0.001605
0.001565
0.001664
0.000236
0.000229
0.000255
0.000228
0.000030
0.000081
0.000046
0.000100
0.000009
0.000010
0.000011
0.000014
0.000017
0.000020
0.000034
0.000045
0.000025
0.000020
0.000013
0.000008
0.000009
0.000008
0.000007
0.000007
0.000006
0.000008
0.000004
0.000006
0.000005
0.000005
0.000004
0.000004
0.000016
0.000005
0.000009
0.000008
0.000028
0.000003
0.000010
0.000007
0.000005
0.000008
0.000010
0.000005
0.000015
0.000017
0.000007
0.000027
0.000035
0.000012
0.000025
0.000016
0.000011
0.000032
0.000016
0.000037
0.000019
0.000025
0.000140
0.000153
3.027711
2.841671
2.608509
2.305488
1.614273
1.449803
1.252664
0.290668
0.003671
0.003966
0.002788
0.000221
0.000684
0.000360
0.000298
0.000634
0.000638
0.000619
0.000534
0.000911
0.055457
0.726462
1.036540
1.340172
1.618705
1.924499
2.089883
2.317204
2.585673
2.855232
3.136859
3.549468
3.995545
4.293628
4.598692
4.782388
4.950073
5.176612
5.454238
5.590809
5.742947
5.840498
5.807942
5.788105
5.794476
5.809809
5.804721
5.800304
5.771489
0.008988
0.009929
5.765181
5.663127
5.595752
5.575585
5.520003
5.429975
5.389249
5.367665
5.340891
5.269417
5.248280
5.223072
5.189734
5.170938
5.162613
5.171913
5.214605
5.278052
5.333455
5.630142
5.692691
5.776500
5.898625
5.987401
6.097135
6.255399
0.020811
6.214764
6.266527
6.331026
6.383325
6.265780
6.491305
6.595623
6.705848
6.765371
6.793258
6.817393
6.828217
6.835301
7.071363
7.108501
7.103489
0.005155
0.004848
0.004415
0.004021
0.000512
0.000470
0.000467
0.000466
0.000466
0.000465
0.000465
0.000464
0.000464
0.000464
0.000463
0.000463
0.000463
0.000462
0.000462
0.000462
0.000461
0.000461
0.000461
0.000461
0.000461
0.000462
0.000460
0.000460
0.000458
0.000457
0.000455
0.000452
0.000442
0.000412
0.000303
0.000001
0.000000
0.000000
0.000000
0.000000
0.000000
0.000000
0.000000
0.000000
0.000000
0.000000
0.000000
0.000000
0.000000
0.000000
0.000000
0.000000
0.000000
0.000000
0.000000
0.000000
0.000000
0.000000
0.000000
0.000000
0.000000
0.000000
0.000000
0.000000
0.000000
0.000000
0.000000
0.000000
0.000000
0.000000
0.000000
0.000000
0.000000
0.000000
0.000000
0.000000
0.000000
0.000000
0.000000
0.000000
0.000000
0.000000
0.000000
0.000000
0.000000
0.000000
0.000000
0.000000
0.000000
0.000000
0.000000
0.000000
0.000000
0.000000
0.000000
0.000000
0.000000
0.000000
0.000000
0.000000
0.000000
0.000000
0.000000
0.000000
0.000000
0.000000
0.000000
0.000000
0.000000
0.000000
0.000000
0.000000
0.000000
0.000000
0.000000
0.000000
0.000000
0.000000
0.000000
0.000000
0.000000
0.000000
0.000000
0.000000
0.000000
0.000000
0.000000
0.000000
0.000000
0.000000
0.000000
0.000000
0.000000
0.000000
0.000000
0.000000
0.000000
0.000000
0.000000
0.000000
0.000000
0.000000
0.000000
0.000000
0.000000
0.000000
0.000000
0.000000
0.000000
0.000000
0.000000
0.000000
0.000000
0.000000
0.000000
0.000000
0.000000
0.000000
0.000000
0.000000
0.000000
0.000000
0.000000
0.000000
0.000000
0.000000
0.000000
0.000000
0.000000
0.000000
0.000000
0.000000
0.000000
0.000000
0.000000
0.000000
0.000000
0.000000
0.000000
0.000000
0.000000
0.000000
0.000000
0.000000
0.000000
0.000002
0.000002
0.000002
0.000006
0.000002
0.000001
0.000001
0.000000
0.000000
0.000000
0.000000
0.000002
0.000000
0.000000
0.000003
0.000000
0.000000
0.000000
0.000000
0.000000
0.000000
0.000000
0.000000
0.000000
0.000000
0.000000
0.000000
0.000000
0.000000
0.000001
0.000001
0.000002
0.000001
0.000001
0.000001
0.000001
0.000003
0.000000
0.000000
0.000000
0.000000
0.000001
0.000000
0.000000
0.000000
0.000000
0.000000
0.000000
0.000000
0.000000
0.000000
0.000000
0.000000
0.000000
0.000000
0.000001
0.000001
0.000000
0.000000
0.000000
0.000001
0.000000
0.000000
0.000000
0.000001
0.000000
0.000000
0.000000
0.000001
0.000001
0.000001
0.000000
0.000000
0.000000
0.000000
0.000000
0.000000
0.000000
0.000000
0.000000
0.000000
0.000000
0.000000
0.000000
0.000000
0.000000
0.000000
0.000000
0.000000
0.000000
0.000000
0.000000
0.000000
0.000000
0.000000
0.000000
0.000000
0.000000
0.000000
0.000000
0.000000
0.000000
0.000000
0.000000
0.000000
0.000000
0.000000
0.000000
0.000000
0.000000
0.000000
0.000000
0.000000
0.000000
0.000000
0.000000
0.000000
0.000000
0.000000
0.000000
0.000000
0.000000
0.000000
0.000000
0.000000
0.000000
0.000000
0.000000
0.000000
0.000000
0.000000
0.000000
0.000000
0.000000
0.000000
0.000000
0.000000
0.000000
0.000000
0.000000
0.000000
0.000000
0.000000
0.000000
0.000000
0.000000
0.000000
0.000000
0.000000
0.000000
0.000000
0.000000
0.000000
0.000000
0.000000
0.000000
0.000000
0.000000
0.000000
0.000000
0.000000
0.000000
0.000000
0.000000
0.000000
0.000000
0.000000
0.000000
0.000000
0.000000
0.000000
0.000000
0.000000
0.000000
0.000000
0.000000
0.000000
0.000000
0.000000
0.000000
0.000000
0.000000
0.000000
0.000000
0.000000
0.000000
0.000000
0.000000
0.000000
0.000000
0.000000
0.000000
0.000000
0.000000
0.000000
0.000000
0.000000
0.000000
0.000000
0.000000
0.000000
0.000000
0.000000
0.000000
0.000000
0.000000
0.000000
0.000000
0.000000
0.000000
0.000000
0.000000
0.000000
0.000001
0.000001
0.000003
0.000001
0.000001
0.000001
0.000353
0.000387
0.000399
0.000389
0.000391
0.000394
0.000410
0.000394
0.000393
0.000394
0.000392
0.000392
0.000393
0.000393
0.000395
0.000394
0.000394
0.000395
0.000395
0.000395
0.000395
0.000396
0.000396
0.000396
0.000397
0.000397
0.000398
0.000398
0.000398
0.000399
0.000399
0.000400
0.000401
0.000402
0.000407
0.003315
0.003949
0.004134
0.004458
0.004819
7.454336
7.456357
7.486300
7.476168
7.427112
7.411472
7.375682
7.428379
7.377869
7.305674
7.152495
7.034239
6.912199
6.743149
6.386648
6.259037
6.140027
6.050924
5.980729
5.941169
5.848823
5.740736
5.764679
5.678116
0.017279
0.013592
5.502815
5.458073
5.359228
5.284248
5.224924
5.159779
4.992221
4.891276
4.764062
4.572678
4.368601
4.080459
3.833982
3.490652
3.234211
3.169539
0.090161
0.012124
0.011489
0.010472
0.011313
0.010604
0.011043
3.222866
3.189079
3.195729
3.193367
3.175494
3.155972
3.111619
3.121039
0.008449
0.010377
0.008596
0.007452
0.006116
0.005927
0.018925
0.024887
0.024516
0.022137
0.016484
0.017247
0.022590
0.025660
0.028987
0.031117
3.239375
3.208064
0.089765
0.003982
0.003540
0.015786
0.020125
0.020223
0.025628
0.014981
0.031328
0.032281
0.144253
0.156580
0.167288
0.170322
0.176183
0.181201
0.186405
0.192125
0.192404
0.192189
0.170120
0.167034
0.134063
0.134389
0.134988
0.097515
0.098612
0.011202
0.004163
0.018637
0.020189
3.013487
3.058766
2.959935
0.001235
0.000714
0.030047
3.097699
3.155428
3.201246
3.303822
3.326852
3.305267
3.293540
0.080440
0.019367
0.029213
0.026929
0.026315
0.026064
0.000388
0.000339
0.000251
0.000284
0.000444
0.002759
0.004334
3.137470
3.112598
3.066268
3.010363
2.932184
0.003744
0.004022
0.003635
0.004796
0.020223
0.021097
0.032008
0.032534
0.035190
2.706041
2.645784
2.887841
3.129152
3.219233
3.322497
3.398679
3.249918
3.098237
2.961583
0.097667
2.956464
2.938064
2.889714
0.117904
0.143874
0.737265
0.973135
5.104750
5.845695
6.403666
6.855201
7.158293
7.310112
7.511501
7.574023
7.647863
7.715227
7.785429
7.867158
7.932671
7.988153
8.035433
8.077615
8.089608
8.187666
8.232408
8.301226
8.400587
8.191730
8.243439
8.245848
7.999508
7.723792
7.500430
7.231381
4.714604
6.077852
6.437684
6.780443
7.143883
7.467718
7.679294
7.842801
7.981409
8.121830
8.209003
8.244222
8.289996
8.332757
8.362941
8.356961
8.351033
8.339924
8.325804
8.306821
8.293130
8.277783
8.266466
8.258726
8.249810
8.244361
8.229168
8.215391
8.195872
0.000327
0.000501
0.000291
0.000139
0.000051
0.000030
0.000041
0.000044
0.000054
0.000084
0.000193
0.000221
0.000344
0.000759
0.003734
8.271827
8.309900
8.323209
8.332175
8.350811
8.368651
8.358516
8.350855
8.349018
8.350404
8.326080
8.273047
0.002123
0.001510
0.000549
0.000180
0.000111
0.000106
0.000116
0.000142
0.000238
0.000399
0.000719
8.290804
8.296494
8.276018
8.255750
8.254868
8.389182
8.458166
8.500845
8.561373
8.580818
8.570788
8.573387
8.578640
8.586946
8.588367
8.575957
8.550766
8.538797
8.492236
8.375613
8.294105
8.010684
7.565401
7.105811
6.961037
6.334611
5.667550
5.072703
4.709372
0.019048
0.016952
0.017382
3.804951
2.808130
2.677967
2.636173
2.491044
0.005097
0.014417
0.015729
1.814765
2.062602
2.731542
3.007400
3.748239
4.101157
4.421058
4.887980
5.285608
5.751680
6.167456
6.922776
7.796644
8.067648
8.310383
8.361235
8.427530
8.443327
8.524378
8.533969
8.533146
8.524285
8.515721
0.159462
8.290062
8.326205
8.343334
8.375535
8.403806
8.446090
8.464976
8.504542
8.531871
8.564067
8.547036
8.048138
8.048458
8.048878
8.049075
8.048760
8.048650
8.048233
8.047760
8.047789
8.047493
8.043990
8.032354
8.066716
0.000643
0.000329
0.000145
0.000074
0.000027
0.000011
0.000005
0.000003
0.000001
0.000001
0.000001
0.000000
0.000000
0.000000
0.000000
0.000001
0.000001
0.000000
0.000001
0.000002
0.000000
0.000000
0.000000
0.000000
0.000000
0.000000
0.000002
0.000005
0.000007
0.000011
0.000014
0.000019
0.000035
0.000153
0.000250
0.001996
7.787289
7.681282
7.685827
7.669803
7.666066
7.664055
7.665465
7.669305
7.669946
7.671499
7.671992
7.673442
7.805812
7.828536
7.850883
7.907573
7.917321
7.927636
7.926028
7.926064
7.925018
7.922998
7.924837
7.933803
7.943113
7.943707
7.943937
7.942367
7.942491
7.937200
7.903934
7.882291
7.870581
7.863902
7.859712
7.847491
7.820054
7.777135
7.716803
7.682394
7.656311
0.003613
0.003220
7.667698
7.586321
7.572820
7.549599
7.528962
7.424888
7.382964
7.322076
7.275646
7.192580
7.181039
7.165885
7.156712
6.979427
6.677908
5.806282
5.336102
4.905577
4.276152
0.042980
1.710135
3.408928
3.692125
4.523229
4.822628
4.842718
5.837663
6.369361
6.711303
6.724734
6.671670
6.459478
6.240069
6.051758
5.370614
4.775687
4.134706
2.115895
1.652542
0.000169
0.000086
0.000044
0.000027
0.000028
0.000113
0.000094
0.000025
0.000025
0.000014
0.000016
0.000011
0.000031
0.000024
0.000031
0.000044
0.000006
0.000009
0.000024
0.000009
0.000011
0.000008
0.000009
0.000001
0.000001
0.000001
0.000002
0.000004
0.000002
0.000001
0.000002
0.000002
0.000000
0.000001
0.000000
0.000000
0.000003
0.000002
0.000008
0.000011
0.000005
0.000001
0.000001
0.000002
0.000001
0.000001
0.000006
0.000010
0.000073
0.000057
0.000084
0.000025
0.000029
0.000000
0.000000
0.000000
0.000001
0.000001
1.514754
1.413032
1.309746
0.757557
0.676619
0.548505
0.342834
0.276492
0.255202
0.106998
0.096444
0.073108
0.064822
0.062220
0.004987
0.004906
0.004631
0.004259
0.004063
0.000002
0.000002
0.000001
0.000002
0.000004
0.000022
0.000042
0.001590
0.007425
