0.000555
0.000274
0.281975
0.028404
0.023456
0.015179
0.007151
0.007123
0.007088
0.006942
0.006555
0.006332
0.006231
0.005650
0.000188
0.000032
0.000012
0.000007
0.000007
0.000007
0.000013
0.000004
0.000009
0.000020
0.000029
0.001188
0.000806
0.000734
0.008823
0.008890
0.008946
0.008834
0.008938
0.009208
0.009781
0.009489
0.009348
0.000157
0.000165
0.000141
0.000173
0.000173
0.000176
0.000177
0.000176
0.000148
0.000094
0.003129
0.003450
0.003727
0.004084
0.004912
0.005084
0.000719
0.009473
0.012458
0.014884
0.015453
0.019878
0.021175
0.023538
0.024391
0.024348
0.024049
0.024065
0.023683
0.026430
0.023030
0.018062
0.017597
0.017100
0.013517
0.016706
0.003479
0.000000
0.000000
0.000000
0.000000
0.000000
0.003511
0.003635
0.004055
0.008235
0.012540
0.012137
0.012417
0.019880
0.021555
0.023920
0.087837
0.095235
0.000000
0.000000
0.000000
0.000000
0.000000
0.000000
0.000000
0.000000
0.000000
0.000000
0.000000
0.000000
0.000000
0.000000
0.000000
0.000000
0.000000
0.000000
0.000000
0.000000
0.000000
0.000000
0.000000
0.000000
0.000000
0.508182
0.826728
1.212257
4.186636
4.763258
4.889504
4.987351
0.000000
0.000000
0.000000
0.000000
0.000000
5.023538
5.016470
4.987762
4.956837
0.011386
0.000000
0.000000
0.000000
0.000000
0.000000
0.000000
0.000000
0.000000
0.000000
0.000000
0.000000
0.000000
0.000000
0.000000
0.000000
0.000000
0.000000
0.000000
0.000000
0.000000
0.000000
0.000000
0.000001
0.000001
0.000001
0.000003
0.000003
0.000001
0.000001
0.000001
0.000000
0.000000
0.000000
0.000000
0.000000
0.000001
0.000001
0.000001
0.000000
0.000000
0.000000
0.000000
0.000000
0.000000
0.000001
0.000001
0.000001
0.000007
0.000004
0.000000
0.000000
0.000000
0.000000
0.000000
0.000000
0.000000
0.000000
0.000000
0.000000
0.000000
0.000000
0.000000
0.000000
0.000000
0.000000
0.000000
0.000000
0.000000
0.000000
0.000000
0.000000
0.000000
0.000000
0.000000
0.000000
0.000002
0.000000
0.000000
0.000000
0.000000
0.000000
0.000000
0.000000
0.000000
0.000001
0.000000
0.000000
0.000000
0.000000
0.000001
0.000001
0.000001
0.000000
0.000000
0.000000
0.000000
0.000000
0.000000
0.000000
0.000000
0.000000
0.000000
0.000000
0.000000
0.000000
0.000000
0.000000
0.000000
0.000000
0.000000
0.000001
0.000000
0.000000
0.000000
0.000000
0.000000
0.000000
0.000000
0.000000
0.000000
0.000000
0.000000
0.000000
0.000000
0.000000
0.000000
0.000000
0.000000
0.000000
0.000000
0.000001
0.000000
0.000000
0.000000
0.000000
0.000000
0.000000
0.000000
0.000000
0.000000
0.000000
0.000000
0.000000
0.000000
0.000000
0.000000
0.000000
0.000000
0.000000
0.000000
0.000000
0.000000
0.000000
0.000000
0.000000
0.000000
0.000000
0.000000
0.000000
0.000000
0.000000
0.000000
0.000000
0.000000
0.000000
0.000022
0.000001
0.000001
0.000000
0.000000
0.000000
0.000000
0.000000
0.000000
0.000000
0.000000
0.000000
0.000000
0.000000
0.000000
0.000000
0.000000
0.000000
0.000001
0.000000
0.000000
0.000000
0.000000
0.000000
0.000000
0.000000
0.000000
0.000000
0.000000
0.000000
0.000000
0.000000
0.000000
0.000000
0.000000
0.000000
0.000000
0.000000
0.000000
0.000000
0.000000
0.000000
0.000000
0.000000
0.000000
0.000000
0.000000
0.000000
0.000000
0.000000
0.000000
0.000000
0.000000
0.000000
0.000000
0.000000
0.000000
0.000000
0.000000
0.000000
0.000000
0.000000
0.000000
0.000000
0.000000
0.000000
0.000000
0.000000
0.000000
0.000000
0.000000
0.000000
0.000000
0.000000
0.000000
0.000000
0.000000
0.000000
0.000000
0.000000
0.000000
0.000000
0.000000
0.000000
0.000000
0.000000
0.000000
0.000000
0.000000
0.000000
0.000001
0.000001
0.000001
0.000001
0.000000
0.000001
0.000000
0.000000
0.000000
0.000000
0.000000
0.000000
0.000000
0.000000
0.000000
0.000000
0.000000
0.000000
0.000000
0.000000
0.000000
0.000000
0.000000
0.000000
0.000000
0.000000
0.000000
0.000000
0.000000
0.000000
0.000000
0.000000
0.000000
0.000000
0.000000
0.000000
0.000000
0.000000
0.000000
0.000000
0.000000
0.000000
0.000000
0.000000
0.000000
0.000000
0.000001
0.000001
0.000001
0.000001
0.000001
0.000003
0.000001
0.000001
0.000001
0.000001
0.000015
0.000024
0.000004
0.000002
0.000000
0.000000
0.000000
0.000000
0.000000
0.000000
0.000000
0.000000
0.000000
0.000001
0.000025
0.000014
0.000008
0.000004
0.000002
0.000001
0.000001
0.000002
0.000005
0.000005
0.000006
0.000002
0.000002
0.000003
0.000003
0.000006
0.000005
0.000003
0.000011
0.000011
0.000022
0.000071
0.000005
0.000003
0.000003
0.000002
0.000002
0.000005
0.000004
0.000003
0.000017
0.000019
0.000003
0.000003
0.000004
0.000008
0.000004
0.000003
0.000014
0.000015
0.000011
0.000004
0.000005
0.000008
0.000001
0.000003
0.000003
0.000003
0.000005
0.000004
0.000003
0.000004
0.000002
0.000022
0.000015
0.000008
0.000012
0.000011
0.000005
0.000008
0.000004
0.000003
0.000001
0.000002
0.000002
0.000003
0.000017
0.000010
0.000005
0.000005
0.000002
0.000001
0.000004
0.000003
0.000006
0.000010
0.000031
0.000069
0.000005
0.000018
0.000002
0.000033
0.000015
0.000011
0.000040
0.000014
0.000033
0.000040
0.000016
0.000084
0.000037
0.000095
0.000022
0.000021
0.000053
0.000057
0.000438
0.000368
0.000745
0.000533
0.000829
0.001043
0.001881
0.005155
4.955552
4.965030
4.964178
5.019398
4.977472
4.888271
0.023372
0.020910
0.000415
0.000288
0.000270
0.001267
0.003841
0.009741
0.015031
0.017193
0.059539
4.924865
5.297913
5.517741
5.685256
5.770399
5.835320
5.915973
6.008655
6.027343
6.044704
6.067669
6.064681
6.072090
6.407336
6.418228
6.421220
6.443713
6.444665
6.604781
6.906947
6.981586
6.995555
6.997260
6.999645
7.000811
7.001645
7.002221
7.005087
7.008782
6.998577
6.991148
6.976339
0.000360
0.000504
6.961568
6.927979
6.807224
6.421889
0.143040
5.256797
4.885562
0.074369
0.000136
0.000154
0.000658
0.000790
0.000843
4.523118
4.654892
4.453769
5.279954
0.065375
5.013012
5.485705
5.742676
5.986260
0.118838
6.455759
6.806605
6.920157
7.151313
7.396547
7.397211
7.394609
7.396774
7.395558
7.408668
7.434508
7.445289
7.448659
7.445030
7.445558
7.436074
7.660232
7.659465
7.661187
7.654635
7.658161
7.657886
7.664991
7.690381
7.711011
7.730213
7.751270
7.740791
7.701069
7.674270
7.588264
7.496230
7.313511
6.462893
5.615169
4.691911
3.983708
3.421643
2.960009
2.540756
2.075084
1.588783
1.110682
0.936768
0.760377
0.521915
0.471083
0.428281
0.296988
0.231977
0.129917
0.121401
0.027579
0.027590
0.020383
0.015009
0.035327
0.041025
0.045832
0.090784
0.029076
0.029374
0.019406
0.019487
0.010122
0.010066
0.073603
0.086081
0.095017
0.113778
0.114386
0.115250
0.116381
0.116940
0.119434
0.131498
0.107844
0.101302
0.041980
0.012440
0.006953
0.006063
0.005120
0.003483
0.002036
0.001651
0.000373
0.004442
0.005150
0.005018
0.005092
0.005005
0.005120
0.005468
0.016924
0.018041
0.031403
0.061323
0.084544
0.139034
0.239911
0.471118
2.585875
3.128169
3.905955
4.824702
5.235942
5.663676
6.053944
6.507635
6.839687
7.212054
7.354003
7.522282
7.612594
7.659538
7.712454
7.681622
7.653051
7.876321
7.868587
7.870048
7.897742
7.845120
0.027024
0.008345
0.004810
0.003024
7.737717
7.832100
7.791872
7.750725
7.713034
7.521343
7.667671
7.743077
7.778287
7.816404
7.677657
7.577899
6.709343
7.209791
7.597201
7.927141
7.942299
7.900411
7.780785
7.705315
7.653826
7.592073
7.388129
7.095038
5.654480
4.564669
3.718834
2.075881
1.468959
0.863398
0.720699
0.629427
0.077655
0.064834
0.009304
0.012724
0.012226
0.011979
0.018467
0.038900
0.127648
0.132440
0.157097
0.191633
0.209064
0.208213
0.207213
0.220934
0.211522
0.083203
0.060278
0.056657
0.051469
0.051985
0.052776
0.040150
0.054243
0.067119
0.075544
0.077037
0.002414
0.108103
0.112970
0.116573
0.118906
0.120135
0.121625
0.135969
0.131787
0.124214
0.106088
0.130659
0.132393
0.130941
0.129505
0.122153
0.120744
0.079566
0.045786
0.048354
0.083202
0.134542
0.149555
0.176398
0.208803
0.213963
0.216982
0.219986
0.221134
0.218222
0.209290
0.187571
0.169589
0.150747
0.100207
0.095582
0.060308
0.067936
0.047092
0.046761
0.048698
0.021182
0.022781
0.023119
0.023915
0.006296
0.000866
0.010326
0.088045
0.092975
0.100057
0.121447
0.131560
0.140684
0.181872
0.268644
0.320995
0.434421
0.607243
0.882668
1.094717
1.269658
1.508896
1.766707
2.685939
3.237538
3.853592
4.290978
4.502770
4.672147
0.009484
0.012761
4.960400
5.500623
5.747526
6.066832
0.027192
0.027462
6.290754
6.550467
6.759695
7.035087
7.234013
7.274938
7.265428
7.238530
7.155204
6.804831
6.477213
6.082813
5.751170
5.432786
5.139769
3.085525
0.122402
0.018552
0.000186
0.000124
0.000051
0.000051
0.000053
0.000043
0.000058
0.000037
0.000026
0.000045
0.000120
0.000198
0.000069
0.000078
0.000061
0.000045
0.000020
0.000068
0.000054
0.000017
0.000024
0.000036
0.000016
0.000010
0.000011
0.000015
0.000020
0.000039
0.002449
4.854231
5.137339
5.555221
5.967047
6.358405
6.462393
6.698354
6.906316
6.950943
6.957329
6.676566
6.439468
6.067401
5.924613
5.555075
5.247119
5.018401
4.234599
3.620931
3.122574
2.729407
2.068337
1.829486
1.569751
0.252951
0.154626
0.122602
0.008205
0.000213
0.002395
0.002434
0.002559
0.002380
0.002580
0.002796
0.003486
0.004674
0.004880
0.005355
0.005976
0.006279
0.006713
0.007340
0.008728
0.008955
0.009255
0.009304
0.008977
0.008705
0.008552
0.008406
0.008330
0.008397
0.008735
0.009195
0.009270
0.009246
0.009261
0.009222
0.009176
0.009149
0.009165
0.009178
0.009104
0.009023
0.008390
0.007942
0.007769
0.006969
0.149381
0.143309
0.226801
0.226572
0.230837
0.231822
0.019120
0.000065
0.000075
0.000027
0.000021
0.000009
0.000011
0.000011
0.000009
0.000009
0.000002
0.000002
0.000002
0.000004
0.000009
0.000006
0.000012
0.000349
0.000426
0.000489
0.000524
0.000454
0.000355
0.000309
0.000271
0.016001
0.016059
0.016075
0.016235
0.015979
0.015931
0.016103
0.016080
0.000199
0.000159
0.000150
0.000009
0.000021
0.000029
0.000034
0.015644
0.016133
0.016177
0.015899
0.020809
0.028439
0.049434
0.050403
0.091480
0.109291
0.175238
0.178934
0.182065
0.331101
0.330506
0.354345
0.366415
0.381707
0.385600
0.386333
0.390101
0.366532
0.371118
0.027444
0.026560
0.022482
0.022502
0.014106
0.822734
0.825394
0.819946
0.816182
0.168743
0.068432
0.050172
0.047043
0.017338
0.006891
0.006719
0.000018
0.000019
0.000115
0.000137
0.000173
0.000253
0.000170
0.000219
0.000137
0.000154
0.000025
0.000013
0.000012
0.000013
0.000014
0.000028
0.000024
0.000021
0.000618
0.000640
0.000433
0.000029
0.000034
0.000037
0.000031
0.000038
0.000048
0.000018
0.000036
0.000030
0.000068
0.000047
0.000015
0.000024
0.000243
0.000803
0.000019
0.000017
0.000048
0.000054
0.000042
0.000046
0.000039
0.007525
0.007428
0.023659
0.026820
0.036059
0.220581
1.014664
1.118516
1.241730
1.315782
1.396507
1.427993
1.386676
1.263811
0.167010
0.137045
1.176359
1.277952
1.365134
0.038313
0.002990
0.000372
0.006957
2.521785
2.808024
3.040174
3.335919
3.630329
3.879502
4.263749
4.392387
4.435012
4.440022
0.015755
0.013472
0.012388
0.007430
3.784737
3.840166
3.797635
3.467860
2.921837
2.257522
1.989167
0.343739
0.132738
0.092995
0.083144
0.040968
0.001117
0.001129
0.001320
0.001105
0.001265
0.000016
0.000014
0.000016
0.000017
0.000015
0.000014
0.000018
0.000017
0.000017
0.000015
0.000016
0.000024
0.000086
0.002208
0.002489
0.003352
0.004336
0.004645
0.004671
0.004650
0.004774
0.004680
0.004672
0.055528
0.060920
0.115967
0.259456
0.464888
0.579578
0.910514
0.975860
0.012998
0.000346
0.000156
0.000136
0.000165
0.000126
0.000119
0.000129
0.000129
0.000279
0.000222
0.009558
0.011333
0.011745
0.012099
0.012460
0.012457
0.001202
0.000067
0.000043
0.000034
0.000043
0.000045
0.000095
0.000527
0.000617
0.000644
0.000477
0.002852
0.003908
0.005508
0.005543
0.009661
0.009932
0.010143
0.010649
0.011493
0.000725
0.000698
0.001328
0.001514
0.015158
0.018076
0.019391
0.019772
0.019789
0.019274
0.018499
0.017826
0.011109
0.010516
0.000576
0.000111
0.000120
0.000075
0.000042
0.000065
0.000064
0.000742
0.001007
0.001327
0.002376
0.004384
0.000123
0.000133
0.000146
0.000432
0.001098
0.002071
0.002850
0.092183
3.366686
3.785551
4.333299
4.963066
5.614680
6.126472
6.626726
6.975886
7.237811
7.363914
7.398351
7.450410
7.449553
7.151213
6.987735
6.783563
6.612516
6.275319
5.882136
5.474798
0.601966
0.302353
0.220299
0.174830
0.044462
5.286532
5.598088
5.848302
6.048556
6.282677
6.339857
6.356926
6.389414
6.467702
6.458869
6.291011
0.257615
0.259927
0.337593
6.696098
7.101124
7.346346
7.402752
7.376642
7.360314
7.344341
7.311605
7.233164
7.127761
6.954619
0.002150
0.001524
0.001442
0.001121
0.000352
0.000339
0.000285
0.000049
0.000032
0.000088
0.000022
0.000036
0.000015
0.000015
0.000026
0.000041
0.000029
0.000046
0.000009
0.000020
0.000009
0.000009
0.000013
0.000015
0.000053
0.000134
0.000093
0.000036
0.000033
0.000035
0.000051
0.000051
0.000091
0.000140
0.000023
0.000009
0.000013
0.000007
0.000010
0.000020
0.000036
0.001368
0.001232
0.001444
0.000215
0.000222
0.000241
0.000195
0.000537
0.000630
6.662857
6.835708
0.062232
0.031562
0.030974
0.031806
0.036420
6.990532
7.034718
7.093420
7.105087
0.000277
0.000120
0.000064
0.000021
0.000020
0.000021
0.000010
0.000009
0.000005
0.000004
0.000007
0.000014
0.000019
0.000016
0.000020
0.000021
0.000167
0.000212
0.000166
0.000199
0.000333
0.000485
0.016373
0.024615
0.030608
0.032553
7.610984
7.828973
7.922927
8.050009
8.154525
8.225331
8.213419
8.199590
8.162757
8.145613
8.128622
0.000309
0.000274
0.000239
0.000187
0.001274
8.103756
8.087448
8.069030
8.015911
7.983780
7.964473
7.958589
7.934468
7.785989
7.758250
7.739255
7.716496
7.701291
7.600440
7.517600
7.315852
7.075199
0.287474
0.029690
0.029472
0.284913
7.291618
7.755623
7.924205
7.893798
7.886701
7.888242
7.416084
7.328563
6.992068
6.412177
4.594975
0.070000
5.002308
5.461476
5.675290
5.870242
0.004677
0.001280
0.000842
0.000676
0.000074
0.000052
0.000042
0.000033
0.000044
0.000012
0.000019
0.000286
0.000347
0.000089
0.000064
0.000090
0.000026
0.000041
0.000090
0.000050
0.000053
0.000188
0.000080
0.000103
0.000190
0.000173
0.000240
0.000447
5.908018
6.121389
6.384383
6.746656
6.825623
6.874495
6.822945
6.719620
6.291724
6.104264
5.965363
0.113626
0.106935
0.103009
0.103191
0.114562
0.119927
5.777587
5.966627
5.978591
6.025719
6.025617
5.952919
5.881339
5.731511
5.419388
5.181774
0.013820
4.789450
4.580475
4.402246
4.118298
3.893011
0.000657
0.000106
0.000087
0.000077
0.000018
0.000018
0.000082
0.000021
0.000018
0.000046
0.000010
0.000020
0.000277
0.000082
0.000016
0.001646
0.001558
0.000325
0.000507
0.000019
0.000006
0.000007
0.000011
0.000504
0.000007
0.000007
0.000010
0.000006
0.000009
0.000010
0.000017
0.000012
0.000050
0.000011
0.000012
0.000004
0.000121
0.000011
0.000005
0.000006
0.000005
0.000004
0.000004
0.000002
0.000007
0.000049
0.000043
0.000010
0.000010
0.000013
0.000019
0.000009
0.000018
0.000018
0.000005
0.000028
0.000008
0.000005
0.000001
0.000002
0.000003
0.000014
0.000009
0.000021
0.000020
0.000004
0.000004
0.000009
0.000009
0.000003
0.000005
0.000645
0.000447
0.000521
0.000749
3.607676
3.461923
3.253175
2.867200
2.599491
2.314232
2.083602
1.870363
0.672565
0.009499
0.009050
0.003266
0.002534
0.002490
0.000095
0.000152
0.000011
0.000014
0.000010
0.000011
0.000012
0.000009
0.000028
0.000095
0.004571
0.003746
0.003815
0.000003
0.000003
0.000004
0.000006
0.269847
0.265890
0.000140
0.000173
0.000017
0.000012
0.000009
0.000006
0.000009
0.001722
0.334948
0.932314
0.972690
1.027519
1.209988
1.197648
1.229331
1.265266
0.014153
0.002315
0.002652
1.430861
1.471157
1.438772
1.390161
1.178828
1.080163
1.019162
0.088477
0.000004
0.000004
0.000001
0.000002
0.000001
0.000001
0.000001
0.000001
0.000003
0.000001
0.000000
0.000000
0.000002
0.000001
0.000001
0.000001
0.000001
0.000006
0.000002
0.000001
0.000001
0.000001
0.000001
0.000000
0.000000
0.000000
0.000000
0.000000
0.000000
0.000000
0.000001
0.000000
0.000001
0.000001
0.000001
0.000003
0.000002
0.000002
0.000000
0.000001
0.000000
0.000001
0.000001
0.000001
0.000000
0.000000
0.000001
0.000001
0.012848
0.321368
0.379187
0.005987
0.006003
0.000424
0.000653
0.000278
0.000533
0.000518
0.000310
0.000694
0.000000
0.000000
0.000000
0.000000
0.000000
0.000000
0.000000
0.000000
0.000002
0.000001
0.000000
0.000000
0.000000
0.000000
0.000000
0.000000
0.000000
0.000000
0.000000
0.000000
0.000000
0.000002
0.000003
0.000007
0.000002
0.000000
0.000000
0.000000
0.000000
0.000015
0.000018
0.000000
0.000000
0.000000
0.000000
0.000000
0.000000
0.000235
0.000179
0.000073
0.000092
0.000389
0.000315
0.012333
0.904781
0.926699
1.008422
1.035253
0.041942
0.040888
0.040451
0.040542
0.026909
0.021672
0.020766
0.017691
0.006360
0.006310
0.006243
0.034384
0.000000
0.000000
0.000000
0.000000
0.000000
0.000000
0.000000
0.000000
0.001081
1.028679
1.093830
1.297806
1.383199
1.510898
1.591968
0.000327
0.000373
0.000463
0.000001
0.000000
0.000000
0.000000
0.000000
0.000000
0.000000
0.000000
0.000000
0.000000
0.000000
0.000000
0.000000
0.000000
0.000000
0.000000
0.000000
0.000000
0.000000
1.803900
1.823776
1.810368
1.797908
1.707391
1.703389
0.049461
0.021577
0.017098
0.014955
0.012478
0.002874
0.000434
0.000374
0.002416
0.002550
0.002239
0.000436
0.000382
0.000386
0.000032
0.000056
0.000037
0.000035
0.000029
0.000013
0.000014
0.000028
0.000101
0.000059
0.000015
0.000015
0.000017
0.000022
0.000015
0.000015
0.000014
0.000015
0.000009
0.000039
0.000048
0.000050
0.000049
0.000006
0.000012
0.000011
0.000004
0.000034
0.000025
0.000006
0.000004
0.000010
0.000024
0.000021
0.000021
0.000026
0.000039
0.000011
0.000023
0.000008
0.000007
0.000004
0.000014
0.000010
0.000024
0.000012
0.000006
0.000005
0.000005
0.000012
0.000006
0.000023
0.000020
0.000005
0.000005
0.000015
0.000036
0.000040
0.000012
0.000007
0.000006
0.000006
0.000008
0.000011
0.000010
0.000072
0.000127
0.000121
0.000004
0.000034
0.000024
0.000022
0.000116
0.000103
0.000012
0.000013
0.000005
0.000007
0.000004
0.000003
0.000004
0.000003
0.000002
0.000004
0.000010
0.000015
0.000015
0.000002
0.000003
0.000006
0.000004
0.000007
0.000003
0.000004
0.000001
0.000002
0.000002
0.000003
0.000000
0.000001
0.000001
0.000001
0.000001
0.000002
0.000002
0.000001
0.000001
0.000001
0.000000
0.000001
0.000002
0.000001
0.000009
0.000003
0.000001
0.000002
0.000045
0.000005
0.000002
0.000001
0.000001
0.000003
0.000002
0.000004
0.000004
0.000006
0.000006
0.000006
0.000002
0.000001
0.000001
0.000002
0.000002
0.000000
0.000002
0.000002
0.000002
0.000008
0.000006
0.000007
0.000000
0.000000
0.000000
0.000000
0.000000
0.000000
0.000001
0.000002
0.000001
0.000001
0.000001
0.000001
0.000001
0.000001
0.000003
0.000002
0.000002
0.000001
0.000000
0.000000
0.000000
0.000001
0.000002
0.000001
0.000000
0.000000
0.000000
0.000000
0.000000
0.000000
0.000000
0.000000
0.000000
0.000000
0.000000
0.000000
0.000000
0.000000
0.000000
0.000000
0.000000
0.000000
0.000000
0.000000
0.000000
0.000000
0.000003
0.000004
0.000000
0.000000
0.000001
0.000003
0.000000
0.000000
0.000000
0.000000
0.000000
0.000000
0.000000
0.000000
0.000000
0.000004
0.000005
0.000005
0.000005
0.000005
0.000140
0.000390
0.000184
0.000125
0.000000
0.000000
0.000000
0.000151
0.000178
0.000092
0.000091
0.000054
0.000072
0.000000
0.000000
0.000000
0.000000
0.000000
0.000000
0.000000
0.000000
0.000000
0.000000
0.000000
0.000000
0.000000
0.000000
0.000000
0.000000
0.000000
0.000000
0.000000
0.000000
0.000000
0.000000
0.000000
0.000000
0.000000
0.000037
0.000048
0.000057
0.000094
0.000006
0.000006
0.000004
0.000003
0.000003
0.000005
0.000005
0.000000
0.000000
0.000000
0.000000
0.000000
0.000000
0.000000
0.000000
0.000000
0.000000
0.000000
0.000239
0.000229
0.000160
1.432902
1.326974
0.932167
0.573167
0.408975
0.225830
0.146720
0.090601
0.041767
0.020832
0.019678
0.020563
0.017902
0.016077
0.014241
0.005885
0.001547
0.000070
0.000069
0.000025
0.000027
0.000017
0.000028
0.000042
0.000162
0.000041
0.000040
0.000021
0.000047
0.000033
0.000015
0.000019
0.000016
0.000011
0.000007
0.000004
0.000005
0.000005
0.000126
0.000126
0.000125
0.000141
0.000122
0.000137
0.000105
0.000060
0.000219
0.000149
0.000074
0.000002
0.000002
0.000000
0.000000
0.000000
0.000026
0.000022
0.000022
0.000021
0.000038
0.000031
0.000015
0.000012
0.000020
0.000016
0.000019
0.000020
0.000072
0.000063
0.000060
0.000064
0.000000
0.000011
0.000011
0.000012
0.000012
0.000011
0.000002
0.000000
0.000000
0.000000
0.000000
0.000000
0.000000
0.000004
0.000006
0.000007
0.000006
0.000006
0.000006
0.000005
0.000000
0.000000
0.000000
0.000000
0.000000
0.000005
0.000005
0.000006
0.000005
0.000005
0.000005
0.000005
0.000005
0.000004
0.000000
0.000000
0.000000
0.000000
0.000000
0.000000
0.000000
0.000000
0.000000
0.000000
0.000000
0.000000
0.000000
0.000000
0.000000
0.000000
0.000000
0.000000
0.000000
0.000000
0.000000
0.000000
0.000000
0.000000
0.000000
0.000000
0.000000
0.000000
0.000000
0.000000
0.000000
0.000000
0.000000
0.000000
0.000000
0.000000
0.000000
0.000000
0.000000
0.001388
0.007629
0.007686
0.007783
0.007756
0.019594
0.013140
0.007987
0.005613
0.000002
0.000002
0.000002
0.000003
0.000000
0.000000
0.000000
0.000000
0.000000
0.000000
0.000000
0.000000
0.000000
0.000000
0.000000
0.000000
0.000000
0.000000
0.000000
0.000000
0.000000
0.001905
0.002311
0.002294
0.002252
0.002227
0.002217
0.002229
0.002238
0.001959
0.001626
0.000000
0.000000
0.000000
0.000000
0.000000
0.000000
0.000000
0.000000
0.000000
0.000000
0.001336
0.001099
0.000796
0.000682
0.000495
0.000030
0.000030
0.000000
0.000000
0.000000
0.000000
0.000000
0.000000
0.000000
0.000000
0.001089
0.000692
0.000769
0.000499
0.000458
0.000000
0.000000
0.000000
0.000000
0.000000
0.000000
0.000000
0.000000
0.000000
0.000000
0.000000
0.000000
0.000000
0.000000
0.000000
0.000000
0.000000
0.000031
0.000000
0.000000
0.000000
0.000000
0.000000
0.000000
0.000000
0.000000
0.000000
0.000000
0.000000
0.000000
0.002926
0.000014
0.000014
0.000015
0.000029
0.000483
0.000603
0.000638
0.000664
0.000710
0.000757
0.000810
0.000875
0.012803
0.013912
0.014021
0.014032
0.000000
0.000000
0.000000
0.000000
0.000000
0.000000
0.000000
0.000000
0.002769
0.004760
0.004212
0.002276
0.000894
0.000845
0.000230
0.000227
0.000237
0.000011
0.000156
0.000205
0.000168
0.000000
0.000000
0.000000
0.000000
0.000000
0.000000
0.000000
0.000000
0.000000
0.000000
0.000000
0.000000
0.000000
0.000000
0.000000
0.000000
0.000000
0.000000
