0.002408
0.001345
0.000038
0.002310
0.002261
0.000006
0.000126
0.000441
0.000441
0.001027
0.001066
0.001022
0.000888
0.001264
0.000660
0.000252
0.000242
0.000244
0.000300
0.000343
0.000359
0.000376
0.000021
0.000541
0.000951
0.000898
0.000832
0.000294
0.000254
0.000264
0.000256
0.000289
0.000287
0.000284
0.000073
0.000038
0.000065
0.000007
0.000007
0.000008
0.003135
0.003344
0.003804
0.004037
0.004472
0.005509
0.005956
0.000091
0.006096
0.015689
0.019411
0.019251
0.015002
0.015044
0.011436
0.006038
0.006311
0.008346
0.008457
0.006049
0.006029
0.006007
0.006007
0.006032
0.006050
0.006044
0.006041
0.006063
0.006051
0.006079
0.006106
0.006329
0.006483
0.000070
0.001812
0.003385
0.017447
0.020179
0.020956
0.023518
0.025308
0.027750
2.243557
2.109905
1.364721
1.222798
0.941620
0.719974
0.000455
0.000289
0.000142
0.000113
0.250658
0.199872
0.163755
0.064563
0.000962
0.002408
0.000104
0.005054
0.007806
0.004866
0.003112
0.002462
0.002100
0.001836
0.001813
0.001705
0.001306
0.001009
0.000749
0.000526
0.000489
0.000018
0.000007
0.000007
0.000005
0.000008
0.000007
0.000007
0.000006
0.000036
0.000039
0.000038
0.002827
0.003227
0.009141
0.010788
0.014662
0.020151
0.045525
0.061929
0.059455
0.060230
0.034604
0.029912
0.026882
0.010982
0.010660
0.006867
0.006852
0.006659
0.000080
0.000285
0.000013
0.000005
0.000004
0.000003
0.000003
0.000004
0.000007
0.000007
0.000007
0.000008
0.000008
0.000004
0.000009
0.000007
0.000016
0.000020
0.000635
0.000752
0.000754
0.000762
0.000781
0.000802
0.000844
0.000910
0.000999
0.001232
0.001277
0.001319
0.001304
0.001315
0.001336
0.001366
0.001405
0.001400
0.001435
0.001435
0.001467
0.001419
0.001361
0.000091
0.000101
0.005507
0.004976
0.005213
0.005255
0.005104
0.004780
0.005514
0.003929
0.013902
0.014314
0.026243
0.052035
0.101431
0.109907
0.121474
0.132978
0.120096
0.050193
0.023016
0.022637
0.022019
0.020491
0.018682
0.009513
0.005030
0.008594
0.008525
0.008607
0.009176
0.010234
0.010356
0.003896
0.003479
0.000072
0.000063
0.000064
0.000055
0.000058
0.000052
0.000083
0.000152
0.000163
0.000088
0.007269
0.009796
0.010650
0.011185
0.016123
0.017174
0.017424
0.017693
0.017820
0.017033
0.016007
0.014124
0.012680
0.011435
0.011055
0.010187
0.009795
0.009392
0.002765
0.002207
0.002366
0.002434
0.001583
0.001441
0.001623
0.000425
0.000644
0.000117
0.010249
0.010944
0.011921
0.012346
0.018590
0.020663
0.020709
0.017582
0.032100
0.038798
0.042852
0.028520
0.026886
0.017206
0.004114
0.006624
0.007337
0.007921
0.008928
0.010042
0.040826
0.434921
0.478210
0.589607
0.654221
0.723812
0.799175
0.979079
1.163649
1.314057
1.425667
0.148951
0.149219
0.013994
0.001234
0.002409
0.002843
0.018938
2.556885
2.894717
3.276302
3.868524
4.421458
5.112841
5.700416
6.508908
6.822307
7.032443
7.159310
0.001044
0.001064
0.002609
0.002497
0.000931
7.164642
7.186623
7.233181
7.309113
7.331423
7.371330
7.410824
7.353717
7.318731
7.281575
7.265121
7.189245
7.199254
7.191835
7.164020
7.148022
7.180680
7.144643
7.025214
6.883921
6.776673
6.728194
0.000144
6.631465
6.565970
6.499296
6.426735
6.325215
6.165966
5.974345
0.005812
0.000804
0.000287
0.000119
0.000086
0.000057
0.000044
0.000006
0.000005
0.000014
0.000009
0.000009
0.000008
0.000007
0.000016
0.000012
0.000012
0.000036
0.000029
0.000043
0.000055
0.000071
0.000092
0.000226
0.000463
0.000598
0.000358
5.681697
5.645855
5.651368
0.045826
0.043065
0.011514
5.834304
6.268233
5.965523
6.301180
6.575562
6.795451
0.057265
7.521335
7.735402
7.991325
8.294953
8.802787
9.090424
9.146427
9.193168
9.198847
9.535649
9.547069
9.527022
9.524120
9.535279
9.528517
9.515159
9.463120
9.414193
9.206354
0.040535
0.038524
0.036488
0.024176
8.969860
9.222620
9.302974
9.338485
9.364941
9.438003
9.531961
9.560964
9.598551
9.598799
9.621487
9.702134
9.741719
9.763529
9.753191
9.691085
9.614489
9.514474
9.289720
6.516660
7.125885
7.448348
7.616775
8.430399
9.072525
9.234432
9.263213
9.259579
9.252125
9.224981
9.257361
9.153019
9.094131
9.052191
8.890361
8.522164
8.122651
0.625729
8.913826
9.291729
9.380444
9.472987
9.561958
9.587322
9.611283
9.626413
9.660798
9.665021
9.672078
9.680299
9.692637
9.673054
9.666432
9.652259
9.628430
9.585874
9.569752
9.565936
9.575767
9.568700
9.571896
9.604973
9.628260
9.651211
9.665363
9.666780
9.667992
9.667785
9.664548
9.662502
9.660253
9.647933
9.632279
9.591006
9.537721
9.408778
9.406904
9.400207
9.386485
9.354554
9.320829
9.074833
9.070777
9.052273
9.011298
8.848185
8.732754
8.554824
8.446977
0.069121
0.008868
0.000488
0.000177
0.000139
0.008725
0.007909
0.004528
0.000594
0.000447
0.000156
0.000077
0.000072
0.000093
0.000131
0.000205
0.000297
0.000641
0.000037
0.000005
0.000005
0.000004
0.000004
0.000004
0.000005
0.000004
0.000007
0.000010
0.000027
0.000024
0.000035
0.000029
0.000096
0.000078
0.000004
0.000005
0.000003
0.000005
0.000012
0.000007
0.000002
0.000002
0.000002
0.000003
0.000008
0.000017
0.000025
0.000030
0.000010
0.000013
0.000031
0.000056
8.470220
8.477784
8.488457
8.441696
8.408780
8.348496
8.246836
8.238764
8.226449
8.241628
8.261880
8.239840
8.216655
8.197653
8.163568
8.150281
8.141269
0.000091
0.000059
0.000041
0.000025
0.000018
0.000019
0.000005
0.000001
0.000001
0.000001
0.000001
0.000002
0.000002
0.000007
0.000006
0.000033
0.000020
0.000019
0.000019
0.000131
0.000006
0.000002
0.000002
0.000002
0.000002
0.000002
0.000001
0.000001
0.000001
0.000001
0.000001
0.000001
0.000003
0.000005
0.000005
0.000058
0.000056
0.000065
7.971775
8.034849
8.041071
8.044619
8.028020
7.984368
8.104419
8.124556
8.134333
8.120755
7.968579
0.060875
8.122239
8.170966
8.112578
0.046689
0.046983
0.040893
0.000075
0.000096
0.000371
0.000408
0.000241
0.000233
0.000784
0.000952
0.002516
0.002286
0.002382
8.109980
0.076667
8.179155
8.426588
8.563185
8.717747
8.731731
8.762063
8.778275
8.783182
8.789277
8.795140
8.800578
8.806994
8.806416
8.800036
8.794471
8.790795
8.789076
8.789978
8.776395
8.769324
8.752850
8.664858
8.391225
8.389810
8.388026
8.386757
8.387265
8.388790
8.388347
8.384481
8.383423
8.385903
8.389346
8.389583
8.389739
8.389662
8.469693
8.471553
8.464488
8.458882
8.452973
8.454676
8.453055
8.450050
8.447385
8.446700
8.446325
8.447252
8.442552
8.440006
8.438669
8.435932
8.430831
8.527910
8.560662
8.616802
8.534448
8.442048
8.338699
0.162681
7.832205
7.817056
0.000533
0.000344
0.000117
0.000112
0.000173
0.000181
0.000185
0.000315
7.849140
7.857398
7.853660
0.007120
0.002212
0.002114
0.000966
0.000907
0.000928
0.000904
7.764418
7.779110
7.792623
7.775623
0.002801
0.000533
0.000353
0.000197
0.000181
0.000048
0.000050
0.000062
0.000618
0.000201
0.000194
0.000216
0.000268
0.000347
0.000614
7.849031
7.865582
7.881877
7.885396
7.855643
7.861356
7.775175
7.758666
7.651136
7.601117
7.546785
7.506507
0.004469
0.002106
0.002006
0.001476
0.001438
0.001495
7.351952
7.359608
7.354592
0.003114
0.000275
0.000149
0.000094
0.000100
0.000080
0.000238
0.000037
0.000036
0.000085
0.000015
0.000004
0.000005
0.000006
0.000006
0.000029
0.000006
0.000007
0.000006
0.000011
0.000098
0.000149
0.000201
0.001203
0.002752
7.288975
7.215022
7.227619
7.225566
7.207604
7.162622
7.055065
7.017596
0.089298
0.000133
0.000031
0.000006
0.000007
0.000009
0.000004
0.000003
0.000003
0.000004
0.000006
0.000004
0.000017
0.000006
0.000005
0.000011
0.000030
0.000033
0.000214
0.000219
0.000251
6.873483
6.892005
6.904224
6.861289
0.001953
0.001112
0.000797
0.000632
0.000552
0.000031
0.000014
0.000012
0.000006
0.000004
0.000002
0.000001
0.000001
0.000001
0.000001
0.000001
0.000001
0.000000
0.000000
0.000000
0.000000
0.000001
0.000001
0.000001
0.000000
0.000000
0.000000
0.000000
0.000001
0.000000
0.000000
0.000000
0.000000
0.000000
0.000000
0.000000
0.000000
0.000000
0.000000
0.000000
0.000000
0.000000
0.000000
0.000000
0.000000
0.000000
0.000000
0.000000
0.000000
0.000000
0.000000
0.000000
0.000000
0.000000
0.000000
0.000000
0.000000
0.000000
0.000000
0.000000
0.000000
0.000000
0.000002
0.000001
0.000000
0.000000
0.000001
0.000000
0.000000
0.000000
0.000000
0.000000
0.000000
0.000000
0.000000
0.000000
0.000000
0.000000
0.000000
0.000000
0.000000
0.000000
0.000000
0.000000
0.000000
0.000000
0.000000
0.000000
0.000000
0.000000
0.000000
0.000000
0.000000
0.000000
0.000000
0.000000
0.000000
0.000000
0.000000
0.000000
0.000000
0.000000
0.000000
0.000000
0.000000
0.000000
0.000000
0.000000
0.000000
0.000000
0.000000
0.000000
0.000000
0.000000
0.000000
0.000000
0.000000
0.000000
0.000000
0.000000
0.000000
0.000000
0.000000
0.000000
0.000000
0.000000
0.000000
0.000000
0.000000
0.000000
0.000000
0.000000
0.000000
0.000000
0.000000
0.000000
0.000000
0.000000
0.000000
0.000000
0.000000
0.000000
0.000000
0.000000
0.000000
0.000000
0.000000
0.000000
0.000000
0.000000
0.000000
0.000000
0.000000
0.000000
0.000000
0.000000
0.000000
0.000000
0.000000
0.000000
0.000000
0.000000
0.000000
0.000000
0.000000
0.000000
0.000000
0.000000
0.000000
0.000000
0.000000
0.000000
0.000000
0.000000
0.000000
0.000000
0.000000
0.000000
0.000000
0.000000
0.000000
0.000000
0.000000
0.000000
0.000000
0.000000
0.000000
0.000000
0.000000
0.000000
0.000000
0.000000
0.000000
0.000000
0.000000
0.000000
0.000000
0.000000
0.000000
0.000000
0.000000
0.000000
0.000000
0.000000
0.000007
0.000004
0.000003
0.000002
0.000002
0.000000
0.000000
0.000000
0.000000
0.000000
0.000000
0.000000
0.000000
0.000000
0.000000
0.000000
0.000000
0.000000
0.000000
0.000000
0.000000
0.000000
0.000001
0.000000
0.000000
0.000000
0.000000
0.000000
0.000000
0.000000
0.000244
0.000208
0.000123
0.000000
0.000000
0.000000
0.000000
0.000000
0.000000
0.000000
0.000000
0.000000
0.000000
0.000000
0.000000
0.000000
0.000000
0.000000
0.000000
0.000000
0.000000
0.000000
0.000000
0.000000
0.000000
0.000000
0.000000
0.000000
0.000000
0.000000
0.000000
0.000000
0.000000
0.000000
0.000000
0.000000
0.000000
0.000000
0.000000
0.000000
0.000000
0.000000
0.000000
0.000000
0.000000
0.000000
0.000000
0.000000
0.000000
0.000000
0.000000
0.000000
0.000000
0.000000
0.000000
0.000000
0.000000
0.000000
0.000000
0.000000
0.000000
0.000000
0.000000
0.000000
0.000000
0.000000
0.000000
0.000000
0.000000
0.000000
0.000000
0.000000
0.000000
0.000000
0.000000
0.000000
0.000000
0.000000
0.000000
0.000000
0.000000
0.000000
0.000000
0.000000
0.000000
0.000000
0.000000
0.000000
0.000000
0.000000
0.000000
0.000000
0.000000
0.000000
0.000000
0.000000
0.000000
0.000000
0.000000
0.000000
0.000000
0.000000
0.000000
0.000000
0.000000
0.000000
0.000000
0.000000
0.000000
0.000000
0.000000
0.000000
0.000000
0.000000
0.000000
0.000000
0.000000
0.000000
0.000000
0.000000
0.000000
0.000000
0.000000
0.000000
0.000000
0.000000
0.000000
0.000000
0.000000
0.000000
0.000000
0.000000
0.000000
0.000000
0.000000
0.000000
0.000000
0.000000
0.000000
0.000000
0.000000
0.000000
0.000000
0.000000
0.000000
0.000000
0.000000
0.000000
0.000000
0.000000
0.000000
0.000000
0.000000
0.000000
0.000000
0.000000
0.000000
0.000000
0.000000
0.000000
0.000000
0.000000
0.000000
0.000000
0.000000
0.000000
0.000000
0.000000
0.000000
0.000000
0.000000
0.000000
0.000000
0.000000
0.000000
0.000000
0.000000
0.000000
0.000000
0.000000
0.000000
0.000000
0.000000
0.000000
0.000000
0.000000
0.000000
0.000000
0.000000
0.000000
0.000000
0.000000
0.000000
0.000000
0.000000
0.000000
0.000000
0.000000
0.000000
0.000000
0.000000
0.000000
0.000000
0.000000
0.000000
0.000000
0.000000
0.000000
0.000000
0.000000
0.000000
0.000000
0.000000
0.000000
0.000000
0.000000
0.000000
0.000000
0.000000
0.000000
0.000000
0.000000
0.000000
0.000000
0.000000
0.000000
0.000000
0.000000
0.000000
0.000000
0.000000
0.000000
0.000000
0.000000
0.000000
0.000000
0.000000
0.000000
0.000000
0.000000
0.000000
0.000000
0.000000
0.000000
0.000000
0.000000
0.000000
0.000000
0.000000
0.000000
0.000000
0.000000
0.000000
0.000000
0.000000
0.000000
0.000000
0.000000
0.000000
0.000000
0.000000
0.000000
0.000000
0.000000
0.000000
0.000000
0.000000
0.000000
0.000000
0.000000
0.000000
0.000000
0.000000
0.000000
0.000000
0.000000
0.000000
0.000000
0.000000
0.000000
0.000000
0.000000
0.000000
0.000000
0.000000
0.000000
0.000000
0.000000
0.000000
0.000000
0.000000
0.000000
0.000000
0.000000
0.000000
0.000000
0.000000
0.000000
0.000000
0.000000
0.000000
0.000000
0.000000
0.000575
0.000738
0.000820
0.000003
0.000000
0.000000
0.000000
0.000000
0.000000
0.000000
0.000000
0.000000
0.000000
0.000000
0.000000
0.000000
0.000000
0.000000
0.000000
0.000000
0.000000
0.000000
0.000000
0.000000
0.000000
0.000000
0.000000
0.000000
0.000000
0.000000
0.000000
0.000000
0.000000
0.000000
0.000000
0.000000
0.000000
0.000000
0.000000
0.000000
0.000000
0.000000
0.000000
0.000000
0.000000
0.000000
0.000000
0.000000
0.000000
0.000000
0.000000
0.000000
0.000000
0.000000
0.000000
0.000000
0.000000
0.000000
0.000000
0.000000
0.000000
0.000000
0.000000
0.000000
0.000000
0.000000
0.000000
0.000000
0.000000
0.000000
0.000000
0.000000
0.000000
0.000000
0.000000
0.000000
0.000000
0.000000
0.000000
0.000000
0.000000
0.000000
0.000000
0.000000
0.000000
0.000000
0.000000
0.000000
0.000000
0.000000
0.000000
0.000000
0.000000
0.000000
0.000000
0.000000
0.000000
0.000000
0.000000
0.000000
0.000000
0.000000
0.000000
0.000000
0.000000
0.000000
0.000000
0.000000
0.000000
0.000000
0.000000
0.000000
0.000000
0.000000
0.000000
0.000000
0.000000
0.000000
0.000000
0.000000
0.000000
0.000000
0.000000
0.000000
0.000000
0.000000
0.000000
0.000000
0.000000
0.000000
0.000000
0.000000
0.000000
0.000000
0.000000
0.000000
0.000000
0.000000
0.000000
0.000000
0.000000
0.000000
0.000000
0.000000
0.000000
0.000000
0.000000
0.000000
0.000000
0.000000
0.000000
0.000000
0.000000
0.000000
0.000000
0.000000
0.000000
0.000000
0.000000
0.000000
0.000000
0.000000
0.000000
0.000000
0.000000
0.000000
0.000000
0.000000
0.000000
0.000000
0.000000
0.000000
0.000000
0.000000
0.000000
0.000000
0.000000
0.000000
0.000000
0.000000
0.000000
0.000000
0.000000
0.000000
0.000000
0.000000
0.000000
0.000000
0.000000
0.000000
0.000000
0.000000
0.000000
0.000000
0.000000
0.000000
0.000000
0.000000
0.000000
0.000000
0.000000
0.000000
0.000000
0.000000
0.000000
0.000000
0.000000
0.000000
0.000000
0.000000
0.000000
0.000000
0.000000
0.000000
0.000000
0.000000
0.000000
0.000000
0.000000
0.000000
0.000000
0.000000
0.000000
0.000000
0.000000
0.000000
0.000000
0.000000
0.000000
0.000000
0.000000
0.000000
0.000000
0.000000
0.000000
0.000000
0.000000
0.000000
0.000000
0.000000
0.000000
0.000000
0.000000
0.000000
0.000000
0.000000
0.000000
0.000000
0.000000
0.000000
0.000000
0.000000
0.000000
0.000000
0.000000
0.000000
0.000000
0.000000
0.000000
0.000000
0.000000
0.000000
0.000000
0.000000
0.000000
0.000000
0.000000
0.000000
0.000000
0.000000
0.000000
0.000000
0.000000
0.000000
0.000000
0.000000
0.000000
0.000000
0.000000
0.000000
0.000000
0.000000
0.000000
0.000000
0.000000
0.000000
0.000000
0.000000
0.000000
0.000000
0.000000
0.000000
0.000000
0.000000
0.000000
0.000000
0.000000
0.000000
0.000000
0.000000
0.000000
0.000000
0.000000
0.000000
0.000000
0.000000
0.000000
0.000000
0.000000
0.000000
0.000000
0.000000
0.000000
0.000000
0.000000
0.000000
0.000004
0.000004
0.000030
0.002480
0.000000
0.000000
0.000000
0.000000
0.000000
0.000000
0.000000
0.000000
0.000000
0.000000
0.000000
0.000000
0.000000
0.000000
0.000000
0.000000
0.000000
0.000000
0.000000
0.000000
0.000000
0.000000
0.000000
0.000000
0.000000
0.000000
0.000000
0.000000
0.000000
0.000000
0.000000
0.000000
0.000000
0.000000
0.000000
0.000000
0.000000
0.000000
0.000000
0.000000
0.000000
0.000000
0.000000
0.000000
0.000000
0.000000
0.000000
0.000000
0.000000
0.000000
0.000000
0.000000
0.000000
0.000000
0.000000
0.000000
0.000000
0.000000
0.000000
0.000000
0.000000
0.000000
0.000000
0.000000
0.000000
0.000000
0.000000
0.000000
0.000000
0.000000
0.000000
0.000000
0.000000
0.000000
0.000000
0.000000
0.000000
0.000000
0.000000
0.000000
0.000000
0.000000
0.000000
0.000000
0.000000
0.000000
0.000000
0.000000
0.000000
0.000000
0.000000
0.000000
0.000000
0.000000
0.000000
0.000000
0.000000
0.000000
6.397413
5.985504
5.490947
0.013833
0.000000
0.000000
0.000000
0.000000
0.000000
0.000000
0.000000
0.000000
0.000000
0.000000
0.000000
0.000000
0.000000
0.000000
0.000000
0.000000
0.000000
0.000000
0.000000
0.000000
0.000000
0.000000
0.000000
0.000000
0.000000
0.000000
0.000000
0.000000
0.000000
0.000000
0.000000
0.000000
0.000000
0.000000
0.000000
0.000000
0.000000
0.000000
0.000000
0.000000
0.000000
0.000000
0.000000
0.000000
0.000000
0.000000
0.000000
0.000000
0.000000
0.000000
0.000000
0.000000
0.000000
0.000000
0.000966
0.000632
0.000517
0.006139
0.004323
0.003881
0.000414
0.000316
0.000330
0.000307
0.000264
0.000197
0.000133
0.000005
0.000006
0.000005
0.000008
0.000004
0.000005
0.000005
0.000012
0.000011
0.000000
0.000005
0.000007
0.000011
0.000015
0.000015
0.000027
0.000003
0.000000
0.000000
0.000000
0.000000
0.000000
0.000000
0.000000
0.000000
0.000004
0.000006
0.000004
0.000008
0.000016
0.000000
0.000000
0.005535
0.006012
0.006279
0.006086
0.005704
0.000035
0.000024
0.000039
0.000043
0.000015
0.000011
0.000000
0.000000
0.000000
0.000000
0.000000
0.000000
0.000000
0.000000
0.000000
0.000000
0.000000
0.000000
0.000000
0.000000
0.000000
0.000000
0.000000
0.000000
0.000000
0.000000
0.000000
0.000000
0.000000
0.000000
0.000000
0.000000
0.000000
0.000000
0.000000
0.000000
0.000000
0.000000
0.000000
0.000000
0.000000
0.000000
0.000000
0.000000
0.000000
0.000000
0.000000
0.000000
0.000000
0.000000
0.000000
0.000000
0.000000
0.000000
0.000000
0.000000
0.000000
0.000000
0.000000
0.000000
0.000000
0.000000
0.000000
0.000000
0.000000
0.000000
0.000000
0.000000
0.000000
0.000000
0.000000
0.000000
0.000000
0.000000
0.000000
0.000000
0.000000
0.000000
0.000000
0.000000
0.000000
0.000000
0.000000
0.000000
0.000000
0.000000
0.000000
0.000000
0.000000
0.000000
0.000000
0.000000
0.000000
0.000000
0.000000
0.000000
0.000000
0.000000
0.000000
0.000000
0.000000
0.000000
0.000000
0.000000
0.000000
0.000000
0.000000
0.000000
0.000000
0.000000
0.000000
0.000000
0.000000
0.000000
0.000000
0.000000
0.000000
0.000000
0.000000
0.000000
0.000000
0.000000
0.000000
0.000000
0.000000
0.000000
0.000000
0.000000
0.000000
0.000000
0.000000
0.000000
0.000000
0.000000
0.000000
0.000000
0.000000
0.000000
0.000000
0.000000
0.000000
0.000000
0.000000
0.000000
0.000000
0.000000
0.000000
0.000000
0.000000
0.000000
0.000000
0.000000
0.000000
0.000000
0.000000
0.000000
0.000000
0.000000
0.000000
0.000000
0.000000
0.000000
0.000000
0.000000
0.000000
0.000000
0.000000
0.000000
0.000000
0.000000
0.000000
0.000000
0.000000
0.000000
0.000000
0.000000
0.000009
0.000005
0.000007
0.000006
0.000006
0.000007
0.000000
0.000000
0.000000
0.000000
0.000000
0.000000
0.000000
0.000000
0.000000
0.000000
0.000000
0.000000
0.000000
0.000000
0.000000
0.000000
0.000000
0.000000
0.000000
0.000000
0.000000
0.000000
0.000000
0.000000
0.000000
0.000000
0.000000
0.000000
0.000000
0.000000
0.000000
0.000000
0.000000
0.000000
0.000000
0.000000
0.000000
0.000000
0.000000
0.000000
0.000000
0.000000
0.000000
0.000000
0.000000
0.000000
0.000000
0.000000
0.000000
0.000000
0.000000
0.000000
0.000000
0.000000
0.000000
0.000000
0.000000
0.000000
0.000000
0.000000
0.000000
0.000000
0.000000
0.000000
0.000000
0.000000
0.000000
0.000000
0.000000
0.000000
0.000000
0.000000
0.000000
0.000000
0.000000
0.000000
0.000000
0.000000
0.000000
0.000000
0.000000
0.000000
0.000000
0.000000
0.000000
0.000000
0.000000
0.000000
0.000000
0.000000
0.000000
0.000000
0.000000
0.000000
0.000000
0.000000
0.000000
0.000000
0.000000
0.000000
0.000000
0.000000
0.000000
0.000000
0.000000
0.000000
0.000000
0.000000
0.000000
0.000000
0.000000
0.000000
0.000000
0.000000
0.000000
0.000000
0.000000
0.000000
0.000000
0.000000
0.000000
0.000000
0.000000
0.000000
0.000000
0.000000
0.000000
0.000000
0.000000
0.000000
0.000000
0.000000
0.000000
0.000000
0.000000
0.000000
0.000000
0.000000
0.000000
0.000000
0.000000
0.000000
0.000000
0.000000
0.000000
0.000000
0.000000
0.000000
0.000000
0.000000
0.000000
0.000000
0.000000
0.000000
0.000000
0.000000
0.000000
0.000000
0.000000
0.000000
0.000000
0.000000
0.000000
0.000000
0.000000
0.000000
0.000000
0.000000
0.000000
0.000000
0.000000
0.000000
0.000000
0.000000
0.000000
0.000000
0.000000
0.000000
0.000000
0.000000
0.000000
0.000000
0.000000
0.000000
0.000000
0.000000
0.000000
0.000000
0.000000
0.000000
0.000000
0.000000
0.000000
0.000000
0.000000
0.000000
0.000000
0.000000
0.000000
0.000000
0.000000
0.000000
0.000000
0.000000
0.000000
0.000000
0.000000
0.000000
0.000000
0.000000
0.000000
0.000000
0.000000
0.000000
0.000000
0.000000
0.000000
0.000000
0.055461
0.000209
0.000107
0.000084
0.000183
0.000000
0.000000
0.000000
0.000000
0.000000
0.000000
0.000000
0.000000
0.000000
0.000000
0.000000
0.000000
0.000000
0.000000
0.000000
0.000000
0.000000
0.000000
0.000000
0.000000
0.000000
0.000000
0.000000
0.000000
0.000000
0.000000
0.000000
0.000000
0.000000
0.000000
0.000000
0.000000
0.000000
0.000000
0.000000
0.000000
0.000000
0.000000
0.000000
0.000000
0.000000
0.000000
0.000000
0.000000
0.000000
0.000000
0.000000
0.000000
0.000000
0.000000
0.000000
0.000000
0.000000
0.000000
0.000000
0.000000
0.000000
0.000000
0.000000
0.000000
0.000000
0.000000
0.000000
0.000000
0.000000
0.000000
0.000000
0.000000
0.000000
0.000000
0.000000
0.000000
0.000000
0.000000
0.000000
0.000000
0.000000
0.000000
0.000000
0.000000
0.000000
0.000000
0.000000
0.000000
0.000000
0.000000
0.000000
0.000000
0.000000
0.000000
0.000000
0.000000
0.000000
0.000000
0.000000
0.000000
0.000000
0.000000
0.000000
0.000000
0.000000
0.000000
0.000000
0.000000
0.000000
0.000000
0.000000
0.000000
0.000000
0.000000
0.000000
0.000000
0.000000
0.000000
0.000000
0.000000
0.000000
0.000000
0.000000
0.000000
0.000000
0.000000
0.000000
0.000000
0.000000
0.000000
0.000000
0.000000
0.000000
0.000000
0.000000
0.000000
0.000000
0.000000
0.000000
0.000000
0.000000
0.000000
0.000000
0.000000
0.000000
0.000000
0.000000
0.000000
0.000000
0.000000
0.000000
0.000000
0.000000
0.000000
0.000000
0.000000
0.000000
0.000000
0.000000
0.000000
0.000000
0.000000
0.000000
0.000000
0.000000
0.000000
0.000000
0.000000
0.000000
0.000000
0.000000
0.000000
0.000000
0.000000
0.000000
0.000000
0.000000
0.000000
0.000000
0.000000
0.000000
0.000000
0.000000
0.000000
0.000000
0.000000
0.000000
0.000000
0.000000
0.000000
0.000000
0.000000
0.000000
0.000000
0.000000
0.000000
0.000000
0.000000
0.000000
0.000000
0.000000
0.000000
0.000000
0.000000
0.000000
0.000000
0.000000
0.000000
0.000000
0.000000
0.000000
0.000000
0.000000
0.000000
0.000000
0.000000
0.000000
0.000000
0.000110
0.065343
4.685229
0.004550
0.001768
0.056641
0.052923
4.999728
5.188823
0.018659
0.019551
5.375977
0.000044
0.000010
0.000011
0.000028
0.000015
0.000010
0.000013
0.000007
0.000008
0.000009
0.000005
0.000009
0.000004
0.000002
0.000002
0.000007
0.000005
0.000008
0.000017
0.000013
0.000046
0.000104
0.000085
0.000092
0.000002
0.000001
0.000002
0.000004
0.000003
0.000014
0.000019
5.418005
5.424843
0.022588
0.000034
0.000005
0.000002
0.000002
0.000001
0.000001
0.000001
0.000002
0.000005
0.000009
0.000008
0.000004
0.000001
0.000001
0.000002
0.000001
0.000001
0.000000
0.000001
0.000003
0.000002
0.000002
0.000003
0.000010
0.000012
0.000011
0.000573
0.000534
0.001031
0.018605
5.464763
5.520803
0.000727
0.000518
0.000544
0.000497
0.000340
0.000308
0.000199
0.000040
0.000055
0.000047
0.000022
0.000005
0.000006
0.000006
0.000018
0.000009
0.000005
0.000008
0.000011
0.000012
0.000008
0.000008
0.000016
0.000021
0.000019
0.000013
0.000064
0.000011
0.000027
0.000016
0.000025
0.000034
0.000048
0.000129
5.370982
5.359776
5.326310
0.005748
0.002374
0.001415
0.000080
0.000133
0.000102
0.000088
0.000020
0.000021
0.000064
0.000083
0.000033
0.001220
0.000701
5.106550
0.003690
0.002701
0.000197
0.000065
0.000058
0.000056
0.000032
0.002003
0.000571
0.000495
0.001597
0.001564
0.001528
0.001145
0.000006
0.000005
0.000003
0.000004
0.000005
0.000006
0.000003
0.000005
0.000147
0.000556
0.000592
0.016345
0.027619
5.006037
0.010427
0.010173
0.001599
0.000774
0.000696
0.000644
0.000054
0.000064
0.001690
0.001547
0.001477
0.001470
0.001519
0.001467
0.001371
0.000047
0.000062
0.000041
0.000163
0.000158
0.003618
0.000044
0.000020
0.000002
0.000002
0.000032
0.000034
0.000004
0.000047
0.000054
0.004504
