0.000000
0.000000
0.000000
0.000000
0.000000
0.000000
0.000000
0.000000
0.000000
0.000000
0.000000
0.000000
0.000000
0.000000
0.000000
0.000000
0.000000
0.000000
0.000000
0.000000
0.000000
0.000000
0.000000
0.000000
0.000000
0.000000
0.000000
0.000000
0.000000
0.000000
0.000000
0.000000
0.000000
0.000000
0.001176
0.001199
0.001227
0.007805
0.007779
0.006990
0.000000
0.000000
0.000000
0.000000
0.008859
0.009285
0.009401
0.011346
0.011117
0.011031
0.011017
0.010743
0.002555
0.002661
0.000000
0.000000
0.000000
0.000000
0.000000
0.000000
0.000000
0.000000
0.000000
0.000000
0.000000
0.000000
0.000014
0.000007
0.000008
0.000011
0.000014
0.000000
0.000000
0.000000
0.001019
0.000905
0.000776
0.000721
0.000586
0.000029
0.000046
0.000007
0.000006
0.000007
0.000012
0.000102
0.003889
0.004905
0.000000
0.000000
0.000000
0.000000
0.000000
0.000014
0.000031
0.000000
0.000000
0.000000
0.000000
0.000000
0.000000
0.000000
0.000000
0.000000
0.000000
0.000000
0.000000
0.000000
0.000000
0.000000
0.000000
0.000000
0.000000
0.000000
0.000000
0.000000
0.000000
0.000000
0.000000
0.000000
0.000000
0.000000
0.000000
0.000000
0.000000
0.000000
0.000000
0.000000
0.000000
0.000000
0.000000
0.000000
0.000000
0.000011
0.000011
0.000014
0.000019
0.000061
0.014078
0.014195
0.014398
0.014209
0.007716
0.007630
0.007623
0.007549
0.001263
0.001301
0.001397
0.001577
0.001458
0.001046
0.000000
0.000000
0.000331
0.004223
0.009861
0.010198
0.010436
0.535136
0.496647
0.051678
0.012037
0.003525
0.001070
0.000000
0.000000
0.000000
0.000000
0.000000
0.000000
0.000000
0.000000
0.000001
0.000001
0.000002
0.000002
0.000055
0.000055
0.000004
0.000003
0.000010
0.000009
0.000010
0.000000
0.000000
0.000003
0.000001
0.000001
0.000001
0.000001
0.000000
0.000000
0.000000
0.000000
0.000000
0.000000
0.000000
0.000000
0.000000
0.000000
0.000000
0.000001
0.000000
0.000000
0.000000
0.000000
0.000000
0.000000
0.000000
0.000000
0.000000
0.000000
0.000000
0.000000
0.000000
0.000000
0.000001
0.000001
0.000000
0.000000
0.000000
0.000000
0.000000
0.000000
0.000000
0.000000
0.000000
0.000000
0.000001
0.000001
0.000004
0.000003
0.000000
0.000000
0.000000
0.000000
0.000000
0.000000
0.000000
0.000000
0.000000
0.000000
0.000000
0.000003
0.000003
0.000004
0.000004
0.000010
0.000016
0.000774
0.000824
0.000859
0.010620
0.010816
0.010824
0.010925
0.011012
0.011027
0.010603
0.000722
0.000665
0.000015
0.000004
0.000002
0.000002
0.000002
0.000002
0.000814
0.004271
0.005231
0.000003
0.000000
0.000000
0.000001
0.000001
0.000005
0.000003
0.000000
0.000000
0.000001
0.000001
0.000002
0.000002
0.000000
0.000001
0.000002
0.000003
0.000000
0.000000
0.000004
0.000004
0.000004
0.000001
0.000002
0.000003
0.000001
0.000000
0.000001
0.000001
0.000001
0.000001
0.000001
0.000001
0.000005
0.000005
0.000035
0.000203
0.000175
0.000004
0.000003
0.000002
0.000002
0.000002
0.000002
0.000002
0.000056
0.000126
0.000109
0.001084
0.001811
0.002379
0.003105
0.003542
0.003554
0.003789
0.004157
0.004204
0.000015
0.000011
0.000010
0.000010
0.000009
0.000024
0.008479
0.008939
0.008684
0.008222
0.007949
0.010151
0.012610
0.012592
0.008623
0.001607
0.001436
0.001383
0.001279
0.000511
0.000464
0.000434
0.000367
0.000324
0.000276
0.000054
0.000086
0.000300
0.000338
0.000117
0.000114
0.000144
0.000140
0.000138
0.000018
0.000016
0.000005
0.000019
0.000010
0.000015
0.000121
0.000007
0.000296
0.000228
0.000183
0.000023
0.000028
0.000017
0.000029
0.000039
0.000034
0.000033
0.000007
0.000010
0.000010
0.000012
0.000019
0.000030
0.000029
0.000029
0.000032
0.000016
0.000015
0.000008
0.000004
0.000003
0.000003
0.000007
0.000010
0.000008
0.000008
0.000010
0.000018
0.000047
0.000096
0.000008
0.000004
0.000005
0.000014
0.000027
0.000434
0.000438
0.000022
0.000019
0.000024
0.000016
0.000029
0.000038
0.000071
0.000078
0.000089
0.003401
0.010635
0.014852
0.017498
0.018003
0.016498
0.025396
0.143407
0.220806
0.320569
0.750281
4.188044
4.774131
5.533233
5.758762
6.008089
6.102006
0.069696
0.172225
6.094612
6.269277
0.008777
0.008189
0.006933
0.028843
0.001725
0.003050
0.037961
0.032538
7.094638
0.000020
0.000012
0.000005
0.000006
0.000006
0.000002
0.000003
0.000007
0.000011
0.000014
0.000042
0.000049
0.000057
0.000248
0.000420
0.000799
0.000857
0.003812
0.006881
0.133415
8.397624
8.537183
8.464717
7.877331
7.173160
6.539111
5.934380
5.257782
4.779508
3.857013
3.585162
0.193641
0.450687
1.045655
3.665087
0.064104
0.001048
0.000879
0.000802
0.000369
0.000254
0.000260
0.000265
0.000314
0.000922
0.000277
0.000249
0.000314
0.000377
5.011449
5.782465
6.596960
7.143254
7.642715
8.253303
8.880546
9.047373
9.062280
0.040997
0.042126
9.518857
9.582573
9.662340
9.764582
9.877199
9.961696
9.992746
9.999054
9.999633
9.999765
9.999740
9.999407
9.999393
9.999725
9.999896
9.999851
9.998654
9.991593
9.988285
9.990926
9.998093
9.998736
9.992082
9.989804
9.985186
9.972139
9.925788
9.846173
0.001761
0.000960
0.000646
0.000209
0.000102
0.000048
0.000025
0.000013
0.000006
0.000006
0.000016
0.000033
0.000034
0.000022
0.000093
0.000113
0.000181
0.001192
0.001593
9.752671
9.853724
9.909506
9.861785
0.003308
0.001160
0.000730
0.000391
0.000235
0.000200
0.000068
0.000049
0.000059
0.000004
0.000005
0.000007
0.000002
0.000002
0.000003
0.000001
0.000002
0.000001
0.000003
0.000003
0.000002
0.000004
0.000013
0.000014
0.000021
0.000051
0.000004
0.000005
0.000004
0.000003
0.000010
0.000018
0.000019
0.000032
0.000075
0.000153
0.001524
0.002861
9.821811
9.888697
9.920628
9.960130
9.961581
9.961849
9.961122
9.959776
9.958573
9.958543
9.959865
9.960490
9.962193
9.964248
9.964714
9.964695
9.964609
9.964946
9.965706
9.965987
9.966299
9.966714
9.966956
9.966904
9.966194
9.962564
9.961252
9.962126
9.960645
9.962522
9.965380
9.960711
9.948153
9.941419
9.939483
9.939106
9.928557
0.003663
0.002949
0.002600
0.002365
0.001530
0.000329
0.000103
0.000010
0.000008
0.000006
0.000023
0.000041
0.000009
0.000003
0.000001
0.000001
0.000001
0.000002
0.000003
0.000005
0.000006
0.000006
0.000009
0.000006
0.000001
0.000001
0.000002
0.000036
0.000023
0.000008
0.000006
0.000000
0.000000
0.000001
0.000004
0.000004
0.000004
0.000009
0.000011
0.000011
0.000058
0.000003
0.000002
0.000001
0.000001
0.000001
0.000001
0.000001
0.000001
0.000002
0.000000
0.000000
0.000001
0.000001
0.000002
0.000006
0.000002
0.000002
0.000002
0.000001
0.000001
0.000001
0.000001
0.000000
0.000001
0.000001
0.000006
0.000008
0.000001
0.000003
9.425545
9.420167
9.416923
9.417526
9.415721
9.401795
9.375864
0.014990
0.011020
0.010216
0.009937
0.009661
0.000081
0.000046
0.000040
0.000008
0.000006
0.000004
0.000003
0.000001
0.000001
0.000003
0.000003
0.000003
0.000012
0.000004
0.000005
0.000011
0.000030
0.000001
0.000002
0.000004
0.000004
0.000002
0.000002
0.000006
0.000003
0.000007
0.000002
0.000002
0.000007
0.000008
0.000011
0.000020
0.000034
0.000000
0.000001
0.000003
0.000003
0.000000
0.000001
0.000000
0.000001
0.000001
0.000002
0.000002
0.000025
0.000012
0.009762
0.009578
0.009087
0.008408
0.008144
0.007927
0.007893
0.007785
0.000004
0.000001
0.000001
0.000001
0.000003
0.000003
0.000003
0.000006
0.000005
0.000005
0.000000
0.000000
0.000000
0.000001
0.000000
0.000000
0.000001
0.000000
0.000000
0.000000
0.000000
0.000000
0.000000
0.000000
0.000001
0.000001
0.000001
0.000001
0.000001
0.000002
0.000003
0.000000
0.000000
0.000000
0.000001
0.000000
0.000000
0.000002
0.000004
0.000006
0.000015
0.000246
9.030663
8.997747
8.948334
8.580102
0.007075
0.006827
0.000001
0.000024
0.000006
0.000001
0.000001
0.000000
0.000001
0.000001
0.000001
0.000001
0.000002
0.000004
0.000022
0.000009
0.001386
