0.003220
0.003083
0.002932
0.002868
0.002645
0.001947
0.001935
0.008750
0.009639
0.009631
0.007998
0.006990
0.000177
0.000084
0.000082
0.000003
0.000002
0.000002
0.000003
0.000002
0.000001
0.000001
0.000001
0.000001
0.000002
0.000167
0.011378
0.011676
0.000021
0.000012
0.000034
0.000102
0.013623
0.014078
0.028280
0.028849
1.328107
1.136752
1.045956
0.888659
0.709220
0.644937
0.434680
0.346677
0.222619
0.206945
0.025782
0.014751
0.011053
0.000377
0.000097
0.000054
0.000046
0.000015
0.000010
0.000009
0.000010
0.000033
0.000034
0.000026
0.000009
0.000010
0.000012
0.000019
0.000018
0.000142
0.000167
0.017928
0.018687
0.019018
0.022289
0.004226
0.005165
0.006279
0.006054
0.005631
0.005236
0.000052
0.000607
0.042346
0.097098
0.092705
0.085620
0.080294
0.068929
0.044053
0.021417
0.019796
0.018770
0.000012
0.000114
0.000411
0.000544
0.048916
0.054971
0.058074
0.058654
0.059937
0.060417
0.071574
0.151279
0.148733
0.144448
0.138501
0.131405
0.065888
0.036789
0.010605
0.012455
0.006443
0.006745
0.006878
0.010932
0.012576
0.007072
0.006481
0.006907
0.007303
0.007460
0.008188
0.035516
0.045609
0.049192
0.070825
0.132875
0.316162
0.342144
0.348577
0.332189
0.316664
0.268165
0.279750
0.272970
0.260280
0.000785
0.000687
0.000687
0.000112
0.000098
0.000087
0.000040
0.000044
0.000036
0.000174
0.196716
0.188845
0.149932
0.137569
0.106419
0.098849
0.059137
0.053196
0.050572
0.000037
0.000043
0.000035
0.000033
0.000031
0.000012
0.000020
0.000029
0.000025
0.000764
0.000992
0.001054
0.001076
0.001034
0.001118
0.001155
0.001124
0.000796
0.000574
0.000304
0.000196
0.000157
0.001098
0.001167
0.001103
0.001173
0.001158
0.001103
0.001358
0.000051
0.000035
0.000041
0.002129
0.002853
0.002907
0.002993
0.003076
0.003068
0.003227
0.003111
0.003128
0.003240
0.003499
0.003802
0.002851
0.000221
0.000145
0.000167
0.000130
0.000025
0.000028
0.000029
0.000037
0.000021
0.000016
0.000014
0.000226
0.000198
0.000200
0.000211
0.000207
0.000209
0.000031
0.000019
0.000080
0.000036
0.000026
0.000055
0.000017
0.000011
0.000010
0.000013
0.000008
0.000014
0.000011
0.000018
0.000024
0.000030
0.002027
0.001583
0.000014
0.000011
0.000011
0.000013
0.000166
0.000034
0.000019
0.000017
0.000012
0.000013
0.000010
0.000015
0.000032
0.000034
0.000010
0.000020
0.000020
0.000006
0.000010
0.000026
0.000015
0.000018
0.000015
0.000011
0.000032
0.000037
0.000023
0.000020
0.000015
0.000031
0.000038
0.000060
0.002095
0.015000
0.100417
0.105277
0.109726
0.114745
0.117864
0.120302
0.128243
0.136128
0.000154
0.000076
0.000091
0.000154
0.000051
0.000064
0.000042
0.000039
0.000048
0.000118
0.000160
0.153815
0.163829
0.170266
0.001484
0.001232
0.001260
0.000066
0.000055
0.000133
0.000108
0.000131
0.169931
0.174976
0.181391
0.184714
0.192886
0.192440
0.181230
0.170123
0.167359
0.000150
0.000012
0.000012
0.004861
0.004703
0.004785
0.017795
0.019806
0.021868
0.024012
0.027023
0.027641
0.027806
0.029423
0.000012
0.017601
0.016357
0.277656
0.302269
0.328559
0.335530
0.344360
0.308408
0.259832
0.066853
0.027839
0.018928
0.014374
0.006794
0.006406
0.003982
0.004065
0.000010
0.000010
0.000008
0.000011
0.000506
0.000517
0.000522
0.000010
0.000019
0.000154
0.000037
0.000029
0.000025
0.000046
0.000092
0.000058
0.005759
0.019392
0.025763
0.153374
0.156130
0.157388
0.157675
0.156185
0.157538
0.151331
0.141563
0.137435
0.129858
0.094221
0.069039
0.001883
0.001370
0.000530
0.000130
0.000035
0.000038
0.000094
0.000106
0.000114
0.000135
0.000095
0.000092
0.000118
0.000596
0.008133
0.009190
0.010391
0.033190
0.126337
0.133755
0.140044
0.147150
0.151934
0.155236
0.004945
0.005028
0.000226
0.000016
0.000022
0.000008
0.000024
0.000009
0.000010
0.000011
0.000033
0.000031
0.000022
0.000021
0.000404
0.000685
0.002007
0.002474
0.195023
0.196606
0.191980
0.186976
0.182539
0.166354
0.164357
0.160066
0.159206
0.159033
0.189329
0.185716
0.172976
0.164848
0.157910
0.056321
0.023543
0.021807
0.000107
0.000050
0.000054
0.000088
0.002471
0.002371
0.002383
0.002381
0.002349
0.001912
0.001536
0.001157
0.000783
0.000286
0.000342
0.005336
0.015221
0.027604
0.038447
0.040731
0.242229
0.263997
0.003183
0.682726
0.717496
0.739390
0.746148
0.006269
0.004599
0.000028
0.000062
0.000055
0.000044
0.000038
0.000033
0.001258
0.001223
0.002369
0.005329
0.214163
0.218208
0.223020
0.198380
0.181967
0.170695
0.009105
0.003132
0.002387
0.002294
0.000043
0.000056
0.000095
0.000109
0.000070
0.000112
0.000097
0.000099
0.000092
0.000091
0.000103
0.000114
0.000102
0.003884
0.003387
0.004000
0.004362
0.004857
0.005666
0.006576
0.000089
0.000234
0.000229
0.000256
0.000225
0.000060
0.000037
0.000033
0.000029
0.000023
0.000046
0.000038
0.000025
0.000058
0.000105
0.000121
0.000177
0.000059
0.000053
0.000024
0.000047
0.000066
0.000076
0.000108
0.000164
0.000174
0.000246
0.000117
0.000117
0.002410
0.004717
0.011155
0.017156
0.039402
0.698525
0.761742
1.081580
1.212292
1.786874
2.670662
3.050068
3.526673
4.077983
4.933828
5.847903
7.137882
7.597420
8.092934
8.324196
8.634812
9.033754
9.108473
9.201998
9.282761
9.294783
9.322716
9.354478
9.367788
9.380798
9.421646
9.433450
9.442613
9.452657
9.459058
9.459302
9.462289
9.465238
9.462193
0.000162
0.000123
0.000042
0.000013
0.000017
0.000022
0.000005
0.000004
0.000007
0.000002
0.000036
0.000030
0.000028
0.000069
0.000046
0.000117
0.000095
0.000267
0.000630
9.496478
9.511045
9.521770
9.522126
9.523371
9.522288
9.518604
9.515876
9.512120
9.494852
0.003850
0.002258
0.001686
0.001513
0.001180
0.001020
0.001113
0.000748
0.000795
9.178573
9.211954
9.211453
9.205857
9.196067
9.129167
9.125199
9.123539
9.120846
9.115537
9.109326
9.092260
0.005021
0.005390
0.005780
0.006616
0.007082
9.284041
9.149538
8.984336
8.849737
8.736859
0.152064
9.029861
9.234638
9.371922
9.444871
9.448531
9.451086
9.451623
9.452368
9.444331
9.361864
9.271801
0.067620
8.954784
9.147239
9.180322
9.148467
0.079821
9.162466
9.258481
9.344653
9.472972
9.497509
9.502816
9.499383
9.453813
9.453507
9.453114
9.452701
9.452897
9.447870
9.445244
9.444965
9.447083
9.582504
9.610153
9.644574
9.694878
9.818129
9.822384
9.748232
9.651802
0.007800
0.007599
0.001871
0.000956
0.000106
0.000084
0.000066
0.000035
0.000053
0.000048
0.000055
0.000080
0.000071
0.000066
0.000174
0.000028
0.000022
0.000030
0.000053
0.000194
0.000322
0.000026
0.000071
0.000107
0.000207
0.000333
0.000699
0.001394
0.003084
9.581306
9.574089
9.368418
9.361306
9.364359
9.366055
9.357530
9.353758
9.345746
9.325493
9.311863
9.294522
9.298037
9.203935
9.293122
9.316458
9.284937
8.869898
8.872114
8.874200
8.871932
8.894744
8.906205
8.914176
8.925426
8.921171
8.925254
8.925323
8.861483
8.711377
8.645663
8.690063
8.692933
8.693367
8.693851
8.694259
8.695673
8.775228
8.784997
8.770391
8.761850
8.727033
8.423967
8.390148
8.314349
8.272983
8.360225
7.847285
7.860463
7.864039
7.871544
7.877745
8.080812
8.107058
8.119495
8.125572
8.129460
8.133221
8.143949
8.093838
7.963236
0.114321
0.094855
0.016121
0.003867
0.003588
0.000036
0.000034
0.000044
0.000010
0.000015
0.000012
0.000009
0.000041
0.000024
0.000008
0.000008
0.000009
0.000006
0.000012
0.000017
0.000015
0.000017
0.002292
0.059687
0.056852
0.052897
0.030431
0.030240
0.006049
0.004078
0.004091
0.003810
0.003886
0.008370
0.008389
0.008123
0.007593
0.006353
0.005909
0.005390
0.004833
0.004411
0.001635
0.000017
0.000011
0.000009
0.000007
0.000006
0.000001
0.000001
0.000002
0.000003
0.000006
0.000989
