0.035009
0.007115
0.003472
0.002556
0.001860
0.000288
0.000266
0.000264
0.000247
0.001307
0.001465
0.001707
0.002075
0.000003
0.000008
0.000012
0.000017
0.000013
0.000015
0.000009
0.000019
0.000037
0.002933
0.003077
0.003136
0.003414
0.003263
0.002559
0.000631
0.000640
0.002309
0.003089
0.003347
0.003636
0.003674
0.003668
0.003528
0.000001
0.000001
0.000002
0.000002
0.000000
0.000001
0.000001
0.000002
0.000002
0.000002
0.000005
0.000008
0.000040
0.000046
0.000076
0.006616
0.006750
0.006766
0.006790
0.006871
0.006967
0.007004
0.007090
0.037823
0.042236
1.216081
1.207004
1.149626
1.045581
0.132709
0.215935
1.194004
1.616274
1.870550
2.288233
2.597772
2.740436
2.745405
2.761007
2.772642
2.774701
2.781692
2.794854
2.802941
2.803746
2.866427
2.870190
2.938345
2.956022
3.001862
3.027710
3.036592
3.039916
0.023380
0.024598
3.221577
3.250831
3.268815
3.271846
3.273559
3.277507
3.280877
3.282678
3.282700
3.283132
3.282768
3.284139
3.284018
3.283547
3.282396
3.273468
3.248887
3.224589
3.145739
2.567578
0.011558
2.044905
1.772988
1.545217
1.358553
1.105893
0.974163
0.807608
0.447888
0.190656
0.177507
0.023755
0.021741
0.018982
0.017115
0.005520
0.000042
0.000031
0.000019
0.000017
0.000012
0.000009
0.000008
0.000008
0.000007
0.000009
0.000011
0.000012
0.000016
0.000024
0.000041
0.019306
0.020829
0.031670
0.063454
0.063322
0.064508
0.058275
0.022916
0.024604
0.017298
0.009727
0.003346
0.000093
0.000132
0.002873
0.002872
0.002427
0.002155
0.001918
0.000115
0.000101
0.000047
0.000041
0.000037
0.000035
0.000022
0.001018
0.001130
0.001239
0.001455
0.000762
0.000097
0.000104
0.040724
0.182934
0.200301
0.306731
0.302172
0.301177
0.296084
0.284202
0.278428
0.280176
0.000165
0.000165
0.000108
0.000113
0.000169
0.099580
0.069487
0.061544
0.053638
0.031243
0.022667
0.022605
0.022911
0.026058
0.032362
0.033825
0.033452
0.026198
0.024209
0.022789
0.022638
0.022613
0.000077
0.000093
0.000139
0.000228
0.025258
0.037714
0.078972
0.243060
0.300366
0.294296
0.263831
0.257896
0.253733
0.229753
0.235022
0.230088
0.181986
0.037276
0.041226
0.035687
0.033630
0.000292
0.000236
0.000042
0.023306
0.022466
0.022389
0.022472
0.022490
0.022389
0.022359
0.022699
0.022835
0.022523
0.022765
0.022706
0.200315
0.210515
0.215231
0.207846
0.226060
0.237520
0.212288
0.052278
0.037679
0.030713
0.022323
0.027438
0.028597
0.073490
0.853779
0.956161
1.090132
1.245713
1.383827
1.541418
1.666253
1.984156
2.227204
2.287942
2.346756
2.514362
0.026119
0.027369
2.603756
2.609813
2.601128
2.599602
2.579091
2.439152
2.245073
2.029487
1.806928
1.623243
0.147233
0.928026
1.275189
1.411201
1.715711
2.008150
2.248632
0.030871
2.481118
2.476181
0.000080
0.000043
0.000027
0.000048
0.024278
0.024182
0.037046
2.556911
2.557280
2.560216
2.540911
2.390433
2.262334
1.965555
0.084632
0.040673
1.291732
0.042561
0.037721
0.035842
1.010539
0.941435
0.862212
0.784936
0.678491
0.019015
0.003957
0.001770
0.004102
0.065253
0.306782
0.283238
0.174591
0.003097
0.002911
0.002760
0.000111
0.000232
0.000291
0.000164
0.000271
0.000151
0.054951
0.055667
0.059307
0.062409
0.065123
0.065308
0.065957
0.066321
0.006856
0.046667
0.055593
0.064906
0.148934
0.206263
0.238415
0.246294
0.258301
0.292949
0.287371
0.190781
0.102651
0.038941
0.038368
0.032295
0.030804
0.007108
0.007091
0.000078
0.000070
0.000250
0.000267
0.039077
0.036103
0.194058
0.204008
0.286060
0.306768
0.304902
0.329507
0.339514
0.335160
0.026258
0.022713
0.022855
0.022995
0.000056
0.000072
0.000073
0.000057
0.000063
0.022731
0.022976
0.088373
0.354438
0.353039
0.335334
0.308600
0.307271
0.272531
0.238724
0.218588
0.263761
0.318252
0.337085
0.367341
0.367611
0.346786
0.314341
0.235853
0.211970
0.195190
0.066301
0.005729
0.002766
0.003360
0.051959
0.072289
0.077221
0.090574
0.094671
0.093717
0.093253
0.008178
0.000509
0.000144
0.000136
0.000104
0.000101
0.000409
0.091010
0.098966
0.097233
0.098428
0.099203
0.100930
0.099977
0.099178
0.096515
0.022008
0.010161
0.001370
0.000453
0.000243
0.002997
0.003595
0.003791
0.004114
0.005307
0.013502
0.013994
0.012493
0.000216
0.000213
0.000125
0.000200
0.000222
0.004330
0.002244
0.002220
0.002319
0.002272
0.002177
0.000095
0.000086
0.000079
0.000015
0.000020
0.000016
0.000024
0.000017
0.000018
0.000015
0.000011
0.000006
0.000007
0.000022
0.000043
0.000019
0.000011
0.000014
0.000026
0.000088
0.000017
0.000021
0.000017
0.000012
0.000007
0.000006
0.000004
0.000006
0.000004
0.000017
0.000012
0.000009
0.000005
0.000007
0.000019
0.000013
0.000013
0.000014
0.000018
0.000009
0.000005
0.000003
0.000003
0.000006
0.000012
0.000014
0.000016
0.000004
0.000003
0.000007
0.000004
0.000011
0.000009
0.000009
0.000016
0.000023
0.000012
0.000008
0.000015
0.000312
0.000297
0.000317
0.000290
0.000295
0.000010
0.000042
0.000038
0.000045
0.000045
0.000032
0.000017
0.000019
0.000035
0.000031
0.000035
0.000045
0.000024
0.000015
0.000017
0.000070
0.000047
0.000037
0.000031
0.000037
0.000037
0.000049
0.000056
0.000008
0.000027
0.000013
0.000019
0.000019
0.000028
0.000018
0.000011
0.000014
0.000022
0.000016
0.000023
0.000036
0.000011
0.000009
0.000007
0.000017
0.000019
0.000030
0.000052
0.000032
0.000036
0.001044
0.000954
0.010956
0.012448
0.012393
0.003640
0.003751
0.021038
0.023412
0.070616
0.142314
0.151306
0.163891
0.169684
0.186224
0.193374
0.204593
0.212540
0.210390
0.215757
0.245051
0.249349
0.247188
0.226422
0.129977
0.123368
0.100642
0.018496
0.017295
0.005593
0.005472
0.005280
0.004595
0.000028
0.000034
0.000030
0.000038
0.000028
0.000027
0.000036
0.000038
0.000023
0.000018
0.000294
0.000300
0.000065
0.000131
0.000156
0.000186
0.000207
0.003290
0.003449
0.003491
0.000811
0.002911
0.003542
0.003404
0.003953
0.019850
0.174957
0.192869
0.165656
0.173436
0.202026
0.204075
0.179442
0.121994
0.058739
0.000025
0.000021
0.000052
0.000029
0.000029
0.024667
0.024207
0.025350
0.024226
0.024241
0.024211
0.023746
0.022268
0.023006
0.023008
0.023069
0.022311
0.022414
0.127032
0.150735
0.167664
0.263115
0.288586
0.302077
0.330376
0.421134
0.464242
0.592107
0.659474
0.035491
0.955841
1.044588
0.028102
0.032813
0.034232
0.022129
0.022239
0.022240
0.021957
0.001930
0.029310
0.031493
0.020182
0.022662
0.023178
0.039223
0.038916
0.039212
0.022627
0.022585
0.022717
0.023374
0.041068
1.170667
1.233570
1.222787
1.192855
1.140171
0.995546
0.888829
0.797076
0.452603
0.339045
0.299648
0.247328
0.197467
0.095856
0.093366
0.023034
0.063473
0.130864
0.143967
0.146373
0.213336
0.275369
0.246747
0.373219
0.406339
0.422759
0.570232
0.629397
0.667009
0.690369
0.029601
0.029318
0.023613
0.022902
0.022281
0.022254
0.022231
0.021933
0.003312
0.801043
0.822537
0.845296
0.785787
0.710179
0.651620
0.548007
0.046555
0.033512
0.035156
0.034861
0.030762
0.034706
0.031303
0.175244
0.173289
0.180620
0.177021
0.110291
0.000192
0.000170
0.000029
0.000018
0.000017
0.000021
0.000005
0.000005
0.000005
0.000012
0.000007
0.000011
0.000013
0.000005
0.000012
0.000019
0.000026
0.000022
0.000010
0.000027
0.000022
0.000024
0.000007
0.000007
0.000008
0.000009
0.000007
0.000006
0.000008
0.000004
0.000012
0.000020
0.000024
0.000021
0.000010
0.000024
0.000022
0.000031
0.000012
0.000012
0.000013
0.000008
0.000010
0.000007
0.000005
0.000003
0.000009
0.000017
0.000027
0.000020
0.000011
0.000025
0.000019
0.000027
0.000009
0.000007
0.000008
0.000009
0.000010
0.000008
0.000013
0.000009
0.000027
0.000033
0.000039
0.000037
0.000016
0.000034
0.000030
0.000040
0.000015
0.000016
0.000018
0.000010
0.000016
0.000012
0.000009
0.000007
0.000024
0.000032
0.000070
0.000047
0.000026
0.000045
0.000041
0.000050
0.000019
0.000020
0.000021
0.000010
0.000026
0.000019
0.000015
0.000011
0.000025
0.000040
0.000109
0.000071
0.000042
0.000068
0.000059
0.000056
0.000026
0.000030
0.000021
0.000025
0.000086
0.000096
0.000121
0.031950
0.054978
0.079298
0.094136
0.218263
0.297340
0.419431
0.570496
1.047621
1.214680
1.501840
2.203378
2.706303
3.176055
3.824571
4.391667
4.491782
4.619433
4.686509
4.702455
4.714775
4.722421
4.730139
4.858038
4.872496
4.865740
4.860511
0.007520
0.001490
0.000693
0.000260
0.000154
0.000069
0.000008
0.000005
0.000004
0.000004
0.000005
0.000014
0.000011
0.000014
0.000055
0.000074
0.000082
0.004895
0.004617
0.008738
4.954900
5.055328
5.060866
4.881356
0.691145
0.622773
3.663166
3.972094
3.978258
4.020744
4.000622
4.157580
4.206459
4.257632
4.103551
3.912166
3.700700
3.139756
2.980011
2.959313
2.651861
2.443241
2.285610
0.408362
0.000488
0.000107
0.000100
0.000073
0.000029
0.000017
0.000007
0.000006
0.000004
0.000004
0.000005
0.000003
0.000001
0.000002
0.000001
0.000002
0.000004
0.000007
0.000004
0.000002
0.000002
0.000002
0.000001
0.000001
0.000004
0.000017
0.000018
0.000016
0.000015
0.000016
0.000011
0.000006
0.000005
0.000021
0.000005
0.000010
0.000007
0.000006
0.000010
0.000010
0.000004
0.000003
0.000003
0.000002
0.000002
0.000004
0.000004
0.000003
0.000005
0.000004
0.000004
0.000004
0.000006
0.000002
0.000004
0.000006
0.000011
0.000015
0.000016
0.000039
0.000508
0.000804
0.001072
0.001447
0.190177
3.556446
3.885350
4.269308
4.883599
4.977842
5.008078
5.021494
5.026542
5.033281
5.035572
5.031315
5.023854
4.993969
4.971606
5.486235
5.482539
5.478025
5.435290
5.371981
5.105707
4.990633
4.894555
4.806466
0.013512
0.002755
0.002115
0.001466
0.000800
0.000525
0.000083
0.000162
0.000014
0.000010
0.000023
0.000023
0.000019
0.000057
0.000926
0.001524
0.001607
0.001607
0.001576
0.001460
0.001444
0.001409
0.000047
0.000016
0.000011
0.000011
0.000008
0.000003
0.000005
0.000156
0.000135
0.000015
0.000010
0.000032
0.000028
0.000012
0.000005
0.000018
0.000014
0.000011
0.000011
0.000231
4.224644
3.920710
3.745902
0.000335
0.000208
0.000112
0.000095
0.000084
0.000036
0.000035
0.000013
0.000035
0.000025
0.000055
0.000082
0.000150
0.000323
0.000406
0.000349
0.000653
0.000903
0.002202
0.253880
4.139780
0.000282
0.000008
0.000013
0.000017
0.000006
0.000008
0.000009
0.000005
0.000010
0.000012
0.000012
0.000006
0.000007
0.000007
0.000010
0.000003
0.000002
0.000003
0.000003
0.000003
0.000004
0.000006
0.000006
0.000008
0.000005
0.000008
0.000006
0.000004
0.000007
0.000003
0.000006
0.000008
0.000006
0.000010
0.000004
0.000004
0.000005
0.000003
0.000005
0.000004
0.000004
0.000010
0.000012
0.000025
0.000012
0.000010
0.000013
0.000007
0.000007
0.000004
0.000003
0.000003
0.000003
0.000004
0.000003
0.000005
0.000013
0.000021
0.000027
0.000818
0.001051
0.001514
0.001601
0.001771
0.001818
0.001912
0.001940
0.001889
0.001735
0.001598
0.001635
0.001571
0.001599
0.001673
0.001849
0.001984
0.002600
0.000008
0.000006
0.000017
0.000007
0.000004
0.000003
0.000004
0.000008
0.000005
0.000020
0.000004
0.000005
0.000002
0.000005
0.000003
0.000005
0.000006
0.000006
0.000049
0.000083
0.000056
0.000060
0.000072
0.000003
0.000005
0.000006
0.000004
0.000017
0.000015
0.000015
0.000033
0.000020
0.000007
0.000007
0.000009
0.000017
0.000075
0.000112
0.000016
0.000019
0.000016
0.000013
0.000012
0.000004
0.000005
0.000005
0.000005
0.000013
0.000028
0.000013
0.000036
0.000025
0.000014
0.000029
0.000059
0.000078
0.000030
0.000010
0.000006
0.000006
0.000004
0.000021
0.000074
0.000012
0.000015
0.000020
0.000014
0.000028
0.000030
0.000044
0.000154
0.000474
0.000524
0.000687
0.002449
0.006779
4.666817
4.921204
5.121869
5.311290
5.415643
5.485881
5.531689
5.563172
5.593984
5.600915
5.578247
5.561657
5.528743
5.277397
5.006382
4.620195
4.239077
3.941655
0.296468
5.498626
5.563437
5.622778
5.641070
5.652757
5.666601
5.672953
5.682015
5.699053
5.701267
5.706654
5.712424
5.717521
5.691559
5.661628
5.627090
5.620647
5.590004
5.542114
5.559944
5.569849
5.772924
5.689628
5.658875
5.621237
5.597282
5.574882
5.565511
5.554738
5.545985
5.542006
5.534196
5.518565
5.505019
5.464614
5.387518
5.341552
5.125886
4.696941
4.094880
0.021190
0.012497
0.000713
0.000419
0.002037
0.001363
0.000719
0.000808
0.001029
0.001053
0.000227
0.000064
0.000233
0.000355
0.000394
0.000500
0.010107
1.485018
0.029112
2.720785
0.148402
2.698642
3.696799
4.113958
4.610439
5.266775
5.476954
5.698415
5.899379
5.952032
5.966451
5.972242
5.973468
5.973233
5.970706
5.967455
5.952838
5.945903
5.945146
5.946944
5.946626
5.945760
5.955127
5.961293
5.965327
5.966293
5.972813
5.987199
5.979658
5.980823
5.981050
5.979985
5.979566
5.980127
5.980320
5.980872
5.981450
5.982357
5.982326
5.982293
5.982545
5.982142
5.978366
5.978682
5.973977
5.972828
5.971927
6.071318
6.123824
6.153258
6.167444
6.166603
6.176506
6.181864
6.186030
6.189776
6.190079
6.189897
6.190071
6.190048
6.189560
6.189517
6.189717
6.189636
6.188092
6.185928
6.185996
6.185282
6.177550
6.166753
6.135666
6.063323
6.024060
5.969291
0.005256
0.004930
0.001467
0.000904
0.000978
0.001055
0.000350
0.000261
0.000304
0.000155
0.000076
0.000116
0.000073
0.000081
0.000090
0.000019
0.000009
0.000006
0.000012
0.000030
0.000039
0.000041
0.000016
0.000045
5.813357
5.813789
5.810292
5.777699
5.482448
5.043689
0.216716
0.177599
0.010158
0.006750
4.418916
4.077968
3.811546
1.097593
4.515761
5.052750
5.572028
5.874111
6.042008
6.074721
6.074906
5.878401
5.839453
5.795525
5.755156
0.040387
5.811688
5.857494
5.847201
5.825593
5.807086
5.769606
0.110623
0.111516
5.748189
5.828197
5.847923
5.853973
0.056492
5.398735
5.694742
5.849177
5.880873
5.880533
5.607594
0.083089
5.325918
5.240066
0.632270
0.271400
4.069101
4.561537
4.695639
4.830273
4.952286
5.124770
5.293663
5.462409
5.707184
5.954685
6.022663
6.052975
6.161021
6.149284
6.139814
6.081069
6.428719
6.473504
6.483368
6.483924
6.485074
6.486456
6.487606
6.486746
6.485839
6.485861
6.485866
6.485358
6.481674
6.480643
6.480376
6.477053
6.477274
6.482096
6.477651
6.474035
6.458929
6.453220
6.432694
6.422403
6.416251
6.416863
6.386137
6.359636
0.104550
0.092853
0.089654
0.082514
0.078072
0.080623
5.788711
6.299683
6.450196
6.619429
6.666341
6.709545
6.752070
6.759876
6.767653
6.786468
6.796096
6.794775
6.795293
6.796185
6.797864
6.800196
6.802416
6.802565
6.801794
6.801213
6.800787
6.799369
6.796210
6.793763
6.793659
6.794270
6.795063
6.796976
6.801150
6.801926
6.801649
6.791327
6.785351
6.771666
6.761354
6.709166
0.332085
0.234538
5.648410
5.811996
6.000621
6.058839
6.166133
6.274072
6.437848
6.750454
6.764066
6.777253
6.801367
6.798994
6.793477
6.787606
6.784036
6.779478
6.771500
6.754147
6.738051
6.697428
6.415384
6.366995
6.341911
6.328555
6.304814
6.287264
6.266144
6.175762
6.035527
5.917922
5.489980
5.054334
0.217859
0.537922
4.614761
4.759564
4.848880
4.919672
4.934348
5.096137
5.074901
5.059258
5.110513
0.082247
0.166839
0.221477
6.056142
6.306850
6.485888
6.544952
6.576210
6.601290
6.614179
6.619947
6.619735
6.619600
6.614253
6.610041
6.592629
6.575110
6.548598
0.006342
0.005842
0.005075
6.496740
6.502671
6.169075
6.179168
6.193958
6.211199
6.212992
6.214427
6.215423
6.136073
6.154309
6.160789
6.159194
6.162356
6.163489
6.163869
6.118690
6.117268
6.117610
6.118374
6.116354
6.112359
6.110652
6.111378
6.137999
6.141752
6.142786
6.151924
6.158482
6.153998
6.148283
6.144319
6.135563
6.130866
6.104828
6.104539
6.101902
6.095115
6.087483
6.070582
6.015191
0.005577
0.005005
0.004830
0.049469
0.043998
0.041033
0.042182
5.624071
5.526101
4.489726
0.008542
0.006938
0.005310
0.004975
0.004767
0.004480
0.004479
0.004655
0.004806
0.004192
0.003418
0.000178
0.000072
0.000045
0.000044
0.000082
0.000335
0.000717
0.000408
0.000351
0.000281
0.000318
0.000047
0.000036
0.000030
0.000049
0.000102
0.000073
0.000055
0.000144
0.000370
0.003722
0.004415
0.004580
0.004782
0.005094
0.005805
3.382510
3.777947
4.067361
4.391649
4.774965
5.344186
5.635443
5.849151
5.982457
6.003098
6.006285
6.006311
6.005857
6.004826
6.003649
6.003292
6.003392
6.002769
6.001971
6.001500
6.000716
6.000168
5.999831
5.998202
5.993673
5.988772
5.985953
5.984676
5.985854
5.986700
5.985043
5.981453
5.970611
5.927052
0.003755
0.003308
0.002891
0.002431
0.002411
0.002462
0.000039
0.000033
0.000048
0.000031
0.000032
0.000036
0.000073
0.000078
0.000032
5.731964
5.734077
5.738171
5.748636
5.765588
5.783494
5.804268
5.816877
5.854124
5.853592
5.782262
5.713584
0.001195
0.000922
0.000621
0.000549
0.000524
0.000301
0.000264
0.000329
0.000365
0.000595
0.001187
5.662444
5.674906
5.686684
5.692972
5.717237
5.701192
5.609176
5.527241
0.000155
0.000013
0.000005
0.000006
0.000004
0.000004
0.000020
0.000003
0.000002
0.000002
0.000002
0.000005
0.000006
0.000002
0.000001
0.000003
0.000000
0.000000
0.000000
0.000000
0.000000
0.000001
0.000001
0.000001
0.000001
0.000000
0.000015
0.000001
0.000000
0.000001
0.000001
0.000001
0.000001
0.000001
0.000003
0.000000
0.000000
0.000004
0.000000
0.000000
0.000001
0.000000
0.000000
0.000037
0.000019
0.000000
0.000000
0.000000
0.000000
0.000000
0.000000
0.000000
0.000000
0.000000
0.000000
0.000000
0.000000
0.000002
0.000024
0.000002
0.000002
0.000001
0.000000
0.000000
0.000000
0.000000
0.000001
0.000001
0.000000
0.000000
0.000000
0.000000
0.000000
0.000000
0.000000
0.000000
0.000000
0.000000
0.000000
0.000000
0.000000
0.000001
0.000000
0.000004
0.000003
0.000003
0.000005
0.000000
0.000000
0.000000
0.000000
0.000000
0.000000
0.000000
0.000000
0.000000
0.000000
0.000000
0.000000
0.000000
0.000000
0.000000
0.000000
0.000000
0.000000
0.000000
0.000000
0.000000
0.000000
0.000000
0.000000
0.000000
0.000000
0.000000
0.000000
0.000000
0.000000
0.000000
0.000000
0.000000
0.000000
0.000000
0.000000
0.000000
0.000000
0.000000
0.000000
0.000000
0.000000
0.000000
0.000000
0.000000
0.000000
0.000000
0.000000
0.000000
0.000000
0.000000
0.000000
0.000000
0.000000
0.000000
0.000000
0.000000
0.000001
0.000001
0.000001
0.000029
0.000023
0.000002
0.000002
0.000000
0.000000
0.000000
0.000000
0.000000
0.000000
0.000000
0.000000
0.000000
0.000000
0.000000
0.000000
0.000000
0.000000
0.000000
0.000000
0.000000
0.000000
0.000000
0.000000
0.000000
0.000000
0.000000
0.000000
0.000000
0.000000
0.000000
0.000000
0.000000
0.000000
0.000000
0.000000
0.000000
0.000000
0.000000
0.000000
0.000000
0.000000
0.000000
0.000000
0.000000
0.000000
0.000000
0.000000
0.000000
0.000000
0.000000
0.000000
0.000000
0.000000
0.000000
0.000001
0.000000
0.000005
0.000003
0.000001
0.000001
0.000000
0.000000
0.000000
0.000000
0.000000
0.000000
0.000000
0.000000
0.000000
0.000000
0.000000
0.000000
0.000000
0.000000
0.000000
0.000000
0.000000
0.000000
0.000000
0.000000
0.000000
0.000000
0.000000
0.000000
0.000000
0.000000
0.000000
0.000000
0.000000
0.000000
0.000000
0.000000
0.000000
0.000000
0.000001
0.000000
0.000000
0.000002
0.000001
0.000001
0.000000
0.000000
0.000000
0.000000
0.000001
0.000000
0.000000
0.000000
0.000000
0.000000
0.000000
0.000000
0.000000
0.000000
0.000000
0.000000
0.000000
0.000000
0.000000
0.000000
0.000000
0.000000
0.000000
0.000001
0.000001
0.000000
0.000001
0.000000
0.000000
0.000007
0.000003
0.000003
0.000014
0.000037
5.355899
5.563700
5.591183
5.631227
5.647641
5.650949
5.651831
5.652879
5.653437
5.654045
5.654613
5.655082
5.655343
5.655530
5.653047
5.643648
5.639302
5.636783
5.641985
5.648618
5.657205
5.657579
5.659485
5.663783
5.664496
5.665340
5.665991
5.683522
5.690044
5.696361
5.703266
5.705635
5.710922
5.718754
5.723520
5.817884
5.833381
5.783472
5.611974
5.192123
4.986401
4.879078
4.727167
4.598470
4.351783
4.127360
3.804371
3.390749
2.627889
0.295962
0.093835
0.207669
0.252367
4.095300
4.588851
5.392704
5.602786
5.674405
5.750353
5.801919
5.773184
5.774660
5.774267
5.774750
5.774995
5.774429
5.774627
5.774762
5.774904
5.775209
5.775699
5.776376
5.776316
5.776346
5.776819
5.778420
6.035169
6.053958
6.266758
6.272304
6.498938
6.502838
6.508044
6.510246
6.513403
6.516598
6.517390
6.518594
6.518564
6.518233
6.518001
6.518134
6.517171
6.516752
6.517679
6.518257
6.518331
6.518398
6.518547
6.518560
6.518440
6.518472
6.516962
6.516983
6.517917
6.517987
6.516800
6.513341
6.521281
6.633134
6.433477
6.401700
6.401689
6.401797
6.426356
6.428048
6.423496
6.410890
6.667323
6.622326
6.569980
6.567644
6.563406
6.549005
6.559556
6.563769
6.561475
6.562147
6.569176
6.563134
6.548026
6.543304
6.515046
6.481137
6.460425
6.434164
6.431366
6.433126
6.669527
6.696114
6.683591
6.667964
6.936840
6.935257
6.934239
6.933530
6.928127
6.913838
6.863803
6.700359
6.764091
6.724258
6.728483
6.736878
6.685115
6.659318
6.588726
6.373844
6.354398
6.339283
6.325201
6.315590
6.311628
6.292746
6.266371
6.253367
6.248290
6.176446
6.186769
6.187620
6.236768
6.247164
6.255480
6.262272
6.263559
6.191158
6.188482
6.194298
6.197739
6.201547
6.208417
6.210889
6.211331
6.208274
6.206594
6.207806
6.209003
6.213528
6.213525
6.216128
6.218571
6.217120
6.216531
6.215093
6.216280
6.218693
6.218727
6.216460
6.215660
6.214414
6.214225
6.210114
6.207565
6.205807
6.198924
6.182358
6.172953
6.146603
5.914946
5.764841
5.526143
5.106213
4.733568
4.351259
0.045178
0.043816
0.006090
0.006089
0.006295
0.006507
1.934091
0.008121
0.001515
0.000400
0.000238
0.000098
0.000057
0.000026
0.000023
0.000027
0.000016
0.000025
0.000033
0.000027
0.000014
0.000030
0.000038
0.000016
0.000028
0.003099
0.002558
0.000025
0.000020
0.000018
0.000032
0.000035
0.000038
0.000061
0.000019
0.000016
0.000008
0.000013
0.000014
0.000023
0.000835
0.000857
0.000906
0.001242
0.001505
0.000040
0.000041
0.000025
0.000022
0.000070
0.000018
0.000018
0.000013
0.000011
0.000022
0.000014
0.000012
0.000012
0.000007
0.000006
0.000017
0.000016
0.000021
0.000044
0.000049
0.000022
0.001563
3.278886
3.505629
3.689901
3.803711
0.006659
3.969744
4.075141
4.156925
4.233228
4.410829
4.326178
0.064930
4.609583
4.715712
4.745709
4.838585
4.923336
4.166132
4.401127
4.434541
4.459486
4.476633
0.010692
0.000049
0.000024
0.000025
0.000051
0.000152
0.000117
0.000077
0.000079
0.000012
0.000015
0.000021
0.000021
0.000012
0.000008
0.000052
0.000038
0.000030
0.000031
0.000102
0.000118
0.000028
0.000053
0.000061
0.000078
0.000032
0.000012
0.000011
0.000177
0.000126
0.000122
0.000063
0.000190
0.000275
0.000036
0.000035
0.000062
0.000109
0.000325
0.000221
0.000117
0.025385
5.163913
5.292075
5.413103
5.349437
5.252977
5.131838
0.013929
0.005933
0.004044
0.003393
0.003230
0.002965
4.663473
4.400424
4.143550
3.555939
0.029268
4.230508
4.403741
4.433889
4.630705
4.689201
4.803046
4.966200
5.114078
0.001312
0.000237
0.000120
0.000053
0.000025
0.000015
0.000010
0.000004
0.000004
0.000002
0.000020
0.000009
0.000005
0.000004
0.000003
0.000006
0.000012
0.000024
0.000033
0.000091
0.045759
0.046873
0.045243
0.063108
6.199063
6.600525
7.025941
7.120531
7.146922
7.157224
7.160030
7.166658
7.168639
7.168937
7.169492
7.166571
7.162256
7.160620
7.162682
7.167356
7.168267
7.166806
7.166986
7.168471
7.169329
7.166920
7.161975
7.155345
7.133281
7.088959
7.018597
0.074532
0.036796
0.020466
0.018870
0.025128
0.029205
0.012232
0.013144
6.522473
6.582283
6.638813
6.690611
6.757879
6.846760
6.927169
6.976164
7.002796
7.002343
7.007687
0.003934
0.003574
0.003304
0.003081
0.003238
0.004042
0.004342
6.988746
6.997535
7.007585
7.010002
7.015630
7.018136
7.007435
6.953702
6.654315
5.799836
6.110001
6.267325
6.496605
6.669336
6.708621
6.721875
6.744641
6.857628
6.875542
6.889073
6.898065
6.892092
6.849759
6.804073
6.875414
6.921724
6.928741
6.931169
6.924982
6.911032
6.916803
7.044806
7.054381
7.059469
7.058257
7.054048
7.056806
7.037534
7.021918
0.002949
0.002292
0.001742
0.000089
0.000035
0.000021
0.000012
0.000010
0.000005
0.000004
0.000004
0.000001
0.000001
0.000004
0.000004
0.000004
0.000009
0.000001
0.000001
0.000003
0.000002
0.000002
0.000014
0.000010
0.000014
0.000067
0.000126
0.000175
0.000020
0.000017
0.000021
0.000194
0.000004
0.000002
0.000002
0.000002
0.000019
0.000010
0.000002
0.000001
0.000001
0.000002
0.000003
0.000004
0.000008
0.000010
0.000012
6.837504
6.846177
6.857013
6.871843
6.917444
6.971469
6.995333
7.059796
7.076827
7.094844
7.097809
7.114773
7.138488
7.166775
7.166778
7.154199
7.144766
7.139464
7.137623
7.133999
7.135536
7.143990
7.156147
7.168936
7.171042
7.170864
7.170614
7.170368
7.168988
7.167691
7.167669
7.168565
7.166656
7.164793
7.162589
7.160183
7.158664
7.160796
7.163981
7.315532
7.314993
7.309812
7.307160
7.299367
7.303117
7.303600
7.309734
7.303765
7.293369
7.267048
7.252472
7.201268
7.000940
6.865950
6.772709
6.694535
6.607882
0.003922
0.001511
0.000700
0.000296
0.000122
0.000072
0.000036
0.000041
0.000019
0.000033
0.000034
0.000032
0.000045
0.000074
0.000109
0.000034
0.000011
0.000010
0.000015
0.000007
0.000014
0.000012
0.000028
0.000038
0.000072
0.000196
0.000551
0.001233
6.489264
6.522158
6.559982
6.612817
6.624604
6.642514
6.659835
6.657170
6.658345
6.659980
6.659060
6.653846
6.623668
6.583986
6.549873
6.534925
6.525330
6.511272
6.507406
6.472897
6.458325
6.289520
6.305899
6.328976
6.313774
0.071587
6.284548
6.323906
6.375822
6.390026
6.404056
6.410838
6.420403
6.425412
6.426773
6.426856
6.426708
6.423945
6.413774
6.283096
6.284727
6.284612
6.284749
6.286281
6.289262
6.290459
6.294967
6.299397
6.299334
6.294206
6.379867
6.400829
6.421461
6.416794
6.415850
6.414742
6.416165
6.419068
6.424416
6.426573
6.426408
6.425444
6.424250
6.423886
6.420316
6.418340
6.419649
6.425600
6.426697
6.426838
6.427024
6.426768
6.426588
6.425828
6.425512
6.425551
6.426100
6.426598
6.426702
6.426861
6.426894
6.426851
6.426718
6.426698
6.426650
6.426453
6.425404
6.423437
6.422402
6.420197
6.143471
6.035420
5.936551
5.737846
5.718884
5.706256
5.696597
5.687595
5.681398
5.678168
5.671086
5.649624
5.634239
5.632504
5.630319
5.630177
5.629987
5.631701
5.631877
5.632006
5.638628
5.631095
5.631494
5.631449
5.631653
5.632070
5.629183
5.618706
5.609217
5.606460
5.590378
5.500788
5.555740
5.605830
6.008191
6.165600
6.199036
6.210576
6.210777
6.209758
6.158998
6.156290
6.154793
6.152287
6.151992
6.152171
6.149528
6.149229
6.145037
6.138313
6.102097
6.061206
5.923982
5.730663
5.544363
0.234911
0.230705
5.493114
5.614660
5.669149
5.709587
5.651626
5.521003
5.378187
0.431210
5.774046
6.107360
6.170777
6.193532
6.197237
6.198364
6.200838
6.203058
6.201449
6.196936
6.195615
6.196663
6.198978
6.202245
6.204206
6.203973
6.203677
6.201934
6.199775
6.195203
6.193087
6.191166
6.185628
6.179916
6.175562
6.173253
6.133012
6.115223
6.104238
6.098901
6.064437
6.046614
6.033601
6.001876
5.961097
5.888958
5.784815
5.639246
5.688632
5.537188
5.551020
5.561339
5.574521
5.582984
5.583099
5.583130
5.582996
5.582227
5.581547
5.570848
5.569740
5.562686
5.547601
5.455211
0.001025
0.000874
0.000728
0.000637
0.000647
0.000687
0.000731
0.001287
0.001825
0.003092
5.513421
5.758565
5.815422
5.869186
5.917846
5.975892
6.057780
6.073765
6.092091
6.104580
6.124717
6.132843
6.131422
6.131482
6.126094
6.122764
6.108174
5.994103
5.993693
5.993199
5.993318
5.993127
5.990636
5.988563
5.997301
5.999291
6.002038
6.002429
6.002664
6.002500
6.002377
5.993433
5.992990
5.992157
5.991756
5.991586
5.991842
5.993367
5.993519
5.993786
5.994079
6.135257
6.146002
6.150059
6.150673
6.150163
6.149485
6.146207
6.143399
6.145562
6.146396
6.148369
6.148294
6.147346
6.141882
6.130319
6.128351
6.135605
6.143920
6.141391
6.140422
6.142047
6.143273
6.142837
6.124455
6.073535
5.637488
5.210096
5.167650
0.012128
0.008171
0.006832
0.005275
0.003639
0.001017
5.030884
5.034362
5.034611
5.032547
5.030001
5.026129
5.022390
5.046371
5.039640
4.941735
4.303895
3.851964
3.013918
2.996472
2.708028
1.390751
1.353761
3.444509
0.064818
0.067450
0.011780
0.012068
0.013041
3.367097
3.886562
4.285001
4.575433
4.868352
5.087208
5.236875
5.154781
5.038285
4.958999
4.917816
4.436008
4.002099
0.075293
0.149040
0.372465
2.773626
2.822364
0.348697
0.034785
0.017208
3.424873
3.740657
4.064150
4.736025
5.327868
5.437752
5.468964
5.448789
5.425874
5.406553
5.391336
5.389401
5.419325
5.334367
5.060884
4.746636
4.579973
4.429910
4.230971
4.097979
0.066788
0.072005
3.881411
3.836168
0.005552
0.001385
0.000982
0.000335
0.000119
0.000056
0.000044
0.000051
0.000028
0.000038
0.000031
0.000113
0.000046
0.000032
0.000026
0.000050
0.000048
0.000064
0.000050
0.000025
0.000049
0.000071
0.000151
0.000147
0.000177
0.000260
0.000702
0.001071
3.834259
3.881636
3.886022
3.871952
0.064093
0.085575
0.091486
0.094829
0.105462
0.138319
4.741273
5.089917
5.261457
5.522000
5.628819
5.653133
5.665197
5.675675
5.676311
5.678194
5.692863
5.698155
5.701903
5.705089
5.706035
5.711677
5.716059
5.717804
5.719234
5.719813
5.720394
5.718809
5.718106
5.717422
5.717293
5.716689
5.716286
5.714968
5.714248
5.713659
5.713730
5.714461
5.712740
5.708989
5.702198
5.678563
5.652537
5.553304
5.440534
0.009740
0.006563
0.000521
0.000292
0.000109
0.000092
0.000085
0.000095
0.000096
0.004223
0.004140
0.002877
0.002857
0.003123
0.003262
0.003259
0.000009
0.000008
0.000007
0.000006
0.000001
0.000001
0.000001
0.000001
0.000001
0.000003
0.000004
0.000001
0.000003
0.000002
0.000005
0.000002
0.000002
0.000001
0.000002
0.000007
0.000006
0.000012
0.000013
0.000001
0.000001
0.000004
0.000002
0.000002
0.000002
0.000001
0.000002
0.000005
0.000003
0.000002
0.000002
0.000002
0.000001
0.000001
0.000001
0.000001
0.000001
0.000001
0.000001
0.000001
0.000001
0.000002
0.000003
0.000007
0.000013
0.000022
0.000067
0.000147
0.000291
0.000686
5.434771
5.541664
5.585842
5.609427
5.614437
5.611166
5.612034
5.605613
5.603975
5.592841
0.027124
0.025448
0.025219
0.026399
0.026911
5.554208
5.579616
5.602024
5.601636
5.585154
5.555309
0.012394
0.010867
0.010864
0.007393
0.007183
5.508047
5.541050
5.586114
5.615617
5.630262
5.640610
5.671232
5.679998
5.681114
5.674588
5.672279
5.665732
5.655732
5.644268
5.634670
5.628429
0.000941
0.001149
0.001028
0.000511
5.566018
5.566104
5.566245
5.566548
5.566879
5.567028
5.566774
5.565915
5.564315
5.560845
5.562263
5.561138
5.563189
5.564012
5.564613
5.565445
5.567369
5.568363
5.569634
5.572027
5.575161
5.576988
5.577630
5.577421
5.577653
5.577604
5.574590
5.574049
5.573614
5.575306
5.572696
5.567746
5.568793
5.569819
5.607575
5.611979
5.610953
5.615165
5.609761
5.605474
5.591721
5.577594
0.001546
0.001197
0.000102
0.000103
0.000063
0.000016
0.000020
0.000003
0.000002
0.000002
0.000006
0.000007
0.000006
0.000008
0.000014
0.000016
5.564419
5.565124
5.565956
5.567064
5.567285
0.000105
0.000076
0.000068
0.000044
0.000054
0.000125
0.000187
0.000341
0.001574
5.615758
5.622166
5.626857
5.624020
5.611898
0.000059
0.000007
0.000009
0.000142
0.000147
0.000153
0.000003
0.000002
0.000002
0.000004
0.000007
0.000008
0.000283
