0.000284
0.000234
0.000010
0.000002
0.000001
0.000000
0.000000
0.000000
0.000000
0.000000
0.000001
0.000000
0.000000
0.000000
0.000000
0.000000
0.000000
0.000000
0.000000
0.000000
0.000000
0.000000
0.000001
0.000000
0.000001
0.000001
0.000002
0.000002
0.000002
0.000002
0.000002
0.000002
0.000002
0.000003
0.000002
0.000003
0.000002
0.000003
0.000001
0.000175
0.031795
0.000319
0.000042
0.000030
0.000000
0.000000
0.000000
0.000000
0.000000
0.000000
0.000000
0.000000
0.000000
0.000000
0.000000
0.000000
0.000000
0.000000
0.000000
0.000000
0.000000
0.000000
0.000000
0.000000
0.000000
0.000000
0.000000
0.000000
0.000000
0.000000
0.000000
0.000000
0.000000
0.000000
0.000000
0.000000
0.000000
0.000000
0.000000
0.000000
0.000000
0.000001
0.000001
0.000001
0.000001
0.000001
0.000002
0.000001
0.000001
0.000001
0.000001
0.000001
0.000001
0.000001
0.000001
0.000001
0.000001
0.000001
0.000031
0.000033
0.000042
0.000038
0.000036
0.000000
0.000000
0.000000
0.000000
0.000000
0.000000
0.000000
0.000000
0.000000
0.000000
0.000000
0.000000
0.000004
0.000005
0.000005
0.000007
0.000007
0.000007
0.000007
0.000007
0.000007
0.000007
0.000007
0.000007
0.000007
0.000006
0.000006
0.000006
0.000005
0.000003
0.000000
0.000000
0.000000
0.000000
0.000000
0.000000
0.000000
0.000000
0.000000
0.000000
0.000001
0.000001
0.000001
0.000001
0.000001
0.000001
0.000001
0.000001
0.000001
0.000001
0.000001
0.000000
0.000000
0.000000
0.000000
0.000000
0.000000
0.000000
0.000000
0.000000
0.000001
0.000001
0.000012
0.000016
0.000001
0.000001
0.000000
0.000000
0.000000
0.000000
0.000000
0.000000
0.000000
0.000000
0.000000
0.000000
0.000000
0.000000
0.000000
0.000000
0.000000
0.000000
0.000000
0.000000
0.000000
0.000000
0.000000
0.000000
0.000000
0.000000
0.000000
0.000000
0.000000
0.000000
0.000000
0.000000
0.000000
0.000000
0.000000
0.000000
0.000000
0.000000
0.000018
0.000018
0.000018
0.000018
0.000018
0.000019
0.000019
0.000019
0.000019
0.000016
0.000000
0.000000
0.000000
0.000000
0.000000
0.000000
0.000000
0.000000
0.000000
0.000000
0.000000
0.000000
0.000000
0.000000
0.000000
0.000045
0.000048
0.000052
0.000058
0.000015
0.000023
0.003220
0.003510
0.004179
0.002356
0.002474
0.002748
0.003104
0.003339
0.003489
0.000019
0.000012
0.000010
0.000000
0.000000
0.000000
0.000000
0.000000
0.000000
0.000000
0.000000
0.000000
0.000000
0.000000
0.000000
0.000000
0.000000
0.000000
0.000000
0.000000
0.000000
0.000000
0.000000
0.000007
0.000008
0.000008
0.000008
0.000008
0.000013
0.000009
0.000014
0.000019
0.000021
0.000010
0.000020
0.000009
0.000000
0.000000
0.000000
0.000000
0.000000
0.000000
0.000000
0.000000
0.000000
0.000000
0.000000
0.000000
0.000000
0.000000
0.000000
0.000000
0.000000
0.000000
0.000000
0.000000
0.000000
0.000000
0.000000
0.000000
0.000000
0.000000
0.000000
0.000000
0.000000
0.000000
0.000000
0.000000
0.000000
0.000000
0.000000
0.000000
0.000000
0.000000
0.000000
0.000000
0.000000
0.000000
0.000000
0.000000
0.000000
0.000000
0.000000
0.000000
0.000002
0.000002
0.000002
0.000021
0.013845
0.042495
0.043389
0.044736
0.059468
0.060263
0.062732
0.067216
0.071909
0.007388
0.000715
0.000001
0.000001
0.000001
0.000001
0.000001
0.000001
0.000000
0.000000
0.000000
0.000000
0.000000
0.000000
0.000003
0.000004
0.000005
0.000008
0.000012
0.000017
0.000022
0.000022
0.000023
0.000023
0.000023
0.000023
0.000023
0.000023
0.000023
0.000023
0.000024
0.000025
0.000025
0.000028
0.000028
0.000028
0.000028
0.000028
0.000027
0.000025
0.000023
0.000022
0.000021
0.000020
0.000018
0.000017
0.000013
0.000012
0.000011
0.000011
0.000008
0.000008
0.000006
0.000006
0.000006
0.000005
0.000000
0.000000
0.000000
0.000000
0.000000
0.000001
0.000001
0.000002
0.000002
0.000030
0.000031
0.000033
0.000037
0.000045
0.000051
0.000060
0.000061
0.000061
0.000062
0.000062
0.000060
0.000057
0.000055
0.000055
0.000053
0.000040
0.000033
0.000027
0.000024
0.000022
0.000021
0.000020
0.000000
0.000000
0.000000
0.000000
0.000000
0.000000
0.000000
0.000000
0.000000
0.000000
0.000000
0.000000
0.000000
0.000000
0.000000
0.000000
0.000000
0.000000
0.000000
0.000000
0.000000
0.000000
0.000000
0.000000
0.000000
0.000000
0.000001
0.000049
0.000074
0.000085
0.000086
0.000087
0.000087
0.000087
0.000088
0.000089
0.000089
0.000089
0.000089
0.000088
0.000087
0.000085
0.000084
0.000083
0.000082
0.000077
0.000074
0.000072
0.000066
0.000061
0.000059
0.000059
0.000060
0.000060
0.000060
0.000059
0.000057
0.000057
0.000055
0.000044
0.000001
0.000000
0.000000
0.000000
0.000000
0.000000
0.000000
0.000000
0.000000
0.000000
0.000000
0.000000
0.000000
0.000000
0.000000
0.000000
0.000000
0.000000
0.000000
0.000000
0.000000
0.000000
0.000000
0.000001
0.000010
0.000020
0.000021
0.000021
0.000021
0.000021
0.000020
0.000019
0.000018
0.000018
0.000017
0.000017
0.000017
0.000016
0.000016
0.000015
0.000015
0.000014
0.000013
0.000011
0.000009
0.000008
0.000008
0.000008
0.000002
0.000002
0.000015
0.000015
0.000015
0.000014
0.000010
0.000007
0.000000
0.000000
0.000000
0.000000
0.000000
0.000000
0.000000
0.000000
0.000000
0.000000
0.000000
0.000001
0.000000
0.000000
0.000000
0.000000
0.000000
0.000000
0.000000
0.000000
0.000000
0.000000
0.000000
0.000000
0.000000
0.000000
0.000000
0.000000
0.000000
0.000000
0.000000
0.000000
0.000000
0.000000
0.000000
0.000000
0.000000
0.000000
0.000001
0.000012
0.000013
0.000013
0.000013
0.000012
0.000000
0.000000
0.000000
0.000000
0.000000
0.000000
0.000000
0.000000
0.000000
0.000000
0.000000
0.000000
0.000000
0.000000
0.000004
0.000004
0.000004
0.000004
0.000003
0.000002
0.000000
0.000000
0.000000
0.000000
0.000000
0.000000
0.000000
0.000000
0.000000
0.000000
0.000000
0.000000
0.000000
0.000000
0.000000
0.000000
0.000000
0.000003
0.000004
0.000004
0.000003
0.000002
0.000000
0.000000
0.000000
0.000000
0.000000
0.000000
0.000000
0.000000
0.000000
0.000000
0.000000
0.000000
0.000000
0.000000
0.000000
0.000014
0.000015
0.000017
0.000017
0.000018
0.000019
0.000019
0.000019
0.000019
0.000017
0.000015
0.000014
0.000013
0.000006
0.000017
0.000157
0.000227
0.000150
0.000032
0.000021
0.000000
0.000000
0.000000
0.000000
0.000000
0.000000
0.000000
0.000000
0.000000
0.000000
0.000000
0.000000
0.000000
0.000000
0.000000
0.000000
0.000002
0.000003
0.000004
0.000004
0.000004
0.000004
0.000004
0.000005
0.000004
0.000004
0.000004
0.000004
0.000004
0.000000
0.000000
0.000000
0.000000
0.000004
0.000006
0.000007
0.000007
0.000008
0.000008
0.000008
0.000009
0.000009
0.000009
0.000008
0.000008
0.000008
0.000008
0.000008
0.000008
0.000009
0.000009
0.000009
0.000008
0.000000
0.000000
0.000000
0.000000
0.000000
0.000000
0.000000
0.000000
0.000000
0.000000
0.000000
0.000000
0.000000
0.000000
0.000000
0.000000
0.000000
0.000000
0.000000
0.000000
0.000000
0.000003
0.000004
0.000005
0.000006
0.000008
0.000009
0.000009
0.000009
0.000010
0.000010
0.000010
0.000009
0.000009
0.000010
0.000000
0.000000
0.000000
0.000000
0.000000
0.000000
0.000000
0.000000
0.000000
0.000000
0.000000
0.000000
0.000000
0.000000
0.000000
0.000000
0.000000
0.000000
0.000000
0.000000
0.000000
0.000000
0.000000
0.000000
0.000000
0.000000
0.000000
0.000000
0.000000
0.000000
0.000000
0.000000
0.000000
0.000000
0.000000
0.000000
0.000000
0.000000
0.000000
0.000000
0.000000
0.000000
0.000000
0.000000
0.000000
0.000000
0.000000
0.000000
0.000000
0.000000
0.000000
0.000000
0.000000
0.000000
0.000000
0.000000
0.000000
0.000000
0.000000
0.000000
0.000000
0.000000
0.000000
0.000000
0.000000
0.000000
0.000000
0.000000
0.000000
0.000000
0.000000
0.000000
0.000000
0.000000
0.000000
0.000000
0.000000
0.000000
0.000000
0.000000
0.000000
0.000000
0.000000
0.000000
0.000000
0.000000
0.000000
0.000000
0.000029
0.000029
0.000030
0.000032
0.000032
0.000033
0.000033
0.000036
0.000040
0.000043
0.000044
0.000045
0.000044
0.000043
0.000040
0.000034
0.000003
0.000002
0.000002
0.000001
0.000001
0.000001
0.000002
0.000033
0.000064
0.000071
0.000073
0.000074
0.000072
0.000070
0.000071
0.000071
0.000072
0.000071
0.000001
0.000000
0.000000
0.000000
0.000001
0.000001
0.000001
0.000001
0.000002
0.013821
0.018978
0.029537
0.031197
0.049213
0.000015
0.000005
0.000005
0.000038
0.000040
0.000041
0.000039
0.000037
0.000036
0.000034
0.000034
0.000033
0.000034
0.000030
0.000012
0.000022
0.000030
0.000032
0.000037
0.000052
0.000076
0.000192
0.000209
0.000001
0.000001
0.000001
0.000001
0.000001
0.000000
0.000000
0.000000
0.000001
0.000001
0.000001
0.000001
0.000003
0.000001
0.000001
0.000001
0.000001
0.000001
0.000001
0.000001
0.000002
0.000006
0.000007
0.000003
0.000002
0.000004
0.000006
0.000008
0.000046
0.000026
0.000024
0.000019
0.000016
0.000019
0.000011
0.000031
0.000006
0.000019
0.000009
0.000006
0.000004
0.000003
0.000003
0.000006
0.000029
0.000015
0.000007
0.000011
0.000013
0.000011
0.000007
0.000006
0.000005
0.000004
0.000005
0.000007
0.000010
0.000010
0.000005
0.000006
0.000009
0.000019
0.000022
0.000035
0.000126
0.000194
0.000318
0.001341
0.204097
0.319748
0.399243
0.463361
6.988475
7.031486
7.041160
7.041898
7.010702
7.011496
7.015229
7.039029
7.039851
7.232248
7.225152
7.356457
7.410315
7.448737
7.451415
7.447358
0.000562
0.000455
0.000342
0.000024
0.000010
0.000003
0.000002
0.000002
0.000002
0.000003
0.000001
0.000002
0.000003
0.000004
0.000008
0.000038
0.000162
0.000382
0.001044
0.001680
7.323709
7.528973
7.492173
7.347298
0.160850
0.072320
4.855406
5.608210
5.986222
6.355688
6.767351
6.968473
7.158281
7.285911
0.041681
0.148398
0.148709
7.509543
7.710808
7.771604
7.777648
7.788532
7.804366
7.793107
7.745402
7.729202
7.735708
7.772476
7.808627
7.794313
7.786452
7.783315
7.763803
7.734230
7.709677
7.685012
7.659323
7.633891
0.000164
0.000100
0.000039
0.000008
0.000003
0.000002
0.000001
0.000001
0.000000
0.000000
0.000000
0.000000
0.000000
0.000000
0.000000
0.000000
0.000000
0.000000
0.000000
0.000000
0.000000
0.000000
0.000000
0.000000
0.000000
0.000000
0.000000
0.000000
0.000000
0.000000
0.000000
0.000000
0.000000
0.000000
0.000000
0.000000
0.000000
0.000000
0.000000
0.000000
0.000000
0.000000
0.000000
0.000000
0.000000
0.000000
0.000000
0.000001
0.000005
0.000007
0.000009
0.000045
0.000059
0.000159
0.000209
8.633115
8.677933
8.715346
8.736210
8.758716
8.758550
8.758948
8.758890
8.760147
8.763041
8.764091
8.764370
8.763886
8.764916
8.767123
8.767694
8.767971
8.770024
8.772346
8.772112
8.771544
8.770163
8.765936
8.741425
0.003612
0.000217
0.000165
0.000041
0.000023
0.000014
0.000004
0.000003
0.000002
0.000001
0.000002
0.000001
0.000001
0.000002
0.000003
0.000009
0.000015
0.000015
0.000040
0.000176
0.000237
0.000426
8.503521
8.534695
8.480152
8.429123
8.247230
7.390880
6.868287
0.052717
6.000183
6.172953
0.418765
0.380259
0.269512
0.226262
0.192560
0.076029
0.068986
0.063460
0.043593
0.001303
0.000354
0.000092
0.000069
0.020918
0.021437
0.024940
0.027258
0.026150
0.000055
0.000099
0.000130
0.000159
0.000172
0.000210
0.005388
0.006256
0.006638
0.192834
0.222041
0.314887
0.382587
0.458511
0.511250
0.574770
7.302906
8.118213
8.295635
8.530279
8.838855
8.921108
9.046036
9.076836
9.090874
9.091561
9.091655
9.088040
9.079664
9.074462
9.075299
9.081092
9.087717
9.086479
9.085050
9.085240
9.087355
9.089733
9.091661
9.092196
9.092335
9.092448
9.092495
9.092494
9.092447
9.092409
9.092336
9.092224
9.092284
9.092466
9.092383
9.092284
9.092219
9.092247
9.091828
9.091768
9.092257
9.092319
9.092052
9.092065
9.092086
9.091298
9.091211
9.092042
9.090317
9.087676
9.087671
9.090123
9.090112
9.088844
9.088455
9.089250
9.089370
9.090761
9.092188
9.091882
9.091312
9.091534
9.092270
9.092448
9.092264
9.092115
9.091873
9.091932
9.092350
9.092389
9.092043
9.092019
9.092037
9.092031
9.091402
9.090681
9.090820
9.090521
9.091219
9.091829
9.092347
9.092218
9.091657
9.091624
9.091646
9.090464
9.076412
9.070260
9.068441
9.060583
9.036524
9.264383
9.213757
9.221695
9.254257
9.292906
9.356934
9.370707
9.376259
9.378394
9.376786
9.377950
9.374639
9.370859
9.367755
9.367152
9.368946
9.369503
9.366557
9.363413
9.356796
9.564047
9.582603
9.587719
9.584365
9.577098
9.567775
9.558510
9.555419
9.554533
9.556546
9.550715
9.911818
9.936562
9.942823
9.952829
9.963309
9.973262
9.979636
9.991875
9.993621
9.991807
9.990458
9.991681
9.994489
9.995579
9.997410
9.996028
9.993607
9.990294
9.990607
9.991764
9.993168
9.997133
9.995772
9.995607
9.997024
9.998017
9.995920
9.986236
9.983840
9.988269
9.996166
9.997876
9.998204
9.998482
9.998815
9.998747
9.998531
9.995741
9.988911
0.000883
0.000787
0.000766
0.000754
0.000743
0.000741
0.000958
0.000987
0.001148
9.918139
9.969012
9.983303
9.987676
9.986728
9.988781
9.991265
9.993017
9.997017
9.996345
9.993961
9.993991
9.995063
9.997355
9.998001
9.998364
9.998367
9.997750
9.997562
9.997268
9.994983
9.993750
9.994324
9.995921
9.997940
9.998423
9.998408
9.997266
9.996664
9.997086
9.997888
9.997325
9.996776
9.997395
9.997366
9.997778
9.998128
9.998141
9.995087
9.986355
9.979975
9.972601
9.967629
9.964764
9.851948
9.873062
9.874071
9.874067
9.873415
9.872502
9.870557
9.869957
9.870876
9.870959
9.869460
9.868251
9.869296
9.870601
9.866849
9.857579
9.839995
9.825062
9.813253
9.804392
9.799917
9.800727
9.805893
9.822645
9.842584
9.847576
9.852894
9.858812
9.859804
9.858953
9.861271
9.866713
9.868615
9.868729
9.870768
9.871857
9.869247
9.869148
9.869332
9.867928
9.864823
9.865530
9.869356
9.870456
9.870891
9.872219
9.873913
9.873386
9.873171
9.872779
9.871628
9.869798
9.869883
9.871948
9.869743
9.869008
9.870562
9.871408
9.870935
9.872377
9.873785
9.872750
9.872965
9.874476
9.873464
9.872860
9.871875
9.871453
9.868888
9.868919
9.871536
9.873371
9.873704
9.874091
9.874261
9.874105
9.874342
9.874241
9.868770
9.848124
9.807023
9.766923
9.629373
0.000602
0.000275
0.000140
0.000037
0.000021
0.000017
0.000010
0.000009
9.320578
9.348721
9.354745
9.368869
9.387674
9.396377
9.405252
9.395856
9.372532
9.361121
9.310686
9.236579
9.050954
8.637059
7.573371
6.815034
6.001608
3.724600
0.330690
0.052329
0.475708
0.675751
5.429098
6.859104
8.096339
8.671400
9.005850
9.361159
9.523437
9.563575
9.584495
9.598999
9.601210
9.603059
9.604705
9.607236
9.607863
9.607982
9.608182
9.608703
9.609015
9.608994
9.615504
9.615603
9.612593
9.648160
9.636400
9.572834
9.422335
0.015395
0.014428
0.009014
9.022709
8.724082
0.145006
0.055771
8.365580
7.996102
7.684267
7.093191
6.411645
6.079284
5.569881
4.812850
2.942488
1.878539
0.341448
0.043727
0.032849
0.029396
0.008675
0.008662
0.009474
0.000099
0.000105
0.000110
0.000110
0.000108
0.000099
0.000095
0.000000
0.000000
0.000000
