0.000402
0.000377
0.000275
0.000204
0.000058
0.000054
0.000053
0.000052
0.000000
0.000000
0.000000
0.000000
0.000000
0.000000
0.000000
0.000010
0.000000
0.000000
0.000000
0.000000
0.000000
0.000000
0.000000
0.000000
0.000000
0.000000
0.000000
0.000000
0.000000
0.000000
0.000000
0.000000
0.000000
0.000001
0.000620
0.000622
0.000644
0.000660
0.000710
0.000655
0.000641
0.000659
0.000707
0.000770
0.000806
0.000818
0.000817
0.000758
0.000678
0.000656
0.000643
0.000527
0.000014
0.000015
0.000015
0.000009
0.000010
0.000052
0.000003
0.000001
0.000001
0.000009
0.000024
0.000041
0.000007
0.000000
0.000000
0.000000
0.000000
0.000000
0.000000
0.000000
0.000002
0.000935
0.000938
0.000919
0.000883
0.000851
0.000837
0.000834
0.000827
0.000794
0.000783
0.000780
0.000770
0.000674
0.000591
0.000541
0.000483
0.000446
0.000418
0.000377
0.000017
0.000002
0.000002
0.000001
0.000000
0.000000
0.000000
0.000000
0.000000
0.000000
0.000043
0.000046
0.000046
0.000043
0.000038
0.000035
0.000029
0.000000
0.000000
0.000000
0.000000
0.000000
0.000000
0.000000
0.000000
0.000000
0.000000
0.000000
0.000000
0.000000
0.000000
0.000004
0.000004
0.000098
0.000101
0.000103
0.000100
0.000100
0.000098
0.000090
0.000089
0.000089
0.000088
0.000098
0.000110
0.000123
0.000140
0.000167
0.000195
0.000221
0.000502
0.000454
0.000281
0.000241
0.000215
0.000195
0.000188
0.000173
0.000003
0.000003
0.000003
0.000004
0.000007
0.000010
0.000019
0.000113
0.001688
0.001988
0.002019
0.002084
0.002142
0.002281
0.002645
0.002847
0.002881
0.002627
0.001539
0.001564
0.001578
0.001793
0.001974
0.001994
0.002000
0.001983
0.001790
0.001244
0.000911
0.000743
0.000043
0.000036
0.000033
0.000003
0.000044
0.000043
0.002034
0.002194
0.002671
0.003170
0.003932
0.005089
0.005220
0.005230
0.005302
0.005180
0.004408
0.003783
0.001253
0.000855
0.000474
0.000411
0.000320
0.000273
0.000005
0.000004
0.000002
0.000001
0.000000
0.000001
0.000002
0.000003
0.000096
0.000121
0.000147
0.000156
0.000145
0.000133
0.000129
0.000002
0.000001
0.000001
0.000001
0.000034
0.000034
0.000038
0.000035
0.001726
0.002443
0.012712
0.012899
0.013930
0.022210
0.056123
0.057232
0.104729
0.103288
0.103685
0.104730
0.106206
0.116668
0.116635
0.105631
0.110217
0.000001
0.000000
0.000000
0.000000
0.000427
0.000440
0.000475
0.113058
0.139447
0.150257
0.166827
0.209025
0.000760
0.000006
0.000168
0.000168
0.000424
0.000534
0.000538
0.000572
0.000612
0.000593
0.000587
0.000586
0.000540
0.000506
0.000484
0.000457
0.000317
0.000088
0.000052
0.000052
0.000029
0.000297
0.000439
0.000445
0.000490
0.000733
0.000911
0.000918
0.000914
0.000769
0.000046
0.000002
0.000002
0.000001
0.000001
0.000000
0.000000
0.000000
0.000000
0.000000
0.000000
0.000000
0.000000
0.000000
0.000000
0.000001
0.000000
0.000001
0.000000
0.000001
0.000001
0.000000
0.000000
0.000000
0.000000
0.000000
0.000000
0.000001
0.000001
0.000001
0.000001
0.000002
0.000001
0.000000
0.000001
0.000002
0.000002
0.000020
0.000023
0.004200
0.004595
0.004655
0.004738
0.004729
0.004715
0.004749
0.004808
0.004847
0.004962
0.004972
0.004980
0.004992
0.004997
0.005052
0.005064
0.005069
0.005066
0.005078
0.005085
0.005222
0.005280
0.005038
0.005004
0.004987
0.004956
0.004936
0.004926
0.004938
0.004948
0.004958
0.004965
0.004965
0.004970
0.004963
0.004960
0.004950
0.004925
0.004914
0.004917
0.004867
0.004836
0.004818
0.004812
0.004816
0.004837
0.004869
0.004848
0.004843
0.004845
0.004743
0.004693
0.004652
0.004624
0.004620
0.004618
0.004617
0.004621
0.004631
0.004585
0.004563
0.004548
0.004518
0.004509
0.004483
0.004265
0.004188
0.003862
0.000266
0.000168
0.000139
0.000085
0.000335
0.000400
0.000444
0.000553
0.000707
0.000752
0.000732
0.000679
0.000418
0.000174
0.000170
0.000211
0.000476
0.004512
0.004612
0.004768
0.005510
0.005794
0.006090
0.006868
3.652883
3.697268
3.467488
2.860899
2.629625
2.388894
1.689346
1.234561
0.150630
0.145860
0.272294
0.832086
1.096473
1.341700
1.487074
1.658930
1.833023
2.238408
2.739360
2.998556
3.866702
4.152901
5.165365
5.863514
6.773262
7.420263
8.317998
9.566916
9.765267
9.809657
9.862760
9.872954
9.876365
9.877465
9.878122
9.877265
9.877828
9.878967
9.878474
9.876632
9.876453
9.875763
9.875671
9.873953
9.873851
9.875388
9.874068
9.873673
9.876243
9.878033
9.879680
9.879978
9.879748
9.879504
9.998331
9.998985
9.999371
9.999562
9.999668
9.999354
9.999313
9.999460
9.997596
9.997125
9.997069
9.997260
9.997275
9.998267
9.998950
9.998610
9.998398
9.999390
9.999706
9.999355
9.998375
9.993404
9.681143
9.681353
9.682240
9.682101
9.681618
9.682083
9.683026
9.683102
9.682309
9.681736
9.679954
9.679210
9.680990
9.681756
9.681427
9.682330
9.682683
9.680048
9.678493
9.675429
9.674076
9.676399
9.681538
9.682918
9.683117
9.683143
9.683099
9.682083
9.681379
9.675887
9.674899
9.676033
9.677653
9.680245
9.682303
9.682979
9.682588
9.682545
9.682909
9.682684
9.682713
9.683199
9.683261
9.683158
9.682793
9.682830
