0.010301
0.000410
0.000000
0.000000
0.000000
0.000000
0.000000
0.000000
0.000000
0.000000
0.000000
0.000000
0.000000
0.000000
0.000000
0.000000
0.000000
0.000000
0.000000
0.000000
0.000000
0.000000
0.000000
0.000000
0.000000
0.000000
0.000000
0.000000
0.000000
0.000000
0.000000
0.000000
0.000000
0.000000
0.000000
0.000000
0.000000
0.000000
0.000000
0.000000
0.000000
0.000000
0.000000
0.000000
0.000000
0.000000
0.000031
0.000000
0.000000
0.000000
0.000000
0.000000
0.000000
0.000000
0.000000
0.000000
0.000000
0.000000
0.000000
0.000000
0.000000
0.000000
0.000000
0.000000
0.000000
0.000000
0.000000
0.000000
0.000000
0.000000
0.000000
0.000000
0.000000
0.000000
0.000000
0.000000
0.000000
0.000000
0.000000
0.000000
0.000000
0.000000
0.000000
0.000000
0.000000
0.000000
0.000000
0.000000
0.000000
0.000000
0.000000
0.000000
0.000000
0.000000
0.000000
0.000000
0.000000
0.000000
0.000000
0.000000
0.000000
0.000000
0.000000
0.000000
0.000000
0.000000
0.000000
0.000000
0.000000
0.000000
0.000000
0.000000
0.000000
0.000000
0.000000
0.000000
0.000000
0.000000
0.000000
0.000000
0.000000
0.000000
0.000000
0.000000
0.000000
0.000000
0.000000
0.000000
0.000000
0.000000
0.000000
0.000000
0.000000
0.000000
0.000000
0.000000
0.000000
0.000000
0.000000
0.000000
0.000000
0.000000
0.000000
0.000000
0.000000
0.000000
0.000000
0.000000
0.000000
0.000000
0.000000
0.000000
0.000000
0.000000
0.000000
0.000000
0.000000
0.000001
0.000002
0.000002
0.000006
0.000014
0.000727
0.000761
0.000787
0.000814
0.000812
0.000822
0.002255
0.011485
0.011621
0.008793
0.009628
0.009181
0.000519
0.000511
0.000508
0.000512
0.000515
0.000510
0.000479
0.000463
0.000460
0.000460
0.000457
0.000448
0.000420
0.000018
0.000016
0.000004
0.000003
0.000001
0.000001
0.000001
0.000001
0.002534
0.002551
0.002584
0.002596
0.002605
0.002581
0.002518
0.000002
0.000001
0.000000
0.000001
0.000000
0.000000
0.000000
0.000000
0.000000
0.000000
0.000000
0.000000
0.000000
0.000000
0.000000
0.000000
0.000000
0.000000
0.000000
0.000000
0.000000
0.000000
0.000000
0.000000
0.000000
0.000000
0.000000
0.000000
0.000000
0.000000
0.000000
0.000000
0.000000
0.000000
0.000000
0.000000
0.000000
0.000000
0.000008
0.000010
0.000038
0.000036
0.000000
0.000000
0.000000
0.000000
0.000000
0.000000
0.000021
0.001358
0.001462
0.007516
0.008080
0.008975
0.009609
0.010324
0.003612
0.005136
0.005685
0.007952
0.009115
0.010658
0.012070
0.013112
0.002426
0.002617
0.000008
0.000006
0.000006
0.000004
0.000003
0.000000
0.000000
0.000000
0.000000
0.000000
0.000000
0.000000
0.000000
0.000000
0.000000
0.000000
0.000000
0.000000
0.000000
0.000000
0.000000
0.000000
0.000000
0.000000
0.000000
0.000000
0.000000
0.000000
0.000000
0.000000
0.000000
0.000000
0.000000
0.000000
0.000000
0.000000
0.000000
0.000060
0.000482
0.000496
0.000532
0.000603
0.000656
0.000570
0.000631
0.000646
0.000553
0.000538
0.000533
0.000592
0.000638
0.000040
0.000040
0.000039
0.000037
0.000036
0.000037
0.000037
0.000038
0.000042
0.000051
0.000502
0.000476
0.000000
0.000000
0.000000
0.000000
0.000000
0.000000
0.000000
0.000000
0.000000
0.000000
0.000000
0.000000
0.000000
0.000000
0.000000
0.000000
0.000000
0.000000
0.000000
0.000000
0.000000
0.000000
0.000000
0.000000
0.000000
0.000000
0.000000
0.000433
0.000438
0.000406
0.000320
0.000267
0.000236
0.000220
0.000192
0.000181
0.000169
0.000156
0.000144
0.000017
0.000022
0.000022
0.000022
0.000013
0.000011
0.000011
0.000000
0.000000
0.000000
0.000000
0.000000
0.000000
0.000000
0.000000
0.000000
0.000000
0.000000
0.000000
0.000000
0.000000
0.000000
0.000000
0.000000
0.000000
0.000000
0.000000
0.000000
0.000000
0.000000
0.000000
0.000000
0.000000
0.000010
0.000010
0.000008
0.000006
0.000001
0.000001
0.000001
0.000000
0.000000
0.000000
0.000000
0.000000
0.000000
0.000000
0.000000
0.000000
0.000005
0.000008
0.000008
0.000008
0.000008
0.000001
0.000000
0.000000
0.000000
0.000000
0.000000
0.000000
0.000000
0.000000
0.000000
0.000000
0.000000
0.000000
0.000000
0.000000
0.000000
0.000000
0.000000
0.000000
0.000000
0.000000
0.000000
0.000000
0.000000
0.000000
0.000000
0.000000
0.000000
0.000000
0.000000
0.000000
0.000000
0.000000
0.000000
0.000000
0.000000
0.000000
0.000000
0.000000
0.000000
0.000000
0.000000
0.000000
0.000000
0.000000
0.000000
0.000000
0.000000
0.000000
0.000000
0.000000
0.000000
0.000000
0.000000
0.000000
0.000000
0.000000
0.000000
0.000000
0.000000
0.000000
0.000000
0.000000
0.000000
0.000000
0.000000
0.000000
0.000000
0.000000
0.000000
0.000000
0.000000
0.000000
0.000000
0.000000
0.000000
0.000000
0.000000
0.000000
0.000000
0.000000
0.000000
0.000000
0.000000
0.000000
0.000000
0.000000
0.000000
0.000000
0.000000
0.000000
0.000000
0.000000
0.000000
0.000000
0.000000
0.000000
0.000000
0.000000
0.000000
0.000000
0.000000
0.000000
0.000000
0.000000
0.000000
0.000000
0.000000
0.000000
0.000000
0.000000
0.000000
0.000000
0.000000
0.000000
0.000000
0.000000
0.000000
0.000000
0.000000
0.000000
0.000000
0.000000
0.000000
0.000000
0.000000
0.000000
0.000000
0.000000
0.000000
0.000000
0.000000
0.000000
0.000000
0.000000
0.000000
0.000000
0.000000
0.000000
0.000000
0.000000
0.000000
0.000000
0.000000
0.000000
0.000000
0.000000
0.000000
0.000000
0.000000
0.000000
0.000039
0.000039
0.000040
0.000044
0.000043
0.000038
0.000028
0.000014
0.000001
0.000001
0.000000
0.000000
0.000000
0.000000
0.000000
0.000000
0.000000
0.000000
0.000000
0.000000
0.000000
0.000001
0.000031
0.000032
0.000035
0.000037
0.000036
0.000035
0.000034
0.000033
0.000032
0.000031
0.000029
0.000025
0.000018
0.000012
0.000000
0.000000
0.000000
0.000000
0.000000
0.000000
0.000000
0.000000
0.000000
0.000000
0.000000
0.000000
0.000000
0.000000
0.000000
0.000000
0.000000
0.000000
0.000000
0.000000
0.000000
0.000000
0.000000
0.000000
0.000000
0.000000
0.000000
0.000000
0.000000
0.000000
0.000000
0.000000
0.000000
0.000000
0.000000
0.000000
0.000001
0.000002
0.000114
0.000125
0.000128
0.000128
0.000125
0.000124
0.000119
0.000116
0.000102
0.000090
0.000063
0.000002
0.000002
0.000000
0.000000
0.000000
0.000000
0.000000
0.000000
0.000000
0.000000
0.000000
0.000000
0.000000
0.000000
0.000000
0.000000
0.000000
0.000000
0.000001
0.000001
0.000003
0.000157
0.000164
0.000166
0.000175
0.000175
0.000176
0.000170
0.000166
0.000161
0.000157
0.000162
0.000001
0.000000
0.000001
0.000001
0.000001
0.000000
0.000000
0.000000
0.000000
0.000000
0.000000
0.000000
0.000000
0.000000
0.000000
0.000000
0.000000
0.000000
0.000000
0.000000
0.000000
0.000000
0.000000
0.000000
0.000039
0.000064
0.001161
0.001397
0.001542
0.001560
0.001586
0.000001
0.000001
0.000000
0.000000
0.000000
0.000000
0.000000
0.000000
0.000000
0.000000
0.000000
0.000000
0.000003
0.001589
0.001593
0.001600
0.001566
0.001548
0.001534
0.001457
0.001401
0.001360
0.001329
0.001316
0.001319
0.001309
0.001227
0.000001
0.000000
0.000000
0.000000
0.000000
0.000000
0.000000
0.000000
0.000000
0.000000
0.000000
0.000000
0.000000
0.000000
0.000000
0.000000
0.001107
0.001093
0.001090
0.001094
0.001115
0.001096
0.000989
0.000913
0.000000
0.000000
0.000000
0.000000
0.000001
0.000001
0.000000
0.000000
0.000001
0.000000
0.000000
0.000000
0.000000
0.000000
0.000000
0.000000
0.000000
0.000000
0.000000
0.000000
0.000000
0.000000
0.000000
0.000000
0.000000
0.000000
0.000000
0.000000
0.000000
0.000000
0.000000
0.000000
0.000000
0.000000
0.000000
0.000000
0.000000
0.000000
0.000000
0.000000
0.000000
0.000001
0.000076
0.000061
0.000000
0.000000
0.000000
0.000000
0.000000
0.000000
0.000000
0.000000
0.000000
0.000000
0.000000
0.000000
0.000000
0.000000
0.000000
0.000000
0.000000
0.000000
0.000000
0.000000
0.000000
0.000000
0.000000
0.000000
0.000000
0.000000
0.000000
0.000000
0.000000
0.000000
0.000000
0.000000
0.000000
0.000000
0.000000
0.000002
0.000002
0.000002
0.000010
0.000011
0.000033
0.000129
0.001848
0.001950
0.001971
0.002025
0.002040
0.002050
0.002053
0.002056
0.002046
0.002014
0.001968
0.001908
0.001828
0.001663
0.001498
0.001041
0.000958
0.000850
0.000756
0.000657
0.000015
0.000009
0.000002
0.000002
0.000000
0.000000
0.000001
0.000000
0.000001
0.000001
0.000001
0.000002
0.000041
0.000047
0.000055
0.000184
0.000192
0.000202
0.000220
0.000245
0.000267
0.000263
0.000250
0.000232
0.000218
0.000195
0.000087
0.000083
0.000081
0.000080
0.000078
0.000073
0.000070
0.000068
0.000002
0.000001
0.000001
0.000027
0.000038
0.000055
0.000081
0.000126
0.000196
0.000276
0.000355
0.015212
0.016136
0.027546
0.029267
0.024282
0.002412
0.000003
0.000002
0.000001
0.000001
0.000001
0.000004
0.000009
0.003757
0.004824
0.004457
0.004378
0.004533
0.001501
0.001508
0.001416
0.001348
0.001309
0.001306
0.001327
0.001279
0.001278
0.001307
0.001355
0.001439
0.001442
0.001466
0.001571
0.001598
0.001643
0.001651
0.001626
0.001616
0.001524
0.001424
0.001421
0.001424
0.001406
0.001387
0.001251
0.001148
0.000253
0.000174
0.000144
0.000128
0.000508
0.000532
0.000559
0.000557
0.000562
0.000549
0.000419
0.000370
0.000344
0.000335
0.000296
0.000044
0.000022
0.000017
0.000010
0.000010
0.000017
0.001069
0.001221
0.001270
0.001311
0.001566
0.001621
0.001641
0.001657
0.001642
0.001632
0.001612
0.001639
0.001512
0.001487
0.001502
0.001424
0.001378
0.001353
0.000985
0.000717
0.000081
0.000078
0.000055
0.000241
0.000233
0.001006
0.001072
0.001291
0.001271
0.000981
0.000681
0.000814
0.002896
0.003067
0.003243
0.003438
0.003620
0.003878
0.003935
0.003973
0.003965
0.003948
0.003944
0.003943
0.003909
0.003893
0.003825
0.003465
0.002949
0.002447
0.002273
0.001687
0.001055
0.000220
0.000070
0.000072
0.000075
0.000568
0.000569
0.000012
0.000001
0.000001
0.000001
0.000001
0.000004
0.000004
0.000004
0.000006
0.000012
0.000607
0.000701
0.000722
0.000151
0.000149
0.000462
0.000696
0.000729
0.000793
0.000844
0.000854
0.000886
0.000920
0.000982
0.001154
0.001186
0.001234
0.001373
0.001374
0.001384
0.001459
0.001521
0.001685
0.001804
0.001856
0.001847
0.001833
0.001634
0.001503
0.001359
0.001247
0.001186
0.001156
0.001116
0.001092
0.000935
0.000795
0.000006
0.000003
0.000002
0.000001
0.000001
0.000001
0.000002
0.000000
0.000000
0.000000
0.000000
0.000000
0.000000
0.000000
0.000000
0.000000
0.000001
0.000001
0.000016
0.000018
0.000040
0.003071
0.003162
0.003210
0.003230
0.003266
0.003341
0.003475
0.003531
0.003538
0.003491
0.003146
0.000056
0.000031
0.000005
0.000006
0.000005
0.000010
0.000010
0.000009
0.000003
0.000001
0.000000
0.000001
0.000001
0.000023
0.000026
0.000021
0.000023
0.000020
0.000017
0.000015
0.000003
0.000003
0.000005
0.000010
0.000014
0.000144
0.000141
0.000008
0.000007
0.000008
0.000008
0.000002
0.000002
0.000002
0.000023
0.000024
0.000097
0.000134
0.000162
0.000159
0.000155
0.000009
0.000007
0.000006
0.000004
0.000007
0.000011
0.001103
0.001235
0.001292
0.001300
0.001256
0.001201
0.001152
0.001120
0.000981
0.000935
0.000830
0.017060
0.000025
0.000022
0.000020
0.000019
0.000034
0.000043
0.000088
0.000073
0.005182
0.005509
0.005527
0.005582
0.005692
0.005675
0.005689
0.005689
0.006507
0.005682
0.005646
0.005405
0.005253
0.005044
0.004797
0.000188
0.000169
0.000166
0.000169
0.000194
0.000031
0.000022
0.000652
0.000638
0.000596
0.000496
0.000521
0.000687
0.000932
0.001081
0.018300
0.076906
0.113147
0.149969
0.209829
3.391795
2.978848
1.691685
0.753089
0.407318
0.285500
0.182253
0.009261
0.003105
0.002526
0.206823
0.240079
4.489258
5.178572
6.083513
6.989971
7.780858
8.444792
9.067696
9.154925
9.203129
9.207653
0.067674
9.206683
9.259649
9.330606
9.405954
9.114900
9.129488
9.076973
9.075630
9.076220
9.075694
9.074796
9.127799
9.142440
9.159244
9.159144
9.160086
9.158278
9.152289
9.149275
9.143281
9.145336
9.144514
9.140074
9.133793
9.133839
9.127896
9.117689
0.012039
0.012199
0.011412
9.284093
9.312436
9.360460
9.385682
0.003493
0.003194
0.002912
0.002781
0.002760
0.003036
0.003139
0.003234
0.003531
9.489011
9.582624
9.598901
9.613773
9.620295
9.628639
9.635498
9.635330
9.631917
9.627675
9.622187
9.512835
9.405731
0.000330
0.000230
0.000148
0.000025
0.000017
0.000013
0.000009
0.000002
0.000001
0.000001
0.000001
0.000001
0.000001
0.000001
0.000001
0.000001
0.000002
0.000003
0.000003
0.000003
0.000005
0.000008
0.000022
0.000072
0.000124
0.000284
0.000927
0.002296
9.567312
9.604130
9.619099
9.634648
9.636142
9.639168
9.640012
9.639732
9.638989
9.638656
9.639056
9.639735
9.640021
9.960398
9.971767
9.991537
9.996550
9.995915
9.996012
9.997976
9.997159
9.995316
9.993934
9.993474
9.993539
9.991980
9.992200
9.989090
9.989087
9.993215
9.998010
9.999316
9.998386
9.997041
9.996273
9.996471
9.998818
9.999886
9.999762
9.999392
9.998527
9.998386
9.999360
9.999887
9.999747
9.998811
9.998708
9.999358
9.998970
9.993365
9.989835
9.989620
9.987138
9.984065
9.937858
9.740203
0.045617
0.007205
0.002090
0.001573
0.000360
0.000271
0.000259
0.000145
0.000153
0.000167
0.000004
0.000005
0.000008
0.000014
0.003100
0.002071
0.001676
0.001617
0.001589
0.001597
0.001573
0.001579
0.000037
0.000015
0.000015
0.000008
0.000002
0.000002
0.000002
0.000001
0.000002
0.000003
0.000002
0.000002
0.000001
0.000002
0.000003
0.000003
0.000005
0.000009
0.000004
0.000001
0.000001
0.000001
0.000001
0.000001
0.000001
0.000002
0.000002
0.000005
0.000006
0.000000
0.000000
0.000000
0.000000
0.000000
0.000000
0.000000
0.000000
0.000000
0.000000
0.000000
0.000000
0.000000
0.000000
0.000000
0.000000
0.000000
0.000000
0.000000
0.000000
0.000000
0.000000
0.000000
0.000000
0.000001
0.000431
0.000543
0.000001
0.000000
0.000000
0.000000
0.000000
0.000000
0.000000
0.000000
0.000000
0.000000
0.000000
0.000000
0.000000
0.000000
0.000000
0.000000
0.000000
0.000000
0.000000
0.000000
0.000000
0.000000
0.000000
0.000001
0.000870
9.255525
9.248031
9.225038
0.007159
0.002397
0.000240
0.000125
0.000052
0.000038
0.000011
0.000011
0.000018
0.000017
0.000075
0.000080
0.000081
0.000114
0.000115
0.000207
0.000960
0.001076
0.001575
8.965728
8.888814
8.798476
0.000031
0.000008
0.000007
0.000001
0.000001
0.000001
0.000001
0.000000
0.000002
0.000001
0.000000
0.000000
0.000000
0.000000
0.000000
0.000000
0.000000
0.000000
0.000000
0.000000
0.000000
0.000000
0.000001
0.000002
8.434321
7.161815
7.320078
0.000000
0.000000
0.000000
0.000000
0.000000
0.000000
0.000000
0.000000
0.000000
0.000000
0.000002
0.000003
0.000003
0.000003
0.000000
0.000000
0.000000
0.000000
0.000000
0.000000
0.000000
0.000000
0.000000
0.000000
0.000004
0.000005
0.000004
0.000005
0.000000
0.000000
0.000000
0.000000
0.000000
0.000000
0.000000
0.000000
0.000000
0.000000
0.000000
0.000000
0.000000
0.000000
0.000000
0.000000
0.000000
0.000000
0.000000
0.000000
0.000000
0.000000
0.000000
0.000000
0.000000
0.000000
0.000000
0.000000
0.000000
0.000000
0.000000
0.000000
0.000000
