0.000044
0.000034
0.000031
0.000028
0.000017
0.000010
0.000001
0.000001
0.000001
0.000002
0.000000
0.000000
0.000000
0.000009
0.000011
0.000012
0.000711
0.000707
0.381844
0.340860
0.121384
0.090378
0.053568
0.030698
0.000289
0.000156
0.000062
0.000034
0.000030
0.000029
0.000235
0.000033
0.001145
0.000990
0.000910
0.000873
0.000909
0.000953
0.000988
0.001095
0.002081
0.003013
0.003698
0.004523
0.007692
0.008801
0.009175
0.010032
0.010176
0.010087
0.009648
0.000394
0.000209
0.000227
0.000277
0.000102
0.000100
0.001596
0.002112
0.002377
0.002644
0.002808
0.002862
0.000086
0.000044
0.000095
0.000029
0.000029
0.000071
0.000200
0.001318
0.006320
0.007746
0.008015
0.008016
0.007630
0.003289
0.000049
0.000070
0.000100
0.000353
0.006792
0.006965
0.007283
0.007585
0.012087
0.013729
0.013915
0.014281
0.014648
0.015610
0.025598
0.028451
0.031448
0.033856
0.034948
0.035572
0.043568
0.158309
0.165184
0.201739
0.207313
0.211074
0.205332
0.201584
0.187134
0.013034
0.008961
0.009130
0.002579
0.000015
0.002612
0.002724
0.002807
0.003074
0.000003
0.000003
0.000004
0.000003
0.000018
0.000007
0.000009
0.000005
0.000011
0.000008
0.000021
0.000025
0.000075
0.000093
0.000166
0.000183
0.000068
0.000104
0.000333
0.255269
0.251388
0.242757
0.238112
0.252323
0.235712
0.231420
0.029373
0.028826
0.014302
0.000011
0.000004
0.000433
0.006438
0.204218
0.206252
0.194313
0.182152
0.181236
0.023942
0.024217
0.026217
0.010078
0.010110
0.009919
0.007495
0.001897
0.001995
0.010054
0.010683
0.010491
0.008894
0.011653
0.017946
0.021452
0.024062
0.055922
0.187117
0.193335
0.198440
0.204929
0.209850
0.209971
0.210198
0.209733
0.206879
0.201239
0.196435
0.193249
0.163039
0.154566
0.144417
0.035159
0.000101
0.023618
0.023887
0.118797
0.128519
0.125921
0.100475
0.092308
0.086330
0.082284
0.005029
0.004801
0.010823
0.011168
0.011445
0.011416
0.014903
0.015205
0.000135
0.000191
0.000166
0.003124
0.071878
0.073158
0.075616
0.089044
0.084752
0.117816
0.124139
0.131582
0.145441
0.148530
0.143169
0.048619
0.095625
0.293864
0.309760
0.326380
0.344491
0.357295
0.350086
0.003601
0.003031
0.000925
0.000247
0.002770
0.003806
0.005163
0.005962
0.376553
0.383514
0.384063
0.378365
0.369737
0.363071
0.339888
0.104891
0.097291
0.023281
0.022468
0.021573
0.020626
0.001253
0.009857
0.010367
0.000083
0.000028
0.000075
0.000320
0.009117
0.027458
0.138608
0.138980
0.140204
0.133912
0.130162
0.104612
0.098495
0.095190
0.093183
0.002980
0.003059
0.003163
0.002437
0.064833
0.066045
0.070062
0.073074
0.074823
0.075626
0.072006
0.000492
0.000080
0.000050
0.000052
0.000032
0.000017
0.000017
0.000048
0.000052
0.000069
0.002188
0.002346
0.002488
0.003599
0.004204
0.043515
0.206099
0.226102
0.250576
0.259182
0.264753
0.273047
0.007025
0.006376
0.006571
0.007205
0.008802
0.000019
0.000018
0.000008
0.011196
0.014791
0.017962
0.345441
0.363146
0.388420
0.395954
0.404318
0.409533
0.416971
0.419685
0.429177
0.438458
0.444479
0.447843
0.003209
0.000253
0.000239
0.000103
0.000006
0.000005
0.000003
0.000003
0.000001
0.000002
0.000000
0.000002
0.000006
0.000005
0.000005
0.000005
0.000001
0.000009
0.000018
0.000026
0.000026
0.000036
0.000042
0.003734
0.003648
0.441133
0.455556
0.465804
0.471148
0.471330
0.467315
0.460134
0.460514
0.454826
0.451124
0.446373
0.443625
0.438676
0.434063
0.431206
0.430404
0.431434
0.422429
0.407790
0.395354
0.377465
0.359608
0.343136
0.332700
0.321889
0.310280
0.272422
0.261509
0.236353
0.214910
0.191847
0.146795
0.054985
0.035806
0.034828
0.028224
0.001034
0.000086
0.002017
0.000074
0.000053
0.000021
0.000020
0.000033
0.000009
0.000016
0.000015
0.000018
0.000015
0.000017
0.001374
0.005864
0.006846
0.007518
0.008212
0.011180
0.011511
0.011924
0.012671
0.012772
0.006184
0.005778
0.000249
0.000520
0.002427
0.002887
0.003547
0.003995
0.155628
0.196702
0.220733
0.246838
0.277478
0.311933
0.335507
0.356741
0.387257
0.412037
0.428147
0.456767
0.480333
0.505436
0.525850
0.555373
0.579436
0.595730
0.609139
0.634262
0.651814
0.001983
0.000911
0.004427
0.006863
0.702157
0.712261
0.719106
0.727989
0.735179
0.741532
0.685435
0.487868
0.459760
0.439794
0.395187
0.351713
0.320202
0.294092
0.244454
0.225678
0.000503
0.000515
0.000252
0.000023
0.000015
0.000015
0.000003
0.000005
0.000006
0.000005
0.000005
0.000003
0.000003
0.000003
0.000002
0.000001
0.000005
0.000001
0.000004
0.000002
0.000002
0.000001
0.000001
0.000001
0.000002
0.000002
0.000001
0.000001
0.000001
0.000006
0.000002
0.000007
0.000002
0.000002
0.000001
0.000000
0.000002
0.000001
0.000001
0.000001
0.000001
0.000048
0.000072
0.000005
0.000002
0.000002
0.000003
0.000002
0.000002
0.000001
0.000001
0.000000
0.000001
0.000000
0.000001
0.000001
0.000001
0.000001
0.000001
0.002881
0.001510
0.000001
0.014309
0.015095
0.054749
0.298777
0.303270
0.303647
0.303863
0.309207
0.315268
0.327687
0.330733
0.000580
0.000243
0.000037
0.000006
0.000004
0.000011
0.000011
0.000005
0.000013
0.000002
0.000002
0.000002
0.000001
0.000002
0.000002
0.000002
0.000009
0.000007
0.000268
0.000262
0.000212
0.000170
0.000145
0.000145
0.009321
0.317386
0.324941
0.333779
0.335353
0.334064
0.000124
0.000081
0.000135
0.000089
0.000144
0.000229
0.347820
0.347339
0.342167
0.332158
0.326149
0.259805
0.252635
0.269448
0.263864
0.256512
0.234975
0.215491
0.190574
0.068816
0.045216
0.030600
0.015287
0.006657
0.004804
0.004487
0.000058
0.000062
0.000003
0.000003
0.000003
0.000003
0.000002
0.000005
0.000002
0.000003
0.000003
0.000003
0.000004
0.000005
0.000003
0.000005
0.000093
0.004647
0.029499
0.031383
0.031646
0.032317
0.032281
0.002180
0.000003
0.000008
0.000007
0.000006
0.000005
0.000003
0.000003
0.000002
0.000002
0.000009
0.000008
0.000004
0.000008
0.000009
0.000013
0.000004
0.000006
0.000006
0.000007
0.000012
0.000011
0.000012
0.000004
0.000003
0.000003
0.000003
0.000007
0.000005
0.000008
0.000009
0.000015
0.000071
0.000009
0.000011
0.000004
0.000008
0.000015
0.000015
0.000020
0.000004
0.000006
0.000005
0.000007
0.000006
0.000005
0.000007
0.000030
0.000034
0.000065
0.000092
0.000100
0.000034
0.000021
0.000013
0.000021
0.002360
0.031113
0.104056
0.106186
0.105765
0.110489
0.187068
0.203299
0.208512
0.208398
0.022904
0.001351
0.047394
0.058003
0.060134
0.064746
0.322788
0.358755
0.377488
0.406505
0.028769
0.028260
0.021629
0.073800
0.082657
0.608848
0.674952
0.725474
0.758833
0.774914
0.785221
0.793880
0.789815
0.794710
0.793556
0.790317
0.780501
0.760880
0.727949
0.000362
0.000202
0.000124
0.000082
0.000050
0.000049
0.000044
0.000048
0.000071
0.000145
0.000549
0.002297
0.023332
0.911217
0.933094
0.940160
0.938052
0.941536
0.002871
0.002996
0.003302
0.971979
1.010394
1.005891
1.002410
1.000077
1.003562
1.005206
1.013313
1.033100
1.053320
1.047699
1.028470
1.004440
0.963715
0.827759
0.705601
0.605105
0.517858
0.363050
0.258557
0.225799
0.210543
0.188214
0.113224
0.100375
0.079329
0.079773
0.072972
0.064674
0.049783
0.011132
0.063402
0.094256
0.149458
0.166539
0.227718
0.266005
0.311804
0.337667
0.351722
0.015759
0.656540
0.170693
1.184103
1.280485
1.356322
1.394961
1.411240
1.403992
1.399402
1.384602
1.350028
1.308856
1.244099
1.189937
1.155470
1.017108
0.901871
0.808217
0.732777
0.666487
0.620203
0.572967
0.113249
0.077694
0.001628
0.000198
0.000162
0.000152
0.000117
0.000419
0.000325
0.000187
0.000218
0.000426
0.310739
0.314195
0.285802
0.007598
0.157297
0.204156
0.223810
1.001838
1.024899
1.044804
1.080721
1.122012
1.134431
1.136567
1.143455
1.151534
1.139117
1.097560
1.038052
0.996114
0.902460
0.200086
0.184133
0.148415
0.140618
0.131966
0.100506
0.069588
0.005762
0.000120
0.000107
0.000113
0.001534
0.001314
0.000015
0.000022
0.000027
0.000015
0.000016
0.000043
0.000053
0.000065
0.005513
0.247872
0.244253
0.231639
0.144642
0.180883
0.203557
0.356603
0.472139
0.527117
0.575301
0.686555
0.751560
0.801508
0.864247
0.934053
1.006519
1.072862
1.157607
1.207917
1.220103
1.229760
0.000064
0.000043
0.000037
0.000011
0.000008
0.000006
0.000016
0.000012
0.000009
0.000017
0.000016
0.000013
0.000021
0.000006
0.000007
0.000005
0.000005
0.000011
0.000008
0.000003
0.000007
0.000005
0.000014
0.000038
0.000041
0.000046
0.000051
0.000017
0.000023
0.000222
1.269544
1.254023
1.235167
1.321162
1.307052
0.028533
0.005314
0.061442
1.177153
1.206255
1.250203
1.317378
1.326124
1.322916
1.325399
0.029055
0.027478
0.027924
0.027316
0.000130
0.000174
0.032091
0.032456
0.040032
1.477263
1.491225
1.523473
1.515499
1.533444
1.534130
1.522835
0.034919
0.000490
0.000454
0.000086
0.000083
0.000123
0.035841
1.554319
1.557218
1.557309
1.562135
1.550174
1.529704
1.510027
1.483437
1.458629
1.438368
1.417028
1.290277
1.136634
1.024595
0.222013
0.099164
0.071269
0.034480
0.031750
0.026829
0.009440
0.000127
0.000110
0.000057
0.000042
0.000042
0.000036
0.000028
0.000025
0.000038
0.000031
0.000032
0.000247
0.000426
0.000227
0.000315
0.009143
0.017102
0.019834
0.026642
0.026763
0.026159
0.025612
0.025300
0.006050
0.005853
0.005869
0.006130
0.006355
0.006403
0.006318
0.000027
0.000024
0.000022
0.000021
0.000021
0.000044
0.000016
0.000017
0.000034
0.000029
0.000023
0.000036
0.000082
0.000193
0.009466
0.010643
0.009484
0.009549
0.127091
0.579724
0.624332
0.662535
0.700595
0.742584
0.842784
0.918190
1.032275
1.142090
1.234988
1.299493
1.384171
1.472334
1.573423
1.663268
1.753092
1.825870
1.921153
1.967652
2.014342
2.064845
2.084624
2.064245
1.969597
2.176630
2.220804
2.277390
2.335858
2.391424
2.376541
0.000308
0.000328
0.000338
0.000382
0.001476
2.404289
2.442915
2.436952
2.441698
2.447182
2.454202
2.473489
2.473124
2.435710
2.402013
2.365546
2.206422
2.157582
2.106087
2.101306
1.978315
1.612964
1.830717
1.889131
1.984005
2.084680
2.142821
2.152831
2.148861
2.136973
0.009620
0.014546
0.013229
0.005153
0.003277
0.003559
0.012027
2.166372
2.181593
2.201342
2.221178
2.220383
2.198049
2.169286
2.182883
0.023538
2.199976
2.154275
2.096026
2.028509
1.987456
1.798280
1.641100
1.514629
1.350033
1.190023
0.498753
0.192393
0.028332
0.048052
0.073928
0.147984
2.003749
2.234287
2.293140
2.347280
2.361469
2.378813
2.403655
2.425454
2.442318
2.485263
2.530932
2.566056
2.582849
2.597015
2.595586
2.543883
2.376373
0.054603
0.049341
2.160340
1.887376
1.702204
0.351901
0.019651
0.018736
0.016650
0.011225
0.010931
0.010773
0.010635
0.010449
0.009749
0.000242
0.000147
0.000076
0.000037
0.000024
0.000015
0.000021
0.000024
0.000010
0.000016
0.000030
0.000030
0.000005
0.000008
0.000014
0.000019
0.000017
0.000026
0.000038
0.000074
0.000051
0.000031
0.000042
0.000045
0.000026
0.000028
0.000067
0.002429
0.003054
0.016220
0.017031
0.019959
0.047366
1.979948
2.140191
2.211009
2.298639
2.402309
2.459123
2.492937
2.551680
2.571450
2.605260
2.586986
2.569651
2.571973
2.489154
2.548919
2.576830
2.625820
2.674893
2.750868
2.818010
2.802987
2.798836
2.787729
2.795067
2.811147
2.781925
2.796335
2.818313
2.813494
2.794860
2.761909
2.722249
2.706008
2.686058
2.651406
2.610032
2.579920
2.425404
2.296665
2.092840
0.099011
2.073850
2.075127
0.014488
0.054792
0.052017
0.081741
2.038385
2.101648
2.161509
2.236820
2.308742
2.440512
2.645574
2.794282
2.958646
3.037348
3.081833
3.163602
3.203834
3.240629
3.275205
3.311038
3.331358
3.316294
3.300330
3.287818
3.272585
3.252226
3.236953
3.227487
3.222780
3.212945
3.192054
3.160961
3.120489
3.054863
2.927811
2.825318
2.704136
2.522984
2.252097
2.149862
2.069734
0.030946
0.002706
0.002942
0.001736
0.002681
0.003083
1.850349
1.879855
1.962688
2.033600
2.081021
2.130185
2.206130
2.242128
2.303125
2.411910
2.479968
2.491874
2.514031
2.520708
2.518451
2.483820
2.462803
2.450651
2.368789
2.260417
2.143940
1.801320
1.717539
1.686513
0.013457
0.014772
0.013031
0.050481
2.159437
2.337196
2.545352
2.636005
2.751916
2.807482
2.962380
3.024577
3.035167
2.961498
2.892557
2.832233
2.759685
2.694754
0.075523
0.074052
0.001147
0.000285
0.000144
0.000101
0.000097
0.000050
0.000096
0.000082
0.000040
0.000039
0.000050
0.000100
0.000244
0.000423
0.000749
0.001313
0.001786
2.779426
2.849351
2.851693
2.859220
0.042370
2.854466
2.890017
2.951518
2.652054
2.917311
2.996229
3.009875
2.941801
2.831923
0.201329
0.155483
3.330510
3.498886
3.520578
3.528267
3.532987
3.514636
3.414426
3.346827
3.233031
3.132253
2.830844
2.357222
1.947954
1.654994
1.409012
1.227755
1.053209
0.924528
0.816488
0.691074
0.611137
0.518572
0.283708
0.146288
0.038679
0.009941
0.000203
0.000186
0.000142
0.001911
0.000081
0.003179
0.003034
0.002897
0.002762
0.002640
0.002445
0.000126
0.000090
0.000364
0.000643
0.000614
0.000626
0.001502
0.014712
0.015062
0.021646
0.022049
0.023362
0.016427
0.008232
0.008308
0.004931
0.005949
0.006579
0.012122
0.015361
0.028941
0.033920
0.047244
0.062042
0.070084
0.076043
0.087612
0.097307
0.124084
0.017437
0.000098
0.000077
0.000068
0.000104
0.000103
0.000284
0.008491
0.114179
1.660323
1.920862
2.286263
2.593164
2.709432
2.875376
3.121131
3.216211
0.000656
0.000323
0.000126
0.000073
0.000040
0.000063
0.000044
0.000010
0.000005
0.000005
0.000005
0.000004
0.000002
0.000006
0.000007
0.000006
0.000003
0.000001
0.000001
0.000002
0.000002
0.000002
0.000054
0.000060
0.000148
0.000134
0.000136
0.000103
0.000254
0.000809
0.000881
0.001017
3.257996
3.322660
3.330243
3.330895
3.318732
3.313087
3.314120
3.302848
3.292053
0.016665
0.012832
3.300686
3.301147
3.279476
3.254613
3.226518
3.085196
2.781860
0.038696
2.813313
2.909024
2.922305
2.955999
2.963528
3.000631
2.989196
2.966855
2.902686
2.869612
2.826027
2.781969
2.730514
0.015529
0.067734
0.070453
0.042597
2.556308
2.667274
2.707598
2.712299
2.736609
2.776297
2.731126
2.851212
2.924320
3.013865
3.108817
3.151415
3.218641
3.348171
3.474448
3.662433
3.673586
3.657833
3.645816
3.626797
3.599506
3.552435
3.484531
3.012115
2.414400
2.063187
2.411888
2.606904
2.647504
2.677585
2.392986
0.056346
0.019381
0.317411
2.779911
3.010579
3.314033
3.569192
3.650632
3.739812
3.789735
3.810346
3.818520
3.807226
3.762169
3.737884
3.703914
3.688156
3.680162
3.670715
3.671336
3.678760
3.666923
3.637196
3.568168
3.333043
3.020550
0.119439
3.177810
3.257583
3.266492
3.283310
3.242044
3.169815
3.179272
3.281331
3.305558
3.194780
2.817725
2.505062
2.037160
0.078808
0.826086
0.785677
0.744557
0.684082
0.621771
0.569892
0.310115
0.288502
0.192878
0.036230
0.002000
0.002011
0.007799
0.021077
0.031635
0.034277
0.135581
0.159778
0.163413
0.168735
0.178263
0.412285
0.367334
0.244443
0.212750
0.174718
0.159024
0.152262
0.101513
0.094923
0.062885
0.001050
0.000233
0.001698
0.177464
0.189952
0.201390
0.219679
0.230974
0.239521
0.241819
0.241049
0.219723
0.215734
0.229192
0.228085
0.142805
0.112139
0.027443
0.014170
0.014039
0.013969
0.013848
0.011668
0.006063
0.002146
0.002797
0.145144
0.010823
0.346133
0.416693
0.453224
0.494244
0.542352
0.599265
0.656540
0.710616
0.084850
0.084151
1.109436
1.309251
1.492144
1.718586
1.821516
1.959754
2.042210
2.069390
2.090351
2.155194
2.153420
2.175861
2.214070
2.223261
0.001445
0.001858
0.001105
0.001305
0.001346
0.001701
0.002034
2.532133
2.671359
2.879686
3.077017
3.218704
3.257107
3.283494
3.305896
3.309432
3.281175
3.253080
3.141327
2.905404
3.027924
2.931387
2.727904
3.026685
3.157267
3.264901
3.282292
3.285442
3.288839
3.302023
3.317211
3.319142
3.326984
3.437133
3.437773
3.434271
3.451009
3.463917
3.425945
3.379945
3.278337
3.188992
3.117441
3.028145
2.952710
2.759232
2.486527
2.080652
1.651136
0.932789
0.821105
0.627884
0.270345
0.435621
0.063161
0.042935
0.039674
0.034345
0.031057
0.029476
0.010506
0.020122
0.019966
0.020854
0.006084
0.001232
0.002197
0.007577
0.007686
0.016780
0.018593
0.019181
0.018840
0.017578
0.006285
0.003646
0.003189
0.004162
0.003305
0.003259
0.002929
0.002564
0.002346
0.002306
0.002256
0.002040
0.001638
0.000025
0.000022
0.000024
0.000024
0.000043
0.000010
0.000012
0.000015
0.000014
0.000005
0.000004
0.000005
0.000009
0.000017
0.000025
0.000005
0.000019
0.000016
0.000008
0.000015
0.000016
0.000008
0.000012
0.000013
0.000020
0.000008
0.000010
0.000011
0.000014
0.000031
0.000030
0.000029
0.000043
0.002678
0.002804
0.002760
0.002790
0.002764
0.002635
0.002646
0.002499
0.002433
0.002624
0.000265
0.000148
0.000031
0.000015
0.000014
0.000009
0.000009
0.000009
0.000009
0.000011
0.000007
0.000014
0.000010
0.000011
0.000015
0.005370
0.005912
0.006387
0.006939
0.007063
0.007174
0.007360
0.000010
0.000008
0.000005
0.000016
0.000004
0.000005
0.000011
0.000004
0.000008
0.000012
0.000007
0.000013
0.000017
0.000011
0.000013
0.000021
0.000008
0.000017
0.000010
0.000012
0.000010
0.000014
0.000026
0.000032
0.000027
0.000023
0.000015
0.000024
0.000027
0.000046
0.000088
0.011423
0.011720
0.012092
0.012226
0.012294
0.012249
0.012520
0.012580
0.012618
0.012603
0.012238
0.012092
0.011844
0.011456
0.011155
0.000784
0.000743
0.006417
0.006458
0.006442
0.006402
0.006379
0.006330
0.005983
0.000212
0.000123
0.000116
0.000053
0.000060
0.000088
0.000105
0.000121
0.000169
0.006173
0.007605
0.012605
0.025387
0.031515
0.033480
0.725413
0.804202
1.196864
1.524924
1.821743
2.203603
2.561973
2.860793
2.947251
3.031420
3.140246
3.183272
3.212029
3.234410
3.254471
3.268475
3.260899
3.255267
3.235345
3.180192
3.085378
3.004162
2.923796
0.060494
0.066257
2.749392
2.875152
2.948473
2.947603
2.957968
2.857523
2.714061
0.019612
0.021435
2.446525
2.292489
2.149504
1.870381
1.622819
1.621350
1.622276
1.633080
0.033375
0.036359
0.038927
2.295907
2.507951
2.746673
2.937897
3.116674
3.210094
3.306268
3.332599
3.368713
3.416581
3.443039
3.470310
3.511759
3.549665
3.573389
3.580891
3.586634
3.584857
3.582272
3.578229
3.577376
3.580465
3.586396
3.582289
3.540719
3.514911
3.488674
3.457038
3.409072
3.386631
3.381774
3.349530
3.193953
2.814679
2.473245
2.021181
1.659702
1.386633
1.203882
1.029400
0.895737
0.780731
0.679779
0.544792
0.496759
0.363899
0.314984
0.167117
0.065035
0.018110
0.029378
0.038759
0.037659
0.076569
0.087198
0.106339
0.115096
0.222450
0.227074
0.222382
0.198399
0.189991
0.156786
0.153275
0.147160
0.140850
0.131051
0.100353
0.084351
0.078782
0.078473
0.076405
0.067202
0.062281
0.047843
0.047253
0.000387
0.012189
0.017256
0.018125
0.019118
0.020644
0.022939
0.033497
0.035011
0.037821
0.036612
0.028832
0.034294
0.034242
0.032391
0.011976
0.019545
0.020379
0.020259
0.000050
0.000039
0.000046
0.000057
0.000057
0.000683
0.002094
0.017316
0.018637
0.018549
0.017920
0.016726
0.015424
0.000379
0.000070
0.000075
0.000049
0.000024
0.000011
0.000007
0.000012
0.000510
0.000014
0.000010
0.000004
0.000007
0.000010
0.000022
0.000030
0.000032
0.000043
0.000030
0.000020
0.000011
0.000018
0.000206
0.003704
0.003687
0.011470
0.012083
0.012660
0.012717
0.012240
0.011502
0.011173
0.011058
0.010983
0.011157
0.011160
0.008231
0.008080
0.007976
0.008311
0.008808
0.008592
0.008201
0.008494
0.008869
0.009135
0.009328
0.009638
0.010034
0.010618
0.022209
0.023195
0.031547
0.027085
0.029553
0.043565
0.049339
0.050919
0.078145
0.081285
0.103815
0.106969
0.110636
0.111460
0.118187
0.118205
0.119965
0.121622
0.122738
0.123178
0.117308
0.102670
0.094570
0.077589
0.060238
0.058428
0.048360
0.031856
0.007442
0.015319
0.015761
0.020913
0.107843
0.116377
0.124429
0.129876
0.137557
0.143704
0.152825
0.146181
0.134162
0.135818
0.134436
0.128196
0.113255
0.096965
0.040759
0.040409
0.035814
0.020281
0.019550
0.000236
0.000092
0.000100
0.000172
0.000047
0.000073
0.000071
0.000079
0.000045
0.000042
0.000355
0.000390
0.000381
0.014856
0.028714
0.100386
0.123300
0.504333
0.790391
0.924637
1.078299
1.197812
1.299205
1.274354
0.003347
0.002208
0.003295
1.235525
1.224075
1.114923
1.025086
0.920484
0.784713
0.419223
0.434700
0.404429
0.393285
0.388732
0.171025
0.113671
0.005881
0.061858
0.173995
0.183392
0.192103
0.211954
0.212490
0.214188
0.307049
0.346318
0.363460
0.391498
1.117475
1.253403
0.004199
1.715001
1.969476
2.174710
2.434076
2.685666
2.810564
2.993189
3.012166
3.011658
3.026570
3.017136
2.974233
2.944530
2.911950
2.871458
2.761459
2.657150
1.882218
2.436315
2.471649
2.512156
2.515459
2.531308
2.545193
2.582349
2.593013
2.636499
2.613562
2.367362
0.002119
0.018968
2.479974
3.170075
3.266268
3.359621
3.461467
3.517411
3.535272
3.565979
3.571217
3.521033
3.474175
3.444418
3.425437
3.396065
3.381392
3.356565
3.489389
3.578812
3.525783
3.526646
3.569812
3.631782
3.693913
3.727158
3.745720
3.734647
3.698700
3.679850
3.587364
3.495560
3.242098
3.048054
2.796522
1.428350
0.006055
0.000481
0.000377
0.000400
0.000375
0.000239
0.000323
0.000748
0.000873
0.033857
1.905971
2.467013
2.890771
3.223016
3.552864
3.723070
3.879348
4.015099
4.176537
4.246211
4.323022
4.368003
4.429791
4.476845
4.498963
4.512202
4.515613
4.528351
4.532081
4.534593
4.524437
4.518245
4.514484
4.509682
4.502078
4.498431
4.499585
4.502301
4.504488
4.508114
4.513030
4.512322
4.510117
4.502838
4.499474
4.495039
4.492854
4.490659
4.489861
4.487163
4.478011
4.473344
4.465994
4.460040
4.458792
4.459798
4.464609
4.466235
4.474653
4.485153
4.490491
4.473318
4.420653
0.033581
0.029225
0.008208
4.214958
4.207198
4.194995
4.130669
3.957956
3.850348
3.661043
3.447864
3.250009
3.079086
2.491215
2.138389
1.717416
1.506302
1.335366
0.884713
0.801669
0.554594
0.518124
0.477564
0.218510
0.173668
0.073424
0.004054
0.000458
0.000529
0.000214
0.005951
0.006317
0.001617
0.000027
0.000020
0.000024
0.000019
0.000014
0.000044
0.000062
0.000057
0.000095
0.000918
0.001106
0.001408
0.002250
0.002071
0.002543
0.003077
0.478823
0.545065
0.616850
0.828915
0.981337
1.304102
1.696302
2.103213
2.264244
0.002147
2.938129
3.176750
3.378283
3.574890
3.838179
4.074713
4.350567
4.467262
4.504723
4.559534
4.609763
4.617912
4.620768
0.019298
0.017801
0.017416
4.733680
4.744345
4.721091
4.724032
4.750170
4.747063
4.734955
4.727720
4.721877
4.706539
4.689890
4.677724
4.679571
4.688657
4.655122
0.026336
0.026043
0.048124
4.660242
4.710332
4.755150
4.764323
4.758945
4.741282
4.664975
4.524876
4.414381
4.328890
4.253571
4.182127
4.039289
0.002365
0.002114
0.000588
0.000272
0.000193
0.000167
0.000164
0.000184
0.000379
0.000572
0.000787
0.000962
3.956300
3.947503
3.957104
3.964206
4.009030
3.992894
3.969593
3.851389
3.729779
0.006417
3.657378
3.522716
3.408992
3.233832
3.078922
0.265342
0.041471
0.029664
0.024040
0.010472
0.001401
0.000465
0.000231
0.000053
0.000062
0.000071
0.000082
0.000098
0.000096
0.000162
0.000888
0.001156
0.001108
0.000637
0.000478
2.070893
1.957083
1.841403
1.662122
1.537142
0.176366
0.089744
0.001052
0.005041
0.008066
0.063520
0.812382
2.075909
2.270013
2.450442
2.473506
2.514614
2.551246
2.614752
2.555736
2.489127
2.431563
2.384321
2.251945
2.090602
2.047721
2.159033
2.332145
2.370052
2.408571
2.443164
2.428489
2.297444
2.193457
2.086790
0.948666
0.173641
2.898168
3.016739
3.142875
3.305667
0.000983
0.001064
0.001035
0.001209
0.003580
0.004377
0.004276
3.407526
3.444481
3.532273
3.745765
3.806613
3.829039
3.807650
3.770920
3.682456
3.612654
3.566703
3.465640
3.319072
3.182658
3.041171
2.922780
0.032952
0.005410
0.180011
2.931447
3.041197
3.168859
3.223984
3.296504
3.376457
3.405372
3.449067
3.520855
3.562068
3.552637
3.437967
3.350737
3.275303
3.283370
3.146654
0.040993
0.004160
0.036468
3.150083
3.162197
3.123786
3.039279
2.973721
2.934287
2.912213
0.034028
0.031593
0.030236
2.634105
2.501396
2.076317
2.485636
0.013985
0.034593
2.577340
2.657937
2.655541
2.686399
0.001391
0.001347
0.002856
0.003177
2.729780
2.739806
2.744533
2.771174
2.774632
2.738062
2.642131
2.509078
2.326385
0.359450
1.114354
1.071850
1.108409
1.083974
1.064161
0.984994
0.024886
0.004518
0.001380
0.008392
0.006885
0.007632
0.007506
0.007547
0.007670
0.007684
0.007707
0.007699
0.007726
0.007836
0.017966
0.017905
0.015954
0.000357
0.000242
0.008522
0.577641
0.889735
0.971459
1.264874
1.418599
1.492575
1.787441
1.865146
2.075084
2.209884
2.316906
2.414039
2.549667
2.652189
2.715917
2.763516
0.003769
0.042544
0.040886
0.039485
0.037718
0.036787
0.036475
0.035709
0.035196
0.034424
0.001758
0.001656
0.000042
0.000041
0.000056
0.000086
0.000014
0.000044
0.000012
0.000038
0.007716
0.009237
0.040784
0.048940
0.057192
0.069124
0.100923
0.105477
0.109718
0.113338
0.003638
0.004017
0.004062
0.004012
0.004002
0.003813
0.003611
0.003405
0.002078
0.001888
0.001560
0.000066
0.000044
0.000122
0.000693
0.002659
0.160975
0.171034
0.168216
0.164312
0.162134
0.161127
0.159914
0.115557
0.009618
0.009573
0.009501
0.009608
0.009607
0.009646
0.009579
0.009095
0.008804
0.008831
0.008883
0.008458
0.008595
0.008628
0.008667
3.140779
3.172453
3.194894
3.206851
3.204022
3.215840
3.227165
0.004385
3.251020
3.279222
3.303065
3.341986
3.364290
3.368585
3.369868
3.366715
3.353679
3.321477
0.177697
0.173926
0.174944
3.234109
3.233766
3.208237
3.147345
2.990103
0.008173
0.004432
3.136612
3.129547
3.173577
3.218461
3.270292
3.333978
3.408527
3.480941
3.563628
3.748433
3.884757
4.039794
4.163609
4.261981
4.383512
4.515152
4.570661
4.412022
4.289679
4.189457
4.113388
4.001713
3.875837
3.722329
3.443122
2.891902
2.247408
1.886597
1.452546
1.251924
1.097345
0.759547
0.586822
0.153572
0.137013
0.112257
0.057390
0.040120
0.017370
0.015761
0.014529
0.011684
0.000719
0.000987
0.000036
0.000036
0.000082
0.000016
0.000020
0.000030
0.000054
0.000017
0.000021
0.000020
0.000033
0.000032
0.000022
0.000031
0.000040
0.000019
0.000023
0.001928
0.004226
0.005339
0.006027
0.005768
0.006380
0.006532
0.000170
0.000057
0.000055
0.000067
0.000040
0.000061
0.000049
0.000016
0.000241
0.000151
0.000194
0.012716
0.018063
0.019272
0.038819
0.040130
0.040391
0.040687
0.045410
0.063888
0.064316
0.064398
0.063679
0.060789
0.048729
0.046536
0.044831
0.044341
0.005633
0.005140
0.005168
0.002133
0.001892
0.000700
0.000714
0.000781
0.000757
0.022956
0.023793
0.024499
0.024641
0.024871
0.021388
0.023785
0.024039
0.023445
0.020236
0.020200
0.020566
0.021559
0.021292
0.020519
0.017668
0.016874
0.016200
0.015895
0.001794
0.001625
0.001432
0.001123
0.000904
0.000428
0.000379
0.000702
0.001524
0.000009
0.000015
0.000017
0.000043
0.000025
0.000032
0.000025
0.000029
0.000029
0.000012
0.000026
0.000084
0.000010
0.000015
0.001386
0.005856
0.005797
0.005849
0.005967
0.006118
0.006290
0.010829
0.011100
0.012324
0.012381
0.006848
0.006723
0.006625
0.006603
0.006402
0.006141
0.006491
0.006076
0.005837
0.005756
0.005804
0.046096
0.047000
0.047819
0.048482
0.050269
0.051923
0.052514
0.051547
0.039723
0.039154
0.037978
0.033512
0.031577
0.010452
0.002707
0.002490
0.002323
0.002012
0.000378
0.039449
0.007759
0.009953
0.009971
0.008091
0.006556
0.005476
0.004767
0.004669
0.004842
0.005121
0.005015
0.005281
0.005338
0.005297
0.004839
0.003873
0.004173
0.004826
0.004433
0.004616
0.004669
0.000127
0.005337
0.014509
0.015248
0.015780
0.016319
0.016309
0.008733
0.016796
0.017151
0.018599
0.029125
0.029775
0.030023
0.030313
0.030814
0.031601
0.032222
0.033058
0.035418
0.036068
0.036267
0.035813
0.027153
0.025069
0.026160
0.026292
0.025601
0.023948
0.023384
0.013108
0.013012
0.003008
0.003062
0.003236
0.003036
0.002872
0.002757
0.002500
0.002434
0.000047
0.000064
0.000140
0.000093
0.001542
0.001053
0.003120
0.002884
0.029665
0.039730
0.059898
0.064103
0.065591
0.066080
0.067697
0.085978
0.086999
0.126699
0.135470
0.139309
0.147861
0.152524
0.156924
0.146505
0.113201
0.109529
0.102368
0.096107
0.043543
0.017825
0.016065
0.008109
0.000446
0.000079
0.000105
0.000246
0.000252
0.002833
0.003197
0.003246
0.003455
0.031722
0.034216
0.039113
0.041894
0.044680
0.047853
0.050565
0.050682
0.051966
0.055457
0.049250
0.039492
0.028757
0.028086
0.027411
0.026625
0.025840
0.025285
0.021792
0.011689
0.011630
0.000052
0.000005
0.000009
0.000008
0.000007
0.000008
0.000007
0.000012
0.000036
0.000030
0.000009
0.000007
0.000005
0.000705
0.000687
0.004822
0.000008
0.000013
0.000023
0.000183
0.010467
0.010430
0.010074
0.004494
0.000132
0.000040
0.000016
0.000017
0.000730
0.000664
0.000394
0.000299
0.000315
0.000630
0.000556
0.000532
0.010552
0.025797
0.028536
0.074574
0.081018
0.085740
0.092795
0.098018
0.104130
0.112078
0.132731
0.143197
0.153560
0.162989
0.260467
0.288638
0.307264
0.044876
0.042940
0.041767
0.041543
0.019399
0.019232
0.000947
0.000858
0.027953
0.818052
0.977042
1.084766
1.215965
1.330692
0.047165
0.015768
0.012094
0.004197
0.001841
1.677271
1.929867
2.239586
2.554447
2.871411
2.991639
3.096793
3.230198
3.368555
3.591021
3.659298
3.687358
3.707192
3.707037
3.723425
3.759237
3.793387
3.784637
3.523021
3.170478
3.006029
0.023468
0.004341
0.005580
0.004603
0.015960
2.295097
2.581370
2.760068
2.882053
2.939142
2.964462
0.000384
0.001056
0.003059
0.004891
0.001125
0.001170
0.001441
3.197597
3.351416
3.280249
3.242041
3.211828
0.015719
0.015736
0.013145
3.157538
3.232582
3.253507
0.013436
0.012644
0.033197
0.030926
0.031160
0.040931
3.325644
3.316901
3.307702
3.307308
3.256420
0.008068
0.048774
0.047045
0.043013
0.040843
0.019798
0.018262
0.016578
0.005839
0.007189
3.189555
3.171150
3.133890
3.171996
3.059814
3.067480
3.281815
3.356125
3.372978
3.378361
0.020538
0.020050
0.008523
0.000138
0.000133
0.000125
0.000142
0.000074
0.000016
0.000016
0.000043
0.000061
0.005117
0.007341
0.022862
0.028432
0.030139
0.031866
0.034152
0.035774
0.037517
0.035820
0.033912
0.032300
0.030872
0.029703
0.009137
0.006809
0.006879
0.006106
0.005739
0.005321
0.012784
0.011941
0.000611
0.000531
0.000119
0.000128
0.000105
0.000581
0.012619
0.013889
0.015356
0.015398
0.014930
0.014714
0.014611
0.000012
0.000022
0.000106
0.000046
0.000024
0.000012
0.000005
0.000009
0.000030
0.000048
0.000033
0.000015
0.000038
0.000037
0.000042
0.000041
0.000048
0.010525
0.011623
3.354233
3.359068
3.379802
3.346522
0.044039
0.043387
0.041461
0.040134
0.038316
0.036945
0.035162
0.001302
0.001187
0.025867
0.029906
0.032019
0.031128
0.031004
0.001886
0.001983
0.001578
0.001397
0.001024
0.000253
0.000108
0.000230
0.000570
0.031774
0.036528
0.037008
0.031031
0.030845
0.031909
0.032911
0.012260
0.000276
0.006076
0.008552
0.009437
3.613353
3.674890
3.697649
3.734875
3.782037
3.774896
3.754485
3.729564
3.712558
3.704285
3.617939
3.553875
3.488487
0.002115
0.005685
0.000271
0.026840
0.025332
3.362884
3.347879
3.354118
3.345698
3.243893
3.138187
3.018471
0.065071
0.023230
0.009374
0.000256
0.001942
0.000084
0.000041
0.000027
0.000027
0.000116
0.003214
0.001804
0.001035
0.000501
0.000529
0.000470
0.000365
0.000155
0.000154
0.000166
0.000160
0.000258
0.000118
0.000158
0.000191
0.000151
0.000128
0.000154
0.000147
0.000205
0.000231
0.000976
0.000716
0.000015
0.000020
0.000028
0.000016
0.000009
0.000009
0.000007
0.000010
0.000009
0.000009
0.000011
0.000019
0.000012
0.000910
0.000012
0.000011
0.000010
0.000010
0.000010
0.000040
0.000995
0.001472
0.000057
0.000030
0.000838
0.000087
0.006919
0.011122
0.015838
2.675729
2.706298
2.752774
2.784502
2.812541
2.605944
3.013465
3.222425
3.398951
3.593430
3.703473
3.814423
3.907190
3.985739
4.031068
4.058792
4.028196
0.008142
3.988501
3.698272
3.880870
3.922249
3.825352
3.595512
0.215634
0.023525
1.550432
1.361697
0.853889
0.674280
0.561485
0.292032
0.250227
0.010140
0.009366
0.009044
0.008603
0.007949
0.007783
0.007050
0.005806
0.006620
0.021600
0.029890
0.018639
0.003171
0.003141
0.008876
0.009410
0.012970
0.011379
0.019039
0.019696
0.000999
0.280065
1.012750
1.158035
1.315730
1.466364
1.640919
1.820006
2.075775
2.365483
2.697263
3.030770
0.002281
0.000633
0.000178
0.000125
0.014982
0.015487
0.054117
0.100427
3.385003
3.497441
3.644354
3.762668
3.803680
3.837902
3.860172
3.890177
3.908977
3.934807
3.974406
3.977169
3.981860
3.959647
3.939973
3.916492
3.872637
3.787639
2.973633
2.086823
1.418093
0.533511
0.031613
0.001023
0.000356
0.000203
0.000167
0.000043
0.000042
0.000017
0.000011
0.000015
0.000007
0.000004
0.000008
0.000007
0.000013
0.000012
0.000017
0.000027
0.289887
0.280575
0.266276
0.254675
0.228378
0.028427
0.020231
0.005410
0.000052
0.000037
0.000089
0.000329
0.000267
0.002737
0.005897
0.005172
0.005154
0.005201
0.005302
0.005271
0.005381
0.005467
0.005467
0.005348
0.005257
0.005184
0.005024
0.000231
0.000736
0.000833
0.003407
0.002414
0.015832
0.015846
0.015718
0.014939
0.074453
0.075430
0.075634
0.077784
0.072917
0.074326
0.077983
0.124167
0.143192
0.007511
0.013540
0.014152
0.050040
0.050624
0.053456
0.080751
1.684495
1.900521
2.147136
2.431050
2.761305
3.105091
3.635756
4.013142
4.337523
4.527918
4.785377
4.918018
5.012492
5.163149
5.291264
5.304364
0.000274
0.000101
0.000164
0.000274
0.000213
0.000018
0.000020
0.000013
0.000033
0.000024
0.000015
0.000010
0.000009
0.000031
0.000029
0.000011
0.000022
0.000024
0.000007
0.000003
0.000010
0.000002
0.000013
0.000007
0.000030
0.000013
0.000008
0.000014
0.000020
0.000016
0.000006
0.000010
0.000108
0.000077
0.000033
0.000675
0.000150
0.000010
0.000093
0.000037
0.000014
0.000019
0.000031
0.000045
0.000019
0.000070
0.000068
0.000045
0.000048
0.000077
0.000016
0.000027
0.000079
0.000048
5.258152
5.184705
0.055026
5.063560
4.995687
4.932433
4.818372
0.057815
0.015504
0.013180
0.003774
0.027203
0.027416
0.025356
0.027274
0.027055
0.027120
0.037441
0.039653
0.042236
4.577424
4.609576
4.680811
4.675811
4.639482
4.739941
4.767229
4.762571
4.884957
4.956365
4.897849
5.012729
5.092108
5.133495
5.076398
5.004429
4.922819
4.728010
4.473832
0.509320
0.413125
0.004108
0.286591
2.901519
2.932764
0.079037
3.321424
3.584955
3.783254
3.988100
4.177854
4.391340
4.633929
4.910254
5.115450
5.268394
5.266701
5.132582
5.145701
5.106193
5.092454
4.902239
4.719082
4.548220
4.371728
4.015646
3.737956
0.009485
3.280714
0.050402
2.645834
2.481477
2.327816
0.000384
0.000210
0.000193
0.000243
0.181176
0.165371
0.048566
0.045996
0.003341
0.003460
0.003446
0.003357
0.004109
0.005184
0.000054
0.000083
0.006698
0.000449
0.000453
0.000689
0.000595
0.000722
0.017283
0.000927
1.612921
2.694098
2.984540
3.216131
3.511437
3.822594
4.056523
4.335899
4.618777
4.825656
4.990684
5.072993
5.096808
5.085887
4.989593
4.921473
4.856991
4.666285
4.530262
4.327190
4.119274
3.872026
3.801738
3.691893
0.011948
0.008326
3.525364
3.578383
3.459440
3.322482
0.102583
3.325942
3.591521
3.618870
3.634009
3.597961
0.003520
0.002530
0.001856
0.000134
0.000104
0.000117
0.000230
0.000019
0.000015
0.000009
0.000010
0.000065
0.000093
0.000061
0.000057
0.000021
0.000024
0.000020
0.000022
0.000031
0.000086
0.000009
0.000007
0.000004
0.000021
0.000063
0.000036
0.000025
0.000014
0.000016
0.000012
0.000007
0.000007
0.000020
0.000010
0.000008
0.000010
0.000016
0.000028
0.000010
0.000009
0.000015
0.000042
0.000063
0.000128
0.000275
0.000051
0.000081
0.000161
0.000220
0.000177
0.027199
3.361062
3.143839
2.921285
2.743212
0.000690
0.111483
0.110890
0.171698
0.208316
0.214104
0.278522
0.694477
2.424309
3.098597
3.338293
0.394920
0.410023
0.410594
0.417409
0.431354
4.120215
4.481156
4.785477
5.152885
5.387859
5.652330
5.736819
5.838868
5.940955
6.027175
6.117338
6.205998
6.246988
6.303138
6.392491
6.298030
6.215724
6.142772
5.470369
5.576329
5.535650
5.342048
5.498230
5.431865
5.382388
5.172639
5.002619
4.867242
4.782876
4.653344
4.155208
3.823867
3.567376
2.610163
3.257132
3.137825
2.950576
0.418502
0.388556
0.355260
0.015525
0.001263
0.003259
2.682730
2.714112
2.759683
2.832498
2.944095
3.057106
3.141501
3.200057
3.213474
3.226077
3.245906
0.035378
3.266553
3.230691
3.217997
3.184861
3.162722
3.134971
3.121267
3.091440
3.063995
3.017618
3.000728
0.054764
3.000905
3.019308
3.050137
3.101291
3.190921
3.296752
3.419487
3.535858
3.582949
3.663825
0.000173
0.000117
0.000175
0.000126
0.000077
0.000133
0.000091
0.000227
0.000216
0.000310
0.000129
0.000045
0.000038
0.000089
0.000056
0.000058
0.000146
0.000260
0.000182
0.000023
0.000018
0.000024
0.000055
0.000109
0.000181
0.000570
0.000856
3.861782
4.015281
0.037614
0.000128
0.000368
0.000102
0.000051
0.000046
0.000065
0.000058
0.000016
0.000014
0.000012
0.000037
0.000032
0.000027
0.000023
0.000014
0.000021
0.000008
0.000008
0.000007
0.000031
0.000038
0.000023
0.000029
0.000027
0.000067
0.035290
0.000849
0.000251
0.000115
0.000122
0.000159
0.000143
0.000152
0.000146
0.000096
0.000130
0.000127
0.000163
0.000182
0.000235
0.000292
0.000422
0.000721
0.001290
0.002418
0.002835
0.046999
3.980109
4.069568
4.199566
4.343992
4.339503
4.356791
4.316087
4.397691
4.349031
4.306649
4.085039
4.065472
4.032914
4.179388
4.262121
4.251800
4.279957
4.324993
4.255521
4.200412
4.174113
4.165036
4.181672
4.246423
4.332215
4.463436
4.626119
4.781269
4.963319
5.136278
5.305284
5.528886
5.834192
6.157873
6.541161
6.897227
7.393439
7.342536
7.297032
7.267347
7.262238
7.276656
7.281866
7.293985
7.263915
7.251547
7.219866
7.178490
7.270990
6.961991
6.705783
6.104052
0.081341
0.034713
5.265586
4.895639
0.035031
0.008141
0.002082
0.000814
0.000265
0.000241
0.000656
0.000648
0.008935
0.015262
0.003868
0.003008
0.003000
0.003040
0.003280
0.003284
0.003266
0.003272
0.003296
0.003279
0.003317
0.015949
0.015703
0.004034
0.004904
0.036417
0.150217
4.288395
4.356986
0.048644
4.584087
4.650972
0.020233
0.018636
0.000408
0.000205
0.000172
0.000158
0.000095
0.000056
0.000111
0.000133
0.000111
0.000089
0.000031
0.000035
0.000037
0.000039
0.000053
0.000084
0.000100
0.000180
0.000279
0.000257
0.023193
0.024801
0.026628
0.306100
0.354682
0.389346
0.436470
6.447774
7.544582
8.634107
8.765974
8.841101
8.887100
8.911511
8.934988
8.954228
8.953087
8.947668
8.943325
8.946294
9.343712
9.340887
9.325024
9.318308
9.287251
9.149762
9.021694
8.841642
8.737578
8.603883
0.155596
0.069068
8.910644
8.964955
8.970679
8.973331
8.892940
8.844731
8.757500
8.509794
0.003521
0.005378
0.004214
0.004471
0.003236
0.003112
8.169114
8.003001
7.876391
7.664543
6.712254
5.680553
4.914872
4.297822
3.731716
2.826642
1.563257
0.145157
0.066913
0.001423
0.374733
0.489287
1.038921
1.146886
1.151211
1.167131
1.147395
1.137633
0.003573
0.002022
0.000249
0.000201
0.000365
0.001994
0.004565
0.976300
0.025898
0.000252
0.086372
1.729572
1.905161
0.107423
0.192206
2.311974
2.572541
2.626937
2.592462
2.589189
2.541522
2.442605
2.203014
1.682345
0.028705
0.008624
1.342288
1.237993
0.007900
0.146127
0.164568
0.024903
0.001302
0.005288
1.947122
2.078650
2.123565
1.886595
1.941691
2.073793
2.150407
2.215676
0.031357
0.000573
0.000766
0.000549
0.003379
0.014385
2.267672
2.217200
2.129137
2.051657
0.106312
0.012131
0.006720
0.006831
1.651951
1.594408
0.076912
0.076466
0.075194
0.075062
0.074902
0.076491
0.077319
0.014039
0.009257
0.010032
0.096503
0.124614
0.816177
0.005440
1.028171
1.031939
0.617133
1.238980
1.590697
1.857430
2.079346
2.331513
2.718955
3.058087
3.485054
4.412892
5.026481
5.543790
6.012312
6.533272
6.877739
7.181640
7.481617
7.972501
8.474045
8.743834
8.971936
9.094038
9.130331
9.190011
9.243040
9.277731
9.290129
9.448074
9.468723
9.493370
9.469750
9.457771
9.436372
9.426430
9.389029
9.315932
9.267625
9.225713
9.162843
8.982353
8.852809
8.059038
6.925362
5.519338
4.824555
0.020664
0.008460
0.005574
0.000334
0.000207
0.000124
0.000073
0.000048
0.000036
0.000055
0.000036
0.000025
0.000033
0.000027
0.000020
0.000030
0.000022
0.000032
0.000036
0.000040
0.000041
0.000014
0.000009
0.000017
0.000011
0.000026
0.000031
0.000015
0.000017
0.000015
0.000246
0.000109
0.000059
0.000034
0.000017
0.000027
0.000040
0.000088
0.000054
0.000052
0.000098
0.030459
3.767216
3.422697
3.037063
1.135650
0.536014
0.297312
0.260777
0.036354
0.050005
0.038235
0.036224
0.026079
0.023268
0.021906
0.016035
0.015594
0.015813
0.015347
0.014962
0.014555
0.000734
0.008171
0.016969
0.019267
0.021618
0.024460
0.000655
0.001735
0.045132
0.123700
0.131184
0.838708
2.822401
3.394883
3.802576
0.013536
5.183747
6.181390
7.197475
8.641679
9.071045
9.155405
9.239676
9.322205
9.409896
9.463906
9.538577
9.605781
9.656064
9.668025
9.669911
9.670396
9.670547
9.671426
9.671607
9.671845
9.671610
9.670522
9.665969
9.664698
9.667261
9.670656
9.671953
9.672214
9.669936
9.669449
9.668805
9.669273
9.670799
9.669941
9.668897
9.668817
9.666601
9.660951
9.650386
9.621035
9.493236
2.647486
0.003941
0.001527
0.001072
0.000755
0.000278
0.000085
0.000058
0.000052
0.000030
0.000016
0.000022
0.000012
0.000011
0.000009
0.000010
0.000009
0.000019
0.000008
0.000017
0.000030
0.000082
0.000140
0.000287
0.000567
6.053233
6.793377
7.433803
7.942074
8.646851
8.837145
8.938719
9.039491
9.097268
9.113802
9.119494
9.132983
9.128649
9.131387
9.117407
9.092344
9.041876
9.022769
9.005180
8.898475
8.610963
8.345079
0.019756
0.145742
7.425599
0.215159
7.749284
8.107312
8.421365
8.814562
9.017756
9.073969
9.125734
9.191570
9.222557
9.242673
9.255040
9.277080
9.284312
9.291658
9.293425
9.295513
9.299034
9.303255
9.300328
9.298875
9.299941
9.301362
9.302785
9.303128
9.303323
9.303455
9.303447
9.303418
9.303052
9.302728
9.302745
9.303136
9.303330
9.303153
9.303132
9.303259
9.303391
9.303425
9.303402
9.303441
9.303419
9.303439
9.303413
9.303424
9.303869
9.305444
9.307998
9.310039
9.647066
9.669235
9.671533
9.671484
9.671358
9.671656
9.672445
9.672318
9.668865
9.666759
9.663237
9.662744
9.666268
9.665799
9.661067
9.640356
9.608567
9.527451
0.388715
0.083742
0.367479
9.116904
9.338032
9.632015
9.669185
9.672097
9.672225
9.671945
9.672107
9.672606
9.671311
9.668910
9.646783
9.618856
9.600628
9.575750
9.531845
9.500325
9.473464
9.454751
9.435350
9.436701
9.418264
9.399941
9.394266
9.079756
8.933833
8.771600
8.544009
8.180008
7.974628
0.154233
7.596774
6.813772
6.637425
7.481495
8.292343
8.554250
8.816152
8.988858
9.053309
9.054981
8.980163
8.998318
8.996436
0.015202
0.014606
0.014066
0.013729
0.013498
8.822892
8.957460
8.988759
8.986255
8.986046
8.988959
8.998701
9.001570
9.002898
9.003346
9.004623
9.010828
9.019453
9.219466
9.251397
9.262462
9.262854
9.263291
9.264775
9.266850
9.266578
9.257185
9.241839
9.200587
8.949286
8.526981
8.891899
9.193716
9.369935
9.378640
9.386305
9.407509
9.418804
9.425911
9.426225
9.425764
9.423395
9.422442
9.418648
9.407168
9.398791
9.394714
9.388631
9.309568
9.217496
9.077688
8.881362
8.584069
8.246291
7.722887
0.194736
8.800527
9.181903
9.214682
9.216038
9.208948
9.207192
9.206066
9.205983
9.206758
9.204782
9.203605
9.202869
9.203620
9.205490
9.200108
9.182070
9.147390
9.014602
8.922340
8.808700
8.750071
0.001373
0.000765
0.000568
0.000182
0.000066
0.000029
0.000010
0.000009
0.000007
0.000005
0.000007
0.000007
0.000014
0.000013
0.000025
0.000037
0.000062
0.000099
0.000165
0.000503
0.000784
8.544006
8.665244
8.707717
8.708110
8.694430
0.217535
8.302030
8.399708
8.557021
0.534203
7.857597
8.159038
0.104930
8.479317
8.777961
9.047821
9.130969
9.204903
9.293111
9.310068
9.369578
9.380648
9.381749
9.384341
9.352527
9.176691
0.200188
9.014437
9.202515
9.281274
9.317115
9.374054
9.375650
9.373528
9.374539
9.380162
9.381461
9.378658
9.378666
9.373111
9.340359
9.326875
9.281561
9.243277
9.225327
9.218236
9.188772
9.169171
9.153197
9.087806
9.027747
9.022641
9.022359
9.022504
9.021541
9.021542
9.022772
9.023877
9.047460
9.047668
9.048428
9.044956
9.041541
9.034044
9.029709
9.028361
9.026904
9.029383
9.031767
9.029320
9.018962
9.013574
8.618806
8.606422
8.598775
8.597293
8.605788
8.609431
8.515642
0.004889
0.002633
0.001670
0.001501
0.001434
0.001378
0.001395
0.001523
0.001805
0.002438
8.455218
8.472459
8.486363
8.560428
8.562331
8.528536
8.461866
0.004101
0.002102
0.001111
0.000634
0.000303
0.000126
0.000118
8.209542
8.207058
8.211327
8.329034
8.421718
8.521281
8.567879
8.573443
8.590195
8.602228
8.625275
8.641131
8.651572
8.655315
8.656056
8.659203
8.662482
8.664702
8.670575
8.674812
8.680922
8.693899
8.709545
8.720790
8.725856
8.726035
8.726237
8.728676
8.729637
8.717262
8.506489
8.407500
7.888383
7.475914
6.942378
6.524583
6.079705
5.578744
4.971389
4.297428
3.665084
3.225374
2.809289
2.541212
1.696341
1.031316
0.386008
0.308075
0.013182
0.001739
0.001363
0.000646
0.000793
0.184737
1.237717
1.598555
1.806785
2.010689
2.230102
2.494524
0.015344
0.000131
0.000132
0.000078
0.000062
0.000063
0.000094
0.003466
0.003284
0.003566
0.003586
0.000083
0.000062
0.000071
0.002971
3.898781
4.524866
0.000565
0.004887
0.005870
0.005513
0.005339
0.005406
0.005442
0.000074
0.000051
0.000061
0.000144
0.002382
0.002754
0.003785
4.959508
5.145055
5.143351
0.004907
0.004722
0.001612
0.001462
0.001113
0.000229
0.000249
0.000207
0.000279
0.000979
0.001377
0.001844
0.002246
0.002780
0.002791
0.009606
0.010973
5.194864
5.439198
5.562351
5.833122
6.053015
6.212865
6.235256
6.026037
6.094439
6.089149
6.014959
5.792063
5.377686
0.147222
0.026243
0.024093
0.110267
0.086658
3.373588
0.087809
4.412552
4.960799
5.450124
5.910112
6.173755
0.033120
0.018366
5.994081
5.962858
5.951284
5.913439
5.901402
5.911587
5.809033
0.020075
5.987146
6.113975
6.240868
6.491892
6.692431
6.842412
6.751174
6.888317
6.987828
7.050439
0.001902
0.001719
0.002289
0.002770
0.003010
0.005057
0.006252
7.189679
7.253690
7.784161
7.887065
8.022563
7.862468
7.891068
7.906040
7.905743
7.903972
7.906592
7.915833
7.908453
7.907535
7.904525
7.904537
7.903187
7.843959
7.737134
7.457195
7.113781
6.678269
6.357739
0.029911
0.056710
5.130754
5.638762
5.891264
6.104821
6.259656
6.535297
0.068598
0.067361
6.736855
6.800260
6.816656
6.786265
6.753273
6.723539
6.141603
5.689924
5.003252
4.431075
3.962553
3.476895
0.257714
0.228843
1.980072
0.006389
1.966866
2.011886
0.058994
0.264696
0.888711
4.043923
4.392178
4.878260
5.146713
5.425442
5.932554
6.291499
6.440861
6.542555
6.585103
6.603891
6.650433
0.051289
0.021850
6.638566
6.736647
6.850797
6.935872
7.014062
7.094916
7.165745
7.238335
7.320321
7.369867
7.434892
7.478436
7.538636
7.493264
7.599653
7.666025
7.713663
7.787993
7.840660
7.856963
7.878597
7.849939
7.782930
7.724780
7.668776
7.578088
7.361185
0.000004
0.000002
0.000002
0.000000
0.000000
0.000000
0.000000
0.000000
0.000000
0.000000
0.000000
0.000000
0.000000
0.000000
0.000000
0.000000
0.000000
0.000000
0.000000
0.000000
0.000000
0.000000
0.000000
0.000000
0.000000
0.000000
0.000000
0.000000
0.000000
0.000000
7.005618
6.500597
4.479749
0.365696
0.247602
0.141862
0.098227
0.093544
3.886682
4.754884
5.077530
5.269696
5.413633
5.504703
0.057032
0.050410
5.613618
5.749937
5.919752
6.074316
6.272224
6.512531
6.643804
6.835536
6.968415
7.051362
7.186747
7.223602
7.221292
7.205900
7.203036
7.125134
6.760383
6.598717
0.107348
0.119950
6.880360
7.069655
7.243239
7.311156
7.331586
7.345166
7.355111
7.342981
7.336104
7.332957
7.323623
7.316138
7.311996
7.294084
7.279091
7.254649
6.932674
6.623453
5.880372
0.296728
0.183098
0.151974
0.123619
0.085487
0.007006
0.000253
0.000173
0.000140
0.000030
0.000055
0.000078
0.000080
0.000149
0.000064
0.000029
0.000058
0.000074
0.000050
0.004949
0.004747
0.000105
0.000104
0.000053
0.000082
0.002365
0.002700
0.002940
0.000174
0.023558
0.046332
0.067471
0.071326
0.075007
0.078269
0.050728
0.050678
0.040581
0.038624
0.041517
3.471741
3.490237
3.548502
3.667580
2.860408
2.975433
3.265699
3.617434
4.277726
4.710314
5.105023
5.618708
0.016035
0.016083
6.352517
6.514522
6.674081
6.866830
7.062518
7.210501
7.352225
7.385137
7.413426
7.431215
7.455789
0.000450
0.000400
0.000204
0.000045
0.000035
0.000007
0.000006
0.000004
0.000001
0.000001
0.000006
0.000006
0.000003
0.000005
0.000014
0.000014
0.000016
0.000079
0.000241
0.000907
0.001420
0.001654
7.517786
7.534788
7.551848
7.564782
7.569383
7.573716
7.576866
7.577949
7.590069
7.595405
7.596840
7.592847
7.588403
7.586291
7.578746
7.568368
7.557627
7.535478
7.504339
7.368010
7.351114
7.338587
7.364473
7.376136
7.382423
7.317453
7.310340
7.289176
7.217722
7.174757
7.113584
7.058688
6.960554
6.839619
6.725975
6.527601
5.806205
5.254551
4.262026
3.582917
0.043137
0.002173
0.000854
0.000866
0.000699
0.000540
0.000535
0.000038
0.000032
0.000041
0.000172
0.000146
0.000095
0.000067
0.000086
0.000079
0.000113
0.000038
0.000097
0.000103
2.355932
0.021370
1.879613
1.625670
1.376196
0.442928
0.240342
0.349971
0.422154
1.164912
1.260697
0.015170
0.014075
0.013649
0.012289
0.012228
0.010160
0.009231
0.008500
0.001386
0.002557
0.002603
0.002457
0.003390
0.002992
0.002733
0.003490
0.003537
0.003628
0.003681
0.003953
0.001249
0.000559
0.006374
0.006628
0.006818
0.007142
0.007359
0.007338
0.007067
0.006735
0.006642
0.006888
0.000125
0.000061
0.000067
0.002141
0.002297
0.002636
0.002736
0.002520
0.002708
0.002935
0.003036
0.003018
0.000030
0.000025
0.000190
0.001184
0.001338
0.001372
0.000108
0.000689
0.000755
0.002318
0.004925
0.005406
0.005650
0.005237
0.004187
0.002294
0.000039
0.000018
0.000019
0.000031
0.000029
0.000028
0.000018
0.000025
0.000027
0.000016
0.000019
0.000022
0.000040
0.000036
0.000012
0.000013
0.000019
0.000017
0.000019
0.000017
0.000064
0.000058
0.000020
0.000021
0.000034
0.000013
0.000008
0.000023
0.000022
0.000022
0.000024
0.000460
0.001012
0.001184
0.001588
0.008653
0.019652
0.022002
0.023041
0.024723
0.028232
0.039070
0.037444
0.035310
0.034403
0.033201
0.027878
0.021856
0.021201
0.022133
0.021449
0.020418
0.015937
0.014519
0.000172
0.000017
0.000013
0.000015
0.000013
0.000025
0.000025
0.000036
0.000033
0.000059
0.000026
0.000015
0.000015
0.000023
0.000016
0.000012
0.000015
0.000013
0.000012
0.000005
0.000016
0.000032
0.000032
0.000038
0.000030
0.000059
0.008428
0.009167
0.009474
0.009490
0.009518
0.000291
0.011652
0.011979
0.011828
0.007030
0.007591
0.007732
0.006883
0.006207
0.005690
0.005141
0.005012
0.000686
0.000577
0.000605
0.000582
0.000634
0.000705
0.000738
0.000757
0.000730
0.000740
0.000769
0.000874
0.001014
0.001042
0.003705
0.004098
0.004657
0.006860
0.007244
0.007702
0.007759
0.007646
0.007625
0.007487
0.007464
0.007396
0.009070
0.009087
0.009631
0.010099
0.008002
0.005404
0.005317
0.004910
0.001773
0.001810
0.001821
0.001940
0.022659
0.025389
0.029076
0.031742
0.033849
0.050091
0.058529
0.066455
0.119803
0.262869
0.315729
0.411278
0.477065
3.396947
3.889959
4.053040
4.292331
4.601892
4.761363
4.958705
5.026923
0.035662
5.086137
5.209164
5.370700
5.319853
5.236190
5.032716
4.814987
4.403843
4.040742
3.571594
3.163282
2.781791
2.498597
2.236978
0.027701
0.005174
0.002544
0.007647
0.007841
0.000474
0.000271
0.000320
0.000240
0.000229
0.000135
0.000147
0.000101
0.002833
0.003101
0.003777
0.004622
0.035640
0.401390
0.961394
1.416918
2.211554
2.447376
0.001938
0.002790
2.733900
3.293330
4.608461
5.305405
6.105106
6.392069
6.627311
6.962382
7.038203
7.072614
7.108996
7.107062
7.016813
6.868820
6.754716
6.349002
5.992132
5.628376
0.226364
0.013786
0.038137
4.967119
5.101387
5.185701
5.284022
5.386930
5.497749
5.477071
5.452171
5.395697
5.204172
5.003556
4.737483
0.808247
0.807685
5.356438
5.619973
5.910221
6.025934
5.940456
6.060891
6.024324
5.752495
5.632250
5.923226
5.879684
6.197289
6.337487
6.392473
6.505585
6.521647
6.479021
6.446094
6.400330
6.385122
6.249046
6.002358
5.778650
0.187040
5.581331
5.649164
5.734238
5.794324
5.826751
5.834443
0.001249
0.000659
0.000268
0.000118
0.000079
0.000058
0.000044
0.000041
0.000085
0.000121
0.000181
0.000214
0.000234
0.000869
0.002419
0.100962
5.958134
6.117105
6.253962
6.339745
6.330137
6.352372
6.364891
6.351448
6.330183
6.201712
0.081583
6.150898
6.220332
6.246963
0.028239
0.030807
0.041530
0.046708
0.052697
6.566400
6.728850
6.787435
6.807701
6.823951
6.843003
6.846071
6.846766
6.851232
6.848919
6.802193
6.679263
6.540376
6.365323
5.968104
5.401020
4.838344
3.868716
3.458781
2.575402
1.127401
0.880319
0.342345
0.312407
0.237682
0.124902
0.115261
0.045692
0.025199
0.006940
0.005201
0.004378
0.004614
0.004444
0.004478
0.004393
0.004386
0.007994
0.007990
0.006119
0.006077
0.006096
0.005683
0.005189
0.003202
0.002937
0.002679
0.000071
0.000040
0.000016
0.000007
0.000002
0.000002
0.000003
0.000001
0.000002
0.000002
0.000001
0.000002
0.000001
0.000001
0.000002
0.000002
0.000002
0.000003
0.000002
0.000015
0.000018
0.000003
0.000002
0.000002
0.000003
0.000050
0.000007
0.000001
0.000001
0.000001
0.000001
0.000002
0.000000
0.000001
0.000001
0.000000
0.000000
0.000000
0.000000
0.000000
0.000000
0.000000
0.000000
0.000001
0.000001
0.000001
0.000000
0.000001
0.000001
0.000000
0.000000
0.000000
0.000000
0.000000
0.000000
0.000000
0.000001
0.000000
0.000000
0.000000
0.000000
0.000000
0.000000
0.000000
0.000000
0.000000
0.000000
0.000000
0.000000
0.000000
0.000000
0.000000
0.000000
0.000000
0.000093
0.000096
0.000120
0.000408
0.004754
0.004800
0.004772
0.004613
0.004578
0.004159
0.003726
0.000002
0.000001
0.000001
0.000000
0.000000
0.000001
0.000091
0.000117
0.000010
0.000011
0.000008
0.000333
0.000555
0.000724
0.006194
0.008820
0.008964
0.009076
0.009159
0.009293
