0.000033
0.000026
0.000001
0.000000
0.000000
0.000000
0.000000
0.000000
0.000000
0.000000
0.000001
0.000000
0.000001
0.000001
0.000001
0.000003
0.000328
0.000340
0.000339
0.000343
0.000347
0.000357
0.000367
0.000336
0.000307
0.000061
0.000059
0.000059
0.000059
0.006167
0.006777
0.012539
0.036562
0.039644
0.085113
0.092925
0.147683
5.657097
6.005780
6.018465
6.020391
6.012247
5.994150
5.931390
5.929744
6.061309
6.075944
6.092017
6.094318
6.096151
6.098496
6.098766
6.098870
6.098949
6.098921
6.098810
6.098540
6.098596
6.098903
6.098916
6.098872
6.098050
6.097897
6.098590
6.098869
6.098990
6.569139
6.573477
6.574743
6.577164
6.580725
6.581558
6.581838
6.581879
6.580792
6.580707
6.581140
6.581783
6.582253
6.581969
6.581263
6.580176
6.578310
6.577178
6.577333
6.578419
6.580399
6.581303
6.579004
6.574060
6.564832
6.500634
6.346306
0.355884
0.360948
6.447477
6.544985
6.579338
6.581110
6.581893
6.580927
6.580817
6.581581
6.581980
6.580818
6.580634
6.581673
6.581878
6.582067
6.582248
6.581518
6.581276
6.581564
6.581932
6.581943
6.581847
6.581788
6.632522
6.632096
6.633324
6.634209
6.634535
6.634783
6.634887
6.634911
6.634876
6.634774
6.634626
6.634571
6.634507
6.634226
6.633816
6.633982
6.634723
6.634863
6.634876
6.634889
6.634836
6.634867
6.634901
6.634852
6.634762
6.634314
6.633878
6.633546
6.634036
6.634890
6.634892
6.634705
6.634615
6.634602
6.634376
6.633803
6.633766
6.633252
6.632905
6.633659
6.634430
6.634554
6.865733
6.866179
6.868284
6.869180
6.869360
6.869466
6.869144
6.865663
6.851863
6.843217
0.001239
0.001086
0.000575
0.000233
0.000090
0.000051
0.000024
0.000023
0.000028
0.000044
0.000002
0.000003
0.000001
0.000001
0.000002
0.000001
0.000001
0.000001
0.000001
0.000001
0.000002
0.000004
0.000002
0.000001
0.000001
0.000002
0.000002
0.000002
0.000003
0.000015
0.000015
0.000026
0.000044
0.000012
0.000014
0.000019
0.000056
0.000005
0.000008
0.000002
0.000001
6.679432
6.680523
6.675740
6.669806
6.633077
6.608558
0.118671
0.118159
6.612609
6.675035
6.680298
6.680711
6.680690
6.680685
6.680851
6.680880
6.680747
6.680353
6.679477
6.678961
6.679182
6.680920
6.684366
6.687281
6.694170
6.704082
6.714914
6.734811
6.771374
6.782392
6.796250
6.812027
6.835511
6.861360
6.867881
6.869233
6.869153
6.869183
6.869418
6.869513
6.869574
6.869634
6.869583
6.869480
6.869100
6.866200
6.864519
6.865687
6.869246
6.869572
6.869593
6.869463
6.869214
6.869053
6.869154
6.868795
6.862622
6.844788
6.724246
6.705091
6.704749
6.702542
6.700431
6.700590
6.700386
6.700140
6.700004
6.700006
6.700069
6.700428
6.700574
6.700698
6.700664
6.700416
6.700348
6.700507
6.700541
6.700502
6.700218
6.699847
6.696635
6.694943
7.076390
7.080156
7.080023
7.079219
7.078119
7.076998
7.075782
7.074510
7.073278
7.072103
7.071200
7.069997
7.068818
7.067671
7.066477
7.065283
7.064266
7.063170
7.069056
7.070766
7.070900
7.068333
7.057299
7.054512
7.056064
7.057899
7.064812
7.065287
0.004845
0.004893
0.008432
7.115550
7.155452
7.163934
7.164863
7.163060
7.161570
7.160609
7.159958
7.158957
7.157758
7.156660
7.155553
7.154444
7.153310
7.152119
7.151033
7.149887
7.148846
7.147426
7.145500
7.144163
7.143557
7.142724
7.141452
7.140062
7.138796
7.137026
7.136038
7.135456
7.134433
7.133414
7.132255
7.131060
7.129939
7.128848
7.127664
7.126233
7.120091
0.000067
0.000019
0.000010
0.000002
0.000001
0.000001
0.000000
0.000000
0.000000
0.000000
0.000000
0.000000
0.000000
0.000000
0.000000
0.000000
0.000000
0.000000
0.000000
0.000000
0.000000
0.000000
0.000000
0.000000
0.000000
0.000000
0.000000
0.000000
0.000000
0.000000
0.000000
0.000000
0.000000
0.000000
0.000000
0.000000
0.000000
0.000000
0.000000
0.000000
0.000000
0.000000
0.000000
0.000000
0.000000
0.000000
0.000000
0.000000
0.000000
0.000000
0.000000
0.000000
0.000000
0.000000
0.000000
0.000000
0.000000
0.000000
0.000000
0.000000
0.000000
0.000000
0.000000
0.000000
0.000000
0.000000
0.000000
0.000000
0.000000
0.000000
0.000000
0.000000
0.000000
0.000000
0.000000
0.000000
0.000000
0.000000
0.000000
0.000000
0.000000
0.000000
0.000000
0.000000
0.000000
0.000000
0.000000
0.000000
0.000000
0.000000
0.000000
0.000000
0.000000
0.000000
0.000000
0.000000
0.000000
0.000000
0.000000
0.000000
0.000000
0.000000
0.000000
0.000000
0.000000
0.000000
0.000000
0.000000
0.000000
0.000000
0.000000
0.000000
0.000000
0.000001
0.000000
0.000000
0.000000
0.000000
0.000000
0.000000
0.000000
0.000000
0.000000
0.000000
0.000000
0.000000
0.000000
0.000000
0.000000
0.000000
0.000000
0.000000
0.000000
0.000000
0.000000
0.000000
0.000000
0.000001
0.000000
0.000000
0.000000
0.000000
0.000000
0.000000
0.000000
0.000000
0.000000
0.000000
0.000000
0.000000
0.000000
0.000000
0.000001
0.000002
0.000005
0.000064
7.049938
7.046940
7.042277
7.043584
7.051129
7.063061
7.065350
7.066629
7.067610
7.069530
7.071050
7.072748
7.074345
7.075616
7.076633
7.077708
7.078812
7.079300
7.079729
7.411615
7.417237
7.416716
7.418412
7.419699
7.420698
7.421439
7.422558
7.424054
7.425001
7.425971
7.427287
7.770614
7.773560
7.773336
7.774587
7.777466
7.778873
7.779076
7.779710
7.781132
7.783006
7.784527
7.785467
7.785568
7.785880
7.778535
7.764892
7.758268
7.701381
7.543212
7.420609
7.139778
6.951581
6.680656
4.435681
0.098223
5.853690
6.155548
6.875262
7.401723
7.710020
7.837703
7.853368
8.086380
8.121129
8.151391
8.161636
8.170406
8.173512
8.179452
8.186528
8.188811
8.408054
8.410681
8.411948
8.413240
8.414246
8.415202
8.416352
8.417526
8.418246
8.418729
8.419541
8.420890
8.423214
8.424354
8.425696
8.426869
8.427983
8.429067
8.430009
8.428943
8.428419
8.428891
8.430133
8.430310
8.430265
8.430214
8.430163
8.430047
8.429494
8.429372
8.429577
8.429596
8.429297
8.651750
8.652832
8.654561
8.657862
8.654854
8.633267
8.478302
8.473812
8.444194
8.372354
8.198042
0.240519
8.247139
8.412177
8.476430
8.478423
8.476066
8.199843
7.887828
7.392907
8.031857
8.212932
8.387130
8.466001
8.467116
8.455684
8.410767
8.128841
0.162808
7.339106
5.781178
0.000084
0.000035
0.000011
0.000007
0.000004
0.000002
0.000001
0.000001
0.000001
0.000001
0.000001
0.000001
0.000000
0.000001
0.000001
0.000000
0.000000
0.000000
0.000000
0.000000
0.000001
0.000000
0.000000
0.000000
0.000000
0.000000
0.000000
0.000000
0.000000
0.000000
0.000000
0.000000
0.000000
0.000001
0.000000
0.000000
0.000000
0.000000
0.000000
0.000000
0.000000
0.000000
0.000001
0.000000
0.000000
0.000001
0.000001
0.000000
0.000000
0.000000
0.000000
0.000000
0.000000
0.000000
0.000001
0.000000
0.000000
0.000000
0.000000
0.000001
0.000000
0.000000
0.000000
0.000000
0.000000
0.000000
0.000000
0.000000
0.000000
0.000000
0.000000
0.000001
0.000001
0.000000
0.000001
0.000001
0.000001
0.000000
0.000000
0.000000
0.000001
0.000000
0.000001
0.000000
0.000001
0.000001
0.000001
0.000000
0.000001
0.000001
0.000000
0.000001
0.000001
0.000001
0.000001
0.000000
0.000000
0.000000
0.000000
0.000000
0.000000
0.000000
0.000000
0.000000
0.000000
0.000000
0.000000
0.000000
0.000000
0.000000
0.000000
0.000000
0.000000
0.000001
0.000001
0.000000
0.000000
0.000000
0.000000
0.000000
0.000000
0.000000
0.000000
0.000000
0.000000
0.000000
0.000001
0.000001
0.000000
0.000001
0.000000
0.000000
0.000000
0.000000
0.000000
0.000000
0.000000
0.000000
0.000000
0.000000
0.000000
0.000000
0.000000
0.000000
0.000000
0.000000
0.000000
0.000000
0.000000
0.000000
0.000000
0.000000
0.000000
0.000000
0.000000
0.000000
0.000000
0.000000
0.000000
0.000000
0.000000
0.000000
0.000000
0.000000
0.000000
0.000001
0.000000
0.000000
0.000001
0.000000
0.000001
0.000000
0.000000
0.000003
0.000002
0.000001
0.000000
0.000000
0.000000
0.000000
0.000000
0.000000
0.000000
0.000000
0.000000
0.000000
0.000000
0.000000
0.000000
0.000000
0.000000
0.000000
0.000001
0.000002
0.000001
0.000001
0.000001
0.000000
0.000001
0.000001
0.000000
0.000000
0.000000
0.000000
0.000000
0.000001
0.000001
0.000000
0.000001
0.000001
0.000001
0.000001
0.000000
0.000000
0.000001
0.000000
0.000000
0.000000
0.000000
0.000000
0.000000
0.000000
0.000000
0.000000
0.000000
0.000000
0.000000
0.000000
0.000000
0.000000
0.000000
0.000000
0.000000
0.000000
0.000000
0.000000
0.000000
0.000000
0.000000
0.000000
0.000000
0.000000
0.000001
0.000000
0.000001
0.000002
0.000000
0.000001
0.000001
0.000000
0.000000
0.000000
0.000000
0.000000
0.000000
0.000000
0.000000
0.000000
0.000000
0.000000
0.000000
0.000000
0.000000
0.000000
0.000000
0.000001
0.000000
0.000000
0.000001
0.000000
0.000000
0.000001
0.000000
0.000000
0.000000
0.000002
0.000004
0.000001
0.000001
0.000001
0.000000
0.000000
0.000001
0.000001
0.000002
0.000001
0.000002
0.000002
0.000002
0.000009
0.000010
0.000014
0.000025
0.000043
0.000064
0.067207
7.023274
7.800352
8.252895
8.374090
8.392571
8.377077
0.318599
8.305911
8.379805
8.427260
8.424268
8.408115
8.321608
8.263445
8.232260
8.204457
8.108489
7.994079
8.031581
8.058396
8.032879
0.040155
8.232158
8.362221
8.487566
8.591614
8.610396
8.612982
8.613870
8.613639
8.614096
8.614676
8.615206
8.612427
8.592828
8.527528
0.056508
8.475987
8.528474
8.550666
8.605923
8.610631
8.614281
8.616369
8.618234
8.618695
8.611350
8.593832
8.545493
8.476099
0.101987
8.574773
8.600307
8.612407
8.615733
8.619216
8.975049
8.994575
8.998441
9.004870
9.012017
9.019557
9.029518
9.033147
9.037030
9.013973
8.943819
8.863528
8.964251
8.927398
8.810878
8.765485
8.685216
8.610929
8.453673
8.321778
0.397932
8.243381
8.364378
8.495624
8.618745
8.690902
8.724891
8.736663
8.736873
8.725272
8.624009
8.490905
8.371345
8.088655
7.831222
7.513376
7.259933
6.622381
6.344653
6.360408
6.214946
6.095205
0.314731
6.935538
7.241836
7.738560
8.159988
8.529071
8.671530
0.113555
8.925613
8.697783
8.700896
8.693565
8.691063
8.659476
8.534631
0.106032
0.106468
8.668014
8.879772
8.987350
9.051769
9.060858
9.050735
9.033889
0.001072
0.000676
0.000291
0.000113
0.000081
0.000033
0.000040
0.000032
0.000030
0.000009
0.000011
0.000011
0.000013
0.000029
0.000044
0.000070
0.000165
0.000490
8.977015
9.061125
9.443058
9.466923
9.473013
9.474929
9.477481
9.477763
9.478006
9.478246
9.478519
9.478713
9.478866
9.479084
9.478685
9.477444
9.475931
9.476814
9.480059
9.480894
9.481225
9.481485
9.481359
9.481445
9.481971
9.482015
9.482192
9.482777
9.482730
9.482908
9.483438
9.483650
9.483953
9.484308
9.482413
9.471757
9.085495
8.985899
0.000396
0.000252
0.000125
0.000086
0.000066
0.000069
0.000008
0.000007
0.000002
0.000002
0.000005
0.000005
0.000008
0.000008
0.000005
0.000004
0.000003
0.000004
0.000013
0.000009
0.000006
0.000003
0.000004
0.000001
0.000002
0.000003
0.000003
0.000007
0.000003
0.000003
0.000003
0.000003
0.000004
0.000002
0.000007
0.000004
0.000005
0.000007
0.000016
0.000014
0.000111
0.000110
0.000146
0.000476
0.000846
0.002061
0.003505
9.134462
9.174447
9.177112
9.178705
9.179470
9.177613
9.152256
9.077606
9.016388
0.064299
9.027505
9.100939
9.161766
9.174784
9.179133
9.179312
9.179278
9.179413
9.179362
9.179223
9.178904
9.178606
9.178078
9.178102
9.178712
9.178651
9.176719
9.175006
9.172639
9.173628
9.176921
9.178722
9.179234
9.179556
9.179631
9.179598
9.179504
9.179393
9.179318
9.179281
9.178531
9.177227
9.176447
8.940492
8.939288
8.938603
8.938901
8.937723
8.937108
8.937950
8.938433
8.937436
8.935523
8.934245
8.920040
8.873339
8.843223
0.097399
8.812133
8.909167
8.891747
8.825931
0.008453
0.001463
0.000512
0.000324
0.000251
0.000051
0.000042
0.000038
0.000040
0.000048
0.000069
0.000104
0.000128
8.397959
8.416721
8.434920
8.451942
8.459648
8.460754
8.462845
8.465455
8.803515
8.820807
8.818461
9.232193
9.238505
9.242550
9.240501
9.231159
9.145947
9.144398
9.141486
9.142421
9.141607
9.141738
9.142542
9.142649
9.142716
9.142596
9.142132
9.141505
9.140375
9.138581
9.137197
9.134103
9.133220
9.134831
9.132261
9.132166
9.134051
9.133866
9.135398
9.136923
9.135892
9.128621
9.125249
9.120610
9.120694
9.123090
9.125981
9.131315
9.138952
9.142578
9.142270
9.141769
9.141766
9.141093
9.140135
9.136908
9.135904
9.133338
9.127318
9.125424
9.127825
9.133377
9.139460
9.140190
9.141640
9.141646
9.140497
9.140456
9.141424
9.119811
8.994445
8.914903
0.014080
0.013162
0.012611
0.012187
0.011693
0.012815
8.958998
9.043139
9.123154
9.137077
9.138959
9.140182
9.135909
9.134229
9.133557
9.133526
9.128819
9.125835
9.121947
9.121138
9.124241
9.116565
9.109787
9.099970
9.093390
9.094947
9.095840
9.100340
9.105014
9.084917
9.037580
9.010585
8.989901
8.957117
8.941965
8.943654
8.965021
8.967960
8.936473
9.103191
9.134660
9.138543
9.137790
9.128967
9.118122
9.105499
9.102512
9.100980
9.107408
9.125191
9.129869
9.133579
9.133165
9.134730
9.139281
9.140874
9.140184
9.138632
9.138377
9.137975
9.138145
9.138965
9.139848
9.141503
9.140797
9.140936
9.141920
9.141334
9.140936
9.139460
9.139623
9.141885
9.142312
9.142323
9.142267
9.142218
9.142427
9.141882
9.140905
9.140235
9.137517
9.135863
9.135150
9.134205
9.134381
9.136457
9.142435
9.141137
9.138941
9.138401
9.139233
9.137811
9.136406
9.135371
9.136140
9.136567
9.138763
9.138792
9.139262
9.139739
9.140694
9.142019
9.142338
9.142481
9.142378
9.140638
9.140633
9.142218
9.142135
9.142304
9.142374
9.141961
9.137224
9.120456
9.097859
9.060018
9.027964
9.007112
8.974003
8.890452
8.793619
8.739009
8.506368
7.774762
7.651474
7.319193
6.970169
6.766809
6.512869
6.260212
5.832079
0.036131
0.039516
6.210857
6.435867
6.962757
7.021569
6.970905
6.935342
6.898186
6.589582
6.357045
6.137951
5.774263
5.556419
5.342395
5.194928
0.028538
5.124043
5.029782
4.914491
4.742789
4.551764
4.344626
4.110357
3.705279
3.275044
0.002083
0.001144
0.000748
0.000404
0.000305
0.000108
0.000089
0.000064
0.000048
0.000734
0.000379
2.664753
2.361975
2.055176
1.770011
0.010712
0.006965
0.005369
0.000329
0.000192
0.000159
0.000070
0.002026
0.001774
0.001240
0.887699
0.816679
0.164286
0.116027
0.033847
0.024512
0.023465
0.022408
0.000076
0.000061
0.000050
0.000105
0.000075
0.000121
0.000036
0.000000
0.000000
0.000000
0.000000
0.000000
0.000000
0.000045
0.000050
0.000067
0.000047
0.000158
0.000813
0.001608
0.001769
0.001893
0.001814
0.000081
0.000000
0.000000
0.000000
0.000000
0.000000
0.000000
0.000000
0.000000
0.000000
0.000000
0.000000
0.000000
0.000000
0.000039
0.000036
0.000027
0.000028
0.001834
0.001783
0.830468
0.803507
0.725484
0.045962
0.000291
0.000268
0.000019
0.000016
0.000024
0.000030
0.000014
0.000025
0.000018
0.000018
0.000034
0.000026
0.000029
0.000030
0.000015
0.000031
0.000025
0.000264
0.000994
0.013155
0.551766
0.541919
0.506183
0.134741
0.132657
0.001181
0.000056
0.000042
0.000188
0.000145
0.000184
0.000019
0.000017
0.000018
0.000052
0.000059
0.000054
0.000052
0.000019
0.000019
0.000022
0.000032
0.494748
0.489229
0.479855
0.472953
0.488178
0.000567
0.000157
0.000109
0.000044
0.000025
0.000016
0.000018
0.000016
0.000025
0.000038
0.000032
0.000551
0.000205
0.000810
0.365479
0.341810
0.341675
0.322651
0.304019
0.082238
0.002142
0.000098
0.000106
0.000014
0.000009
0.000009
0.000012
0.000800
0.000788
0.000745
0.000683
0.000628
0.000607
0.000624
0.000617
0.000591
0.001649
0.001721
0.085494
0.102277
0.219289
0.209871
0.000435
0.160094
0.161968
0.166323
0.184645
0.113362
0.043545
0.029576
0.029414
0.026395
0.001741
0.001164
0.000679
0.000166
0.000008
0.000012
0.000009
0.000005
0.000004
0.000033
0.000083
0.000007
0.000005
0.000008
0.000004
0.000003
0.000002
0.000005
0.000007
0.000004
0.000002
0.000002
0.000004
0.000003
0.000003
0.000002
0.000007
0.000008
0.000006
0.000006
0.000010
0.000031
0.000021
0.000028
0.000007
0.000008
0.000009
0.000006
0.000009
0.000010
0.000033
0.000251
0.000267
0.000304
0.000005
0.000005
0.000006
0.000010
0.000012
0.000012
0.000013
0.000034
0.014298
0.023581
0.024157
0.022963
0.021897
0.020303
0.019798
0.013931
0.000945
0.001381
0.000454
0.000218
0.000152
0.000073
0.000017
0.000027
0.000026
0.000026
0.000020
0.000017
0.000051
0.000039
0.000073
0.000077
0.000014
0.000019
0.000008
0.000012
0.000012
0.000018
0.000017
0.000006
0.000011
0.000032
0.000019
0.000023
0.000014
0.000022
0.000021
0.000028
0.000072
0.000073
0.000081
0.000064
0.000039
0.000036
0.000079
0.000022
0.000087
0.000399
0.000405
0.000450
0.000537
0.000653
0.000734
0.000769
0.000859
0.000891
0.000857
0.000862
0.000868
0.000861
0.000858
0.000865
0.000839
0.000823
0.000814
0.000810
0.000613
0.000018
0.000015
0.000015
0.000015
0.000015
0.000015
0.000022
0.000408
0.000823
0.000947
0.001927
0.001933
0.001874
0.002055
0.002325
0.002742
0.003125
0.003270
0.000698
0.000098
0.000035
0.000173
0.000182
0.003967
0.004047
0.004027
0.004568
0.004602
0.004400
0.000203
0.000323
0.000336
0.006827
0.006788
0.006775
0.006570
0.006469
0.006549
0.006714
0.006902
0.006843
0.005094
0.004842
0.004565
0.002962
0.003026
0.002547
0.002585
0.002630
0.002936
0.002980
0.000041
0.000043
0.000037
0.000003
0.000003
0.000008
0.000008
0.000068
0.000142
0.000266
0.000375
0.003030
0.003289
0.003244
0.003213
0.003326
0.003877
0.004232
0.004500
0.004183
0.004031
0.004143
0.009810
0.129987
0.127589
0.138973
0.129777
0.135289
0.124957
0.094351
0.069001
0.044022
0.018697
0.009582
0.008635
0.007666
0.007461
0.007072
0.007013
0.006000
0.005917
0.005935
0.005423
0.000050
0.000031
0.000027
0.000022
0.000023
0.000013
0.000009
0.000014
0.000012
0.000008
0.000012
0.000012
0.000012
0.000014
0.000048
0.004035
0.004140
0.004772
0.005003
0.004297
0.004185
0.003935
0.003569
0.000242
0.000329
0.002478
0.004922
0.005115
0.003674
0.009051
0.013734
0.016452
0.076664
0.086327
0.072522
0.175570
0.186843
0.165395
0.021545
0.015786
0.000133
0.001527
0.009963
0.015503
0.015557
0.017341
0.010298
0.010611
0.009857
0.004251
0.003949
0.003868
0.000128
0.000117
0.000040
0.000039
0.000108
0.000081
0.003045
0.015541
0.018040
0.062902
0.115220
0.166923
0.176400
0.191503
0.011712
0.010930
0.010085
0.006802
0.006418
0.006128
0.000056
0.000025
0.000021
0.000016
0.000015
0.000037
0.000049
0.000066
0.000047
0.000044
0.000068
0.000039
0.000008
0.000012
0.000010
0.000110
0.002062
0.002018
0.002523
0.054749
0.057318
0.074315
0.316092
0.365508
0.398757
0.460583
0.059800
0.045071
0.007557
0.023490
0.025685
0.000061
0.002877
0.008809
0.027585
0.034052
0.061646
0.451616
0.471931
0.491789
0.008601
0.003390
0.000728
0.569841
0.603768
0.279666
0.079839
0.011532
0.011301
0.000270
0.000143
0.000101
0.000082
0.000052
0.000016
0.000023
0.000024
0.000021
0.000030
0.000097
0.000082
0.000068
0.000075
0.000017
0.000064
0.000049
0.000036
0.000037
0.000013
0.000014
0.000013
0.000034
0.000021
0.000012
0.000020
0.000028
0.000037
0.000011
0.000018
0.000013
0.000009
0.000020
0.000055
0.000083
0.000162
0.000495
0.000494
0.000414
0.000576
0.002463
0.006978
0.007779
0.008396
0.008120
0.007991
0.009414
0.029938
0.028631
0.027646
0.026637
0.011375
0.011680
0.010723
0.010262
0.008033
0.008097
0.008063
0.008213
0.008216
0.008171
0.000035
0.000045
0.000050
0.000027
0.000013
0.000027
0.000016
0.000008
0.000012
0.000018
0.000022
0.007604
0.007470
0.003150
0.001951
0.000469
0.000242
0.000177
0.000007
0.000009
0.000010
0.000124
0.000097
0.001031
0.001140
0.003504
0.003770
0.004536
0.005042
0.007158
0.008333
0.010519
0.012226
0.013825
0.015995
0.016678
0.055361
0.057558
0.057213
0.049504
0.052338
0.058505
0.056416
0.055222
0.062618
0.063322
0.010333
0.008697
0.016360
0.017479
0.020232
0.000391
0.002482
0.006435
0.171817
0.172944
0.032595
0.025503
0.001605
0.022699
0.023693
0.025537
0.035706
0.102935
0.108999
0.113289
0.105034
0.109143
0.072939
0.069813
0.005079
0.002639
0.002925
0.002837
0.002731
0.003390
0.469037
0.515161
0.742562
0.809937
0.873795
0.944654
0.886597
0.908012
0.009979
0.003948
0.000201
0.000176
0.000053
0.000062
0.006158
0.006650
0.006829
0.007548
0.007629
0.007268
0.007371
0.007645
0.007675
0.000747
0.001626
0.001176
0.002254
0.524219
0.764870
1.562704
0.000282
0.000082
0.000072
0.000005
0.000029
0.000022
0.000032
0.000020
0.000015
0.000034
0.000020
0.000030
0.000016
0.000016
0.000101
0.000023
0.000026
0.000037
0.000090
1.630463
1.680273
1.691792
1.673723
0.000165
0.000184
0.000173
0.010446
1.331250
1.341772
1.364158
1.260379
1.310290
1.380452
0.044945
0.013100
0.010859
0.000978
0.000036
0.000037
0.000171
0.000006
0.000002
0.000002
0.000001
0.000001
0.000001
0.000001
0.000001
0.000003
0.000002
0.000003
0.000002
0.000003
0.000004
0.000003
0.000001
0.000001
0.000003
0.000002
0.000013
0.007711
0.006501
0.000008
0.001244
1.282431
1.127068
0.006193
0.003886
0.000011
0.000007
0.000024
0.000023
0.000003
0.000003
0.000000
0.000001
0.000001
0.000009
0.000004
0.000003
0.000001
0.000001
0.000002
0.000003
0.000005
0.000001
0.000001
0.000547
0.000362
0.000025
0.000091
0.000098
0.000050
0.000055
0.000039
0.000036
0.000003
0.000001
0.000001
0.000001
0.000000
0.000000
0.000000
0.000011
0.000104
0.000056
0.000023
0.000194
0.000121
0.000036
0.000028
0.000053
0.000002
0.000002
0.004046
0.002693
0.393958
1.265914
0.006602
1.568227
1.532416
1.474100
0.028893
0.000127
0.000000
0.000000
0.000000
0.000000
0.000000
0.000000
0.000000
0.000000
0.000000
0.000000
0.000000
0.000000
0.000032
0.000026
0.000025
0.000037
0.000028
0.000029
0.000024
0.000020
0.000027
0.000022
0.000000
0.000000
0.000000
0.000000
0.000000
0.000001
0.000001
0.000056
0.000040
0.000045
0.002493
0.002889
0.003378
0.004079
0.004447
0.005045
0.000000
0.000000
0.001454
0.001573
0.001346
0.000000
0.000000
0.005288
0.005733
0.005950
0.006515
0.006840
0.007250
0.007295
0.007367
0.007297
0.007306
0.000000
0.000000
0.000000
0.007312
0.007346
0.007395
0.007393
0.007413
0.000004
0.000003
0.000003
0.000003
0.000006
0.000010
0.000000
0.000000
0.001379
0.017313
0.027727
1.732556
1.798700
0.034692
1.997641
2.039509
0.000025
0.000004
0.000005
0.000001
0.000001
0.000001
0.000001
0.000003
0.007466
0.007455
0.007455
0.007455
0.007455
0.007453
0.007448
0.007445
0.007449
0.007454
0.009615
0.009737
0.009778
0.009947
0.010229
0.010222
2.001854
0.081624
0.018950
0.013583
0.000000
0.000000
0.000000
0.000000
0.007456
0.007460
0.000000
0.000000
0.000000
0.000000
0.000000
0.000000
0.007456
0.007462
0.007454
0.007465
0.007459
0.007463
0.007455
0.007453
0.041873
0.091568
1.240686
1.481151
0.014924
0.020484
0.007986
0.007629
0.000000
0.000000
0.000000
0.000000
0.000000
0.000000
0.000000
0.000000
0.000135
0.000137
0.000069
0.000019
0.000024
0.000021
0.000019
0.000020
0.000022
0.000025
0.000020
0.000042
0.000044
0.000046
0.000007
0.000010
0.000003
0.000003
0.000004
0.000003
0.000003
0.000003
0.000004
0.000003
0.000010
0.000004
0.000005
0.000005
0.000002
0.000005
0.000008
0.000006
0.018107
0.009163
1.694249
1.733458
1.482916
0.024454
0.007456
0.007454
0.007454
0.007453
0.007449
0.007444
0.007442
0.007446
0.007450
0.007450
0.007452
0.007452
0.000000
0.000000
0.000000
0.000000
0.000000
0.000000
0.000000
0.000000
0.000000
0.000000
0.000000
0.000000
0.000000
0.000000
0.000000
0.000000
0.000000
0.000000
0.000000
0.000000
0.000000
0.000000
0.000000
0.000000
0.000000
0.000000
0.000000
0.000000
0.000000
0.000000
0.000000
0.000000
0.000000
0.000000
0.013980
0.013646
1.264884
0.909788
0.249364
0.152763
0.040520
0.001161
0.021103
0.000000
0.000000
0.000000
0.000000
0.000000
0.000000
0.000000
0.000000
0.000000
0.000000
0.000000
0.000000
0.000000
0.000002
0.000002
0.000002
0.010102
0.010054
0.010044
0.010040
0.000000
0.000000
0.000000
0.000000
0.000000
0.000000
0.000000
0.000000
0.000000
0.000000
0.000000
0.000000
0.000000
0.000000
0.000000
0.000000
0.000000
0.000000
0.000000
0.000000
0.000000
0.000000
0.000000
0.000000
0.000000
0.000000
0.000000
0.000000
0.000000
0.000000
0.000000
0.000000
0.000000
0.000000
0.000000
0.000000
0.000000
0.000000
0.000000
0.000000
0.000000
0.000000
0.000000
0.000000
0.000000
0.000000
0.000000
0.000000
0.000000
0.000000
0.000000
0.000000
0.000000
0.000000
0.000000
0.000000
0.000000
0.007456
0.007455
0.007461
0.009767
0.009797
0.009784
0.009769
0.009752
0.000014
0.000006
0.000005
0.000000
0.000000
0.000000
0.000000
0.000000
0.000000
0.000000
0.000000
0.000000
0.000000
0.000000
0.000000
0.000000
0.000000
0.000000
0.000000
0.000000
0.000000
0.000000
0.000000
0.000000
0.000000
0.000000
0.000000
0.000000
0.000000
0.000000
0.000000
0.000000
0.000000
0.000003
0.000004
0.000008
0.000025
0.007924
0.008086
0.008125
0.000000
0.000000
0.000000
0.000000
0.000000
0.009737
0.009735
0.009727
0.009649
0.009605
0.009462
0.009232
0.008960
0.000000
0.000010
0.000006
0.000000
0.000000
0.000000
0.000000
0.000000
0.000000
0.000000
0.000004
0.000001
0.000001
0.000000
0.000000
0.000000
0.000000
0.000000
0.000000
0.000000
0.000000
0.000000
0.000000
0.000000
0.000000
0.000000
0.000000
0.000000
0.000000
0.000000
0.000000
0.000000
0.000000
0.000000
0.000000
0.000000
0.000000
0.000000
0.000000
0.000000
0.000000
0.000000
0.000000
0.000000
0.000000
0.000000
0.000000
0.000000
0.000000
0.000000
0.000000
0.000000
0.000000
0.000000
0.000000
0.000000
0.000000
0.000000
0.000000
0.000000
0.000000
0.000000
0.000000
0.000000
0.000000
0.000000
0.000000
0.000000
0.000000
0.000000
0.000000
0.000000
0.000000
0.000000
0.000000
0.000008
0.000004
0.000003
0.000002
0.000001
0.000001
0.000001
0.000001
0.000002
0.000002
0.000002
0.000001
0.000002
0.000002
0.000000
0.000000
0.000000
0.000000
0.000000
0.000000
0.000000
0.000000
0.000000
0.000000
0.000000
0.000000
0.000000
0.000000
0.000000
0.000001
0.000001
0.000002
0.000002
0.000001
0.000001
0.000001
0.000001
0.000001
0.000001
0.000001
0.000002
0.000002
0.000002
0.000001
0.000001
0.000001
0.000001
0.000001
0.000001
0.000001
0.000003
0.000002
0.000002
0.000007
0.000101
0.000035
0.000022
0.000011
0.000005
0.000003
0.000003
0.000004
0.000005
0.000003
0.000004
0.000004
0.000005
0.000005
0.000005
0.000004
0.000004
0.000005
0.000005
0.000004
0.000004
0.000004
0.000005
0.000005
0.000005
0.000004
0.000004
0.000004
0.000000
0.000000
0.000000
0.000000
0.000000
0.000000
0.000000
0.000000
0.000002
0.000002
0.000003
0.000004
0.000004
0.000004
0.000004
0.000004
0.000005
0.000006
0.000003
0.000000
0.000000
0.000000
0.000000
0.000000
0.000000
0.000000
0.000000
0.000000
0.000000
0.000000
0.000000
0.000000
0.000000
0.000000
0.000000
0.000001
0.000007
0.000010
0.000000
0.000000
0.000000
0.000000
0.000000
0.035046
