0.000000
0.000000
0.000000
0.000000
0.000000
0.000000
0.000000
0.000000
0.000000
0.000000
0.000000
0.000000
0.000000
0.000000
0.000000
0.000000
0.000000
0.000000
0.000000
0.000000
0.000000
0.000000
0.000000
0.000000
0.000000
0.000000
0.000000
0.000000
0.000000
0.000000
0.000000
0.000000
0.000000
0.000000
0.000000
0.000000
0.000000
0.000000
0.000000
0.000012
0.000009
0.000000
0.000000
0.000000
0.000000
0.000000
0.000000
0.000000
0.000000
0.000031
0.000031
0.000035
0.000029
0.000975
0.004224
0.004180
0.000034
0.003368
0.003318
0.019157
0.019013
0.018864
0.018246
0.017263
0.017028
0.016905
0.016986
0.017150
0.017328
0.017522
0.017775
0.017747
0.017271
0.017165
0.000090
0.000186
0.000602
0.001929
0.003636
0.028582
0.034019
0.104474
0.111899
0.121092
4.441713
4.540107
4.689979
4.742928
0.000825
0.000052
0.000027
0.000019
0.000004
0.000003
0.000107
0.000109
0.000129
0.000165
0.000169
0.000039
0.000043
0.000042
0.000027
0.000038
0.000024
0.000029
0.000056
0.000085
0.000113
0.000233
0.000386
0.001355
4.810857
4.823052
4.841991
4.859618
4.876429
4.893849
4.906705
4.915865
4.921091
4.922849
4.925682
4.931661
4.931059
4.929838
0.002258
0.002547
0.002211
0.002836
0.005257
0.005596
0.009847
5.045869
5.051944
5.081404
0.040642
0.035458
0.035654
0.051276
5.285457
5.366539
5.371686
5.370864
5.374499
5.380736
5.395945
5.662533
5.666071
5.672234
5.672305
5.670097
5.668322
5.657017
5.646625
5.635288
5.629108
5.627761
5.614063
5.596298
5.508822
5.427884
0.081933
5.452801
5.500707
5.558740
5.602511
5.621434
5.620581
5.619857
5.617718
5.616914
5.811606
5.819693
5.807143
5.793975
5.768612
5.732762
5.712345
5.693715
5.675466
5.591461
5.545073
5.521254
5.512445
5.511184
5.512623
5.513559
5.487149
5.529134
5.384358
5.375045
5.368373
5.366916
5.357528
5.329154
0.028988
5.350792
5.367097
5.368401
5.368609
5.293436
5.284450
5.278345
5.267451
5.252368
5.224273
5.209159
5.196718
5.126309
4.901377
4.673793
4.046173
3.898654
0.322369
0.330538
4.101762
4.357996
4.558581
4.898052
5.125281
5.229250
5.298855
5.314887
5.318657
5.328010
5.352548
5.382891
5.359976
0.000140
0.000071
0.000037
0.000022
0.000005
0.000005
0.000002
0.000002
0.000001
0.000001
0.000000
0.000001
0.000000
0.000001
0.000000
0.000000
0.000000
0.000000
0.000000
0.000000
0.000001
0.000000
0.000000
0.000000
0.000000
0.000000
0.000000
0.000001
0.000000
0.000001
0.000001
0.000001
0.000001
0.000002
0.000003
0.000004
0.000007
0.000007
0.000003
0.000002
0.000002
0.000002
0.000002
0.000001
0.000001
0.000001
0.000000
0.000001
0.000000
0.000001
0.000001
0.000000
0.000000
0.000000
0.000000
0.000001
0.000001
0.000001
0.000000
0.000001
0.000001
0.000000
0.000000
0.000000
0.000000
0.000000
0.000000
0.000000
0.000000
0.000000
0.000000
0.000000
0.000001
0.000000
0.000001
0.000000
0.000001
0.000000
0.000001
0.000001
0.000004
0.000003
0.000004
0.000001
0.000002
0.000001
0.000001
0.000001
0.000001
0.000001
0.000001
0.000001
0.000001
0.000001
0.000001
0.000000
0.000000
0.000002
0.000000
0.000000
0.000000
0.000000
0.000000
0.000000
0.000000
0.000001
0.000001
0.000003
0.000009
0.000022
0.000040
0.000088
5.116653
5.128926
5.143795
5.155721
5.163582
5.160380
5.156690
5.152479
5.141820
5.133833
5.132691
5.118491
5.112933
5.107145
5.106731
5.104685
5.099629
5.096882
5.094533
5.093025
5.093345
5.093482
5.092106
5.092897
5.093659
5.091858
5.091176
5.087220
5.093025
5.191310
5.193018
5.198231
5.204224
5.207725
5.204239
5.179911
5.103979
4.734863
0.570286
0.264741
0.173099
0.116763
3.254278
3.306297
2.316908
0.002227
0.002077
0.002454
0.002526
0.022554
0.024450
3.788458
4.310196
4.776713
5.090756
5.153983
5.216017
5.586374
5.609448
5.628105
5.620807
5.602923
5.608034
5.610543
5.612585
5.612192
5.613182
5.614593
5.617150
5.617560
5.617353
5.618502
5.618735
5.618558
5.618063
5.616112
5.614950
5.616426
5.620868
5.619272
5.600076
5.823373
5.886692
5.768376
5.664192
0.136456
5.518333
5.408340
5.013907
0.094169
0.093151
0.270157
4.870479
4.970126
0.818115
6.011905
6.118196
6.152244
6.168403
6.171272
6.167261
6.166009
6.168527
6.169095
6.170310
6.169347
6.169770
6.170621
6.171344
6.167886
6.159879
6.156696
6.154630
6.152422
6.147884
6.038300
5.876908
6.006960
6.100968
6.151747
6.159417
6.155328
6.154612
6.157166
6.157497
6.158911
6.159606
6.159215
6.160528
6.159108
6.152051
6.146836
6.144789
6.141058
6.151708
6.162986
6.167078
6.172593
6.177142
6.181302
6.189239
6.186652
6.394435
6.586567
6.611868
6.588955
6.561432
6.223846
0.084031
0.065101
0.016778
0.015993
0.062712
0.109137
5.273013
5.280242
5.259244
5.507027
5.665927
5.762490
5.897618
6.015256
6.059009
6.155475
6.238562
6.241539
6.240013
6.205964
5.959848
5.705853
5.202100
5.924474
6.092675
6.186505
6.218284
6.218472
6.196893
6.168604
5.989840
2.383050
2.357887
4.238650
5.277308
6.293517
6.365964
6.430732
6.434501
6.435063
6.433323
6.425393
6.419003
6.414998
6.390423
6.363427
6.317018
6.273965
6.182189
6.020086
5.893843
5.196700
0.000733
0.000788
0.000144
0.000041
0.000037
0.000040
0.000007
0.000004
0.000013
0.000011
0.000008
0.000006
0.000015
0.000010
0.000016
0.000005
0.000005
0.000057
0.000036
0.000015
0.000016
0.000041
0.000033
0.000030
0.000057
0.000076
0.000074
0.000111
0.000107
0.000081
0.000017
0.000064
0.000077
0.000042
0.000012
0.000010
0.000012
0.000010
0.000031
0.000030
0.000163
0.000095
0.000171
0.000129
0.000052
0.000025
0.000026
0.000016
0.000017
0.000012
0.000018
0.000127
0.000116
0.000109
0.000120
0.000091
0.000098
0.000121
0.000130
0.000164
3.993584
3.789852
3.581114
3.171892
3.645702
3.671734
0.363232
0.115325
3.004876
3.949857
4.312647
4.900527
5.517837
5.926601
6.110418
6.212811
6.241564
0.002259
0.002261
0.002274
0.003213
0.004657
6.397052
6.421141
6.461761
6.537254
6.577501
6.683293
6.921357
6.998382
7.048336
7.104715
7.143822
7.183205
7.208022
7.218776
7.228517
7.228901
7.228716
7.228173
7.227062
7.225940
7.225621
7.615944
7.618535
7.619436
7.617798
7.615404
7.615505
7.617859
7.617570
7.616646
7.614313
7.601251
7.560020
7.482020
0.002292
0.001291
0.000484
0.000254
0.000082
0.000019
0.000011
0.000006
0.000005
0.000008
0.000012
0.000007
0.000015
0.000009
0.000009
0.000004
0.000010
0.000005
0.000007
0.000006
0.000009
0.000003
0.000001
0.000001
0.000001
0.000002
0.000001
0.000001
0.000002
0.000003
0.056136
6.835250
6.334323
5.999419
5.701751
5.399003
5.033728
0.369627
4.691336
0.082988
0.016492
0.014916
0.012930
0.016097
0.020155
5.319269
5.611215
6.002424
6.305735
6.457287
6.305895
6.409998
6.443679
6.465747
6.475051
6.490552
6.527101
6.592710
6.757202
6.827539
6.837875
6.838705
6.838052
6.837597
6.829190
6.759771
6.609168
6.347009
6.315436
6.237806
0.000011
0.000006
0.000002
0.000002
0.000001
0.000000
0.000000
0.000000
0.000000
0.000000
0.000000
0.000000
0.000000
0.000000
0.000000
0.000002
0.000001
0.000008
0.000000
0.000000
0.000000
0.000000
0.000000
0.000000
0.000000
0.000003
0.000000
0.000000
0.000000
0.000000
0.000000
0.000000
0.000000
0.000000
0.000000
0.000000
0.000000
0.000000
0.000000
0.000000
0.000000
0.000000
0.000000
0.000000
0.000000
0.000000
0.000000
0.000000
0.000000
0.000000
0.000000
0.000000
0.000000
0.000000
0.000000
0.000000
0.000000
0.000000
0.000000
0.000000
0.000000
0.000000
0.000000
0.000000
0.000000
0.000000
0.000000
0.000000
0.000000
0.000000
0.000000
0.000000
0.000000
0.000000
0.000000
0.000000
0.000000
0.000000
0.000000
0.000000
0.000000
0.000000
0.000000
0.000000
0.000000
0.000000
0.000001
0.000000
0.000000
0.000002
0.000001
0.000001
0.000000
0.000000
0.000000
0.000000
0.000000
0.000000
0.000000
0.000000
0.000000
0.000000
0.000000
0.000000
0.000000
0.000000
0.000000
0.000000
0.000000
0.000000
0.000000
0.000000
0.000000
0.000000
0.000000
0.000001
0.000002
0.000013
0.000014
0.000017
6.301473
6.219995
4.601867
4.600419
5.123163
5.519848
6.185571
0.001023
0.000561
0.000128
0.000052
0.000027
0.000011
0.000006
0.000004
0.000003
0.000002
0.000003
0.000004
0.000003
0.000011
0.000006
0.000013
0.000019
0.000049
0.000076
0.000147
0.000250
0.000672
0.001753
7.334993
7.583747
7.664944
7.688760
7.689784
7.687607
7.674393
7.672790
7.680119
7.684457
7.689487
7.690581
7.691032
7.691059
7.690515
7.690498
7.690891
7.690841
7.691009
7.691104
7.691105
7.690558
7.686145
7.681715
7.653600
7.637436
7.575036
7.484806
0.569793
7.392311
7.340008
7.059749
6.858481
0.477423
7.209969
7.117857
7.253642
7.263690
7.267600
7.169866
7.069973
6.810761
6.288963
5.609849
5.054333
0.543525
2.528569
4.386393
5.265169
5.892849
0.036914
6.841521
7.239496
7.358880
7.459434
7.538923
7.570911
7.593559
7.638861
7.667510
7.664659
7.651131
7.583863
0.001777
0.000930
0.000790
0.000725
0.000710
0.000691
0.000630
0.000789
0.000886
7.475264
7.466771
6.824354
6.675130
6.660698
6.640839
6.506233
6.387977
6.321924
0.035785
6.257993
6.198260
6.009493
5.892735
0.197706
0.012028
0.012106
0.024159
0.026391
6.033762
6.174577
6.237191
6.363482
6.467079
6.571860
6.519733
6.487039
6.632973
6.723515
6.770526
6.800388
6.803554
6.818784
6.839731
6.838679
6.832769
6.814550
6.753823
6.734902
6.728515
6.724414
6.710571
6.514726
6.512014
6.282930
6.306825
6.185375
6.203336
6.228525
6.256262
6.265153
6.420585
6.503816
6.525103
6.530776
6.547337
6.560509
6.566887
6.583536
6.608160
6.632761
6.652410
6.677061
6.681667
6.598081
6.558810
6.516752
6.210394
6.216434
6.339099
6.466749
6.590373
6.599121
6.600710
6.608811
6.620426
6.636646
6.644832
6.645983
6.656374
6.672039
6.668083
6.665194
6.661664
6.658991
6.645524
6.633848
6.542171
6.495725
6.482194
6.470236
6.434270
6.405346
6.380078
6.321571
6.089217
5.903702
5.772869
0.087152
0.050412
0.000521
0.000161
0.000337
0.049411
5.824953
5.917259
5.898461
5.893787
5.909351
0.000184
0.000117
0.000052
0.000052
0.000059
0.000041
0.000026
0.000021
0.000029
0.000014
0.000015
0.000021
0.000017
0.000009
0.000009
0.000281
0.000044
0.000028
0.000016
0.000022
0.000016
0.000024
0.000031
0.000027
0.000042
0.000029
0.000018
0.000021
0.000032
0.000056
0.000026
0.000053
0.000051
0.000069
0.000550
0.000483
0.002490
0.005970
0.005330
6.040189
6.187377
6.306076
6.420584
6.537431
6.575165
6.592393
6.605113
6.609229
6.610056
6.610427
6.606802
6.600716
6.517833
6.243853
5.676929
5.274348
4.491064
0.015414
0.009353
0.008152
0.006584
0.003653
0.003158
2.437017
4.028321
4.405542
4.793967
5.222562
5.548261
5.744551
5.928084
6.010279
5.992105
5.997704
5.998152
5.996029
6.006075
6.017447
6.029319
6.575822
6.589471
6.640038
6.665881
6.679412
6.696722
6.727501
6.744481
6.741935
6.735309
0.000000
0.000000
0.000000
0.000000
0.000000
0.000000
0.000000
0.000000
0.000000
0.000000
0.000000
0.000000
0.000000
0.000000
0.000000
0.000000
0.000001
0.000002
6.657266
6.640251
6.616159
6.603527
6.588096
6.583618
6.585989
6.597022
6.635826
6.544668
6.266287
6.126949
5.972891
5.966278
5.930395
5.906270
5.830454
5.803566
5.783450
6.028485
6.022329
6.031646
6.054877
6.104842
6.125199
6.138629
6.150345
6.169949
6.185466
6.357691
6.408824
6.444073
6.484381
6.497495
6.477293
6.421983
5.980996
5.969780
5.961476
5.958398
5.942386
5.902617
5.885895
5.847786
5.719995
5.776887
5.996641
6.105878
6.082422
6.085058
6.060396
0.004351
0.004142
0.003588
0.003793
0.004126
0.004374
0.023285
6.120562
6.164224
6.228639
6.241961
6.247377
6.017350
5.738832
5.736778
5.730351
5.725126
5.719293
5.717145
5.717178
5.719959
5.717831
5.713816
5.706242
5.565945
0.041435
0.034466
0.033270
5.365924
5.071216
5.201029
5.253352
5.330384
5.454221
5.504823
5.570681
5.573454
5.576710
5.582058
5.517054
5.517063
5.524033
5.524202
5.516686
5.516632
5.516126
5.514076
5.512765
5.512938
5.514166
5.516236
5.516641
5.516684
5.516959
5.516873
5.516827
5.517743
5.517717
5.516738
5.515933
0.000211
5.514843
5.515286
5.514692
5.514969
5.515921
5.516294
5.516373
5.516457
5.516088
5.514746
5.517625
5.518648
5.519034
5.495347
5.444023
5.258849
0.039623
0.030473
0.028006
5.207038
5.288335
5.327837
5.357517
5.371204
5.388687
5.401424
5.416549
5.434746
5.441507
5.450322
5.455566
5.455721
5.455793
5.454736
5.453271
5.441500
0.106237
5.291769
5.409875
5.451441
5.456520
5.456604
5.456208
5.455855
5.455607
5.455742
5.455822
5.454358
5.451384
5.430597
5.383635
5.416749
5.231540
5.197314
5.185503
5.175603
5.330993
5.380089
5.386000
5.398370
5.399926
5.402212
5.401505
5.345758
5.254067
5.018320
4.868826
4.738400
4.657390
4.080310
3.750266
3.437434
3.146861
2.114338
1.644726
1.484138
1.434324
1.037193
0.961491
0.028567
0.006195
1.744842
1.974880
2.210732
2.522719
2.869064
2.998521
3.097846
3.096044
3.075660
2.999445
2.915966
2.851276
2.729266
2.638178
2.459906
2.330640
2.124544
1.954070
1.748967
1.573465
1.230279
0.018591
0.009545
0.002056
0.001567
0.001920
0.826937
0.779091
0.071878
0.063596
0.002083
0.560044
0.634035
0.654413
0.592465
0.572766
0.614660
0.529400
0.522590
0.104452
0.083540
0.082959
0.047725
0.011766
0.003389
0.002970
0.000935
0.000720
0.001331
0.008357
0.009282
0.012011
0.245394
0.703410
0.740511
0.911555
0.966327
0.000915
0.000712
0.002199
0.019798
0.023048
1.014715
1.874687
2.155957
2.506288
2.843807
3.209715
3.519119
3.765224
4.082748
4.459115
4.675826
4.948616
5.155486
5.244230
5.321548
5.358754
5.410860
5.415883
5.428331
5.428796
5.399673
5.400223
0.019192
0.014183
0.012141
0.004584
0.003141
0.003125
0.001483
0.001459
0.001469
0.001538
0.001505
0.001489
0.001429
0.001424
0.001428
0.001432
0.001425
0.001424
0.001430
0.001427
0.001523
0.001515
0.001553
0.001565
0.001581
0.001798
0.002712
0.002649
5.347951
5.418837
5.555554
5.641900
5.686350
5.742319
5.763752
5.761382
5.772878
5.784865
5.810158
5.759655
5.705784
5.663486
5.642349
5.556044
5.415891
5.318190
5.098152
0.058768
4.963670
4.859729
4.300169
0.025057
0.067905
0.048313
4.320942
4.101889
4.120204
0.010869
0.010188
0.009998
0.010805
0.010770
0.010870
0.011196
0.013109
0.019424
5.071445
5.473580
5.846388
5.922195
5.950366
5.964600
5.963488
5.937956
5.890555
5.799445
5.608987
5.455719
0.133515
5.116108
5.197591
5.272396
5.325760
5.558224
5.668314
5.752068
5.796713
5.866492
5.868539
5.872819
5.871460
5.882324
5.885859
5.887834
5.889869
5.870384
5.870905
5.876079
5.879963
5.889704
5.882620
5.882976
5.876542
5.877963
5.879327
5.884088
5.885555
5.887632
5.891566
5.895177
5.894390
5.893041
5.891056
5.888270
5.886020
0.000072
0.000070
0.000113
0.000001
0.000001
0.000001
0.000002
0.000003
0.000003
0.000017
0.000008
0.000004
0.000006
0.000002
0.000004
0.000004
0.000056
0.000059
0.000064
5.884561
5.885995
5.888693
5.890125
5.893627
5.894304
5.894033
5.893775
5.893109
5.893706
5.894525
5.891024
5.885466
5.869759
6.305618
6.272308
6.270281
6.231637
6.206463
6.156635
6.058011
5.871610
5.703534
0.083996
6.160877
6.246468
6.320288
6.294222
6.242457
6.208950
6.176506
6.134699
0.064175
6.337187
6.343062
6.358351
6.364919
6.380876
6.386607
6.397245
6.411061
6.417680
6.422785
6.424365
6.425825
6.427969
6.431373
6.432230
6.432002
6.426706
6.413692
6.162548
6.293975
6.299105
6.298951
6.298788
6.298456
6.296222
6.279834
6.277314
6.272780
6.267700
6.257678
6.246086
6.075393
5.576793
5.702294
5.739252
5.843528
5.715320
6.001775
6.010754
5.913889
0.069812
0.068133
5.730285
5.623316
5.384285
5.351686
5.308136
0.054359
0.063549
5.490947
5.628090
5.694476
5.785439
5.807020
5.798189
5.830455
5.845837
5.850955
5.850253
5.851831
5.841359
5.834942
5.824672
5.824649
5.824185
5.819994
5.769582
5.738173
5.674132
5.591308
5.500214
5.369035
5.695911
5.791733
5.812286
5.812937
5.813074
5.746800
5.676436
5.338062
4.234611
3.486169
3.970070
4.497457
4.806195
5.102902
5.230016
5.374794
5.529544
5.606709
5.711676
5.787324
5.803721
5.827051
5.859267
5.890682
5.906680
5.919692
5.935779
5.968366
5.996235
6.020365
6.028841
6.045278
6.050621
6.055852
6.063000
6.093409
6.097020
6.102509
6.103365
6.097174
6.081963
6.061216
5.945789
5.790944
5.572786
5.345252
4.838452
4.673257
0.094741
4.604363
4.666323
4.894439
5.071768
5.255197
5.337539
0.109019
5.599744
5.818429
5.861327
5.879639
5.883898
5.881247
5.880042
5.880217
5.879584
5.879764
5.874691
5.863779
5.765381
5.599021
5.571185
5.565431
5.547881
5.536270
5.531107
5.531037
5.525719
5.528218
5.535993
5.540271
5.536110
5.525576
5.520033
5.513879
5.507181
5.493291
5.483071
5.465117
5.425572
5.340767
4.799767
4.775891
4.755308
4.740309
4.610905
4.592154
4.581069
4.551266
4.523106
0.038743
4.680052
4.599427
4.508611
0.000030
0.000023
0.000010
0.000007
0.000006
0.000006
0.000007
0.000008
0.000012
0.000038
0.000066
0.000120
0.000303
0.001868
0.002419
4.763735
0.021219
0.012406
0.011943
0.010980
0.017381
4.579498
4.455151
4.449684
4.450176
4.450246
4.463101
4.474556
4.480043
4.488381
4.500683
4.506142
4.506764
4.508802
4.514871
4.576412
4.576799
0.008545
4.576422
4.588502
4.588233
4.574475
4.537965
4.537399
4.537102
4.536920
4.532718
4.527379
4.514003
4.504252
4.498536
4.494704
4.492499
4.491403
4.481349
4.494731
4.487626
4.449966
4.415548
4.380603
4.303240
4.083240
0.013967
0.013448
0.013321
0.012730
0.000000
0.000000
0.000000
0.000000
0.000000
0.000000
0.000000
0.000000
0.000000
0.000000
0.000000
0.000000
0.000000
0.000000
0.000000
0.000000
0.000000
0.000000
0.000000
0.000000
0.000000
0.000000
0.000000
0.000000
0.000000
0.000000
0.000000
0.000000
0.000000
0.000000
0.000000
0.000000
0.000000
0.000000
0.000000
0.000000
0.000000
0.000000
0.000000
0.000000
0.000000
0.000000
0.000000
0.000000
0.000000
0.000000
0.000000
0.000000
0.000000
0.000000
0.000000
0.000000
0.000000
0.000000
0.000000
0.000000
0.000000
0.000000
0.000000
0.000000
0.000000
0.000000
0.000000
0.000000
0.000000
0.000000
0.000000
0.000000
0.000000
0.000000
0.000000
0.000000
0.000000
0.010908
3.736164
3.627515
0.402313
3.335530
3.173921
1.958999
3.812786
4.059814
4.247486
4.449111
0.000000
0.000000
0.000000
0.000000
0.000000
0.000000
0.000000
0.000000
0.000000
0.000000
0.000000
0.000000
0.000000
0.000000
0.000000
0.000000
0.000000
0.000000
0.000000
0.000000
0.000000
0.000000
0.000000
0.000000
0.000000
0.000000
0.000000
0.000000
0.000000
0.000000
0.000000
0.000000
0.000000
0.000000
0.000000
0.000000
0.000000
0.000000
0.000000
0.000000
0.000000
0.000000
0.000000
0.000000
0.000000
0.000000
0.000000
0.000000
0.000000
0.000000
0.000000
0.000000
0.000000
0.000000
0.000000
0.000000
0.000000
0.000000
0.000000
0.000000
0.000000
0.000000
0.000000
0.000000
0.000000
0.000000
0.000000
0.000000
0.000000
0.000000
0.000000
0.000000
0.000000
0.000000
0.000000
0.000000
0.000000
0.000000
0.000000
0.000000
0.000000
0.000000
0.000000
0.000000
0.000000
0.000000
0.000000
0.000000
0.000000
0.000000
0.000000
0.000000
0.000000
0.000000
0.000000
0.000000
0.000000
0.000000
0.000000
0.000000
0.000000
0.000000
0.000000
0.000000
0.000000
0.000000
0.000000
0.000000
0.000000
0.000000
0.000000
0.000000
0.000000
0.000000
0.000000
0.000000
0.000000
0.000000
0.000000
0.000000
0.000000
0.000000
0.000000
0.000000
0.000000
0.000000
0.000000
0.000000
0.000000
0.000000
0.000000
0.000000
0.000000
0.000000
0.000000
0.000000
0.000000
0.000000
0.000000
0.000000
0.000000
0.000000
0.000000
0.000000
0.000000
0.000000
0.000000
0.000000
0.000000
0.000000
0.000000
0.000000
0.000000
0.000000
0.000000
0.000000
4.593080
4.707111
4.785226
4.820929
4.827618
4.823071
4.823672
4.817582
0.001344
0.000000
0.000000
0.001604
0.000115
0.000093
0.000090
0.000089
0.000008
0.000016
0.000004
0.000006
0.000200
0.000030
0.000015
0.000016
0.000018
0.000004
0.000001
0.000001
0.000001
0.000003
0.000000
0.000000
0.000000
0.000000
0.000000
0.000000
0.000000
0.000000
0.000000
0.000000
0.000000
0.000000
0.000000
0.000000
0.000000
0.000000
0.000000
0.000000
0.000000
0.000000
0.000000
0.000000
0.000000
0.000000
0.000000
0.000000
0.000000
0.000000
0.000000
0.000000
0.000000
0.000000
0.000000
0.000000
0.000000
0.000000
0.000000
0.000003
0.000002
0.000002
0.000001
0.000002
0.000015
0.000033
0.000033
0.000208
0.000513
0.000644
4.929906
4.933366
4.936776
4.940449
4.940828
4.941377
4.947591
4.954228
4.959566
5.037234
0.000000
0.000000
0.000018
0.000017
0.000016
0.000014
0.000013
0.000003
0.000002
0.000001
0.000004
0.000006
0.000008
0.000008
0.000009
0.000010
0.000010
0.000000
0.000000
0.000000
0.000000
0.000000
0.000000
0.000000
0.000000
0.000000
0.000000
0.000000
0.000000
0.000000
0.000000
0.000000
0.000000
0.000000
0.000000
0.000000
0.000000
0.000000
0.000000
0.000000
0.000000
0.000000
0.000000
0.000000
0.000000
0.000000
0.000000
0.000000
0.000000
0.000011
0.000011
0.000001
0.000001
0.000001
0.000001
0.000001
0.000000
0.000000
0.000000
0.000000
0.000000
0.000000
0.000000
0.000000
0.000000
0.000000
0.000000
0.000000
0.000000
0.000000
0.000000
0.000000
0.000000
0.000000
0.000000
0.000000
0.000000
0.000000
0.000000
0.000000
0.000000
0.000000
0.000000
0.000000
0.000000
0.000000
0.000000
0.000000
0.000000
0.000000
0.000000
0.000000
0.000000
0.000000
0.000000
0.000000
0.000000
0.000000
0.000000
0.000000
0.000000
0.000000
0.000000
0.000000
0.000000
0.000000
0.000000
0.000000
0.000000
0.000000
0.000000
0.000000
0.000000
0.000000
0.000000
0.000000
0.000000
0.000000
0.000000
0.000000
0.000000
0.000000
0.000000
0.000000
0.000000
0.000000
0.000000
