0.036698
0.002135
0.000977
0.000891
0.000766
0.000613
0.000140
0.000141
0.000145
0.000471
0.000469
0.000461
0.000440
0.000946
0.000980
0.001010
0.001016
0.000989
0.000034
0.000038
0.002462
0.002537
0.002602
0.000209
0.000215
0.000178
0.000156
0.000158
0.000225
0.007709
0.008650
0.008359
0.009680
0.010945
0.011124
0.000017
0.000007
0.000007
0.000006
0.000006
0.000003
0.000004
0.000010
0.010907
0.037545
0.036743
0.035980
0.035400
0.001927
0.001969
0.004365
0.004838
0.010761
0.019243
1.752395
1.703740
1.539917
0.783286
0.603244
0.533229
0.008889
0.000001
0.000001
0.000000
0.000000
0.000000
0.000000
0.000000
0.000000
0.000000
0.000000
0.000000
0.000000
0.000000
0.000000
0.000473
0.000374
0.000173
0.000786
0.000000
0.000000
0.000000
0.000000
0.000000
0.000000
0.000000
0.000000
0.000000
0.000000
0.000000
0.000000
0.000000
0.000000
0.000000
0.000000
0.000000
0.000001
0.000933
0.313163
0.332765
0.333861
0.348598
0.005791
0.000012
0.270632
0.270360
0.199772
0.204601
0.102870
0.050701
0.029624
0.001992
0.001523
0.001613
0.001561
0.001380
0.001233
0.000034
0.000022
0.000018
0.000004
0.000003
0.000001
0.000000
0.000000
0.000000
0.000000
0.000000
0.000000
0.000000
0.000000
0.000000
0.000000
0.000000
0.000000
0.000002
0.000000
0.000000
0.000000
0.000000
0.000000
0.000000
0.000000
0.000000
0.000000
0.000000
0.000000
0.000001
0.000001
0.000001
0.000001
0.000001
0.000001
0.000002
0.000002
0.000001
0.000001
0.000000
0.000003
0.000002
0.000002
0.000005
0.000001
0.000000
0.000000
0.000000
0.000001
0.000000
0.000004
0.000000
0.000001
0.000001
0.000001
0.000000
0.000001
0.000001
0.000001
0.000001
0.000001
0.000000
0.000001
0.000001
0.000000
0.000000
0.000000
0.000001
0.000001
0.000001
0.000001
0.000001
0.000003
0.000006
0.000009
0.000012
0.000321
0.000408
0.000546
0.000004
0.000010
0.000005
0.000006
0.000011
0.000011
0.000004
0.000005
0.000009
0.000008
0.000009
0.000017
0.000022
0.000018
0.000011
0.000010
0.000008
0.000011
0.000008
0.000006
0.000011
0.000004
0.000006
0.000017
0.000016
0.000034
0.000016
0.000030
0.000024
0.000034
0.000025
0.000028
0.000070
0.000085
0.000137
0.000060
0.014405
0.000279
0.000256
0.000028
0.000046
0.000025
0.000040
0.000302
0.000262
0.000059
0.000114
0.000034
0.000062
0.000031
0.000134
0.000174
0.000108
0.000077
0.000132
0.000082
0.000060
0.000109
0.000073
0.000086
0.002881
0.005294
0.013951
0.014711
0.353221
0.408617
0.071362
0.576657
0.597666
0.699635
0.705767
0.584997
0.050347
0.000141
0.000111
0.000101
0.000041
0.000057
0.000092
0.000357
0.000672
0.008717
0.010285
0.010724
0.010802
0.010990
0.011609
0.011949
0.011865
0.010537
0.008749
0.001635
0.002078
0.002483
0.012941
0.019420
0.023393
1.478615
0.036047
1.803500
1.984154
2.119799
0.007266
0.009785
2.598465
3.082065
0.016820
3.662426
4.260482
4.712021
5.539524
5.692832
5.719398
5.780985
5.789273
5.796183
5.837468
5.846819
5.857144
5.864484
5.869319
5.848664
5.852785
5.782911
5.777308
5.731175
5.616804
5.401848
2.076853
5.679875
6.057242
5.968698
6.113633
6.127494
5.736065
4.673758
0.015072
0.000734
0.000483
0.000134
0.000068
0.000031
0.000024
0.000027
0.000022
0.000029
0.002663
0.002736
0.002432
0.002241
0.002241
0.002124
0.000285
0.000022
0.000019
0.000020
0.000008
0.000007
0.000008
0.000010
0.000009
0.000007
0.000012
0.000011
0.000602
0.000594
0.000530
0.000908
0.004935
0.005242
0.005507
0.005545
0.005643
0.005601
0.005639
0.005622
0.005668
0.005748
0.005966
0.006234
0.006338
0.006604
0.006933
0.006966
0.006865
0.006883
0.006781
0.006763
0.006495
0.004914
0.003965
0.003316
0.002620
0.002093
0.001989
0.000068
0.000057
0.000013
0.000010
0.000014
0.000018
0.000019
0.000006
0.000011
0.000041
0.000055
0.000093
0.000243
0.006542
0.011630
0.018442
1.282921
5.384341
6.088186
6.822944
7.071720
7.081314
7.069680
7.034715
0.009987
0.001673
0.000913
0.000680
0.000135
0.000076
0.000046
0.000016
0.000014
0.000006
0.000007
0.000009
0.000016
0.000026
0.000058
0.000102
0.000241
0.000461
6.817701
6.985346
7.007255
7.008111
7.005464
7.011148
7.008555
7.399322
7.670343
7.768332
7.866300
7.888436
7.887778
7.887179
7.889474
7.890078
7.892168
7.893314
7.894497
7.894131
7.894502
7.894503
7.894667
7.895396
7.895531
7.895516
7.895467
7.895256
7.893099
7.878050
7.785275
7.526804
7.526359
7.526079
7.526015
7.525783
7.525896
7.525886
7.526079
7.526249
7.526254
7.525956
7.525514
7.523746
7.520615
7.518798
7.513788
7.509803
7.489881
7.396065
7.208130
6.565058
6.081854
6.969639
6.867283
6.900297
7.161635
7.181484
0.024362
0.023682
0.024295
0.024274
0.025327
0.027717
7.329004
7.463966
7.505244
7.522243
7.524572
7.526207
7.525742
7.525790
7.526288
7.526430
7.526566
7.528794
7.529132
7.847872
7.891782
7.895434
8.312188
8.317797
8.318808
8.318465
8.318156
8.313469
8.252615
0.276958
8.045903
8.102772
8.187580
8.271674
8.323932
8.331266
8.355630
8.355438
8.351849
8.340369
8.324491
7.964813
7.955207
7.941285
7.941160
7.941312
7.941733
7.943797
7.944469
8.023132
8.038482
8.040781
8.040934
8.075706
8.072321
8.069602
7.974689
7.973319
7.939339
7.923672
7.916946
7.908765
7.556368
7.305773
0.062590
0.060144
0.055793
6.237087
5.874975
5.373244
4.448160
4.025515
1.495149
0.304556
0.230792
0.039934
0.012679
3.264614
3.957300
4.148770
4.367673
5.395970
5.912459
6.383637
6.913068
7.337925
7.707144
8.125180
0.061003
0.074241
0.090987
9.173629
9.400542
9.552813
9.578913
9.586836
9.592588
9.595798
9.596891
9.596726
9.596007
9.596127
9.596999
9.596694
9.594163
9.584242
9.538331
9.325953
0.000687
0.000220
0.000132
0.000103
0.000104
0.000091
0.000064
0.000066
0.000002
0.000002
0.000003
0.000005
0.000013
0.000052
0.000089
0.000226
0.000404
8.636703
8.655400
8.658892
8.643747
8.656903
8.684519
8.711963
8.727984
8.745165
8.765053
8.755678
8.521321
8.398077
0.091007
0.108819
7.844294
7.838305
7.843436
7.854912
7.880489
7.906776
8.181432
8.083021
8.097580
8.136866
8.339766
8.373661
8.228266
8.213192
8.202877
8.114639
8.075100
7.991763
7.994678
8.141153
8.169536
8.111881
8.170247
7.981013
7.550388
0.294393
0.313607
7.843185
7.840844
7.979031
7.996056
7.665990
8.218839
8.323440
8.327967
8.265904
8.233400
8.234357
8.608891
8.692037
8.750436
8.765564
8.768675
8.763136
8.755539
8.731845
8.709448
8.682109
8.392363
7.888439
7.337105
8.016552
8.089089
8.126279
8.127756
8.125500
8.120959
8.119110
8.162561
8.170810
8.181679
8.183344
8.184860
8.124843
8.116943
8.116598
8.116897
8.117781
8.105786
8.045106
8.013912
8.199129
0.001702
0.001360
0.000378
0.000303
0.000159
0.000138
0.000026
0.000024
0.000031
0.000080
0.000085
0.000144
0.000238
0.000474
0.001039
0.002247
8.537258
8.616703
8.663256
8.727004
8.757965
8.816506
8.837007
8.925895
8.956687
8.967807
8.973542
8.976983
8.986382
8.554855
8.560284
8.560868
8.558126
8.544458
8.531757
8.469679
8.468719
8.467071
8.466929
8.467049
8.311632
8.311646
8.311581
8.311619
8.311607
8.310618
8.304938
8.230977
0.004285
0.000576
0.000469
0.000426
0.000061
0.000054
0.000049
0.000063
0.000068
0.000075
0.000097
0.000138
0.000430
0.000608
0.003416
8.273371
8.307967
8.310081
8.310020
8.295558
8.274732
8.212803
0.004599
0.001622
0.000769
0.000458
0.000141
0.000061
0.000026
0.000020
0.000013
0.000011
0.000013
0.000028
0.000006
0.000004
0.000012
0.000006
0.000006
0.000008
0.000016
0.000105
0.000144
0.000254
0.000942
0.001891
8.109306
8.185719
8.262007
8.301046
8.308789
8.313728
8.311757
8.311139
8.311057
8.311459
8.311509
8.311550
8.311468
8.311501
8.311571
8.311616
8.311529
8.311260
8.310408
8.308203
8.306461
8.306065
8.307642
8.310768
8.311074
8.310770
8.310873
8.310446
8.307747
8.307461
8.309219
8.309585
8.310107
8.310885
8.310005
8.309832
8.310032
8.309955
8.310207
8.310973
8.307923
8.300158
8.247819
8.144114
0.000507
0.000371
0.000254
0.000077
0.000045
0.000012
0.000011
0.000007
0.000008
0.000003
0.000002
0.000005
0.000002
0.000001
0.000001
0.000001
0.000001
0.000001
0.000002
0.000004
0.000009
0.000020
0.000034
0.000079
0.000179
0.000324
7.940235
7.780904
7.809662
7.807835
7.806171
7.788503
7.754256
0.055857
0.004167
0.002401
0.000603
0.000473
0.000131
0.000118
0.000088
0.000062
0.000011
0.000011
0.000019
0.000002
0.000003
0.000005
0.000010
0.000016
0.000081
0.000003
0.000002
0.000002
0.000001
0.000001
0.000001
0.000036
0.000014
0.000015
0.000017
0.000012
0.000007
0.000001
0.000001
0.000001
0.000001
0.000001
0.000001
0.000000
0.000000
0.000001
0.000001
0.000001
0.000001
0.000002
0.000003
0.000003
0.000003
0.000002
0.000004
0.000013
0.000005
0.000014
0.000010
0.000009
0.000008
0.000003
0.000002
0.000001
0.000000
0.000001
0.000001
0.000001
0.000001
0.000001
0.000001
0.000001
0.000001
0.000002
0.000004
0.000004
0.000012
0.000002
0.000001
0.000002
0.000000
0.000001
0.000001
0.000001
0.000002
0.000002
0.000001
0.000001
0.000001
0.000000
0.000001
0.000002
0.000013
0.000017
0.000021
0.000031
0.000043
7.377344
7.381032
7.381039
7.381837
7.380700
7.378295
7.373550
0.000054
0.000026
0.000009
0.000006
0.000002
0.000001
0.000001
0.000001
0.000002
0.000001
0.000001
0.000002
0.000007
0.000001
0.000000
0.000000
0.000001
0.000001
0.000002
0.000002
0.000011
0.000014
0.000018
0.000036
0.000092
0.000646
7.396927
7.395584
7.395073
7.394300
7.122113
7.048008
6.814948
0.002083
0.001615
0.001054
0.000323
0.000307
6.589163
6.395681
6.110519
0.798042
4.045838
4.203037
4.300352
4.248332
3.994522
3.779649
0.318875
0.009529
0.000009
0.000009
0.000007
0.000005
0.000004
0.000004
0.000007
0.000006
0.000018
0.000033
0.000010
0.000005
0.000013
0.000013
0.000017
0.000031
0.000036
0.012686
3.618685
4.121195
4.365680
0.013525
0.013670
4.791532
5.327232
5.558164
5.842061
0.063550
0.074991
6.835495
6.897547
6.931606
6.904960
0.094262
0.000061
0.000013
0.000005
0.000005
0.000003
0.000005
0.000004
0.000005
0.000012
0.000003
0.000004
0.000017
0.000013
0.000005
0.000026
0.000055
0.000088
0.000004
0.000002
0.000001
0.000001
0.000004
0.000027
0.000277
0.000006
0.000001
0.000001
0.000002
0.000001
0.000001
0.000001
0.000000
0.000000
0.000000
0.000004
0.000000
0.000000
0.000001
0.000000
0.000000
0.000000
0.000000
0.000001
0.000000
0.000002
0.000004
0.000000
0.000000
0.000000
0.000000
0.000000
0.000000
0.000000
0.000000
0.000000
0.000000
0.000001
0.000001
0.000000
0.000001
0.000001
0.000001
0.000002
0.000003
0.000034
0.151915
6.370093
6.453700
6.380769
6.350721
0.872567
6.485863
6.677324
6.662508
6.637419
6.631411
6.588818
6.515376
6.450878
6.381601
6.215200
5.870783
0.001827
0.001389
0.001053
0.000533
0.000447
0.000941
0.000570
0.000147
0.000008
0.000005
0.000001
0.000001
0.000000
0.000000
0.000000
0.000000
0.000000
0.000000
0.000000
0.000000
0.000000
0.000001
0.000000
0.000000
0.000000
0.000000
0.000000
0.000000
0.000001
0.000000
0.000000
0.000000
0.000000
0.000000
0.000000
0.000000
0.000094
0.000097
0.000160
0.000113
0.000053
0.000088
0.000102
0.000068
0.000071
0.000243
0.000169
0.000092
0.000080
0.000215
0.000189
0.000000
0.000000
0.000000
0.000000
0.000000
0.000000
0.000000
0.000000
0.000000
0.000000
0.000000
0.000000
0.000000
0.000000
0.000000
0.000000
0.000000
0.000000
0.000000
0.000001
0.000000
0.000000
0.000000
0.000000
0.000000
0.000000
0.000000
0.000000
0.000000
0.000000
0.000000
0.000000
0.000000
0.000000
0.000000
0.000000
0.000214
5.171887
4.647575
4.262490
3.897364
3.443199
3.247019
2.983284
2.226645
0.554527
0.370578
0.260756
0.000080
0.117222
0.110041
0.025169
0.013183
0.013050
0.000013
0.000000
0.000000
0.000000
0.000000
0.000000
0.000000
0.000000
0.000000
0.000000
0.000000
0.000000
0.000000
0.000000
0.000000
0.000000
0.000000
0.000000
0.000000
0.000000
0.000000
0.000000
0.000014
0.000013
0.000017
0.000008
0.000000
0.000000
0.000000
0.000000
0.000000
0.000000
0.000000
0.000000
0.000000
0.000000
0.000000
0.000000
0.000000
0.000000
0.000000
0.000000
0.000000
0.000000
0.000000
0.000000
0.000000
0.000000
0.000000
0.000000
0.000000
0.000000
0.000000
0.000000
0.000000
0.000000
0.000000
0.000000
0.000000
0.000000
0.000000
0.000000
0.000000
0.000000
0.000000
0.000000
0.000000
0.000000
0.000000
0.000000
0.000000
0.000000
0.000000
0.000000
0.000000
0.000043
0.000314
0.000332
0.000347
0.000382
0.000383
0.000394
0.000402
0.000025
0.000025
0.000026
0.000027
0.000028
0.000028
0.000029
0.000029
0.000030
0.000032
