1.612538
0.042121
0.027599
0.001802
0.001487
0.000048
0.000049
0.000057
0.000052
0.000114
0.000145
0.000072
0.000038
0.000046
0.000033
0.000019
0.000032
0.001724
0.015097
0.016455
0.014024
0.014685
0.000151
0.000153
0.000198
0.022120
0.042404
0.047790
0.047407
0.115109
0.296680
0.306276
0.315518
0.325164
0.335602
0.404301
0.410801
0.350846
0.373756
0.365165
0.358359
0.264765
0.009239
0.010981
0.012028
0.206140
0.224505
0.068178
0.472908
0.506647
0.532841
0.606649
0.571412
0.506620
0.092848
0.100551
0.373697
0.429738
0.456456
1.728528
1.958905
2.458423
2.732407
3.048696
3.415367
3.956345
5.267341
5.705034
6.174014
6.544584
6.858171
7.052305
7.147574
0.022565
0.000306
0.000243
0.000213
0.000311
0.000894
0.018288
7.043786
7.126344
7.208135
7.267467
7.327678
7.780763
7.806961
7.828286
7.840662
7.767872
7.763742
7.744746
7.737555
7.733726
7.732505
7.734066
7.626169
7.625341
7.624579
7.624710
7.623727
7.618615
7.617052
7.617439
7.623805
7.626286
7.628933
7.632949
7.636860
7.647949
7.647636
7.977809
8.003534
7.982432
7.986664
8.009457
8.039294
8.077058
8.093509
8.091428
8.101100
8.109409
8.103448
8.101279
8.107570
8.133061
8.210261
8.271580
8.362678
8.507024
8.587511
8.582662
8.539515
8.546442
8.546875
8.546855
8.547052
8.545843
8.544888
8.544999
8.546454
8.546032
8.541606
8.539469
8.538351
8.532936
8.532697
8.538379
8.542206
8.540607
8.538878
8.539901
8.541057
8.542803
8.542949
8.541273
8.453818
8.356683
8.219642
8.034310
0.054163
7.696595
7.680340
7.654537
7.612332
7.388150
7.034358
6.758288
6.546460
0.341196
0.122632
0.114610
0.109399
0.106795
0.103980
0.099423
0.086697
0.075136
0.067788
0.060801
0.057641
0.001672
0.001356
0.001012
0.000767
0.034195
0.035507
0.030492
0.022762
0.007201
0.006487
0.005896
0.018583
0.035493
0.076304
0.091507
0.109661
0.125252
0.134313
0.145277
5.982379
6.380020
6.504232
6.691621
6.762029
7.385695
7.463150
7.447685
7.895467
7.961095
8.030194
8.112535
8.122424
8.122907
8.123414
8.122328
8.122785
8.122337
8.124443
8.658416
8.773923
8.786104
8.776361
8.778440
8.780044
8.776636
8.780455
8.787671
8.720067
8.679665
8.659898
8.650524
8.665973
8.700825
8.738642
8.764958
8.767735
8.767894
8.760187
8.763493
8.768680
8.769610
8.780326
8.822472
8.845501
8.855302
8.861315
8.861079
8.862098
8.863457
8.863307
8.862227
8.861781
8.861140
8.861245
8.862333
8.863176
8.863297
8.863322
8.863380
8.863445
8.863400
8.863584
8.863601
8.863357
8.863110
8.862701
8.862318
8.858827
8.853126
8.851780
8.852336
8.852410
8.847823
8.843599
8.842050
8.801947
8.534684
8.257939
7.911472
7.705145
7.492840
7.197928
7.153819
6.855468
6.837797
6.782001
6.751593
7.057966
7.063112
7.068197
7.048560
6.728301
6.724291
6.761030
6.758368
6.760766
6.815510
6.820473
6.839432
6.850684
6.873926
6.873560
6.874123
6.872092
6.804106
6.797352
6.790099
6.784580
6.778434
6.773873
6.768404
6.786675
6.772965
6.763547
6.759541
6.717672
6.713241
6.710959
6.703652
6.693642
6.688991
6.574934
6.412677
6.209558
6.061461
5.137598
4.427501
3.885723
3.436998
3.078841
2.763252
0.029909
2.213848
1.435088
1.300592
0.497816
0.465871
0.314161
0.316779
0.000686
0.001546
0.000676
0.000702
0.000805
0.000154
0.000150
0.000227
0.018029
0.026611
