0.000000
0.000000
0.000025
0.000024
0.000018
0.000597
0.000594
0.000575
0.000556
0.000550
0.000042
0.000003
0.000006
0.000010
0.000942
0.000927
0.000922
0.000922
0.001463
0.000289
0.001198
0.001591
0.001722
0.004671
0.004693
0.004694
0.230237
0.005831
0.005496
0.005354
0.004999
0.004532
0.000157
0.000167
0.000184
0.001275
0.003652
0.003798
0.004429
0.000058
0.000059
0.000036
0.000065
0.005408
0.005761
0.006091
0.006286
0.008480
0.037587
0.055504
0.111760
0.226140
0.316085
0.389755
0.588916
0.947813
1.164940
1.687652
0.000258
0.000341
0.003514
0.003898
2.256696
2.588287
2.673349
0.000663
0.000699
0.000630
0.000306
0.056246
0.053311
2.218470
2.135389
0.013829
0.000001
0.000001
0.000001
0.000001
0.000001
0.000001
0.000000
0.000000
0.000000
0.000002
0.000000
0.000000
0.000000
0.000000
0.000000
0.000000
0.000000
0.000000
0.000001
0.000001
0.000001
0.000001
0.000001
0.000001
0.000001
0.000002
0.000003
0.000002
0.000001
0.000001
0.000001
0.000002
0.000005
0.000001
0.000001
0.000001
0.000002
0.000001
0.000001
0.000002
0.000003
0.000001
0.000001
0.000002
0.000001
0.000002
0.000001
0.000004
0.000002
0.000002
0.000002
0.000002
0.000006
0.000005
0.000002
0.000003
0.000014
0.000012
0.000008
0.000009
0.000005
0.000004
0.000014
0.000015
0.000014
0.000013
0.000007
0.000007
0.000039
0.000057
0.000006
0.000005
0.000005
0.000007
0.000008
0.000007
0.000009
0.000005
0.000004
0.000002
0.000002
0.000003
0.000011
0.000013
0.000020
0.000005
0.000005
0.000012
0.000018
0.000037
0.000021
0.000030
0.000033
0.000082
0.000172
2.017537
0.051432
1.822754
1.682082
1.523465
0.527143
0.410324
0.000027
0.000024
0.000096
0.000191
0.000053
0.000055
0.000078
0.286961
2.095458
2.299769
2.470733
2.653436
2.834707
3.078684
3.331952
3.713525
3.772285
3.807161
3.764939
3.843347
3.847278
0.000010
0.000040
0.000044
0.000102
0.000022
0.000022
0.000023
0.000050
0.000296
0.000351
0.000074
0.000149
0.000079
0.000071
0.000116
0.000108
0.000046
0.000082
0.000155
0.000808
0.001557
0.003748
0.003737
0.103512
4.783713
5.266072
5.546252
5.655356
5.746105
5.767802
5.790681
5.792948
5.792931
5.809767
5.809365
5.812189
5.816893
5.885753
5.886600
5.891745
5.895243
6.082846
6.089294
6.091525
0.000723
0.000417
0.000528
0.000448
0.000793
0.000821
0.002301
0.007859
6.137911
6.172219
6.217341
6.226218
6.242833
6.268952
6.491320
6.502622
6.537785
6.544597
6.551947
6.567317
6.591104
6.595666
6.602887
6.433725
6.431151
6.426137
6.361912
6.156487
6.268810
6.387707
6.394410
6.617218
6.637351
6.647429
6.651935
6.607129
6.531904
6.479215
0.042179
0.024502
0.022656
6.421177
6.469498
6.504395
6.560984
6.567290
6.568652
6.566882
6.566668
6.592474
0.000550
0.000202
0.000115
0.000012
0.000010
0.000007
0.000036
0.000049
0.000242
0.000427
0.000340
0.000537
0.000400
0.000627
0.000510
0.000511
0.000045
0.000035
0.000041
0.000050
0.000031
0.000122
0.000046
0.000056
0.000076
6.586042
6.580029
6.511828
6.474212
0.003199
0.002474
0.001308
0.001076
0.001027
0.001258
6.290090
6.293324
6.296533
6.300129
6.306678
6.330049
0.000268
0.000278
0.000119
0.000097
0.000017
0.000024
0.000036
0.000021
0.000101
0.000063
0.000098
0.000182
0.000370
0.001826
6.427967
6.471575
6.578520
6.620927
6.637482
6.641419
6.638106
6.625079
6.600977
0.004100
0.002753
0.000077
0.000045
0.000024
0.000016
0.000013
0.000016
0.000238
0.000190
0.000202
0.000227
0.000215
0.000176
0.000002
0.000002
0.000001
0.000001
0.000001
0.000011
0.000012
0.000015
0.000465
0.000430
0.000312
0.000277
0.000276
0.000135
0.000372
6.368877
6.415032
6.465384
6.509165
6.554692
6.858616
6.868155
6.870704
6.871535
7.050885
7.055486
7.058325
7.059096
7.059839
7.060734
7.062690
7.061915
7.059235
7.056930
7.055055
7.052600
7.048504
7.043611
0.000777
0.000185
0.000095
0.000038
0.000022
0.000038
0.000016
0.000034
0.000025
0.000013
0.000064
0.000040
0.000031
0.000018
0.000021
0.000009
0.000003
0.000007
0.000025
0.000006
0.000008
0.000043
0.000034
0.000026
0.000302
0.000228
0.000039
0.000025
0.000037
0.000066
0.000061
0.000026
0.000020
0.000016
0.000048
0.000108
0.000018
0.000039
0.000124
0.000221
0.000020
0.000020
0.000095
0.000060
0.000045
0.000102
0.000021
0.000134
0.000492
0.000541
0.000659
0.000676
0.001155
7.131714
7.159845
7.261883
7.345912
7.458204
7.505493
7.520858
7.538564
7.538739
7.538690
7.538136
7.537974
7.538749
7.538756
7.538366
7.536947
7.536533
7.533320
7.530063
7.516314
7.500066
7.488817
7.486223
7.492683
7.498329
7.486519
7.475996
7.475705
7.466939
7.467809
7.472293
7.476675
7.421395
7.396459
7.316320
7.275359
7.234818
7.122035
7.123361
6.992595
6.937088
6.798007
6.592554
6.432998
6.358300
6.240685
6.304359
6.378046
6.402281
6.483464
6.528024
6.563664
6.611694
6.674435
6.715928
6.727466
6.733807
6.728312
6.718096
0.003026
0.002767
0.002378
0.002460
0.002387
0.002392
0.002644
0.002839
0.003553
0.007853
7.088263
7.167904
7.283063
7.336005
7.412421
7.409793
7.410663
7.381956
7.359525
7.219660
7.002312
6.697599
6.070288
5.501591
4.749578
3.128455
0.072809
0.228920
5.612963
6.209575
6.958081
7.082621
7.177880
7.293314
7.381293
7.442239
7.470108
7.510202
7.533660
7.540817
7.540254
7.538087
7.519562
7.452717
6.947188
6.562414
0.013014
0.009493
0.008039
0.004277
0.002170
0.001630
0.001098
0.000936
0.000735
5.721235
5.632804
5.443410
5.095296
4.741440
4.194166
3.813180
0.011058
3.422624
3.160333
2.956265
2.743121
1.569943
1.421703
0.134964
0.000215
0.000113
0.000229
0.000169
0.000130
0.000093
0.000098
0.000097
0.000066
0.021865
0.018883
0.016717
1.239730
1.643847
2.000652
2.161836
2.295123
2.328625
2.438506
2.453363
2.417614
2.347463
2.355406
2.316185
0.009312
0.005745
0.005006
0.004749
0.002633
1.450184
1.547089
0.639669
0.010918
0.423057
0.389414
0.012152
0.203981
0.657461
2.162509
2.588241
2.917003
3.279543
3.565683
3.778964
3.899234
4.230322
4.506733
4.902019
5.442005
5.751420
0.000167
0.000284
0.000454
0.000072
0.000060
0.000137
0.000027
0.000011
0.000008
0.000012
0.000029
0.000029
0.000005
0.000004
0.000003
0.000009
0.000009
0.000010
0.000010
0.000005
0.000005
0.000006
0.000002
0.000005
0.000009
0.000006
0.000006
0.000016
0.000016
0.000011
0.000007
0.000009
0.000016
0.000007
0.000008
0.000016
0.000020
0.000015
0.000022
0.000220
0.000311
0.000143
0.000225
0.000537
0.001537
6.271238
6.481492
6.681995
6.722958
6.753136
6.793211
6.789000
6.723140
6.644110
6.564880
6.143457
5.628100
5.160563
2.390917
0.098939
0.060491
0.000700
0.000461
0.000293
0.000277
0.000268
0.000183
0.000122
0.000094
0.000071
0.000070
0.000119
0.000119
0.000181
0.038737
1.208615
3.447176
4.008697
4.915599
5.737090
6.331891
0.001028
0.001044
6.593194
6.916971
7.202455
7.505878
7.907267
8.133476
8.187157
8.208668
8.129109
8.027271
8.129461
8.268438
8.302798
8.327423
8.350344
8.391634
8.387630
8.391235
8.383130
8.306949
8.298123
8.298026
8.291898
8.037794
7.751440
0.023372
7.680933
7.457963
7.280008
6.926666
6.783156
6.173363
5.677282
5.170542
0.290652
0.327165
1.585590
0.023009
4.797025
5.186674
5.666668
6.101371
6.341396
6.705331
6.984204
7.231738
7.471822
7.695838
7.914883
7.917930
7.946792
7.938707
7.936423
7.937514
7.941261
7.942517
7.905485
7.850560
0.030154
0.032146
0.028650
7.835676
7.760649
7.601867
7.450391
7.350401
7.286025
7.201693
7.136616
7.066088
6.931148
6.807937
0.011219
6.741382
6.696995
6.656253
6.635086
6.516353
6.505226
6.504717
6.513490
6.499067
6.485936
6.486266
6.493562
6.456102
6.434403
6.395384
6.368454
6.333785
6.312460
6.414011
6.307197
6.279960
6.236378
6.170931
6.131160
6.099685
6.112140
6.153732
6.191998
6.268407
6.310744
6.227591
6.321357
6.368763
6.553402
6.615179
6.662041
6.598966
6.533211
6.430106
5.966963
5.476309
5.121908
4.740728
2.028438
0.125915
0.129554
6.104203
6.403756
6.666898
6.912197
7.129039
7.403071
7.706383
7.937473
8.029724
8.144030
8.279517
8.324158
8.331292
8.343441
8.373529
8.400692
8.412402
8.437872
8.447418
8.483266
8.512503
8.536940
8.571828
8.643368
8.735268
8.740980
8.742454
8.749995
8.765304
8.696569
8.733976
8.761701
8.710231
8.662058
8.633496
8.612677
8.564548
8.496897
8.429488
8.370865
8.225838
8.082923
7.924626
7.429929
6.710684
0.011548
5.422520
4.993392
4.884478
4.685618
0.001607
0.000829
0.000373
0.000329
0.000395
0.000280
0.000265
0.000087
0.000081
0.000043
0.000054
0.000345
0.000449
0.012526
2.058092
2.256283
5.006537
5.603977
6.121625
6.436921
6.858918
7.190888
7.274405
7.416178
7.569304
7.981951
8.067020
8.151575
8.225668
8.251488
8.190937
8.206602
8.239372
8.405616
8.452777
8.498648
8.534812
8.536181
8.545235
8.566457
8.569797
8.560490
8.548175
8.573346
8.555344
8.574782
8.584822
8.584118
8.524434
8.502396
8.482239
8.404776
8.369305
8.338621
8.326757
8.437433
8.444348
8.454232
8.455289
8.454569
8.453250
8.433438
8.432417
8.432058
8.432375
8.433308
8.433243
8.433339
8.434160
8.434686
8.434657
8.434415
8.434692
8.434387
8.433167
8.432937
8.432608
8.429178
8.425665
8.424738
8.416807
8.409137
8.405122
8.405688
8.411113
8.419501
8.428195
8.429536
8.429448
8.428407
8.421687
8.416411
8.396318
8.237926
8.265781
8.268461
8.269158
8.179726
8.175135
8.173605
8.161357
8.155165
8.141860
8.136485
8.129890
8.109574
8.083205
8.001517
0.005411
0.003101
0.001202
0.000652
0.000523
0.000277
0.000110
0.000024
0.000017
0.000023
0.000013
0.000102
0.000097
0.000122
0.000164
0.000061
0.000016
0.000023
0.000050
0.000171
0.000289
0.000469
0.000887
0.001500
7.872839
7.691988
7.706910
7.754923
7.733954
7.755532
7.756801
7.760289
7.754450
7.760223
7.759850
7.714145
7.678441
7.563145
7.476774
0.150084
0.000100
0.000051
0.000012
0.000005
0.000002
0.000002
0.000001
0.000003
0.000002
0.000001
0.000001
0.000001
0.000006
0.000004
0.000002
0.000003
0.000005
0.000002
0.000001
0.000002
0.000001
0.000001
0.000001
0.000002
0.000002
0.000001
0.000002
0.000002
0.000002
0.000003
0.000001
0.000003
0.000001
0.000001
0.000000
0.000001
0.000002
0.000001
0.000001
0.000000
0.000001
0.000001
0.000027
0.000040
0.000002
0.000001
0.000001
0.000001
0.000002
0.000001
0.000000
0.000000
0.000001
0.000002
0.000002
0.000001
0.000001
0.000001
0.000010
0.000003
0.000002
0.000002
0.000002
0.000002
0.000001
0.000002
0.000002
0.000001
0.000001
0.000001
0.000004
0.000003
0.000003
0.000006
0.000010
0.000021
0.000028
0.000063
7.070918
0.033483
7.071881
7.115702
7.173305
7.241896
7.321600
7.386589
7.469199
7.549717
7.561530
7.566713
7.570752
7.571620
7.570363
7.570592
7.572342
7.572281
7.569783
7.568127
7.558632
7.545300
7.534390
7.530830
7.511447
7.535476
7.523473
7.492961
7.424442
7.360877
7.308630
7.254372
7.213187
7.195761
0.016536
7.158676
7.201334
7.226597
7.159933
7.197241
7.219130
7.226387
7.237627
7.223311
7.210576
7.206527
7.208756
7.229238
7.257238
7.276842
7.285270
7.288974
7.282180
7.286810
7.294966
7.294846
7.306380
7.286971
7.277526
7.274282
7.264833
0.021670
7.233761
7.241124
7.236051
7.199193
7.159183
7.112885
0.001193
0.000533
0.000445
0.000439
0.000424
0.000027
0.000014
0.000082
0.000119
0.000100
0.000132
0.000283
0.000354
0.002282
0.002036
7.128093
6.984364
6.927605
6.927811
6.861540
6.842527
6.796320
6.673372
6.538097
6.403116
6.173242
5.659597
5.105179
3.833285
2.626324
2.087047
1.060226
0.618697
0.134681
0.069290
0.035984
0.016231
0.015401
0.000050
0.000031
0.000032
0.000017
0.000448
0.000028
0.007801
0.007606
0.007347
0.000225
0.000283
0.000136
0.000520
0.000949
0.001258
0.001974
0.002237
0.002223
0.002242
0.002326
0.003108
0.003533
0.003718
0.003866
0.004155
0.004196
0.004422
0.004449
0.004359
0.003802
0.001611
0.000251
0.000303
0.000289
0.000282
0.002291
0.003273
0.003480
0.003864
0.004374
0.004466
0.004434
0.004421
0.004470
0.004509
0.004420
0.004360
0.004301
0.004265
0.004271
0.004010
0.003916
0.003813
0.003733
0.003770
0.003853
0.004085
0.004337
0.004557
0.004875
0.004907
0.004907
0.004909
0.004849
0.004578
0.004260
0.004076
0.003965
0.003888
0.003850
0.003701
0.003640
0.003609
0.003682
0.003703
0.003636
0.003549
0.004291
0.003599
0.000629
0.000532
0.000402
0.000320
0.000240
0.000005
0.000003
0.000002
0.000001
0.000012
0.000008
0.000006
0.000004
0.000004
0.000002
0.000000
0.000000
0.000000
0.000000
0.000000
0.000000
0.000000
0.000000
0.000000
0.000000
0.000000
0.000001
0.000000
0.000000
0.000000
0.000000
0.000000
0.000000
0.000000
0.000000
0.000000
0.000000
0.000000
0.000000
0.000000
0.000000
0.000001
0.000000
0.000000
0.000000
0.000000
0.000000
0.000000
0.000000
0.000000
0.000001
0.000000
0.000000
0.000000
0.000000
0.000000
0.000000
0.000000
0.000000
0.000000
0.000000
0.000000
0.000000
0.000000
0.000000
0.000000
0.000000
0.000000
0.000000
0.000000
0.000000
0.000000
0.000000
0.000000
0.000000
0.000000
0.000000
0.000000
0.000000
0.000000
0.000000
0.000000
0.000000
0.000000
0.000000
0.000000
0.000000
0.000000
0.000000
0.000000
0.000000
0.000000
0.000000
0.000000
0.000000
0.000000
0.000000
0.000000
0.000000
0.000000
0.000000
0.000007
0.000008
0.000010
0.000009
0.000009
0.000010
0.000009
0.000009
0.000009
0.000008
0.000006
0.000005
0.000005
0.000004
0.000004
0.000003
0.000002
0.000003
0.000003
0.000003
0.000002
0.000002
0.000002
0.000002
0.000002
0.000002
0.000001
0.000000
0.000000
0.000000
0.000000
0.000000
0.000000
0.000000
0.000000
0.000000
0.000000
0.000000
0.000000
0.000000
0.000000
0.000000
0.000000
0.000000
0.000000
0.000000
0.000000
0.000000
0.000000
0.000000
0.000000
0.000000
0.000000
0.000000
0.000000
0.000000
0.000000
0.000000
0.000000
0.000000
0.000000
0.000000
0.000000
0.000000
0.000000
0.000000
0.000000
0.000000
0.000000
0.000000
0.000000
0.000000
0.000000
0.000000
0.000006
0.000073
0.000083
0.000093
0.000102
0.000101
0.000100
0.000099
0.000082
0.000071
0.000063
0.000052
0.000001
0.000001
0.000000
0.000000
0.000000
0.000000
0.000000
0.000000
0.000000
0.000000
0.000000
0.000000
0.000000
0.000000
0.000000
0.000000
0.000000
0.000000
0.000000
0.000000
0.000000
0.000000
0.000000
0.000000
0.000000
0.000000
0.000000
0.000000
0.000000
0.000000
0.000000
0.000000
0.000000
0.000000
0.000000
0.000000
0.000000
0.000000
0.000000
0.000000
0.000000
0.000000
0.000000
0.000000
0.000000
0.000000
0.000000
0.000000
0.000000
0.000000
0.000000
0.000000
0.000000
0.000000
0.000000
0.000000
0.000000
0.000000
0.000000
0.000000
0.000000
0.000000
0.000000
0.000000
0.000000
0.000000
0.000000
0.000000
0.000000
0.000000
0.000000
0.000000
0.000000
0.000000
0.000000
0.000000
0.000000
0.000000
0.000000
0.000000
0.000000
0.000000
0.000000
0.000000
0.000000
0.000000
0.000000
0.000000
0.000000
0.000000
0.000000
0.000000
0.000000
0.000000
0.000000
0.000000
0.000000
0.000000
0.000000
0.000000
0.000000
0.000000
0.000000
0.000000
0.000000
0.000000
0.000000
0.000000
0.000000
0.000000
0.000000
0.000000
0.000000
0.000000
0.000000
0.000000
0.000000
0.000000
0.000000
0.000000
0.000000
0.000000
0.000000
0.000000
0.000000
0.000000
0.000000
0.000000
0.000000
0.000000
0.000000
0.000000
0.000000
0.000000
0.000000
0.000000
0.000000
0.000000
0.000000
0.000000
0.000000
0.000000
0.000000
0.000000
0.000000
0.000000
0.000003
0.000003
0.000003
0.000003
0.000002
0.000001
0.000045
0.000047
0.000052
0.000062
0.000064
0.000067
0.000001
0.000000
0.000000
0.000000
0.000000
0.000000
0.000000
0.000000
0.000000
0.000000
0.000000
0.000000
0.000000
0.000000
0.000000
0.000000
0.000000
0.000000
0.000000
0.000000
0.000000
0.000000
0.000000
0.000000
0.000000
0.000000
0.000000
0.000000
0.000000
0.000000
0.000000
0.000000
0.000000
0.000000
0.000000
0.000000
0.000000
0.000000
0.000000
0.000000
0.000000
0.000000
0.000000
0.000000
0.000000
0.000001
0.000000
0.000000
0.000000
0.000000
0.000000
0.000000
0.000000
0.000000
0.000000
