0.010434
0.008599
0.000270
0.000028
0.000006
0.000010
0.000010
0.000021
0.000009
0.000016
0.000036
2.089555
1.983952
1.775978
1.482377
0.896281
0.777862
0.641656
0.004705
0.061603
0.039555
0.035744
0.000992
0.044931
0.045236
0.083083
0.083414
0.087144
0.086872
0.078539
0.069931
0.060846
0.068792
0.058244
0.004254
0.083633
0.112214
0.120495
0.121076
0.117876
0.091093
0.072335
0.042791
0.086909
0.096822
0.112779
0.103261
0.111491
0.116132
0.119108
0.126981
0.124974
0.125678
0.133525
0.000073
0.000098
0.000143
0.000136
0.002969
0.008829
0.019617
0.041282
0.053840
0.561623
0.585461
0.623641
0.003781
0.004154
0.001130
0.693524
0.709801
0.826348
0.012482
1.046504
1.171618
1.286472
1.422593
1.601407
1.817727
2.088890
2.488148
2.973743
3.454765
3.945109
4.389592
4.526968
4.607836
4.637253
4.755777
4.758109
4.743620
4.682564
0.083604
4.662305
4.732451
4.852103
4.869598
4.918219
4.925918
4.932062
4.933072
4.933579
4.933571
4.933634
4.931183
4.930137
4.927409
4.908128
4.879210
4.848004
4.777404
4.578506
0.215123
4.387470
4.807249
4.879928
4.917883
4.927868
4.930167
4.932069
4.933381
4.933458
4.933118
4.932872
4.932960
4.933063
4.934128
4.932237
4.930661
5.104185
5.107005
5.111788
5.114344
5.111341
5.111002
5.111870
5.113037
5.112839
5.112087
5.112103
5.112264
5.112449
5.112739
5.112927
5.111679
5.109865
5.109472
5.108887
5.109884
5.111265
5.325997
5.331848
5.331446
5.323869
5.296707
5.262988
5.245918
5.254410
5.274779
5.290119
5.315365
5.323735
5.348384
5.352059
5.353369
5.353672
5.355251
5.355123
5.355093
5.355398
5.355471
5.354800
5.354432
5.353669
5.353025
5.352146
5.351097
5.347189
5.346494
5.347276
5.674960
5.675733
5.675819
5.675926
5.675560
5.688749
5.686735
5.680561
5.622706
5.594225
0.005976
0.004651
0.004087
0.003817
0.003786
0.003709
0.003778
0.004482
5.571700
5.676552
5.686952
5.673387
5.675025
5.676090
5.676097
5.675963
5.675624
5.674706
5.673507
5.672131
5.671033
5.671870
5.674626
5.674224
5.674525
5.672946
5.673152
5.674978
5.676136
5.676166
5.675775
5.688119
5.687234
5.680235
5.514546
5.473589
5.251050
0.012875
0.012701
0.012583
0.012562
0.012576
0.012619
5.103467
5.198312
5.258645
5.263598
5.265085
5.265018
5.265373
5.271411
5.389156
5.472172
5.519578
5.522058
5.529227
5.529313
5.525763
5.525825
5.518410
5.530469
5.534149
5.541640
5.541802
5.541969
5.634230
5.656347
5.664409
5.676134
5.688129
5.701666
5.702491
5.701803
5.682419
5.666666
5.647992
5.634524
5.631436
5.632356
5.631272
5.630975
5.637771
5.646774
5.651886
5.659119
5.670331
5.675439
5.670159
5.667004
0.000381
0.000427
0.000381
0.000299
5.666083
5.659579
5.653548
5.655089
5.660028
5.668644
5.676986
5.675331
5.684364
5.686492
5.688286
5.689066
5.689249
5.766092
5.769889
5.759593
5.757290
5.690511
5.690528
5.691708
5.691818
5.692010
5.754954
5.785890
5.823725
5.833109
5.835797
5.836965
5.837563
5.837897
5.837865
5.837702
5.839042
5.843286
5.842338
5.835279
5.832650
5.830803
5.829160
5.826153
5.822877
5.800677
5.792718
5.779668
5.751524
5.723904
5.701229
5.673936
5.650668
5.620521
5.586170
0.000566
0.001128
0.000159
0.000093
0.000059
0.000037
0.000043
0.000044
0.000027
0.000046
0.000206
0.000759
0.001073
0.001503
5.699880
5.695589
5.695657
5.696149
5.699469
5.701964
5.707953
5.724775
5.733597
5.751309
5.757590
5.756784
5.989169
5.990905
5.989912
5.983818
5.965290
5.946112
5.917238
5.889104
5.873930
0.110332
5.896793
5.962430
6.029172
6.028426
6.022811
6.022480
6.026429
6.038088
6.043587
6.048832
6.057803
6.062947
6.066566
6.068203
6.071159
6.068590
6.067170
6.064449
6.065821
6.052385
6.030038
5.967820
5.776607
5.775642
5.774336
5.772629
5.770157
5.768702
5.767538
5.766897
5.766538
5.766392
5.765357
5.764266
5.763191
5.762010
0.000080
0.000037
0.000009
0.000002
0.000001
0.000001
0.000000
0.000000
0.000000
0.000000
0.000000
0.000000
0.000000
0.000000
0.000000
0.000000
0.000000
0.000000
0.000000
0.000000
0.000000
0.000000
0.000000
0.000000
0.000000
0.000000
0.000000
0.000000
0.000000
0.000000
0.000000
0.000000
0.000000
0.000000
0.000000
0.000000
0.000000
0.000000
0.000000
0.000000
0.000000
0.000000
0.000000
0.000000
0.000000
0.000000
0.000000
0.000000
0.000000
0.000000
0.000000
0.000000
0.000000
0.000000
0.000000
0.000000
0.000000
0.000000
0.000000
0.000000
0.000001
5.567032
5.564858
5.565919
5.572362
5.581255
5.581958
5.578404
5.573523
5.559665
5.527751
5.505352
5.493085
5.434535
5.340570
5.244306
5.117549
4.818208
4.336004
3.925969
3.537995
0.034924
2.911229
2.747629
0.016617
0.020262
2.537632
0.075110
0.763121
0.927926
3.508053
3.808442
4.152512
4.592780
5.198762
5.298903
5.429109
5.526536
5.695882
5.738865
5.744034
5.745388
5.745798
5.746830
5.748192
5.748804
5.747208
5.747040
5.737574
5.694793
0.030981
0.009037
0.008377
0.002080
0.000715
0.000174
0.000085
0.000032
0.000008
0.000010
0.000009
0.000010
0.000014
0.000007
0.000002
0.000002
0.000006
0.000004
0.000004
0.000006
0.000008
0.000016
0.000022
0.000008
0.000003
0.000001
0.000005
0.000002
0.000002
0.000002
0.000008
0.000009
0.000014
0.000007
0.000010
0.000001
0.000002
0.000004
0.000003
0.000081
0.000077
0.000004
0.000006
0.000003
0.000003
0.000002
0.000001
0.000006
0.000005
0.000003
0.000004
0.000006
0.000005
0.000005
0.000014
0.000027
0.000051
0.000297
5.333237
5.328820
5.273756
5.231798
5.420153
5.417674
5.401750
5.175508
5.171566
5.157605
5.098503
0.000766
0.000585
0.000226
0.000152
0.000143
0.000135
0.000018
0.000039
0.000026
0.000016
0.000057
0.000048
0.000017
0.000018
0.000008
0.000025
0.000014
0.000021
0.000026
0.000015
0.000014
0.000015
0.000056
0.000013
0.000009
0.000004
0.000002
0.000003
0.000004
0.000004
0.000004
0.000007
0.000032
0.000028
0.000083
0.000017
0.000047
0.000010
0.000007
0.000005
0.000002
0.000007
0.000006
0.000009
0.000017
0.000022
0.000198
0.000021
0.000016
0.000029
0.000011
0.000040
0.000011
0.000008
0.000010
0.000002
0.000007
0.000006
0.000006
0.000020
0.000038
0.000059
0.000113
0.000295
0.000533
0.001283
5.090047
5.107780
5.111679
5.127866
5.132634
5.132857
5.131203
5.114112
5.112125
5.101133
5.094263
5.072318
4.990511
4.781367
4.540932
0.092062
0.070233
0.001580
0.001157
0.000666
0.000213
0.000098
0.000073
0.000033
0.000012
0.000011
0.000020
0.000025
0.000016
0.000015
0.000042
0.000019
0.000022
0.000023
0.000163
0.000190
0.000110
0.000141
0.000029
0.000041
0.000063
0.000015
0.000020
0.000033
0.000039
0.000044
0.000091
0.000076
0.000100
0.000153
0.000594
0.052307
4.042651
3.964733
3.912221
0.191114
3.521804
3.691815
3.864886
4.090555
4.574765
4.756283
4.833015
4.913771
4.951689
4.954142
4.983585
4.984714
4.996926
5.000374
5.000283
0.000373
0.000322
0.000170
0.000177
0.000197
0.000247
0.000277
0.000340
5.005626
5.012908
5.020342
5.023675
0.022441
5.040152
5.052993
5.080588
5.101407
5.129653
5.167158
5.193451
5.198067
0.000806
0.000823
0.000812
0.000882
5.203601
5.202808
5.201858
5.198923
5.188680
5.165846
5.152989
5.133012
5.120944
5.112234
5.089428
5.053979
5.035314
0.000602
0.000415
0.000307
0.000265
0.000046
0.000055
0.000054
0.000078
0.000325
4.995431
4.948745
4.889435
4.833765
4.794375
4.752464
4.716916
4.675982
4.642237
4.556114
4.214060
3.922556
3.567559
3.137566
1.550145
0.103459
0.000193
0.000217
0.000033
0.000008
0.000006
0.000010
0.000011
0.000012
0.000052
0.000683
4.156307
4.477714
4.564281
4.679039
4.833327
4.850475
4.852012
4.905635
4.916145
0.000042
0.000028
0.000023
0.000012
0.000012
0.000011
0.000002
0.000032
0.000034
0.000028
0.000121
0.000165
4.918621
4.920036
4.921742
4.923125
4.924864
4.926391
4.930387
4.928803
0.000315
4.927888
4.921198
4.924538
4.929547
0.000068
0.000043
0.000001
0.000001
0.000057
0.000063
4.944281
4.936871
4.895340
4.866562
4.821994
4.703788
4.230724
3.822409
0.026996
0.002503
0.000937
0.000675
0.018138
3.306703
2.988793
2.654412
2.429023
1.977792
0.044473
0.041272
0.005513
0.004593
0.005743
0.004101
0.003731
0.004087
0.004560
1.114243
1.124745
1.082227
0.863090
0.747407
0.517541
0.000382
0.000297
0.000212
0.000109
0.000089
0.000061
0.000068
0.000057
0.000033
0.000085
0.000117
0.000104
0.000139
0.037730
0.043744
0.057139
0.063901
0.068811
1.212068
1.306230
1.399186
0.477575
3.309594
3.735431
4.365749
4.945463
5.361324
5.706625
5.772100
5.810556
5.847538
5.886337
5.889025
5.888889
5.877117
5.855191
5.843520
5.837588
5.836753
5.643145
5.641455
0.001150
0.000212
0.000154
0.000179
0.000239
0.000318
0.000470
5.653973
5.640398
5.615210
5.501496
5.315779
0.002208
0.000639
0.000650
0.000792
4.672571
4.986343
5.163960
5.365030
5.409459
5.439153
5.452097
0.000258
0.000106
0.000096
0.000074
0.000097
0.000150
0.000176
0.003785
5.626935
5.709345
5.743915
5.715253
5.702259
5.701252
5.739283
5.777850
5.791375
5.790006
5.793158
5.786686
0.001501
0.001370
0.001136
0.000015
0.000004
0.000003
0.000002
0.000003
0.000003
0.000005
0.000010
0.000009
0.000008
0.000010
0.000013
0.000014
0.000007
0.000002
0.000002
0.000002
0.000018
0.000017
0.000133
0.000201
0.000284
0.000485
5.706865
5.662039
5.613745
5.558891
5.233888
5.348541
5.333699
5.165473
5.121933
5.192339
5.174233
5.125897
5.060480
4.842068
0.203810
0.071960
0.145045
2.424885
3.447057
3.759766
4.023184
4.357468
4.669817
4.992071
5.096344
5.183605
5.309952
5.457491
5.508828
5.544387
5.600353
5.642096
5.647841
5.628170
5.583311
5.442538
0.000899
0.000519
0.000262
0.000164
0.000128
0.000060
0.000019
0.000006
0.000008
0.000007
0.000008
0.000014
0.000010
0.000012
0.000032
0.000155
0.000242
0.000398
0.000518
4.862729
4.748131
4.742740
4.735252
4.724620
4.722730
0.005660
4.850356
4.836520
0.001204
0.000536
0.000373
0.000206
0.000076
0.000049
0.000013
0.000009
0.000008
0.000001
0.000001
0.000001
0.000001
0.000001
0.000000
0.000000
0.000001
0.000001
0.000002
0.000001
0.000001
0.000001
0.000001
0.000001
0.000006
0.000002
0.000001
0.000001
0.000003
0.000000
0.000001
0.000001
0.000001
0.000002
0.000002
0.000001
0.000001
0.000001
0.000001
0.000001
0.000000
0.000000
0.000001
0.000001
0.000001
0.000001
0.000001
0.000001
0.000001
0.000001
0.000001
0.000001
0.000001
0.000001
0.000000
0.000000
0.000001
0.000002
0.000001
0.000001
0.000000
0.000000
0.000001
0.000001
0.000001
0.000001
0.000003
0.000001
0.000001
0.000000
0.000000
0.000001
0.000001
0.000001
0.000000
0.000000
0.000001
0.000000
0.000001
0.000001
0.000001
0.000001
0.000001
0.000001
0.000001
0.000001
0.000000
0.000001
0.000001
0.000001
0.000001
0.000001
0.000001
0.000001
0.000001
0.000001
0.000001
0.000001
0.000001
0.000000
0.000001
0.000001
0.000001
0.000001
0.000001
0.000001
0.000001
0.000001
0.000001
0.000001
0.000002
0.000001
0.000001
0.000001
0.000001
0.000001
0.000001
0.000001
0.000001
0.000001
0.000000
0.000000
0.000001
0.000002
0.000001
0.000000
0.000000
0.000001
0.000001
0.000000
0.000000
0.000001
0.000001
0.000001
0.000001
0.000001
0.000001
0.000001
0.000001
0.000003
0.000001
0.000002
0.000003
0.000002
0.000001
0.000001
0.000000
0.000001
0.000003
0.000002
0.000001
0.000001
0.000001
0.000001
0.000001
0.000002
0.000002
0.000003
0.000001
0.000001
0.000001
0.000001
0.000001
0.000001
0.000001
0.000002
0.000003
0.000003
0.000003
0.000002
0.000003
0.000004
0.000001
0.000001
0.000002
0.000006
0.000006
0.000002
0.000001
0.000001
0.000001
0.000001
0.000001
0.000002
0.000001
0.000001
0.000001
0.000001
0.000001
0.000002
0.000003
0.000003
0.000003
0.000022
0.001360
0.001421
0.001429
0.001335
0.001127
0.000977
0.000887
0.000056
0.000057
0.000082
0.000172
4.523992
4.565643
4.596437
4.622057
4.652965
4.691067
4.886527
4.894190
4.898977
4.911643
0.002390
0.001816
0.001780
0.001728
4.929448
4.951089
4.966649
4.971245
4.974425
4.974856
4.974699
5.209488
5.187849
5.170715
5.151221
5.110705
5.079112
5.010801
4.885626
4.876660
4.844826
4.810474
4.627253
4.598796
4.571353
4.565871
4.494979
4.499743
4.499101
4.496421
4.493049
4.492025
4.492282
4.485857
4.355881
4.361412
4.360668
4.361279
4.362998
4.369627
4.369863
4.369988
4.370436
4.372211
4.372598
4.372974
4.371169
4.367023
4.363931
4.362652
4.357920
4.406219
4.393493
4.387491
4.381330
4.377454
4.378769
4.598673
4.597997
4.683029
4.587303
4.459241
4.476120
4.516883
4.536978
4.538717
4.518981
4.495119
4.475781
4.472165
4.525866
4.527018
4.529609
4.527269
4.527492
4.530318
4.537824
4.540217
4.542642
4.643318
4.651113
4.801510
4.821691
4.803692
4.522764
4.520801
4.513944
4.504049
4.492111
4.462754
4.436054
4.405521
4.363423
4.320377
4.261774
0.001989
0.001051
0.000890
0.000128
0.000021
0.000015
0.000011
0.000007
0.000013
0.000008
0.000011
0.000010
0.000012
0.000009
0.000017
0.000040
0.000008
0.000011
0.000008
0.000001
0.000002
0.000002
0.000003
0.000007
0.000008
0.000008
0.000124
0.000066
0.000074
0.000074
0.000088
0.000020
0.000003
0.000004
0.000005
0.000017
0.000017
0.000011
0.000004
0.000005
0.000005
0.000018
0.000017
0.000005
0.000004
0.000002
0.000006
0.000005
0.000016
0.000002
0.000001
0.000002
0.000001
0.000002
0.000005
0.000069
0.000136
0.000186
0.000005
0.000006
0.000009
0.000009
0.000008
0.000008
0.000018
0.000151
0.000193
0.043106
4.093674
4.118687
4.149504
4.223745
4.235655
4.235771
4.191922
4.168624
4.152803
4.136128
4.081478
0.001305
0.000998
0.000960
0.000260
0.000223
0.000002
0.000002
0.000002
0.000002
0.000002
0.000004
0.000001
0.000008
0.000005
0.000005
0.000003
0.000004
0.000034
0.000012
0.000111
0.000099
0.000094
0.000085
0.000017
0.000054
0.000078
0.000140
0.000144
0.000173
0.000192
0.000210
0.000162
0.000258
3.975882
4.026983
4.028722
4.001295
3.709712
3.522463
3.240910
0.005278
0.000565
0.000329
0.000165
0.000028
0.000010
0.000004
0.000003
0.000002
0.000002
0.000001
0.000001
0.000001
0.000001
0.000001
0.000021
0.000007
0.000003
0.000002
0.000001
0.000003
0.000002
0.000001
0.000001
0.000001
0.000001
0.000001
0.000000
0.000000
0.000000
0.000000
0.000000
0.000000
0.000000
0.000001
0.000001
0.000001
0.000001
0.000005
0.000001
0.000001
0.000001
0.000001
0.000001
0.000002
0.000001
0.000001
0.000001
0.000001
0.000001
0.000001
0.000001
0.000009
0.000005
0.000003
0.000001
0.000001
0.000000
0.000000
0.000001
0.000001
0.000001
0.000001
0.000001
0.000002
0.000002
0.000001
0.000002
0.000002
0.000001
0.000000
0.000001
0.000001
0.000000
0.000000
0.000001
0.000001
0.000006
0.000003
0.000001
0.000001
0.000001
0.000000
0.000000
0.000001
0.000035
0.000018
0.000009
0.000001
0.000001
0.000001
0.000000
0.000001
0.000009
0.000006
0.000002
0.000002
0.000004
0.000010
0.000019
0.000133
2.192090
3.585997
3.816903
0.031540
4.057272
4.135561
4.197650
4.279793
4.354763
4.417316
4.468583
4.505929
4.520627
0.001580
0.001559
0.001544
4.519318
4.549726
4.556707
4.559386
4.561173
4.562973
4.565293
4.567758
4.568993
0.002934
0.000161
0.000101
0.000027
0.000009
0.000007
0.000007
0.000022
0.000008
0.000047
0.000045
0.000002
0.000001
0.000001
0.000001
0.000000
0.000002
0.000002
0.000003
0.000002
0.000008
0.000009
0.000022
0.000024
0.000005
0.000020
0.000001
0.000003
0.000001
0.000000
0.000000
0.000000
0.000001
0.000001
0.000002
0.000004
0.000002
0.000003
0.000003
0.000000
0.000001
0.000001
0.000001
0.000001
0.000001
0.000008
0.000000
0.000000
0.000003
0.000005
0.000001
0.000003
0.000001
0.000001
0.000016
0.000006
0.000003
0.000003
0.000002
0.000033
0.000019
0.000018
0.000017
0.000003
0.000003
0.000003
0.000006
0.000000
0.000001
0.000000
0.000000
0.000000
0.000000
0.000001
0.000001
0.000001
0.000002
0.000003
0.000005
0.000001
0.000001
0.000001
0.000001
0.000001
0.000001
0.000001
0.000001
0.000004
0.000002
0.000005
0.000009
0.000071
4.564534
4.567652
4.570534
4.572932
4.574287
0.000269
0.000239
0.000030
0.000008
0.000004
0.000002
0.000001
0.000001
0.000002
0.000002
0.000002
0.000004
0.000013
0.000015
0.000022
0.000130
4.572188
4.575544
4.580690
4.762250
4.867578
4.912051
4.955746
4.958496
4.959673
4.938870
4.936278
4.929987
4.889462
4.840963
4.519715
4.522328
4.526067
4.527514
4.529119
4.531435
4.532932
4.532793
4.510084
4.822411
4.841691
4.841407
4.841345
4.840501
4.840675
4.844344
4.853191
4.857756
4.855365
4.856666
4.860010
4.857913
4.802671
4.711782
4.532791
4.340695
4.187455
3.971464
3.271466
3.196410
3.044399
2.861014
2.656388
0.007042
0.004436
0.003311
0.000294
0.000055
0.000013
0.000012
0.000009
0.000008
0.000009
0.000006
0.000012
0.000049
0.000055
0.000008
0.000027
0.000033
0.000006
0.000007
0.001394
0.000216
0.000130
0.000049
0.000059
0.000074
0.000073
0.000104
0.000150
0.000256
0.000813
0.000005
0.000005
0.000003
0.000005
0.000003
0.000003
0.000004
0.000006
0.000015
0.000027
0.000003
0.000005
0.000005
0.000003
0.000080
0.000080
0.000082
0.000007
0.000002
0.000003
0.000004
0.000005
0.000004
0.000014
0.000031
0.000003
0.000002
0.000005
0.000002
0.000001
0.000002
0.000002
0.000003
0.000002
0.000003
0.000003
0.000004
0.000003
0.000004
0.000014
0.000014
0.000002
0.000002
0.000003
0.000001
0.000002
0.000003
0.000005
0.000029
0.000027
0.000026
0.000011
0.000006
0.000003
0.000004
0.000025
0.000002
0.000003
0.000001
0.000002
0.000004
0.000004
0.000016
0.000018
0.000004
0.000005
0.000003
0.000003
0.000002
0.000003
0.000005
0.000007
0.000005
0.000008
0.000022
0.000026
0.000004
0.000007
0.000005
0.000007
0.000003
0.000003
0.000002
0.000008
0.000007
0.000007
0.000016
0.000017
0.000002
0.000002
0.000005
0.000003
0.000006
0.000005
0.000004
0.000002
0.000017
0.000019
0.000019
0.000022
0.000022
0.000020
0.000020
0.000020
0.000002
0.000007
0.000005
0.000008
0.000017
0.000010
0.000038
0.000308
0.000233
0.000277
0.000246
0.001174
1.970974
2.904144
3.200290
3.447054
3.709690
4.086938
4.402205
4.660820
4.617702
4.577214
4.561194
4.514146
4.461972
4.414992
4.401002
4.356676
4.230115
3.765628
3.470087
0.477568
0.091978
0.026836
3.452965
3.649889
3.746365
3.852069
3.988723
4.107993
4.293397
4.339413
4.376083
4.421117
4.479000
4.493017
4.509431
4.511225
4.498144
4.482983
4.464358
4.410116
0.000002
0.000001
0.000001
0.000000
0.000000
0.000000
0.000000
0.000000
0.000000
0.000000
0.000000
0.000000
0.000000
0.000000
0.000000
0.000000
0.000000
0.000000
0.000000
0.000000
0.000000
0.000000
0.000000
0.000000
0.000001
0.000003
4.558629
4.586069
4.624382
4.669503
4.692246
4.706060
4.720951
4.710913
4.701886
4.683500
0.000040
0.000013
0.000009
0.000003
0.000002
0.000001
0.000001
0.000000
0.000000
0.000000
0.000000
0.000000
0.000000
0.000001
0.000004
0.000005
0.000024
0.000028
0.000047
0.000100
0.000342
0.000380
4.538942
4.516631
4.405673
4.257238
4.102636
0.079712
3.942362
3.992733
4.026786
3.837620
3.745146
3.635774
0.237457
4.196648
4.384093
4.503345
4.553210
4.565530
4.561343
0.000254
4.550647
4.515675
4.501684
4.490305
4.480029
4.392511
4.311537
4.251945
0.026700
0.000004
0.000001
0.000002
0.000003
0.000003
0.000001
0.000000
0.000000
0.000000
0.000000
0.000000
0.000000
0.000000
0.000000
0.000000
0.113362
4.384975
4.384560
4.373640
0.001182
0.000001
0.000000
0.000000
0.000000
0.000000
0.000000
0.000000
0.000759
0.000660
0.000642
0.000535
0.000584
4.258801
4.292572
4.300317
4.332814
4.348362
4.357795
4.356900
4.355341
4.354679
4.351445
4.337175
4.324725
4.311189
0.000972
0.000007
0.000005
0.000003
0.000004
0.000004
0.000010
0.000002
0.000002
0.000003
0.000736
0.000474
0.000016
0.000030
0.000009
0.000008
0.000009
0.000012
0.000019
0.000025
0.000004
0.000012
0.000046
0.000077
0.000175
0.000213
0.000148
0.000771
4.291881
4.253410
4.211581
4.226808
4.196847
4.036762
3.897520
3.711043
3.558689
3.302837
0.000258
0.000116
0.000060
0.000060
0.000059
0.000078
0.000118
0.000000
0.000000
0.000000
0.000000
0.000000
0.000000
0.000048
0.000009
0.000007
0.000012
0.000000
0.000001
0.000001
0.000000
0.000000
0.000012
0.000009
0.000005
0.000004
0.000008
0.000007
0.000005
0.000009
0.000010
0.000029
0.000043
0.077098
0.080026
0.099931
0.122477
4.058948
4.234692
4.388000
4.470204
4.584741
4.636802
4.675625
0.000013
0.000011
0.000009
0.000005
0.000002
0.000002
0.000007
0.000000
0.000000
0.000000
0.000000
0.000000
0.000000
0.000000
0.000000
0.000000
0.000000
0.000000
0.000002
4.681443
4.685312
4.691911
4.680960
4.547202
4.340799
0.115314
0.000001
0.000000
0.000000
0.120574
3.980752
0.054693
0.000000
0.057781
4.386862
4.569761
4.685036
4.717536
4.729249
4.733547
4.734448
4.736238
0.000009
0.000002
0.000000
0.000000
0.000000
0.000000
0.000005
0.000008
0.000010
0.000001
0.000001
0.000005
4.738465
4.738378
4.736931
4.734614
4.732438
4.730111
4.727919
4.714680
4.710509
4.709147
4.709628
4.887344
4.917387
4.985099
5.210185
5.244760
5.262321
5.263122
0.000004
0.000006
0.000004
0.000004
0.000006
0.000009
5.265615
5.203660
5.209167
5.207424
5.207194
5.208409
5.211972
5.210080
5.208736
5.209066
5.210874
5.212317
5.211561
5.211198
5.211230
5.208227
5.202825
5.188319
5.174681
5.162775
5.099452
0.000007
0.000005
0.000001
0.000001
0.000001
0.000000
0.000000
0.000000
0.000000
0.000000
0.000001
0.000001
0.000001
0.000001
0.000002
0.000005
5.058485
5.033676
4.989436
4.872471
4.433579
4.103620
3.811327
3.553134
3.376507
3.209480
2.988013
2.675754
2.392564
0.354807
0.012050
0.000189
0.000000
0.000000
0.000000
0.000000
0.000000
0.000000
0.000000
0.000000
0.000000
0.000000
0.000000
0.000000
0.019293
0.017701
0.018322
0.016451
0.001980
0.001883
0.001922
0.002004
0.002082
0.002087
0.002091
0.002135
0.000000
0.000000
0.000000
0.000000
0.000000
0.000000
0.000000
0.000000
0.000000
0.000000
0.000000
0.000000
0.000000
0.000000
0.000000
0.000000
0.000000
0.000000
0.000000
0.000000
0.000000
0.000000
0.000000
0.000000
0.000000
0.000000
0.000000
