0.000007
0.000000
0.000000
0.000002
0.000053
0.000052
0.000051
0.002807
0.002851
0.002884
0.002869
0.002616
0.002085
0.001802
0.001507
0.001273
0.000852
0.000037
0.000029
0.000028
0.000048
0.000062
0.000412
0.219218
0.197738
0.034700
0.030730
0.019101
0.007049
0.005794
0.004973
0.004252
0.000003
0.000005
0.000004
0.000002
0.000001
0.000001
0.000000
0.000000
0.000001
0.000001
0.000000
0.000000
0.000000
0.000000
0.000000
0.000000
0.000000
0.000001
0.000000
0.000000
0.000000
0.000000
0.000000
0.004909
0.004930
0.005015
0.004914
0.004870
0.004875
0.004868
0.004817
0.004763
0.000012
0.000011
0.000000
0.000000
0.000000
0.000000
0.000001
0.000002
0.000000
0.000000
0.000010
0.000010
0.000013
0.000027
0.000005
0.000009
0.000007
0.000009
0.000006
0.000004
0.000015
0.000021
0.000019
0.000043
0.000058
0.003635
0.003528
0.003457
0.003394
0.003402
0.003407
0.003433
0.003507
0.003832
0.003845
0.003872
0.003849
0.006292
0.006424
0.006381
0.006488
0.007414
0.006985
0.007177
0.014281
0.014620
0.015315
0.015714
0.015751
0.013664
0.007385
0.006925
0.004338
0.002515
0.002334
0.002087
0.001817
0.000039
0.000029
0.000010
0.000009
0.000005
0.000003
0.000001
0.000002
0.000003
0.000002
0.000002
0.000004
0.000003
0.000004
0.000009
0.000119
0.000130
0.000153
0.000091
0.000090
0.000109
0.000106
0.000296
0.000292
0.000277
0.000245
0.000278
0.000273
0.000321
0.000056
0.000006
0.000006
0.001716
0.005278
0.002308
0.002245
0.000022
0.000030
0.000030
0.000251
0.001965
0.003710
0.003216
0.003362
0.003303
0.003333
0.003554
0.003537
0.002533
0.004214
0.005334
0.005889
0.007861
0.009985
0.011508
0.005643
0.005777
0.005978
0.006053
0.006110
0.000419
0.000012
0.000005
0.000003
0.000004
0.000002
0.000141
0.000134
0.000112
0.000012
0.000086
0.000078
0.006795
0.006932
0.000041
0.000002
0.000001
0.000079
0.007841
0.012331
0.013180
0.014255
0.020023
0.020239
0.005337
0.002924
0.003235
0.000000
0.000000
0.000000
0.000000
0.000000
0.000056
0.000057
0.000047
0.000042
0.000036
0.000023
0.000349
0.000565
0.000658
0.000650
0.000000
0.000000
0.000000
0.000000
0.000000
0.000652
0.000671
0.000682
0.002687
0.003050
0.003658
0.057599
0.063070
0.103452
0.094522
0.083955
0.075137
0.010938
0.009048
0.007112
0.000467
0.000455
0.000014
0.000014
0.000015
0.000002
0.000000
0.000001
0.000000
0.000001
0.000002
0.000001
0.000001
0.000012
0.000005
0.000369
0.000003
0.000002
0.000002
0.002991
0.001747
0.006247
0.006098
0.005527
0.005380
0.005439
0.005504
0.005876
0.005468
0.005543
0.005347
0.005191
0.004981
0.003781
0.000132
0.000147
0.000052
0.000034
0.000213
0.000238
0.000000
0.000000
0.000000
0.000000
0.000000
0.000000
0.000000
0.001124
0.001294
0.003248
0.004544
0.030966
0.034767
0.037297
0.048641
0.074016
0.074963
0.074846
0.070679
0.067106
0.061151
0.056643
0.021199
0.000222
0.000131
0.000146
0.000118
0.000127
0.000055
0.000023
0.000053
0.000058
0.000013
0.000073
0.004811
0.004617
0.001312
0.001346
0.001393
0.015407
0.016391
0.034803
0.026131
0.017426
0.004337
0.001721
0.001298
0.001280
0.001105
0.000025
0.000112
0.000416
0.000524
0.000563
0.000700
0.001477
0.001229
0.001350
0.001730
0.003121
0.003908
0.097688
0.113553
0.190060
0.212326
0.228676
0.241765
0.258531
0.272465
0.256263
0.239082
0.220634
0.200882
0.163514
0.119952
0.109621
0.095903
0.023760
0.000395
0.000097
0.000110
0.000000
0.000000
0.000000
0.000000
0.000066
0.000042
0.000059
0.000018
0.064416
0.073568
0.077438
0.075059
0.075000
0.028110
0.026770
0.025063
0.023699
0.001421
0.000697
0.000694
0.000015
0.000007
0.012352
0.012232
0.012218
0.012319
0.012493
0.012525
0.000016
0.000014
0.000004
0.012473
0.012276
0.012584
0.012731
0.106556
0.138210
0.174342
0.164929
0.168605
0.114773
0.046590
0.040756
0.001992
0.000133
0.000164
0.000386
0.005708
0.006251
0.000000
0.000000
0.000000
0.000000
0.000000
0.000000
0.000000
0.000000
0.000000
0.000000
0.000000
0.000000
0.000000
0.000000
0.061747
0.270226
0.298211
0.375341
0.323528
0.034448
0.001068
0.000052
0.000010
0.000003
0.000003
0.000005
0.000012
0.000006
0.000004
0.000004
0.000008
0.000028
0.000023
0.000013
0.000009
0.000014
0.000012
0.000012
0.000006
0.000014
0.000017
0.000013
0.000016
0.000021
0.000038
0.000024
0.000024
0.000044
0.000048
0.000194
0.000309
0.000604
0.000560
0.019224
0.022784
0.015336
0.204744
0.249956
0.325119
0.401297
0.678156
0.731560
1.104745
1.325729
1.467386
1.424724
0.000000
0.000000
0.000000
0.000000
0.000000
0.000000
0.000000
0.000000
0.000000
0.000000
0.000000
0.000000
0.000000
0.000000
0.000000
0.000000
0.000000
0.000000
0.000000
0.000000
0.000000
0.000000
0.000000
0.000000
0.000000
0.000000
0.000000
0.000000
0.000000
0.000000
0.000000
0.000000
0.000000
0.000000
0.000000
0.000000
0.000000
0.000000
0.000000
0.000000
0.000000
0.000000
0.000000
0.000000
1.388572
1.313720
1.190019
0.986375
0.873540
0.518535
0.248654
0.180475
0.162588
0.135601
0.019878
0.000607
0.000000
0.000000
0.000000
0.000000
0.000000
0.000000
0.000000
0.000000
0.000000
0.000000
0.000000
0.000000
0.000000
0.000000
0.000000
0.000000
0.000000
0.000000
0.000000
0.000000
0.000000
0.000000
0.000000
0.000000
0.000000
0.000000
0.000000
0.000000
0.000000
0.000000
0.000000
0.000000
0.000000
0.000000
0.000000
0.000000
0.000000
0.000000
0.000000
0.000000
0.000000
0.000000
0.000000
0.000000
0.000000
0.000000
0.000000
0.000000
0.000000
0.000000
0.000000
0.000000
0.000000
0.000000
0.000000
0.000000
0.000000
0.000000
0.000000
0.000000
0.000000
0.000000
0.000000
0.000000
0.000000
0.000000
0.000000
0.000698
0.000624
0.000234
0.006745
0.058284
0.084577
1.143586
1.286063
1.466521
1.686689
1.894848
2.267579
2.777194
3.031752
3.231298
3.383285
3.572157
3.662529
3.817693
3.863563
0.000000
0.000000
0.000000
0.000000
0.000000
0.000000
0.000000
0.000000
0.000000
0.000000
0.000000
0.000000
0.000000
0.000000
0.000000
0.000000
0.000000
0.000000
0.000000
0.000000
0.000000
0.000000
0.000000
0.000000
0.000000
0.000000
0.000000
0.000000
0.000000
0.000000
0.000000
0.000000
0.000000
0.000000
0.000000
0.000000
0.000000
0.000000
0.000000
0.000000
0.000000
0.000000
0.000000
0.000000
3.932586
4.049898
4.074159
4.078683
0.000000
0.000000
0.000000
0.000000
0.000000
0.000000
0.000000
0.000000
0.000000
0.000000
0.000000
0.000000
0.000000
0.000000
0.000000
0.000000
0.000000
0.000000
0.000000
0.000000
0.000000
0.000000
4.075429
4.066134
4.053845
4.003692
3.962857
3.933570
3.906972
3.889540
3.877297
3.866739
3.739219
3.722402
3.716082
3.682777
3.563559
3.484211
0.162562
0.000000
0.000000
0.000000
0.000000
0.000000
0.000000
0.000000
0.000000
0.000000
0.000000
0.000000
0.000000
0.000000
0.000000
0.000000
0.000000
0.000000
0.000000
0.000000
0.000000
0.000000
0.000000
0.000000
0.000000
0.000000
0.000000
0.000000
0.000000
0.000000
0.000000
0.000000
0.000000
0.000000
0.000000
0.000000
0.000000
0.000000
0.000000
0.000000
0.000000
0.000000
0.000000
0.000000
0.000000
0.000000
0.000000
0.000000
0.000000
0.000000
0.000000
0.000000
0.000000
0.000000
0.000000
0.000000
0.000000
0.000000
0.000000
0.000000
0.000000
0.000000
0.000000
0.000000
0.000000
0.000000
0.000000
0.000000
0.000000
0.000000
0.000000
0.000000
0.000000
0.000000
0.000000
0.000000
0.000000
0.000000
0.000000
0.000000
0.000000
0.000000
0.000000
0.000000
0.000000
0.000000
0.000000
0.000000
0.000000
0.000000
0.000000
0.000000
0.000000
0.000000
0.000000
0.000000
0.000000
0.000000
0.000000
0.000000
0.000000
0.000000
0.000000
0.000000
0.000000
0.000000
0.000000
0.000000
0.000000
0.000000
0.000000
0.000000
0.000000
0.000000
0.000000
0.000000
0.000000
0.000000
0.000000
3.085587
3.171300
3.266730
3.354039
3.426404
3.489935
3.555479
3.634871
3.717913
3.737968
3.741119
3.777868
3.796673
3.807617
3.817218
3.820933
3.827158
3.824775
3.818165
3.791635
3.757894
0.000000
0.000000
0.000000
0.000000
0.000000
0.000000
0.000000
0.000000
0.000000
0.000000
0.000000
0.000000
0.000000
0.000000
0.000000
0.000000
0.000000
0.000000
0.000000
0.000000
0.000000
0.000000
0.000000
0.000000
0.000000
0.000000
0.000000
0.000000
0.000000
0.000000
0.000000
0.000000
0.000000
0.000000
0.000000
0.000000
0.000000
0.000000
0.000000
0.000000
0.000000
0.000000
0.000000
0.000000
0.000000
0.000000
0.000000
0.000000
0.000000
0.000000
0.000000
0.000000
0.000000
0.000000
0.000000
0.000000
0.000000
0.000000
0.000000
0.000000
0.000000
0.000000
0.000000
0.000000
0.000000
0.000000
3.756839
3.756418
3.756318
0.000000
0.000000
0.000000
0.000000
0.000000
0.000000
0.000000
0.000000
0.000000
0.000000
0.000000
0.000000
0.000000
0.000000
0.000000
0.000000
0.000000
0.000000
0.000000
0.000000
0.000000
0.000000
0.000000
0.000000
0.000000
0.000000
0.000000
0.000000
0.000000
0.000000
0.000000
0.000000
0.000000
0.000000
0.000000
0.000000
0.000000
0.000000
0.000000
0.000000
0.000000
0.000000
0.000000
0.000000
0.000000
0.000000
0.000000
0.000000
0.000000
0.000000
0.000000
0.000000
0.000000
0.000000
0.000000
0.000000
0.000000
0.000000
0.000000
0.000000
0.000000
0.000000
0.000000
0.000000
0.000000
0.000000
0.000000
0.000000
0.000000
0.000002
0.000000
0.000000
0.000000
0.000000
0.000000
0.000000
0.000000
0.000000
0.000000
0.000000
0.000000
0.000000
0.000000
3.756347
3.756280
3.754481
3.754330
5.952209
5.971817
5.974231
5.974871
0.000001
0.000001
0.000000
0.000000
0.000000
0.000000
0.000000
0.000000
0.000000
0.000000
0.000000
0.000000
0.000000
0.000000
0.000006
0.000005
0.000000
0.000000
0.000000
0.000000
0.000001
0.000000
0.000000
0.000000
0.000000
0.000000
0.000000
0.000000
0.000000
0.000000
0.000000
0.000000
0.000000
0.000000
0.000000
0.000000
0.000000
0.000000
0.000000
0.000000
0.000000
0.000000
0.000000
0.000000
0.000000
0.000000
0.000000
0.000000
0.000000
0.000000
0.000000
0.000000
0.000000
0.000000
0.000000
0.000001
0.000001
0.000001
0.000001
0.000002
0.000003
0.000005
0.000024
5.975853
5.975977
5.966768
5.960410
5.954974
5.924538
0.000055
0.000022
0.000016
0.000007
0.000001
0.000001
0.000000
0.000000
0.000001
0.000001
0.000000
0.000000
0.000000
0.000000
0.000001
0.000001
0.000001
5.863723
5.775115
5.679258
5.608196
5.552848
5.501688
5.102640
0.734900
0.544183
0.184503
0.145116
0.002206
0.000002
0.000002
0.000000
0.000000
0.000000
0.000000
0.000000
0.000000
0.000000
0.000000
0.000000
0.000000
0.000000
0.000000
0.000000
0.000000
0.000001
0.000000
0.000008
0.000007
0.000002
0.000004
0.000001
0.000002
0.000001
0.000000
0.000001
0.000000
0.000000
0.000000
0.000000
0.000000
0.000000
0.000000
0.000001
0.000003
0.000003
0.000000
0.000001
0.000002
0.000001
0.000001
0.001555
0.001453
0.001013
0.010756
0.020842
0.779085
1.709717
2.312114
2.940757
3.450363
3.943674
4.580340
5.272600
5.817907
6.279937
0.000005
0.000003
0.000001
0.000000
0.000000
0.000001
0.000000
0.000000
0.000000
0.000000
0.000000
0.000000
0.000000
0.000000
0.000000
0.000000
0.000000
0.000000
0.000000
0.000000
0.000000
0.000000
0.000000
0.000000
0.000000
0.000000
0.000000
0.000001
0.000000
0.000000
0.000000
0.000000
0.000000
0.000000
0.000000
0.000001
0.000001
0.000001
0.000000
0.000001
0.000001
0.000002
0.000006
0.000001
0.000001
0.000000
0.000000
0.000001
0.000001
0.000001
0.000000
0.000000
0.000000
0.000001
0.000000
0.000000
0.000000
0.000000
0.000000
0.000000
0.000000
0.000000
0.000000
0.000000
0.000000
0.000002
0.000002
0.000003
0.000004
0.000005
0.000009
0.000022
6.310767
6.329040
6.344387
6.349731
6.352392
6.354164
6.355867
6.357952
6.356453
6.354279
0.000100
0.000078
0.000036
0.000007
0.000008
0.000002
0.000003
0.000003
0.000006
0.000001
0.000001
0.000002
0.000000
0.000001
0.000000
0.000000
0.000000
0.000001
0.000001
0.000000
0.000001
0.000003
0.000002
0.000001
0.000002
0.000002
0.000001
0.000002
0.000002
0.000002
0.000001
0.000002
0.000004
0.000038
0.000014
0.000086
0.000069
0.000012
0.000018
0.000005
0.000004
0.000002
0.000003
0.000005
0.000010
0.000002
0.000004
0.000007
0.000004
0.000007
0.000010
0.000005
0.000006
0.000001
0.000001
0.000001
0.000001
0.000002
0.000003
0.000012
0.000068
0.000063
0.000045
0.000059
6.357189
6.358046
6.338854
6.298406
6.254379
6.072353
5.864418
5.584034
5.152344
4.835600
4.486029
4.239594
3.961686
3.652870
3.421972
3.214567
0.017405
0.014181
0.013624
0.003256
0.006910
0.134689
0.144264
2.143526
3.291961
3.823419
3.972862
4.000937
4.171196
4.200388
4.452396
4.450821
4.419643
4.422360
0.268667
0.209193
0.212651
0.245387
0.292595
0.305564
0.359403
0.390250
0.428062
5.506059
5.907266
6.402583
6.924117
7.088840
7.290646
8.119960
8.147050
8.156224
8.552370
8.553971
8.554301
8.554477
8.554497
8.554531
8.554542
8.554163
8.553571
8.553363
8.552461
8.551896
8.551634
8.551805
8.550437
8.550352
8.551123
8.552470
8.552745
8.552476
8.549663
8.545979
8.524212
8.405459
0.001392
0.000412
0.000211
0.000171
0.000089
0.000087
0.000079
0.000112
0.000120
0.000172
0.000223
0.000476
8.129891
8.078066
7.904955
7.454377
6.997160
5.878508
5.968731
5.285662
4.587063
3.159440
3.511543
4.215307
4.680869
6.801523
7.374242
7.937503
8.155990
8.355158
8.561210
8.598025
8.599362
8.599335
8.586376
8.557760
8.553400
8.552688
8.553145
8.553613
8.553595
8.550432
8.550290
8.552953
8.553701
8.551668
8.550935
8.552036
8.551926
8.549648
8.548117
8.913500
8.923727
8.941113
8.933873
8.932580
8.933784
8.921888
8.906997
8.855450
8.660647
8.501762
8.282296
7.958928
7.338401
7.498094
7.533575
7.653633
0.231739
8.791517
8.892802
8.916165
8.946708
8.949474
8.950590
8.951419
8.950388
8.948718
8.946500
8.946181
8.943821
8.942469
8.940891
8.941907
8.942716
8.939145
8.939451
8.941949
8.946371
8.837651
8.713248
8.561550
8.253635
7.776899
0.165531
6.928454
7.059532
7.066939
0.228937
0.425086
7.430723
8.004875
8.391545
8.431668
8.398637
8.389428
8.258852
7.983932
7.909180
7.749430
7.199916
6.875653
6.259318
5.352696
4.678357
4.049056
3.362460
2.474954
1.648054
1.441688
1.121135
0.983005
0.554529
0.487293
0.391182
0.246041
0.201666
0.029284
0.000834
0.000282
0.000156
0.000146
0.162645
0.185546
0.341925
0.355778
0.009052
0.007461
0.253219
0.255719
0.228348
0.222046
0.239805
0.275895
0.314915
0.323600
0.338369
0.380163
0.397984
0.255050
0.243490
0.045341
0.043738
0.045172
0.000853
0.007688
0.016110
0.015741
0.063375
0.079839
0.256425
0.253466
0.209235
0.194887
0.005646
0.001375
0.000327
0.001358
0.001345
0.175376
0.182787
0.194686
0.222501
0.221785
0.222887
0.231960
0.131512
0.118777
0.026289
0.026987
0.029906
0.079661
0.082676
0.078714
0.075839
0.071641
0.034120
0.003319
0.000069
0.012188
0.021768
0.007245
0.085695
0.095194
0.200476
0.214606
0.238325
0.337310
0.371908
0.457791
0.575136
0.713639
0.809496
0.903135
0.916730
0.901936
0.047328
0.047761
0.053630
0.054023
0.054209
0.011989
0.012579
0.013576
0.013990
0.014527
0.018438
0.023025
0.025209
0.059181
0.062597
0.083098
1.054251
1.065312
1.061969
0.936931
0.741051
0.568369
0.458589
0.228268
0.113817
0.022631
0.029015
0.032097
0.189955
0.245655
0.249562
0.261294
0.258347
0.244656
0.221329
0.222937
0.047515
0.001268
0.025603
0.491532
0.566583
0.735728
0.851343
0.896074
0.943081
0.970171
0.939399
0.000697
0.749246
0.710358
0.629114
0.011402
0.009587
0.028381
0.061984
0.108627
0.109351
0.107136
0.104355
0.044349
0.048775
0.004853
0.002879
0.003615
0.003629
0.010895
0.049866
0.121083
0.282787
0.426600
0.413715
0.433239
0.492521
0.445039
0.458846
0.525910
0.560429
0.584749
0.570787
0.007932
0.638626
0.665565
0.656102
0.015306
0.680245
0.483814
0.447155
0.006317
0.067358
0.072615
0.068765
0.036349
0.033367
0.030670
0.029916
0.029294
0.003648
0.001997
0.013054
0.024951
0.080145
0.080582
0.106386
0.202824
0.204597
0.203503
0.202621
0.203991
0.200610
0.192388
0.160753
0.146900
0.138548
0.073353
0.033098
0.000471
0.000278
0.000162
0.000067
0.000119
0.000059
0.000063
0.000059
0.000124
0.004149
0.004257
0.056296
0.054599
0.047953
0.043889
0.027866
0.006978
0.006377
0.007135
0.008662
0.009148
0.010580
0.000114
0.000105
0.000047
0.000083
0.000092
0.000134
0.004517
0.004781
0.009961
0.015488
0.015777
0.074717
0.076197
0.201833
0.216080
0.253292
0.378398
0.396915
0.387071
0.370864
0.279242
0.251610
0.255366
0.256185
0.198170
0.206732
0.202456
0.133422
0.004750
0.122178
0.122587
0.117759
0.043594
0.035919
0.005339
0.000028
0.000021
0.000015
0.000013
0.000027
0.000047
0.000100
0.000094
0.000120
0.000057
0.000020
0.000075
0.000080
0.000017
0.000032
0.000045
0.000052
0.000042
0.000046
0.000106
0.000099
0.000049
0.000414
0.000377
0.000140
0.000069
0.000211
0.000185
0.000213
0.000249
0.006100
0.006353
0.025994
0.049587
0.053339
0.054614
0.051543
0.050304
0.000810
0.000019
0.000022
0.000021
0.000051
0.001126
0.000666
0.000688
0.292158
0.290006
0.286203
0.266849
0.179540
0.164983
0.105694
0.080636
0.060205
0.057598
0.011980
0.011124
0.011415
0.010937
0.011675
0.026173
0.283213
0.315667
0.334806
0.360896
0.361692
0.356512
0.345879
0.334656
0.325312
0.289677
0.278284
0.259208
0.092723
0.006398
0.000105
0.000085
0.000030
0.000029
0.000024
0.000050
0.000118
0.000078
0.000420
0.000399
0.000066
0.000048
0.000053
0.000068
0.000173
0.000114
0.000146
0.000030
0.000021
0.000010
0.000026
0.000092
0.000097
0.000158
0.000126
0.000109
0.000097
0.000097
0.000103
0.000098
0.014172
0.014111
0.014346
0.014243
0.009831
0.009692
0.009345
0.009685
0.009599
0.000119
0.000017
0.000019
0.000004
0.000018
0.000282
0.000246
0.000115
0.000143
0.019604
0.018557
0.018450
0.018431
0.022983
0.041869
0.043085
0.044517
0.000869
0.000580
0.000016
0.000039
0.000011
0.000020
0.000038
0.000102
0.000022
0.000023
0.000025
0.000033
0.000115
0.000146
0.000134
0.000055
0.000051
0.000059
0.000051
0.000058
0.000065
0.000062
0.000123
0.000296
0.026088
0.026241
0.038659
0.039821
0.040196
0.040723
0.041113
0.041353
0.748777
0.814130
0.856322
0.893167
0.077364
0.043077
0.000040
0.000029
0.000034
0.000057
0.051563
0.051550
0.050950
0.051795
0.007034
0.000265
0.000121
0.004177
0.004208
0.032495
1.110545
1.065448
0.253811
0.242427
0.065878
0.004671
0.000059
0.000050
0.000035
0.000015
0.000011
0.000010
0.000008
0.000050
0.000022
0.000027
0.000024
0.000025
0.000068
0.000055
0.044382
0.047287
0.014903
0.014709
0.008405
0.008733
0.008963
0.009270
0.000011
0.000030
0.000023
0.000040
0.000015
0.000032
0.000077
0.000213
0.000182
0.000080
0.010573
0.011314
0.011636
0.011957
0.014505
0.698501
0.693733
0.698535
0.635965
0.001682
0.000201
0.000107
0.000072
0.000111
0.000644
0.043137
0.041991
0.036182
0.031685
0.030023
0.027964
0.026293
0.000862
0.000674
0.000239
0.000122
0.000159
0.005752
0.008337
0.010858
0.011086
0.011333
0.026548
0.026184
0.042703
0.050029
0.051730
0.066952
0.071196
0.073701
0.073179
0.073403
0.068012
0.067240
0.054007
0.054172
0.015051
0.000425
0.000237
0.000075
0.000042
0.000059
0.000061
0.000109
0.000114
0.000108
0.000237
0.000164
0.005488
0.013442
0.032506
0.230889
0.509801
0.721287
1.107750
1.891906
2.157989
2.428620
2.752212
3.137477
0.010038
0.011166
3.862543
4.298086
0.003039
0.035952
5.160324
5.273625
5.327902
5.326778
0.002895
0.000262
0.000183
0.000126
0.000061
0.000050
0.000032
0.000091
0.002145
5.240511
4.683299
0.026034
0.026646
0.022957
0.021476
0.004992
0.005218
0.005510
0.005684
0.005938
0.005963
0.005654
0.005329
0.004318
0.004152
0.003453
0.003156
0.002870
0.000136
0.000115
0.000101
0.000069
0.000055
0.000069
0.000176
0.000994
0.001064
0.001100
0.001174
0.001365
0.001398
0.001415
0.001524
0.001598
0.001820
0.002240
0.003471
0.005684
0.009958
0.009954
0.007824
3.398952
2.985080
2.615793
2.231055
1.955032
1.627395
0.294289
0.007476
0.001030
0.000098
0.000076
0.000040
0.000040
0.000014
0.000015
0.000021
0.000029
0.000527
0.000562
0.000533
0.000540
0.000519
0.000514
0.000603
0.000603
0.000580
0.000600
0.000662
0.000666
0.000701
0.000777
0.000903
0.000967
0.000979
0.001054
0.001172
0.000972
0.000961
0.001039
0.000873
0.000862
0.000821
0.000822
0.746835
0.692195
0.010376
0.006274
0.000775
0.001945
0.007417
0.264176
0.250647
0.193504
0.310616
0.320652
0.325150
0.355488
0.306447
0.227106
0.159108
0.111258
0.060673
0.054590
0.043149
0.010433
0.002761
0.002768
0.002754
0.002737
0.000566
0.000125
0.000939
0.000971
0.000093
0.000037
0.000035
0.000041
0.000056
0.004919
0.004698
0.033934
0.068972
0.082339
0.174064
0.185152
0.154951
0.318015
0.335159
0.352977
0.432546
0.459797
0.476166
0.001053
0.000820
0.000105
0.000036
0.000016
0.000009
0.000010
0.000008
0.000011
0.000011
0.000008
0.000007
0.000007
0.000011
0.000010
0.000007
0.000019
0.000016
0.000020
0.000009
0.000191
0.000013
0.000009
0.000011
0.000006
0.000008
0.000009
0.000010
0.000015
0.000021
0.000053
0.000052
0.000022
0.000468
0.000431
0.000330
0.000336
0.000297
0.000277
0.000256
0.000236
0.000229
0.000203
0.000195
0.000154
0.000007
0.000039
0.000050
0.000029
0.000022
0.000014
0.000011
0.000008
0.000012
0.000015
0.000018
0.000022
0.000015
0.000015
0.000014
0.000009
0.000016
0.000012
0.000016
0.000017
0.000019
0.000014
0.000044
0.000025
0.000023
0.000148
0.000215
0.000304
0.013411
0.016197
0.066966
0.068011
0.591700
0.548651
0.496276
0.001877
0.000846
0.000085
0.000087
0.000017
0.000015
0.000755
0.097377
0.089473
0.060768
0.061439
0.000107
0.000128
0.000084
0.000058
0.000082
0.000082
0.000057
0.000039
0.000025
0.000060
0.000196
0.000128
0.000153
0.000119
0.000181
0.000156
0.000184
0.000190
0.000248
0.000361
0.000367
0.000403
0.000256
0.000216
0.000180
0.000013
0.000140
0.000141
0.000433
0.000051
0.000075
0.000165
0.000175
0.041708
0.328118
0.337203
0.353697
0.354237
0.349336
0.342302
0.338326
0.152045
0.067870
0.013666
0.012948
0.013500
0.009500
0.004296
0.003731
0.006331
0.007480
0.008082
0.017874
0.020257
0.025289
0.026579
0.028310
0.027973
0.000098
0.000108
0.000728
0.000784
0.000826
0.000023
0.000017
0.000013
0.000039
0.000028
0.000027
0.000012
0.000013
0.000009
0.000013
0.000014
0.000017
0.000014
0.000017
0.000060
0.000077
0.003937
0.048651
0.051021
0.053832
0.085966
0.126235
0.320500
0.345236
0.385126
0.430132
0.430463
0.007255
0.005499
0.000102
0.003988
0.003996
0.004052
0.004277
0.006079
0.008862
0.704428
0.646767
0.604640
0.569893
0.543068
0.000954
0.000798
0.000043
0.000038
0.000019
0.000011
0.000015
0.002171
0.002160
0.002422
0.002098
0.002059
0.001730
0.001491
0.003958
0.004025
0.004050
0.004282
0.004009
0.004126
0.000053
0.000056
0.000035
0.000029
0.000031
0.000065
0.002002
0.001646
0.001409
0.001282
0.001265
0.006129
0.015499
0.204932
0.246341
0.256173
0.264018
0.000592
0.000141
0.000132
0.000121
0.000079
0.000114
0.000174
0.287680
0.292885
0.290126
0.129827
0.113868
0.068104
0.008624
0.004084
0.004069
0.003995
0.004010
0.003462
0.003086
0.002165
0.000072
0.000095
0.000082
0.000080
0.000086
0.000130
0.000101
0.000062
0.000097
0.000142
0.011052
0.011079
0.010742
0.010478
0.019351
0.073828
0.076048
0.091209
0.180719
0.396366
0.717769
0.924376
1.004982
1.087917
1.818138
2.004428
0.107423
0.007648
0.003943
0.003301
0.002867
0.001313
0.002183
0.006026
2.402463
2.621686
2.886726
3.222465
3.437800
3.688544
0.026516
4.166416
4.633596
5.077810
5.338371
5.517111
5.700816
5.819107
5.885356
5.984524
6.137327
6.230169
0.001606
0.001827
0.001578
6.437516
6.569249
6.710537
6.798112
6.776441
6.746768
6.681689
6.580742
6.446304
6.333898
0.047545
6.154933
6.317666
6.306746
6.359617
6.372530
6.295514
6.427475
6.450339
6.484756
6.544801
6.383545
6.284988
6.163884
5.964069
5.709557
5.405528
0.002859
0.004073
0.002551
4.784810
1.014137
5.266326
5.521101
5.943221
6.080330
6.232809
6.272505
6.308168
6.387540
6.497633
6.574692
6.572526
6.580647
6.658249
6.728359
6.660709
6.484171
6.257573
0.033549
0.011852
0.010533
0.043730
6.159000
6.077697
5.954077
0.071579
0.000002
0.000003
0.072067
0.103818
6.250203
6.314251
7.054699
7.261250
7.386363
7.550826
7.674199
7.684174
7.667149
7.668961
7.668622
7.597028
0.019212
7.542811
7.577634
7.623364
7.515341
7.711662
7.770740
7.754947
7.747645
7.517058
7.542925
7.489646
7.459313
7.422172
7.328186
7.171435
0.048993
6.997691
6.933753
6.806087
6.503058
5.799445
5.586261
5.372960
5.199428
4.981696
4.614354
4.299872
0.006644
0.015866
4.727690
4.956429
5.062372
5.113801
5.388806
5.936500
6.149918
6.354047
6.539656
6.635994
6.718570
6.822074
6.839317
6.910042
6.938890
6.958915
6.994819
0.002560
0.002456
0.001863
0.001595
0.001702
0.001714
0.001685
0.001757
6.946132
6.972800
7.108444
7.147750
7.179573
7.164511
7.160569
7.127018
7.101148
7.021370
6.940307
6.876514
6.803016
6.727836
0.001860
0.000914
0.000624
0.000791
0.000738
0.000782
0.000654
0.000857
0.001307
0.002086
6.611737
6.537361
6.490549
6.304402
6.131397
0.021774
0.012962
0.005045
0.005699
0.005888
0.006436
0.006726
0.007486
0.018776
6.254142
6.363384
6.735887
6.921027
7.016587
7.156604
7.370262
7.552758
7.606055
7.626810
7.667287
7.627631
7.612903
7.600461
7.602083
7.636050
0.063816
0.022368
7.635274
7.718147
7.831155
8.097785
8.127674
8.179296
8.196171
8.232392
8.208875
8.210122
8.218519
8.242469
8.247690
8.228097
8.174593
8.105846
0.061942
8.094933
8.136900
8.183249
8.139646
8.037519
0.076486
7.901182
7.959987
8.066563
8.088878
8.098465
8.118849
8.139926
8.182071
8.220646
8.267973
8.295239
8.307348
8.265502
8.196796
0.075963
0.075800
8.108371
8.229695
8.299425
8.312855
8.343341
8.344500
8.332476
8.308656
8.245169
8.166262
8.106372
8.069692
8.118794
8.049964
8.008056
7.921993
7.670019
7.508129
7.363085
7.232094
6.737137
6.238026
0.667086
0.283807
0.239275
0.210548
0.180977
0.152187
0.016474
0.006472
0.002232
0.001911
0.040722
0.044376
0.096305
0.107849
0.118578
0.130641
0.139488
0.153174
5.219946
5.656054
5.975055
6.248634
6.616596
7.115995
7.569332
7.759079
7.948251
8.122476
8.068285
7.825554
7.164674
7.435241
7.328081
7.492793
7.495555
7.516150
7.563507
7.484637
7.716317
7.811151
7.903442
8.023701
8.179719
8.157272
8.111024
8.097992
8.104900
8.075949
8.058157
8.056613
8.052939
7.997288
7.884668
7.780097
7.625396
7.335962
7.006968
6.715401
6.402227
0.075227
5.675341
5.207129
4.838228
0.068115
0.001380
0.000005
0.000765
0.000887
0.000790
0.000785
0.000996
0.045675
0.089770
3.919095
3.974286
3.865806
4.019026
4.259737
4.643348
4.977311
5.498487
5.866648
6.199609
6.680350
6.774262
6.895241
7.070176
7.269069
0.002412
0.004606
0.023178
0.024354
7.548346
7.779299
7.831240
7.894658
7.990316
8.081848
8.137961
0.000016
0.000013
0.000012
0.000010
8.195248
8.278239
8.330289
8.385509
8.437101
8.463794
8.472585
8.481843
8.492207
8.498480
8.495076
8.498900
8.503286
8.510122
8.526783
8.551632
8.578381
8.577998
8.579677
8.598140
8.609395
8.618764
8.620035
8.620337
8.621093
8.618247
8.615518
8.612683
8.605788
8.598171
8.596018
8.602041
8.610880
8.612218
7.963308
7.736492
7.257979
7.254282
7.252874
7.277763
7.269711
7.265276
7.261147
7.262055
7.268003
7.273487
7.426117
7.450579
7.474985
7.478151
7.479992
7.480121
7.479431
7.479269
7.479994
7.477635
0.001520
7.471492
7.473105
7.478220
7.478393
7.478061
7.477605
7.467950
7.417836
7.345911
7.234017
7.208009
7.465938
7.477677
7.478607
7.478268
7.477972
7.477976
7.477996
7.477555
7.477270
7.477685
7.477419
7.469609
7.463102
7.461554
7.452697
7.446632
7.365539
7.115277
6.959443
6.714216
6.191538
0.025324
0.017431
0.008850
5.701580
5.403078
4.709551
4.226762
3.574971
3.223051
2.568186
2.320986
1.925958
0.449323
0.012424
0.002305
0.000933
0.000877
0.000034
0.000039
0.000033
0.000015
0.000013
0.000018
0.000008
0.000006
0.000003
0.000002
0.000002
0.000003
0.000003
0.000004
0.000009
0.000007
0.000003
0.000008
0.000012
0.000010
0.000014
0.000004
0.000012
0.000008
0.000013
0.000017
0.000017
0.000007
0.000009
0.000041
0.000021
0.000009
0.000010
0.000012
0.000029
0.000017
0.000006
0.000004
0.000002
0.000002
0.000002
0.000003
0.000001
0.000003
0.000006
0.000001
0.000002
0.000001
0.000001
0.000001
0.000000
0.000000
0.000000
0.000000
0.000000
0.000000
0.000000
0.000000
0.000001
0.000001
0.000129
0.000075
0.000060
0.000040
0.000039
0.000006
0.000001
0.000001
0.000002
0.000003
0.000004
0.000007
0.000000
0.000004
0.000000
0.000001
0.000001
0.000001
0.000001
0.000001
0.000001
0.000001
0.000002
0.000004
0.000006
0.000000
0.000000
0.000000
0.000000
0.000000
0.000000
0.000000
0.000000
0.000000
0.000000
0.000000
0.000001
0.000000
0.000000
0.000000
0.000000
0.000000
0.000000
0.000000
0.000000
0.000000
0.000000
0.000000
0.000000
0.000000
0.000000
0.000000
0.000000
0.000000
0.000000
0.000000
0.000000
0.000000
0.000000
0.000000
0.000000
0.000000
0.000000
0.000000
0.000000
0.000000
0.000001
0.000000
0.000000
0.000000
0.000000
0.000000
0.000000
0.000000
0.000000
0.000000
0.000000
0.000000
0.000000
0.000000
0.000000
0.000000
0.000000
0.000000
0.000000
0.000000
0.000000
0.000000
0.000000
0.000000
0.000000
0.000000
0.000000
0.000001
0.000000
0.000000
0.000000
0.000000
0.000016
0.000019
0.000030
0.000052
0.000000
0.000000
0.000000
0.000000
0.000000
0.000000
0.000000
0.000000
0.000000
0.000000
0.000000
0.000000
0.000000
0.000000
0.000000
0.000000
0.000000
0.000000
0.000000
0.000000
0.000000
0.000000
0.000000
0.000000
0.000000
0.000000
0.000000
0.000000
0.000000
0.000000
0.000000
0.000000
0.000000
0.000000
0.000000
0.000000
0.000000
0.000000
0.000000
0.000000
0.000000
0.000000
0.000000
0.000000
0.000000
0.000000
0.000000
0.000000
0.000000
0.000000
0.000000
0.000000
0.000000
0.000000
0.000000
0.000000
0.000000
0.000000
0.000000
0.000000
0.000000
0.000000
0.000000
0.000000
0.000000
0.000000
0.000000
0.000000
0.000000
0.001170
0.153802
0.046405
0.036168
0.020268
0.012502
0.012781
0.000000
0.000000
0.000000
0.000000
0.000000
0.000000
0.000000
0.000000
0.000000
0.000000
0.000000
0.000000
0.000000
0.010086
0.010103
0.010111
0.010113
0.010099
0.010094
0.000000
0.000000
0.000000
0.000000
0.000000
0.000000
0.000000
0.000000
0.000000
0.000000
0.000000
0.000000
0.000000
0.010097
0.010111
