0.000127
0.000036
0.000001
0.000001
0.000001
0.000000
0.000000
0.000000
0.000000
0.000000
0.000000
0.000000
0.000000
0.000000
0.000000
0.000000
0.000000
0.000001
0.000000
0.000001
0.000145
0.004979
0.005254
0.005426
0.005489
0.005423
0.005472
0.005687
0.006294
0.011168
0.011149
0.000142
0.000138
0.000137
0.000130
0.000002
0.000001
0.000001
0.000001
0.000001
0.000000
0.000000
0.000000
0.000000
0.000000
0.000000
0.000017
0.000019
0.000023
0.000035
0.000050
0.000058
0.000063
0.000068
0.000071
0.000075
0.000080
0.000099
0.000115
0.000133
0.000137
0.000142
0.000148
0.000148
0.000148
0.000150
0.000151
0.000145
0.000141
0.000139
0.000134
0.000128
0.000124
0.000120
0.000118
0.000118
0.000116
0.000115
0.000113
0.000112
0.000111
0.000105
0.000099
0.000093
0.000090
0.000068
0.000003
0.000002
0.000002
0.000001
0.000001
0.000000
0.000000
0.000000
0.000000
0.000000
0.000000
0.000000
0.000000
0.000000
0.000043
0.000058
0.000071
0.000080
0.000083
0.000088
0.000098
0.000106
0.000107
0.000109
0.005039
0.005041
0.004910
0.011489
0.017563
0.018259
0.019093
0.019467
0.018659
0.013053
0.011678
0.010441
0.009808
0.009235
0.008731
0.000393
0.000000
0.000000
0.000000
0.000000
0.000000
0.000000
0.000000
0.000000
0.000000
0.000000
0.000000
0.000000
0.000000
0.000000
0.000000
0.000000
0.000000
0.000000
0.000000
0.000000
0.000000
0.000000
0.000000
0.000000
0.000000
0.000000
0.000000
0.000000
0.000000
0.000000
0.000000
0.000000
0.000000
0.000000
0.000000
0.000000
0.000000
0.000000
0.000000
0.000000
0.000000
0.000000
0.000000
0.000000
0.000000
0.000000
0.000000
0.000000
0.000000
0.000000
0.000000
0.000000
0.000000
0.000000
0.000000
0.000000
0.000000
0.000000
0.000000
0.000000
0.000000
0.000000
0.000000
0.000001
0.000006
0.005223
0.005389
0.005333
0.015530
0.015737
0.015921
0.015974
0.031319
0.050438
0.048771
0.000399
0.038088
0.047195
0.083639
2.407585
2.220634
0.000001
0.000001
0.000000
0.000000
0.000000
0.000000
0.000000
0.000000
0.000000
0.000000
0.000000
0.000000
0.000000
0.000000
0.000000
0.000000
0.000000
0.000000
0.000000
0.000000
0.000000
0.000000
0.000000
0.000000
0.000000
0.000000
0.000000
0.000000
0.000000
0.000000
0.000000
0.000000
0.000000
0.000000
0.000000
0.000001
0.000000
0.000000
0.000001
0.000001
0.000000
0.000000
0.000000
0.000000
0.000000
0.000001
0.000000
0.000000
0.000000
0.000000
0.000000
0.000000
0.000000
0.000000
0.000000
0.000000
0.000001
0.000001
0.000000
0.000000
0.000000
0.000001
0.000000
0.000000
0.000000
0.000000
0.000000
0.000000
0.000000
0.000000
0.000000
0.000000
0.000000
0.000002
0.000002
0.000000
0.000001
0.000001
0.000001
0.000001
0.000004
0.000006
0.000000
0.000000
0.000000
0.000000
0.000000
0.000000
0.000000
0.000000
0.000000
0.000000
0.000000
0.000001
0.000000
0.000001
0.000002
0.000002
0.000002
0.000004
0.000002
0.000001
0.000000
0.000002
0.000209
0.000235
0.000216
0.000133
0.000101
0.007137
0.004509
0.011415
0.007378
0.006031
0.000001
0.000001
0.000001
0.000001
0.000001
0.000000
0.000473
0.000001
0.000000
0.000000
0.000000
0.000000
0.000001
0.000001
0.000000
0.000000
0.000000
0.000003
0.000001
0.000002
0.000002
0.000001
0.000000
0.000001
0.000000
0.000000
0.000000
0.000000
0.000001
0.000001
0.000001
0.000000
0.000001
0.000001
0.000000
0.000000
0.000000
0.000000
0.000001
0.000001
0.000001
0.000002
0.000002
0.000002
0.000001
0.000001
0.000001
0.000001
0.000001
0.000001
0.000001
0.000001
0.000001
0.000001
0.000001
0.000002
0.000005
0.000003
0.000002
0.000005
0.000002
0.000001
0.000012
0.000007
0.000004
0.000004
0.000005
0.000005
0.000004
0.000004
0.000003
0.000012
0.000009
0.000009
0.000005
0.000083
0.000046
0.000010
0.000005
0.000005
0.000007
0.000006
0.000003
0.000010
0.000014
0.000019
0.000028
0.000041
0.000019
0.000009
0.000006
0.000007
0.000014
0.000005
0.000003
0.000007
0.000009
0.000008
0.000006
0.000005
0.000009
0.000013
0.000010
0.000016
0.000016
0.000016
0.000010
0.000026
0.000145
0.000025
0.000026
0.000042
0.000032
0.000021
0.000010
0.000018
0.000055
0.000024
0.000024
0.000021
0.000023
0.000025
0.000034
0.000059
0.000048
0.000056
0.000171
0.000161
0.000396
0.079010
0.080514
0.112303
0.402258
2.577368
0.063011
3.854352
4.630885
5.199897
5.900678
0.000001
0.000001
0.000003
0.000005
0.000011
0.000011
0.000015
6.635600
6.894281
7.209539
7.477020
7.549672
7.619951
7.663205
7.640438
7.122116
6.565695
5.840020
5.227261
4.693614
0.769470
0.082422
2.665877
2.693423
2.552118
2.411116
0.000004
0.000003
0.000001
0.000000
0.000000
0.000000
0.000000
0.000000
0.000000
0.000000
0.000000
0.000000
0.000000
0.000000
0.000001
0.000000
0.000000
0.000000
0.000001
0.000002
0.000000
0.000000
0.000000
0.000000
0.000001
0.000000
0.000000
0.000000
0.000001
0.000001
0.000001
0.000000
0.000002
0.000002
0.000003
0.000000
0.000000
0.000000
0.000000
0.000000
0.000000
0.000000
0.000000
0.000002
0.000001
0.000001
0.000001
0.000001
0.000001
0.000001
0.000002
0.000000
0.000000
0.000000
0.000000
0.000000
0.000000
0.000001
0.000000
0.000000
0.000000
0.000000
0.000000
0.000000
0.000000
0.000000
0.000001
0.000001
0.000000
0.000001
0.002804
0.006244
0.005435
0.000000
0.000000
0.000000
0.000001
0.000001
0.000000
0.000000
0.000000
0.000000
0.000000
0.000001
0.000000
0.000000
0.000000
0.000000
0.000000
0.000000
0.000000
0.000001
0.000001
0.000001
0.000001
0.000002
0.000003
0.000005
0.000001
0.000001
0.000002
0.000002
0.000004
0.000003
0.000001
0.000001
0.000001
0.000002
0.000002
0.000008
0.000002
0.000002
0.000001
0.000001
0.000001
0.000001
0.000001
0.000002
0.000006
0.000021
0.000022
0.000026
0.000022
0.000019
0.000003
0.000007
0.000004
0.000011
0.000003
0.000002
0.000006
0.000007
0.000012
0.000010
0.000011
0.000005
0.000020
0.000169
0.000024
0.000007
0.000012
0.000063
0.000025
0.000021
0.000036
0.000051
0.000073
0.000029
0.000019
0.000035
0.000073
0.000219
0.000257
0.000279
0.000712
2.780622
2.824038
2.803917
2.498261
2.309271
2.189293
1.958240
1.064722
0.280661
0.000024
0.000014
0.000018
0.000038
0.000004
0.000004
0.000004
0.000005
0.004096
0.003200
0.003003
0.002958
0.003059
0.004047
0.000009
0.000006
0.000002
0.000002
0.000002
0.000002
0.000002
0.000001
0.000002
0.000003
0.000002
0.000001
0.000002
0.000001
0.000000
0.000001
0.000001
0.000002
0.000003
0.000003
0.000001
0.000000
0.000000
0.000001
0.000001
0.000001
0.000001
0.000001
0.000003
0.000004
0.000004
0.000001
0.000001
0.000002
0.000004
0.000002
0.000011
0.000012
0.000004
0.000002
0.000003
0.000001
0.000001
0.000001
0.000001
0.000001
0.000002
0.000002
0.000003
0.000002
0.000002
0.000002
0.000003
0.000004
0.000024
0.000029
0.000097
0.000314
0.002544
0.037452
0.472069
4.466952
5.227119
5.889757
6.605980
7.355964
8.167189
8.708833
8.724759
8.704423
8.677656
8.366986
7.362291
6.543023
5.915198
0.055308
0.019219
4.935376
4.394648
3.969298
0.010014
1.951621
1.830992
1.674315
1.507377
0.089909
0.079663
0.009571
0.003854
0.000373
0.000051
0.000040
0.000034
0.000018
0.000016
0.000021
0.000010
0.000030
0.000013
0.000022
0.000053
0.000025
0.000022
0.000011
0.000014
0.000025
0.000012
0.000014
0.000011
0.000010
0.000019
0.000018
0.000015
0.000018
0.000030
0.000028
0.000029
0.000019
0.000010
0.000015
0.000006
0.000008
0.000018
0.000022
0.000027
0.000016
0.000015
0.000022
0.000012
0.000013
0.000006
0.000007
0.000009
0.000007
0.000015
0.000005
0.000009
0.000017
0.000011
0.000007
0.000009
0.000008
0.000006
0.000006
0.000008
0.000012
0.000008
0.000006
0.000008
0.000013
0.000012
0.000013
0.000007
0.000008
0.000017
0.000020
0.000030
0.000020
0.000050
0.000011
0.000012
0.006290
0.011443
0.011508
0.012119
0.012417
0.007013
0.000025
0.000019
0.000021
0.000016
0.000011
0.000009
0.000008
0.000007
0.000018
0.000020
0.000009
0.000009
0.000025
0.000005
0.000006
0.000005
0.000009
0.000016
0.000020
0.000024
0.000039
0.000064
0.000016
0.000014
0.000015
0.000011
0.000027
0.000015
0.000010
0.000008
0.000018
0.000013
0.000639
0.000040
0.000112
0.000076
0.000039
0.000010
0.000004
0.000003
0.000004
0.000003
0.000004
0.000002
0.000002
0.000002
0.000002
0.000002
0.000001
0.000001
0.000003
0.000002
0.000003
0.000003
0.000005
0.000010
0.000013
0.001029
0.054061
0.056072
0.157417
1.085124
1.549575
2.524151
3.021946
3.578448
4.151957
4.639238
5.158032
5.791193
6.619799
7.616337
8.536376
9.163962
9.666017
9.721257
9.472446
9.330337
9.229399
9.153086
9.007914
8.492296
8.090117
7.551911
7.069663
6.624462
0.177838
0.030452
0.108219
5.804625
5.606640
5.353642
4.469973
5.011013
9.032589
9.386500
9.711048
9.735462
9.752027
9.779671
9.673256
9.235837
9.202596
9.046456
9.044742
9.040987
9.036029
9.191179
9.243588
9.255138
9.206671
9.162055
8.976463
8.978739
8.976029
8.955304
8.949609
8.940460
9.007076
8.997158
8.995548
9.091892
8.987655
8.893196
8.632849
8.401480
7.997655
7.626809
7.659319
8.803658
8.955757
8.863966
8.889381
8.629761
8.598649
0.038821
0.037805
0.032402
8.375420
8.383517
8.367016
8.359696
8.181954
8.110504
8.044688
7.973503
0.054045
7.926813
7.988988
8.021503
8.028783
8.034445
8.035041
8.036965
8.034026
8.030997
8.030076
8.032086
8.038363
8.041229
8.038225
8.036244
8.049617
8.044158
8.024537
8.012668
7.930117
7.983984
7.994011
7.982175
7.984253
7.977993
7.979213
7.979012
7.973249
7.962132
7.904560
7.867825
7.850521
7.863105
7.850947
7.849118
7.854891
0.000921
0.000416
0.000357
0.000193
0.000254
0.000182
0.000028
0.000014
0.000020
0.000017
0.000043
0.000019
0.000016
0.000014
0.000016
0.000031
0.000044
0.000408
0.000016
0.000010
0.000028
0.000021
0.000026
0.000026
0.000032
0.000192
0.000029
0.000013
0.000007
0.000007
0.000006
0.000005
0.000006
0.000020
0.000010
0.000010
0.000003
0.000006
0.000008
0.000008
0.000034
0.000028
0.000045
0.000122
0.000118
0.000007
0.000004
0.000001
0.000001
0.000001
0.000001
0.000002
0.000003
0.000003
0.000004
0.000007
0.000010
0.000006
0.000003
0.000001
0.000002
0.000001
0.000002
0.000002
0.000002
0.000003
0.000004
0.000003
0.000008
0.000005
0.000002
0.000006
0.000001
0.000003
0.000005
0.000018
0.000007
0.000008
0.000005
0.000021
0.000001
0.000003
0.000001
0.000000
0.000000
0.000000
0.000000
0.000000
0.000001
0.000000
0.000000
0.000000
0.000000
0.000000
0.000000
0.000000
0.000000
0.000000
0.000000
0.000001
0.000001
0.000003
0.000000
0.000000
0.000000
0.000000
0.000000
0.000000
0.000000
0.000000
0.000000
0.000000
0.000000
0.000000
0.000000
0.000001
0.000002
0.000000
0.000000
0.000000
0.000000
0.000000
0.000000
0.000000
0.000000
0.000000
0.000000
0.000000
0.000000
0.000000
0.000000
0.000000
0.000000
0.000000
0.000000
0.000000
0.000000
0.000000
0.000000
0.000000
0.000000
0.000000
0.000000
0.000000
0.000000
0.000000
0.000000
0.000000
0.000000
0.000000
0.000000
0.000000
0.000000
0.000000
0.000000
0.000000
0.000001
0.000001
0.000000
0.000001
0.000000
0.000000
0.000000
0.000000
0.000000
0.000000
0.000000
0.000000
0.000000
0.000000
0.000000
0.000000
0.000000
0.000000
0.000002
0.000003
0.000041
7.665330
7.675254
7.619505
7.597329
7.579029
7.560899
7.552671
7.543888
0.000018
0.000010
0.000010
0.000001
0.000000
0.000000
0.000000
0.000000
0.000000
0.000000
0.000000
0.000000
0.000000
0.000000
0.000000
0.000000
0.000000
0.000000
0.000000
0.000000
0.000000
0.000000
0.000000
0.000000
0.000000
0.000000
0.000000
0.000000
0.000000
0.000000
0.000000
0.000000
0.000000
0.000000
0.000000
0.000000
0.000000
0.000000
0.000000
0.000000
0.000000
0.000000
0.000000
0.000000
0.000000
0.000000
0.000000
0.000000
0.000000
0.000000
0.000000
0.000000
0.000000
0.000000
0.000000
0.000000
0.000000
0.000000
0.000000
0.000000
0.000000
0.000000
0.000000
0.000000
0.000000
0.000000
0.000000
0.000000
0.000000
0.000000
0.000000
0.000000
0.000000
0.000000
0.000000
0.000000
0.000000
0.000000
0.000000
0.000000
0.000000
0.000000
0.000000
0.000000
0.000000
0.000000
0.000000
0.000000
0.000000
0.000000
0.000000
0.000000
0.000000
0.000000
0.000000
0.000000
0.000000
0.000000
0.000000
0.000000
0.000000
0.000000
0.000000
0.000000
0.000000
0.000000
0.000000
0.000000
0.000000
0.000000
0.000000
0.000000
0.000000
0.000000
0.000000
0.000000
0.000000
0.000000
0.000000
0.000000
0.000000
0.000000
0.000000
0.000000
0.000000
0.000000
0.000000
0.000000
0.000000
0.000000
0.000000
0.000000
0.000000
0.000001
0.000000
0.000000
0.000000
0.000000
0.000000
0.000000
0.000000
0.000000
0.000000
0.000000
0.000000
0.000000
0.000000
0.000000
0.000000
0.000000
0.000000
0.000000
0.000000
0.000000
0.000000
0.000000
0.000000
0.000000
0.000000
0.000000
0.000000
0.000000
0.000000
0.000000
0.000000
0.000000
0.000000
0.000000
0.000000
0.000000
0.000000
0.000000
0.000000
0.000000
0.000000
0.000000
0.000000
0.000000
0.000000
0.000000
0.000000
0.000000
0.000000
0.000000
0.000000
0.000000
0.000000
0.000000
0.000000
0.000000
0.000000
0.000000
0.000000
0.000000
0.000000
0.000000
0.000000
0.000000
0.000000
0.000000
0.000000
0.000000
0.000000
0.000000
0.000000
0.000000
0.000000
0.000000
0.000000
0.000000
0.000000
0.000000
0.000000
0.000000
0.000000
0.000000
0.000000
0.000000
0.000000
0.000000
0.000000
0.000000
0.000000
0.000000
0.000000
0.000000
0.000000
0.000000
0.000000
0.000000
0.000000
0.000000
0.000000
0.000000
0.000000
0.000000
0.000000
0.000000
0.000000
0.000000
0.000000
0.000000
0.000000
0.000000
0.000000
0.000000
0.000000
0.000000
0.000000
0.000000
0.000000
0.000000
0.000000
0.000000
0.000000
0.000000
0.000000
0.000000
0.000000
0.000000
0.000000
0.000000
0.000000
0.000000
0.000000
0.000000
0.000000
0.000000
0.000000
0.000000
0.000000
0.000000
0.000000
0.000000
0.000000
0.000000
0.000000
0.000000
0.000000
0.000000
0.000000
0.000000
0.000000
0.000000
0.000000
0.000000
0.000000
0.000000
0.000000
0.000000
0.000000
0.000000
0.000000
0.000000
0.000000
0.000000
0.000000
0.000000
0.000000
0.000000
0.000000
0.000000
0.000000
0.000000
0.000000
0.000000
0.000000
0.000000
0.000000
0.000000
0.000000
0.000000
0.000000
0.000000
0.000000
0.000000
0.000000
0.000000
0.000000
0.000000
0.000000
0.000000
0.000000
0.000000
0.000000
0.000000
0.000000
0.000000
0.000000
0.000000
0.000000
0.000000
0.000000
0.000000
0.000000
7.547341
7.530181
7.517919
7.467977
7.426281
7.387021
7.296480
0.000000
0.000000
0.000000
0.000000
0.000000
0.000000
0.000000
0.000000
0.000000
0.000000
0.000000
0.000000
0.000000
0.000000
0.000000
0.000000
0.000000
0.000000
0.000000
0.000000
0.000000
0.000000
0.000000
0.000000
0.000000
0.000000
0.000000
0.000000
0.000000
0.000000
0.000000
0.000000
0.000000
0.000000
0.000000
0.000000
0.000000
0.000000
0.000000
0.000000
0.000000
0.000000
0.000000
0.000000
0.000000
0.000000
0.000000
0.000000
0.000000
0.000000
0.000000
0.000000
0.000000
0.000000
0.000000
0.000000
0.000000
0.000000
0.000000
0.000000
0.000000
0.000000
0.000000
0.000000
0.000000
0.000000
0.000000
0.000000
0.000000
0.000000
0.000000
0.000000
0.002764
0.001695
0.001190
0.000000
0.000000
0.000000
0.000000
0.000000
0.000000
0.000000
0.000000
0.000000
0.000000
0.000000
0.000000
0.000000
0.000000
0.000000
0.000000
0.000000
0.000000
0.000000
0.000000
0.000000
0.000000
0.000000
0.000000
0.000000
0.000000
0.000000
0.000000
0.000000
0.000000
0.000000
0.000000
0.000000
0.000000
0.000000
0.000000
0.000000
0.000000
7.203281
7.183962
0.002673
0.000699
0.000710
0.000249
0.000289
0.007126
0.006342
0.006093
0.006168
0.006016
0.006122
0.006189
7.008193
6.957696
6.910973
6.668919
6.276242
0.000000
0.000000
0.000000
0.000000
0.000000
0.000000
0.000000
0.000000
0.000000
0.000000
0.000000
0.000000
0.000000
0.000000
0.000000
0.000000
0.000000
0.000000
0.000000
0.006204
0.006096
4.531718
3.978452
0.195125
0.027603
0.024916
0.002460
0.002228
0.001967
0.001856
0.001403
0.000038
0.000023
0.000008
0.000005
0.000004
0.000005
0.000007
0.000013
0.000035
0.000053
0.001298
0.001534
0.001555
0.008857
0.008977
0.009092
0.009198
0.009018
0.001370
0.001125
0.000024
0.000017
0.000020
0.000021
0.000002
0.000004
0.000003
0.000007
0.009318
0.076955
0.000076
0.000026
0.000016
0.000011
0.000009
0.000005
0.000005
0.000005
0.000002
0.000000
0.000001
0.000000
0.000002
0.000001
0.000001
0.000001
0.000001
0.000002
0.000001
0.000000
0.000000
0.000000
0.000000
0.000001
0.000001
0.000003
0.000003
0.000003
0.000003
0.000001
0.000002
0.000002
0.000003
0.000006
0.000007
0.007196
0.007336
0.007331
0.007302
0.007269
0.007133
0.007038
0.000246
0.000171
0.000142
0.000130
0.000124
0.000059
0.000042
0.000019
0.000003
0.000006
0.000002
0.000013
0.000023
0.000010
0.000146
0.000161
0.000018
0.000014
0.000015
0.000087
0.000002
0.000005
0.000004
0.000005
0.000004
0.000006
0.000013
0.000018
0.002569
0.002824
0.002893
0.003118
0.003296
0.010028
0.010109
0.010089
0.010005
0.003189
0.002983
0.002838
0.002759
0.002752
0.002703
0.002667
0.002387
0.002221
0.000003
0.000002
0.000002
0.000002
0.000002
0.000002
0.000000
0.000000
0.000000
0.000000
0.000000
0.000000
0.000000
0.000000
