0.000000
0.000061
0.000059
0.000241
0.000278
0.000325
0.000381
0.060862
0.021549
0.014635
0.007928
0.005478
0.005405
0.002878
0.003154
0.000230
0.000103
0.000003
0.000003
0.000004
0.000003
0.000008
0.000001
0.000002
0.000001
0.000001
0.000001
0.000001
0.000001
0.000000
0.000000
0.000000
0.000000
0.000016
0.000020
0.000145
0.000021
0.000029
0.000033
0.011788
0.012031
0.012735
0.012871
0.013983
0.008581
0.008785
0.008561
0.008455
0.008424
0.008460
0.008503
0.008624
0.008782
0.008367
0.007301
0.007035
0.006434
0.005395
0.000050
0.000051
0.000158
0.000250
0.000399
0.003887
0.004613
0.019930
0.023221
0.032048
0.032968
0.033653
0.036624
0.037840
0.038183
0.038551
0.039273
0.039882
0.040257
0.040746
0.040958
0.040956
0.041475
0.041856
0.042256
0.042695
0.043460
0.000007
0.000020
0.000021
0.000029
0.000227
0.054929
0.056501
0.073104
0.075018
0.078080
0.080136
0.081516
0.081683
0.080293
0.049024
0.071727
0.070565
0.068621
0.064992
0.060485
0.057760
0.027960
0.004803
0.004656
0.033456
0.034624
0.042073
0.043600
0.044527
0.045665
0.047769
0.050400
0.052690
0.053848
0.057856
0.061344
0.061905
0.062830
0.064033
0.064540
0.064516
0.064422
0.064539
0.064643
0.064675
0.064677
0.064668
0.064668
0.064676
0.064660
0.064653
0.064661
0.064624
0.064518
0.064447
0.064152
0.061875
0.055851
0.053971
0.053118
0.051984
0.046681
0.039200
0.033948
0.029859
0.006475
0.006611
0.006510
0.006522
0.006466
0.006520
0.000118
0.000147
0.012331
0.020128
0.020322
0.020358
0.020146
0.019771
0.013822
0.000947
0.018795
0.046653
0.052920
0.056307
0.061223
0.064519
0.064581
0.064829
0.064880
0.064759
0.064786
0.064782
0.064727
0.064729
0.064626
0.065542
0.065733
0.065781
0.065747
0.065710
0.065642
0.065581
0.065061
0.065895
0.065894
0.065857
0.065827
0.065825
0.065839
0.088043
0.088007
0.087958
0.087771
0.087572
0.087547
0.087451
0.088266
0.085597
0.083397
0.082344
0.081407
0.080771
0.079008
0.078318
0.076635
0.074071
0.071307
0.067436
0.061350
0.060241
0.000717
0.000505
0.000446
0.000439
0.083495
0.087102
0.092499
0.094192
0.093666
0.244035
0.244341
0.246357
0.191817
0.186850
0.186937
0.186467
0.109079
0.108891
0.107058
0.106734
0.094545
0.086565
0.064640
0.064408
0.062937
0.061803
0.060601
0.058039
0.056957
0.037882
0.037763
0.038058
0.042137
0.043390
0.043323
0.043847
0.044405
0.044178
0.043449
0.042980
0.042616
0.041579
0.040047
0.038737
0.038374
0.032748
0.026207
0.023493
0.020619
0.014511
0.014479
0.028385
0.028603
0.026305
0.024526
0.021758
0.003319
0.002801
0.002963
0.003312
0.021140
0.024265
0.024640
0.024120
0.037329
0.039382
0.041262
0.044487
0.047010
0.049859
0.052939
0.057205
0.059193
0.061706
0.062098
0.062370
0.062627
0.062909
0.063794
0.063495
0.063917
0.064640
0.064484
0.064487
0.064613
0.064612
0.064408
0.064158
0.063962
0.063194
0.000571
0.000298
0.000259
0.000239
0.000183
0.000173
0.000168
0.040085
0.040992
0.042239
0.042592
0.043056
0.043653
0.043934
0.043859
0.066213
0.066716
0.067737
0.070796
0.071843
0.072850
0.073735
0.073586
0.157708
0.177373
0.192575
0.237513
0.264168
0.281844
0.329325
0.374518
0.395172
0.026923
0.025785
0.023069
0.019256
0.001490
0.000464
0.000440
0.000364
0.000016
0.000026
0.000100
0.000099
0.000138
0.000044
0.000053
0.000050
0.000130
0.003055
0.017206
0.020378
0.023288
0.025281
0.028333
0.030662
0.033563
0.034601
0.036083
0.038464
0.039076
0.040480
0.042240
0.043119
0.042832
0.043284
0.043850
0.044354
0.043726
0.000187
0.000109
0.000055
0.000021
0.000016
0.000009
0.000007
0.000007
0.000013
0.000017
0.000010
0.000021
0.000012
0.000018
0.000021
0.000046
0.000055
0.000073
0.000081
0.000059
0.000039
0.000054
0.000044
0.000089
0.000025
0.000026
0.000027
0.000054
0.000079
0.000073
0.000057
0.000121
0.000062
0.000058
0.038929
0.039370
0.039860
0.041119
0.043559
0.042813
0.040923
0.001475
0.001330
0.025233
0.029004
1.172446
1.523685
1.776136
2.220724
2.440904
3.397940
4.030543
4.663115
0.000132
0.000288
0.000462
5.517983
6.291859
6.607454
6.907176
7.046344
7.219967
7.396834
7.494242
7.552657
7.612145
7.728486
7.742173
7.748843
7.748365
7.739755
7.727635
7.711332
7.693608
7.683333
7.680889
7.680528
7.669445
7.672159
7.804901
7.899629
7.888512
7.880609
7.888588
7.858874
7.837913
7.819003
7.808851
7.815804
7.859323
7.878073
7.826265
7.781969
7.735344
7.699446
0.103063
7.765706
7.800792
7.843344
7.837216
7.828945
7.791795
7.798173
7.803987
8.016653
8.212852
8.168413
8.077632
0.000905
0.000445
0.000296
0.000129
0.000135
0.000114
0.000050
0.000045
0.000011
0.000008
0.000005
0.000007
0.000007
0.000008
0.000007
0.000005
0.000008
0.000016
0.000036
0.000072
0.000028
0.000059
0.000019
0.000007
0.000007
0.000007
0.000003
0.000005
0.000006
0.000010
0.000020
0.000118
0.000174
0.000178
0.000035
0.000056
0.000092
0.000169
0.000622
0.000912
0.001548
8.081967
8.106851
7.869665
7.343850
6.840339
5.348837
0.132385
0.006534
0.001494
0.001427
0.001549
0.000758
0.000554
0.001006
0.001393
0.049575
5.658192
5.911864
4.337551
6.523483
7.434720
7.691036
8.059916
8.363573
8.496026
8.560586
8.556416
8.551449
8.274718
8.269860
8.265575
8.266079
8.270459
8.271336
8.273852
8.275357
8.278640
8.278937
8.279151
8.412747
8.483971
8.558064
8.544803
8.516030
8.496614
8.483815
8.471318
8.418492
8.363434
8.290456
8.230628
8.115003
0.121662
8.080976
8.258641
8.492404
8.516157
8.537398
8.472575
8.421759
8.334075
8.271348
7.952236
7.473925
6.409405
7.248568
7.700460
7.863445
7.802141
7.921876
8.032930
8.425289
8.467814
8.488538
8.505065
8.520193
8.516511
8.522276
8.521540
8.482695
8.398231
8.351368
8.234754
8.107034
7.959410
8.030271
0.112420
8.111098
8.223864
8.321357
8.414866
8.473730
8.529843
8.533286
8.521355
8.520466
8.535060
8.401317
8.290917
8.194474
7.963877
7.719135
7.379996
0.179224
0.061432
6.427431
6.723118
6.791958
0.019371
0.022107
6.721739
7.087926
7.285839
0.022537
7.503980
7.492720
7.434748
7.291932
6.912461
4.625314
6.355305
6.639881
0.177206
0.284698
5.945002
6.393054
0.028861
0.114159
6.951103
7.800471
7.847538
7.857366
7.902306
7.937076
7.935871
7.934936
7.928366
7.734516
7.631483
0.112963
0.116945
0.112353
0.152538
7.933471
8.057969
8.176430
8.272183
8.319419
8.332912
8.332800
8.311988
8.193465
8.091642
8.091875
8.092043
8.091486
8.184671
8.182570
8.176428
8.117348
8.113689
8.111120
8.105974
8.065917
7.880225
8.035876
8.045160
8.058073
8.169146
8.221655
8.268136
8.306192
8.342193
8.350755
8.353812
8.353916
8.352968
8.348408
8.347318
8.349666
8.353134
8.354593
8.354246
8.354418
8.354754
8.355183
8.355375
8.355427
8.355421
8.355267
8.355401
8.355581
8.355636
8.355560
8.355349
8.355093
8.353268
8.352781
8.351995
8.324019
8.077725
8.080612
8.084413
8.069234
7.987476
7.828212
7.841426
7.867726
7.905218
7.929947
7.959529
8.223594
8.246492
8.250170
8.238560
8.237182
8.240561
8.486353
8.513902
8.518844
8.522512
8.528127
8.529580
8.529654
8.524559
8.521061
8.508796
8.250880
8.249468
8.250348
8.249347
8.248355
8.249308
8.250210
8.251321
8.252604
8.252219
8.252278
8.252733
8.252755
8.252722
8.251857
8.250198
8.420281
8.415148
8.384747
8.305269
8.392801
8.418936
8.421100
8.421389
8.421267
8.421535
8.421662
8.421497
8.420075
8.418843
8.417734
8.418145
8.419642
8.419680
8.417067
8.410177
8.407803
8.407979
8.414230
8.417841
8.414896
8.413573
8.387807
8.341619
8.284441
0.003277
0.002803
0.002579
0.000445
0.000199
0.000155
0.000061
0.000014
0.000005
0.000005
0.000004
0.000003
0.000004
0.000002
0.000002
0.000002
0.000002
0.000004
0.000008
0.000042
8.280960
8.236604
8.256166
8.258310
8.263861
8.274462
8.290554
8.288422
8.290264
8.293590
8.519405
8.629630
8.662562
8.699519
8.710710
8.713202
8.713658
8.714169
8.714245
8.713876
8.711530
8.707501
8.706643
8.852988
8.853544
8.854775
8.858744
8.860950
8.863022
8.863641
8.863695
8.863695
8.863697
8.863702
8.863693
8.863632
8.863481
8.863381
8.863420
8.863369
8.863039
8.862144
8.852838
8.851159
8.854907
8.846162
8.675058
8.023984
8.189612
8.316619
8.303112
7.433814
4.975861
7.502146
8.943823
9.037887
9.133642
9.174789
9.179616
9.171466
9.166001
9.169686
9.176444
9.180663
9.180337
9.181967
9.183880
9.183644
9.185414
9.189548
9.189271
9.189062
9.189442
9.189650
9.188927
9.184718
9.181764
9.180357
9.179204
9.173426
9.169223
9.168501
9.166557
9.110960
0.084902
9.082445
9.148373
9.179886
9.187569
9.189537
9.189699
9.189640
9.190003
9.190045
9.190071
9.189928
9.189404
9.179881
9.166826
8.954929
8.954571
8.953509
8.952014
8.949244
8.949567
8.952077
8.952263
8.952920
8.954152
8.954715
8.954759
8.954745
8.954727
8.954606
8.954504
8.954548
8.954491
8.954593
8.954777
8.954681
8.954661
8.954785
8.954631
8.953840
8.949705
8.946985
8.929008
8.862608
8.493770
0.267662
8.581451
8.950684
8.994635
9.139327
9.220431
9.223863
9.224570
9.222757
9.222156
9.222196
9.221180
9.222097
9.223984
9.225028
9.225639
9.226534
9.289361
9.348769
9.390737
9.402564
9.434544
9.447905
9.456437
9.462445
9.464648
9.465406
9.465348
9.465361
9.465442
9.465546
9.465537
9.465485
9.465426
9.465352
9.465407
9.465548
9.465527
9.465452
9.465357
9.465315
9.465410
9.465545
9.465579
9.465444
9.465424
9.465372
9.464941
9.465010
9.465439
9.465294
9.463869
9.463459
9.463837
9.460480
9.451275
9.446002
9.440430
9.430957
9.427972
9.437315
9.440098
9.449985
9.458336
9.464174
9.465386
9.465512
9.465282
9.465195
9.465318
9.465390
9.464095
9.452936
9.434297
9.394096
0.000947
0.000612
0.000299
0.000085
0.000037
0.000020
0.000012
0.000007
0.000005
0.000006
0.000002
0.000002
0.000003
0.000006
0.000004
0.000008
0.000020
0.000055
0.000088
0.000167
0.000375
9.365711
9.436599
9.449799
9.452260
9.456835
9.459075
9.453641
0.000109
0.000065
0.000028
0.000014
0.000005
0.000002
0.000001
0.000001
0.000000
0.000000
0.000000
0.000000
0.000000
0.000000
0.000000
0.000000
0.000000
0.000001
0.000000
0.000000
0.000000
0.000002
0.000002
0.000003
0.000005
0.000012
0.000023
0.000043
0.000121
0.000437
9.376023
9.440794
9.458171
9.463657
9.464830
9.465194
9.465597
9.465380
9.465505
9.465553
9.465577
9.465593
9.465591
9.465609
9.465599
9.465632
9.465696
9.465747
9.466114
9.467904
9.467926
9.460831
9.697261
9.744112
9.758165
9.758654
9.763464
9.769380
9.770921
9.768527
9.768391
9.769355
9.767351
9.534362
9.534646
9.534436
9.534105
9.533194
9.529940
9.527316
9.525582
9.524786
9.526713
9.530498
9.534229
9.535337
9.637546
9.720896
9.739145
9.739331
9.743271
9.750213
9.749013
9.737406
9.728360
9.723252
9.712439
9.708749
9.713948
9.720726
9.716156
9.717241
9.720797
9.723868
9.730322
9.721472
9.638548
9.560205
9.488194
9.419510
9.372374
0.072336
9.661159
9.517166
9.516068
9.513881
9.515201
9.519874
9.519550
9.519689
9.522131
9.523232
9.521949
9.521080
9.520874
9.520493
9.507165
9.456720
9.118313
0.145705
0.232217
9.028314
0.169289
9.350169
9.437050
9.494403
9.503084
9.506977
9.506072
9.477046
9.310553
0.013524
0.011406
0.002300
0.000895
0.000105
0.000075
0.000031
0.000014
0.000011
0.000014
0.000007
0.000005
0.000002
0.000003
0.000002
0.000002
0.000002
0.000005
0.000006
0.000008
0.000001
0.000001
0.000008
0.000004
0.000003
0.000004
0.000005
0.000017
8.803257
8.484189
8.373533
9.270356
9.340245
9.349710
9.356571
9.358488
9.349314
9.334962
9.306532
9.180609
9.038127
8.942014
8.805657
8.783337
0.001149
0.000440
0.000378
0.000384
0.000206
0.000148
0.000050
0.000044
0.000027
0.000053
0.000035
0.000020
0.000022
0.000027
0.000048
0.000115
0.000174
0.000543
0.002967
0.005832
0.011684
8.944022
8.971223
8.841363
8.823512
8.784003
8.785796
8.785254
8.787452
8.786812
8.824553
8.823198
8.827561
8.841961
8.836010
8.823768
0.015123
0.012312
0.011636
0.010856
8.574194
8.579587
8.579033
8.542847
8.411392
8.266351
8.070953
8.094733
8.083396
8.055769
7.928816
7.762010
7.519824
7.351178
7.135803
0.007324
6.586582
6.648463
6.580498
7.105337
7.243723
7.357283
7.556033
0.000093
0.000033
0.000043
0.000034
0.000042
0.000029
0.000033
0.000067
0.000031
0.000035
0.000214
0.000067
0.000053
0.000009
0.000036
0.000025
0.000118
0.000157
0.000268
0.013765
8.009628
8.348575
8.479578
8.653391
8.752132
8.735652
8.725946
8.717621
8.712349
8.651084
8.588316
8.507502
8.403924
8.168141
7.643937
6.932876
6.266559
4.457131
0.619412
0.227117
0.111916
0.047254
0.042546
0.014614
0.012305
0.002474
0.002441
0.002395
0.002392
0.002353
0.002310
0.002300
0.002265
0.000037
0.000081
0.000159
0.000943
