0.007264
0.000160
0.000122
0.000123
0.000000
0.000000
0.000000
0.000000
0.000000
0.000000
0.000000
0.000000
0.000000
0.000000
0.000000
0.000000
0.000000
0.000000
0.000000
0.000000
0.000000
0.000000
0.000000
0.000000
0.000000
0.000000
0.000000
0.000000
0.000000
0.000000
0.000000
0.000000
0.000000
0.000000
0.000000
0.000000
0.000000
0.000000
0.000000
0.000000
0.000000
0.000000
0.000000
0.000000
0.000000
0.000000
0.000000
0.000000
0.000000
0.000000
0.000127
0.000007
0.000008
0.000000
0.000000
0.000000
0.000000
0.000000
0.000000
0.000000
0.000000
0.000000
0.000000
0.000000
0.000000
0.000000
0.000000
0.000000
0.000000
0.000000
0.000000
0.000000
0.000000
0.000000
0.000000
0.000000
0.000000
0.000000
0.000000
0.000000
0.000000
0.000000
0.000000
0.000000
0.000000
0.000000
0.000000
0.000000
0.000000
0.000000
0.000000
0.000000
0.000000
0.000000
0.000000
0.000000
0.000000
0.000000
0.000000
0.000000
0.000000
0.000000
0.000000
0.000000
0.000000
0.000000
0.000000
0.000000
0.000000
0.000000
0.000000
0.000000
0.000000
0.000000
0.000002
0.000000
0.000000
0.000000
0.000000
0.000000
0.000000
0.000000
0.000000
0.000000
0.000000
0.000000
0.000000
0.000000
0.000000
0.000000
0.000000
0.000000
0.000000
0.000001
0.000002
0.000000
0.000000
0.000000
0.000000
0.000000
0.000000
0.000000
0.000000
0.000000
0.000000
0.000000
0.000000
0.000000
0.000000
0.000001
0.000000
0.000000
0.000000
0.000000
0.000000
0.000000
0.000000
0.000000
0.000000
0.000000
0.000000
0.000000
0.000000
0.000000
0.000000
0.000000
0.000000
0.000001
0.000001
0.000000
0.000000
0.000000
0.000000
0.000000
0.000000
0.000001
0.000000
0.000000
0.000000
0.000000
0.000001
0.000010
0.000175
0.000182
0.000198
0.001008
0.001128
0.001227
0.001243
0.001268
0.001235
0.001282
0.000011
0.000001
0.000001
0.000001
0.000001
0.000000
0.000000
0.000000
0.000000
0.000000
0.000000
0.000000
0.000000
0.000000
0.000000
0.000000
0.000001
0.000002
0.000001
0.000000
0.000000
0.000000
0.000000
0.000000
0.000000
0.000000
0.000000
0.000001
0.000001
0.000001
0.000009
0.000013
0.003859
0.003940
0.000098
0.000011
0.000008
0.000003
0.000003
0.000001
0.000001
0.000001
0.000001
0.000002
0.000002
0.000006
0.000010
0.000017
0.000013
0.000057
0.000002
0.000005
0.000003
0.000001
0.000002
0.000001
0.000001
0.000001
0.000001
0.000002
0.000021
0.000006
0.000005
0.000011
0.000032
0.000032
0.000005
0.000003
0.000008
0.000005
0.000004
0.000002
0.000002
0.000008
0.000010
0.000016
0.000028
0.000195
0.000226
0.006187
0.006491
0.006383
0.006401
0.006441
0.006013
0.000044
0.000032
0.000027
0.000020
0.007886
0.010032
0.011734
0.012725
0.014784
0.018790
3.287532
2.964917
2.704698
2.476845
2.307538
2.182676
2.025414
0.195870
0.177843
0.108367
0.135158
0.142097
0.147348
0.563799
1.463694
2.013248
2.312398
2.581340
2.957658
3.429810
3.832072
4.275574
4.697435
5.241531
5.850205
6.233871
6.306326
6.503746
6.504917
6.508926
6.513861
6.500301
6.488023
6.422628
6.060778
5.795976
5.650170
5.531088
5.345502
5.148162
4.956604
4.764589
0.287204
5.096184
5.849154
6.163838
6.452158
6.528438
6.622000
6.657838
6.702147
6.759916
6.787333
6.772567
6.758680
6.738713
6.747453
6.750911
6.749798
6.745497
6.741126
6.735098
6.711778
6.634805
6.565900
6.426575
5.807223
5.001002
2.519919
1.401160
0.166929
0.062887
0.026957
0.023556
0.026576
0.008544
0.007844
0.002878
0.000180
0.000117
0.000116
0.000078
0.000033
0.000145
0.000084
0.000084
0.000036
0.000037
0.000048
0.000078
0.000103
0.000161
0.000310
0.000106
0.000114
0.000120
0.000110
0.000205
0.000066
0.000071
0.000103
0.000107
0.000041
0.000058
0.000037
0.000095
0.000312
0.000294
0.000175
0.000089
0.000055
0.000060
0.000074
0.000098
0.017317
0.019759
0.023085
0.027367
0.056152
0.079091
0.079691
0.081699
0.004133
0.102163
2.930723
3.253678
3.643764
4.048217
4.532684
5.025309
5.716952
6.055120
6.411797
7.031306
7.081608
7.095843
7.097999
7.100396
7.102303
7.099827
7.093564
7.031769
6.940589
6.894405
7.079762
6.994643
6.933411
6.761634
1.264417
5.514135
6.218122
6.941409
7.774799
7.870043
7.900494
7.909329
7.909370
7.909349
7.908862
7.907968
7.893490
7.879176
7.834998
7.836630
7.842777
7.847200
7.855181
7.855833
7.855652
7.855849
7.855302
7.854805
7.848324
7.841266
7.838890
7.840162
7.839525
7.828137
7.824594
7.821432
7.819223
7.819524
7.823149
7.827776
7.836539
7.846255
7.856962
7.858716
7.859133
7.859933
7.861184
7.861415
7.866462
7.867091
7.867530
7.867279
7.867424
7.868683
7.867602
7.868092
7.870459
7.866909
7.864795
7.862722
7.858663
7.858622
7.858945
7.860098
7.859157
7.856404
7.852854
7.849950
7.839137
7.820144
7.751815
7.718265
7.693551
7.680420
7.682047
7.683912
7.683078
7.677234
7.652550
7.604517
7.524344
7.407928
7.002376
6.987930
6.967648
6.959198
6.860208
7.247740
7.288069
7.001674
6.796881
6.490250
5.632298
4.987728
4.333802
3.666145
3.048284
2.517169
1.839168
0.039894
0.011078
0.035018
0.855078
1.062451
1.059331
1.027608
0.554611
0.508810
0.282946
0.199175
0.019832
0.002771
0.186366
0.221859
0.236203
1.461714
2.223032
2.527052
3.505532
3.941145
0.022637
4.663826
0.017341
0.000150
0.000152
0.000331
0.000354
0.000619
0.000182
0.000025
0.000027
0.000016
0.000010
0.000009
0.000009
0.000013
0.000032
0.000043
0.000062
0.017996
5.224090
5.552114
5.907515
6.294611
6.537287
6.750021
6.929059
6.934539
6.963097
7.259354
7.194629
6.986345
7.065211
7.145135
7.264418
7.411162
7.432887
7.431871
0.010610
0.007365
7.389984
7.392276
7.388549
7.386383
7.387359
7.385626
7.376396
7.364672
7.340784
7.306213
0.018428
7.116821
0.011012
0.011343
0.000823
7.098623
7.113775
7.113543
7.114881
7.118278
7.076460
6.899363
6.656987
6.653789
6.783725
6.900004
6.921928
6.931286
0.002256
0.000938
0.000851
0.000143
0.000118
0.000179
0.000021
0.000028
0.000046
0.000108
0.000889
6.902200
6.909876
6.701265
6.706163
6.740210
6.798388
6.873379
0.001644
0.001179
6.896573
6.921089
6.961987
7.002250
7.003629
7.015740
0.000084
0.000044
0.000028
0.000019
0.000022
0.000044
0.000050
0.000104
0.000115
7.029283
7.130378
7.070516
6.986884
7.173914
7.195515
7.243430
7.251461
7.249691
7.248402
0.001858
0.001850
0.001708
0.001653
7.251112
7.270213
7.269918
7.242986
7.243801
7.320611
7.361625
7.363876
7.379696
7.392239
7.427829
7.438526
7.435293
7.406554
7.405353
7.382954
0.000087
0.000033
0.000022
0.000017
0.000003
0.000005
0.000005
0.000004
0.000004
0.000012
0.000003
0.000005
0.000017
0.000007
0.000010
0.000002
0.000007
0.000010
0.000026
0.000033
0.000056
0.000096
0.000262
0.000307
7.521824
7.561927
7.445253
7.357135
7.265450
7.338190
7.346659
7.356861
7.364945
7.366421
7.369392
7.371167
7.381579
7.393541
7.405193
7.437315
7.467545
0.000169
0.000089
0.000058
0.000005
0.000002
0.000002
0.000003
0.000019
0.000031
0.000008
0.000007
0.000005
0.000005
0.000003
0.000001
0.000002
0.000002
0.000001
0.000001
0.000000
0.000019
0.000015
0.000011
0.000007
0.000034
0.000022
0.000005
0.000002
0.000002
0.000002
0.000001
0.000001
0.000003
0.000003
0.000001
0.000005
0.000005
0.000003
0.000007
0.000010
0.000008
0.000021
0.000144
0.000055
0.000098
0.000253
0.000295
0.000481
7.482502
7.517267
7.440510
7.450618
7.464078
7.497917
0.001405
0.000075
0.000022
0.000012
0.000006
0.000004
0.000044
0.000030
0.000018
0.000006
0.000003
0.000008
0.000007
0.000028
0.000029
0.000153
0.000064
0.000110
0.000120
0.000144
0.000235
0.009222
0.009721
0.010287
0.010433
0.010512
0.011238
0.076406
0.000010
0.000004
0.000003
0.000003
0.000010
0.000011
0.000018
0.000039
0.000005
0.000014
0.000031
0.000029
0.000028
0.000017
0.000014
0.000146
0.000058
0.000043
0.000050
0.000006
0.000006
0.000003
0.000004
0.000007
0.000005
0.000032
0.000028
0.000008
0.000005
0.000005
0.000005
0.000027
0.000022
0.000013
0.000009
0.000007
0.000029
0.000036
0.000193
0.000067
0.000071
0.000103
0.000008
0.000004
0.000008
0.000027
0.000028
0.000066
0.000092
0.000149
0.000983
8.137892
8.179846
8.220253
8.224024
8.222044
8.220829
8.219645
8.220453
8.222253
8.227412
8.216281
8.208817
8.201345
8.194899
8.192648
8.180961
8.171733
8.152589
8.140096
8.134464
8.125443
8.109500
8.075178
8.059932
8.044505
0.002407
0.002649
0.004018
0.024095
0.020992
8.121652
8.063158
7.996464
7.905534
7.883167
7.763342
7.680819
7.617019
7.485740
0.063254
7.215037
7.217607
7.206157
7.030684
6.764720
6.133928
4.566787
5.910520
6.369281
6.868092
7.208756
7.276481
0.001304
0.000652
0.000561
0.000431
0.000434
0.000362
7.428374
7.515632
7.535835
7.550156
7.560608
7.566773
7.563362
7.494633
7.280347
0.000379
0.000139
0.000115
0.000079
0.000073
0.000122
0.000418
0.000423
0.001398
0.001150
7.132377
6.933963
6.746229
6.204664
5.888932
5.604934
4.886759
4.345592
3.769023
3.311207
2.591887
2.230512
1.960558
1.651052
1.300396
1.168049
0.584734
0.029014
0.000995
0.001337
0.001218
0.000881
0.000728
0.000914
0.795698
0.887151
0.846681
0.753957
0.439574
0.374213
0.040231
0.038253
0.036586
0.035703
0.029635
0.042647
0.042860
0.043070
0.039926
0.027026
0.024754
0.011700
0.011381
0.020635
0.021987
0.021883
0.023976
0.026306
0.027523
0.030092
0.031106
0.031905
0.032568
0.032787
0.032828
0.032924
0.033400
0.033495
0.033239
0.032833
0.032969
0.032513
0.028758
0.012513
0.012406
0.000004
0.012592
0.028176
0.032439
0.032400
0.032954
0.033641
0.035424
0.946996
0.998887
1.031130
1.056673
1.101129
1.083861
1.146369
1.090888
1.065942
0.514878
0.974660
1.163928
1.267416
1.247828
1.243866
1.145446
1.109753
1.067337
0.929139
0.882640
0.836494
0.679392
0.663798
0.519075
0.452077
0.196005
0.070281
0.033564
0.039813
0.552452
0.619679
1.169372
1.221482
1.231753
0.478411
0.438047
0.242822
0.032992
0.032131
0.031714
0.031821
0.032080
0.032167
0.032193
0.032554
0.047649
0.099068
1.365888
1.559831
0.093369
0.032462
2.135262
2.319177
2.281403
2.348260
2.376650
0.114199
0.000236
0.000315
0.001170
0.001474
0.001504
0.002244
0.839187
1.380918
1.835443
2.708724
3.155415
3.574621
4.189465
5.110714
5.963038
6.169543
6.652638
6.737785
6.756781
6.763152
6.765573
6.738679
0.000187
0.000110
0.000056
0.000028
0.000030
0.000029
6.701590
6.688630
6.635339
6.604840
6.468549
6.329238
6.003186
5.233815
4.469626
3.635387
0.045011
0.029276
0.004650
0.003480
2.920122
2.644868
2.395856
2.115724
0.006304
0.009485
0.008867
0.008280
0.028305
1.487429
1.308029
0.803723
0.705090
0.354094
0.135396
0.045022
0.001761
0.002481
0.075250
0.076470
0.077381
0.076383
0.074204
0.000318
0.002033
0.070585
0.042052
0.033060
0.034511
0.036548
0.289852
0.310777
0.303145
0.193829
0.121204
0.113246
0.036623
0.000297
0.000107
0.000068
0.000070
0.000037
0.000045
0.000056
0.000110
0.000043
0.000044
0.000048
0.000038
0.000077
0.000144
0.000157
0.000182
0.000175
0.067050
0.313832
0.144387
0.041283
0.032219
0.035690
0.025075
0.037203
0.055504
1.366749
1.588608
1.858653
2.184747
2.426716
2.673914
2.775809
0.027319
0.042739
0.000159
0.000119
0.000158
0.000296
0.000081
0.000104
0.000128
0.000107
0.000042
0.000062
0.000083
0.020197
3.327791
3.404972
3.466717
3.516510
3.530357
3.543655
3.482110
3.403403
3.294996
3.050244
2.658358
2.254766
1.939520
1.792110
0.098791
0.008039
0.000031
0.000027
0.000088
0.000069
0.000149
0.006448
0.006354
0.005330
0.006700
0.000011
0.000007
0.000016
0.000196
0.000110
0.000104
0.000109
0.000085
0.000027
0.000222
0.000239
0.000023
0.000130
0.000047
1.246394
1.163348
1.241080
1.062909
0.997623
0.002789
0.906338
0.879998
0.806337
0.659870
0.580790
0.546459
0.463780
0.253618
0.218502
0.183721
0.156870
0.039216
0.003279
0.003136
0.003106
0.002978
0.004397
0.043831
0.098250
0.114667
