0.000003
0.000003
0.000003
0.000003
0.000003
0.000003
0.000003
0.000003
0.000003
0.000003
0.000003
0.000003
0.000001
0.000000
0.000000
0.000000
0.000000
0.000000
0.000000
0.000000
0.000000
0.000000
0.000000
0.000000
0.001853
0.001887
0.001797
0.001720
0.000029
0.000058
0.000057
0.000154
0.000161
0.000122
0.000003
0.000003
0.000029
0.000032
0.000003
0.000002
0.000000
0.000000
0.000000
0.000000
0.000000
0.000000
0.000000
0.007585
0.007760
0.007796
0.014155
0.014185
0.015819
0.015994
0.016385
0.017719
0.018169
0.018902
0.019634
0.020678
0.021663
0.023162
0.025143
0.025941
0.026161
0.004074
0.014529
0.014676
0.015080
0.016090
0.017636
0.018289
0.018872
0.019436
0.019051
0.001852
0.000000
0.000000
0.000000
0.000000
0.000000
0.000000
0.000000
0.000000
0.000000
0.000000
0.000000
0.000000
0.000000
0.000000
0.000000
0.000000
0.000000
0.000000
0.000000
0.000000
0.000000
0.000000
0.000000
0.000000
0.000000
0.000000
0.000000
0.000227
0.000463
0.000513
0.000000
0.000000
0.000000
0.000000
0.000000
0.000000
0.000000
0.000000
0.000000
0.000000
0.000000
0.000000
0.000000
0.000000
0.000000
0.000000
0.000000
0.000000
0.000000
0.000000
0.000000
0.000000
0.000000
0.000000
0.000000
0.000000
0.000000
0.000000
0.000000
0.000000
0.000000
0.000000
0.000000
0.000000
0.000000
0.000000
0.000000
0.000000
0.000000
0.000000
0.000000
0.000000
0.000000
0.000000
0.000000
0.000000
0.000000
0.000000
0.000000
0.000000
0.000000
0.000000
0.000000
0.000000
0.000000
0.000000
0.000000
0.000000
0.000000
0.000000
0.000000
0.000000
0.002584
0.073940
0.113820
0.130318
6.214649
6.264045
6.345483
6.451703
6.546108
6.558500
6.567834
6.575693
6.576751
6.578453
6.579228
6.931350
6.932247
6.933712
7.871560
7.884323
7.893620
7.901797
7.902186
7.900740
7.894748
7.895101
7.895035
7.894154
7.894048
7.893200
7.888470
7.887985
7.892151
7.893370
8.208345
8.222934
8.267878
8.575406
8.593148
8.613857
8.619681
8.624264
8.626925
8.627499
8.627572
8.628153
8.628202
8.628233
8.627910
8.627537
8.625826
8.624618
8.624787
8.624966
8.624915
8.625999
8.622611
8.611017
8.595727
8.587422
8.579151
8.579639
8.587654
8.607986
8.625050
8.628789
8.629593
8.631298
8.632456
9.261329
9.268616
9.254510
9.244879
9.193287
0.003442
0.002490
0.002291
0.002112
0.002105
0.002553
0.002722
0.002884
0.003502
9.225421
9.247332
9.265484
9.271419
9.270545
9.275525
9.280737
9.281399
9.281430
9.281434
9.280965
9.279151
9.278496
9.279685
9.279355
9.277107
9.276260
9.273365
9.269743
9.261616
9.243085
9.131133
0.116681
9.073256
9.177042
9.194291
9.199801
9.201555
9.203260
9.203424
9.211982
9.226396
9.235250
9.196922
9.186046
9.177975
9.152316
8.850139
8.943468
9.036689
9.143759
9.224659
9.272200
9.271024
9.271098
9.274425
9.275571
9.275972
9.276908
9.278664
9.279358
9.280117
9.281147
9.280842
9.280294
9.280550
9.281324
9.280856
9.280687
9.280125
9.277315
9.272925
9.273181
9.273613
9.277016
9.280778
9.281746
9.280289
9.278379
9.277610
9.279554
9.277150
9.273858
9.276441
9.274925
9.268454
9.553370
9.577795
9.578612
9.585823
9.593679
9.621391
9.652936
9.700328
9.749663
9.830927
9.734961
9.666524
9.557814
9.467839
9.092601
0.478722
0.135808
9.376673
9.505906
9.594329
9.621580
9.646371
9.640963
9.631667
9.446939
8.959970
7.993698
8.878412
9.115141
9.625021
9.713394
9.744433
9.788040
9.721927
0.008320
0.007589
0.007272
0.007486
0.007256
0.007849
0.008849
0.010500
9.868530
9.980397
9.994526
9.997198
9.994104
9.985792
9.977557
9.973866
9.969342
9.965003
9.961768
0.006552
0.005461
0.000591
0.000296
0.000227
0.000108
0.000038
0.000032
0.000026
0.000022
0.000007
0.000002
0.000005
0.000013
0.000014
0.000010
0.000005
0.000012
0.000007
0.000009
0.000007
0.000013
0.000014
0.000021
0.000028
0.000091
0.000013
0.000003
0.000004
0.000004
0.000003
9.413610
9.413353
9.411525
9.408561
9.404155
9.404910
9.405522
9.406901
9.413475
9.422400
9.434444
9.436866
9.436343
9.426600
9.432572
9.420573
9.407973
9.390397
9.297303
0.010722
0.006324
0.000997
0.000956
0.000100
0.000079
0.000073
0.000046
0.000037
0.000046
0.000008
0.000014
0.000068
0.000021
0.000024
0.000021
0.000022
0.000045
0.000008
0.000005
0.000013
0.000010
0.000006
0.000011
0.000013
0.000011
0.000031
0.000025
0.000184
0.000252
0.000006
0.000009
0.000003
0.000002
0.000003
0.000004
0.000003
0.000008
0.000024
0.000041
0.000063
0.000076
0.000159
0.000132
0.000030
0.000015
0.000004
0.000004
0.000002
0.000001
0.000001
0.000002
0.000002
0.000001
0.000000
0.000001
0.000000
0.000001
0.000001
0.000001
0.000001
0.000001
0.000002
0.000002
0.000003
0.000002
0.000003
0.000006
0.000000
0.000001
0.000001
0.000001
0.000001
0.000000
0.000000
0.000000
0.000000
0.000000
0.000000
0.000000
0.000000
0.000000
0.000000
0.000000
0.000000
0.000001
0.000000
0.000000
0.000000
0.000000
0.000000
0.000000
0.000000
0.000000
0.000000
0.000000
0.000000
0.000000
0.000000
0.000000
0.000000
0.000000
0.000000
0.000000
0.000001
0.000000
0.000000
0.000000
0.000000
0.000000
0.000000
0.000000
0.000001
0.000004
0.000003
0.000000
0.000000
0.000000
0.000000
0.000000
0.000000
0.000000
0.000000
0.000000
0.000000
0.000000
0.000000
0.000000
0.000000
0.000000
0.000000
0.000000
0.000001
0.000000
0.000000
0.000000
0.000000
0.000001
0.000001
0.000000
0.000000
0.000000
0.000000
0.000000
0.000000
0.000000
0.000000
0.000000
0.000000
0.000000
0.000000
0.000000
0.000000
0.000000
0.000000
0.000000
0.000000
0.000000
0.000000
0.000000
0.000000
0.000000
0.000000
0.000000
0.000000
0.000000
0.000000
0.000000
0.000000
0.000000
0.000000
0.000000
0.000000
0.000000
0.000000
0.000000
0.000000
0.000000
0.000000
0.000000
0.000000
0.000000
0.000000
0.000000
0.000000
0.000000
0.000000
0.000000
0.000000
0.000000
0.000000
0.000000
0.000000
0.000000
0.000000
0.000000
0.000000
0.000000
0.000000
0.000000
0.000000
0.000000
0.000000
0.000000
0.000000
0.000000
0.000000
0.000000
0.000000
0.000000
0.000000
0.000000
0.000000
0.000000
0.000000
0.000000
0.000000
0.000000
0.000000
0.000000
0.000000
0.000000
0.000000
0.000000
0.000000
0.000000
0.000000
0.000000
0.000000
0.000000
0.000000
0.000000
0.000000
0.000000
0.000000
0.000000
0.000000
0.000000
0.000000
0.000000
0.000000
0.000000
0.000000
0.000000
0.000000
0.000000
0.000000
0.000000
0.000001
0.000001
0.000002
8.929805
8.785261
8.819062
8.826952
8.827342
8.621755
8.620094
8.620533
8.612031
8.604124
8.513089
8.221986
8.219610
8.217189
8.217072
8.214069
8.214122
8.211786
8.216598
0.000000
0.000000
0.000000
0.000000
0.000000
0.000000
0.000000
0.000000
0.000000
0.000000
0.000000
0.000000
0.000000
0.000000
0.000000
0.000000
0.000000
0.000000
0.000000
0.000000
0.000000
0.000000
0.000000
0.000000
0.000000
0.000000
0.000000
0.000000
0.000000
0.000000
0.000000
0.000000
0.000000
0.000000
0.000000
0.000000
0.000000
0.000000
0.000000
0.000000
0.000000
0.000000
0.000000
0.000000
0.000000
0.000000
0.000000
0.000000
0.000000
0.000000
0.000000
0.000000
0.000000
0.000000
0.000000
0.000000
0.000000
0.000000
0.000000
0.000000
0.000000
0.000000
0.000000
0.000000
