0.042678
0.038910
0.007519
0.006803
0.000128
0.000073
0.000071
0.000070
0.000239
0.004531
0.004789
0.017474
0.017444
0.017124
0.016648
0.016406
0.016114
0.011716
0.011734
0.011822
0.011282
0.010823
0.010335
0.009891
0.009376
0.008549
0.008282
0.007684
0.007201
0.006929
0.006700
0.006352
0.005660
0.005277
0.004938
0.004583
0.004097
0.003841
0.002923
0.003113
0.001227
0.001186
0.000012
0.000012
0.000016
0.000023
0.000010
0.000020
0.000017
0.000012
0.000004
0.000009
0.000017
0.000019
0.000023
0.000012
0.000003
0.000077
0.000824
0.000828
0.000981
0.000300
0.012979
0.013681
0.014459
0.016867
0.019095
0.019929
0.021196
0.045560
0.072835
0.076505
0.094863
0.099775
0.101456
0.102779
0.000025
0.004383
0.004201
0.003491
0.003027
0.000386
0.000318
0.000486
0.000004
0.000005
0.000001
0.000001
0.000004
0.011160
0.000023
0.000021
0.000017
0.000065
0.000934
0.000941
0.000047
0.000061
0.000038
0.000010
0.000012
0.000001
0.000001
0.000001
0.000001
0.000001
0.000012
0.000013
0.000039
0.003634
0.013008
0.016491
0.092254
0.094901
0.117650
0.120067
0.122918
0.128443
0.142199
0.083390
0.123046
0.131596
0.022801
0.007698
0.000336
0.000244
0.000004
0.000006
0.000199
0.000010
0.000011
0.000008
0.000177
0.000281
0.000203
0.000011
0.000012
0.000011
0.000009
0.000008
0.000005
0.000004
0.000010
0.000031
0.000100
0.000058
0.000181
0.003096
0.003093
0.003099
0.003193
0.003322
0.003258
0.002867
0.002171
0.002130
0.005549
0.000713
0.000564
0.011027
0.011278
0.011454
0.011256
0.010952
0.010860
0.010450
0.010124
0.000450
0.000059
0.000062
0.000080
0.000088
0.000218
0.000077
0.000146
0.051858
0.058602
0.058299
0.059285
0.052629
0.018534
0.006482
0.005889
0.006029
0.018271
0.047185
0.052402
0.224762
0.243861
0.334208
0.382214
0.406320
0.456761
0.492864
0.658891
0.915573
1.235068
2.202001
3.154085
3.787315
4.260509
4.748688
5.525940
6.157508
6.839002
7.348443
0.011911
7.835443
8.412403
9.015648
9.219189
9.245941
9.286918
0.000103
0.000057
0.000031
0.000017
0.000005
0.000003
0.000001
0.000001
0.000000
0.000000
0.000000
0.000000
0.000000
0.000001
0.000003
0.000011
0.000026
0.000045
0.000083
0.000303
0.001136
9.347508
9.381747
9.543918
9.566176
9.569297
9.570079
9.569513
9.567124
9.565738
9.565812
9.565114
9.562069
9.559713
9.560765
9.564817
9.560972
9.620666
9.618594
9.621874
9.627740
9.628997
9.629873
9.631347
9.631066
9.622035
9.616437
9.614698
9.566389
9.564019
9.560502
9.549502
9.545702
9.548270
9.556897
9.556594
9.558745
9.561572
9.549392
9.543511
9.539284
9.536901
9.536802
9.542197
9.548201
9.551022
9.554107
9.561269
9.561389
9.565186
9.567524
9.565197
9.553859
9.531562
9.512639
9.500777
9.495294
9.498136
9.486173
9.442530
9.382670
9.347001
9.317354
9.233728
8.905528
8.581009
8.165612
7.281525
0.228686
0.020709
0.018650
6.967778
8.225721
8.820650
9.378823
9.487027
9.531041
9.565101
9.557762
9.253008
9.249966
9.246727
9.244695
9.241548
9.238827
9.238864
9.229658
9.213404
9.193827
9.187955
9.156850
9.141520
9.133506
9.139082
9.161767
9.187596
9.205216
9.213892
9.225406
9.233391
9.244199
9.249212
9.495233
9.617807
9.653001
9.653066
9.650454
9.649045
9.648082
9.630401
9.619929
9.607912
9.549287
9.354790
9.027149
9.029385
9.028130
9.027865
9.028939
9.016038
9.015561
9.026242
9.029427
9.029994
9.029973
9.029913
9.028126
9.024944
9.025318
9.029204
9.029878
9.029691
9.029587
9.026726
9.024365
9.025077
9.329375
9.361729
9.386103
9.387349
9.387329
9.388733
9.388094
9.379802
9.344796
9.313427
9.293323
9.282673
9.274119
9.264664
9.260520
9.245342
9.224186
9.446570
9.452936
9.446021
9.437469
9.422001
9.412215
9.409489
9.395686
9.346745
9.263205
9.131468
9.109603
9.103711
9.102941
9.106923
9.109658
9.117132
9.116603
9.116260
9.112961
9.104445
9.094179
8.938433
8.968184
8.781075
0.070052
0.056289
8.659444
8.742294
8.915660
8.958165
9.058676
9.114152
9.117064
9.120023
9.116353
9.114203
9.112902
9.106249
9.110703
9.112069
9.100179
9.071730
8.940215
0.032417
0.010413
0.009098
0.000899
0.000654
0.000646
0.000278
0.000064
0.000078
0.000133
0.000015
0.000010
0.000018
0.000022
0.000015
0.000020
0.000036
0.000079
0.000043
0.000048
0.000079
0.000173
0.000019
0.000007
0.000011
0.000015
0.000010
0.000002
0.000002
0.000004
0.000010
0.000007
0.000008
0.000001
0.000000
0.000002
0.000002
0.000003
0.000001
0.000000
0.000001
0.000001
0.000002
0.000002
0.000004
0.000011
0.000019
0.000024
0.000003
0.000004
0.000005
0.000010
0.000022
8.614770
8.502122
8.407800
8.306115
8.078764
7.361546
6.715902
6.037476
5.298910
3.768847
2.548916
1.598153
1.118407
0.360361
0.179075
0.144650
0.131805
0.109606
0.041069
0.030671
0.003417
0.000028
0.000004
0.000002
0.000001
0.000000
0.000000
0.000000
0.000000
0.000001
0.000001
0.000000
0.000000
0.000004
0.000003
0.000008
0.000002
0.000002
0.000001
0.000001
0.000000
0.000000
0.000000
0.000006
0.000006
0.000009
0.000009
0.000007
0.000001
0.000000
0.000000
0.000000
0.000000
0.000001
0.000001
0.000001
0.000000
0.000000
0.000000
0.000000
0.000000
0.000000
0.000000
0.000000
0.000000
0.000000
0.000065
0.000066
0.000004
0.000001
0.000001
0.000000
0.000000
0.000000
0.000000
0.000000
0.000000
0.000000
0.000000
0.000000
0.000000
0.000000
0.000000
0.000000
0.000000
0.000000
0.000000
0.000000
0.000000
0.000000
0.000000
0.000000
0.000000
0.000000
0.000000
0.000003
0.000001
0.000007
0.000010
0.000027
0.000012
0.000059
0.000054
0.000000
0.000000
0.000000
0.000000
0.000000
0.000000
0.000000
0.000000
0.000000
0.000000
0.000000
0.000000
0.000000
0.000000
0.000000
0.000000
0.000000
0.000000
0.000000
0.000000
0.000000
0.000000
0.000000
0.000000
0.000000
0.000000
0.000000
0.000000
0.000000
0.000000
0.000000
0.000000
0.000000
0.000000
0.000000
0.000000
0.000000
0.000000
0.000000
0.000000
0.000000
0.000000
0.000000
0.000000
0.000026
0.000326
0.000353
0.000376
0.000374
0.000418
0.000545
0.000040
0.000016
0.000015
0.000008
0.000091
0.000058
0.000038
0.000026
0.000027
0.000031
0.000043
0.000091
0.002557
0.003001
0.002736
0.002711
0.000006
0.000003
0.000003
0.000004
0.000008
0.000750
0.000941
0.001006
0.000999
0.000994
0.000987
0.000998
0.001010
0.001021
0.000992
0.000986
0.000980
0.000967
0.000965
0.000965
0.000010
0.000003
0.000003
0.000002
0.000001
0.000001
0.000001
0.000003
0.000003
0.000019
0.000003
0.000003
0.000005
0.000004
0.000056
0.000661
0.001365
0.001466
0.001603
0.001740
0.002064
0.002171
0.002454
0.002440
0.000000
0.000000
0.000000
0.000000
0.000000
0.000000
0.000000
0.000000
0.000000
0.000000
0.000003
0.000002
0.000002
0.000001
0.000000
0.000000
0.000000
0.000000
0.000260
0.000259
0.000266
0.000280
0.000283
0.000270
0.000000
0.000000
0.000000
0.000000
0.000000
0.000000
0.000000
0.000000
0.000000
0.000000
0.000000
0.000000
0.000000
0.000000
0.000000
0.000000
0.000000
0.000000
0.000000
0.000000
0.000000
0.000000
0.000000
0.000000
0.000000
0.000000
0.000000
0.000000
0.000000
0.000000
0.000000
0.000375
0.000409
0.002935
0.008570
0.008885
0.000383
0.000000
0.000000
0.000000
0.000000
0.000000
0.000000
0.000000
0.000000
0.000000
0.000000
0.000041
0.000004
0.000135
0.000000
0.000000
0.000000
0.000000
0.000000
0.000000
0.000000
0.000000
0.000000
0.000000
0.000000
0.000000
0.000000
0.000000
0.000000
0.000000
0.000000
0.000000
0.000000
0.000000
0.000000
0.000000
0.000695
0.001091
0.001428
0.003819
0.004283
0.004304
0.004304
0.004299
0.004178
0.004141
0.004117
0.003927
0.000265
0.000218
0.000148
0.000027
0.000015
0.000013
0.000010
0.000010
0.000001
0.000000
0.000000
0.000000
0.000000
0.000000
0.000001
0.000001
0.000001
0.000001
0.000001
0.000001
0.000001
0.000001
0.000001
0.000001
0.000001
0.000001
0.000021
0.000022
0.000022
0.000000
0.000000
0.000000
0.000000
0.000000
0.000000
0.000000
0.000000
0.000000
0.000000
0.000000
0.000000
0.000000
0.000000
0.000000
0.000000
0.000001
0.000001
0.000000
0.000000
0.000000
0.000000
0.000000
0.000000
0.000000
0.000000
0.000000
0.000000
0.000001
0.000001
0.000001
0.000001
0.000001
0.000001
0.000001
0.000001
0.000001
0.000001
0.000001
0.000001
0.000001
0.000002
0.000001
0.000000
0.000000
0.000000
0.000000
0.000000
0.000000
0.000000
0.000000
0.000000
0.000000
0.000000
