0.000000
0.000000
0.000000
0.000000
0.001621
0.002188
0.004863
0.004778
0.004729
0.005790
0.005661
0.004022
0.004145
0.007418
0.007395
0.007587
0.007687
0.007809
0.024378
0.026295
0.028023
0.024728
0.024464
0.002173
0.001330
0.000049
0.000051
0.000055
0.000084
0.007606
0.057354
0.063602
0.167436
0.188386
0.275294
8.587453
8.862859
8.863241
8.867254
8.869187
8.873898
9.237350
9.251947
9.254920
9.252721
9.253383
9.254214
9.253012
9.243354
9.243999
9.222042
9.213205
9.216001
9.177908
9.148386
9.135050
9.110833
9.102425
9.112025
9.131559
9.149754
9.153332
9.164690
9.195141
9.238872
9.257360
9.283599
9.484571
9.493164
9.495942
9.496221
9.495971
9.492815
9.468877
9.466072
9.465406
9.467148
9.471270
9.491682
9.511457
9.510651
9.509872
9.509858
9.510928
9.512793
9.513018
9.509888
9.510730
9.512558
9.511745
9.513325
9.509226
9.505841
9.506040
9.504965
9.507492
9.473517
9.491007
9.480282
9.467327
9.453491
9.436268
9.397458
9.339097
0.006762
0.034331
0.042030
0.000029
0.000026
0.000028
0.000005
0.000002
0.000002
0.000001
0.000001
0.000001
0.000000
0.000000
0.000001
0.000000
0.000000
0.000000
0.000000
0.000001
0.000001
0.000001
0.000002
0.000003
0.000006
0.000014
0.000024
0.000065
0.000087
0.000164
9.493447
9.529707
9.576742
9.584861
9.579560
9.590386
9.553582
0.014721
0.014080
0.012952
0.012889
0.013086
9.339367
9.377755
9.380511
9.375495
0.001353
0.000989
0.000902
0.000200
0.000192
0.000205
0.000184
0.000417
0.000654
0.001002
0.018868
9.399046
9.457089
9.470796
9.439101
9.287803
9.112167
0.008797
0.007034
0.002901
0.001019
0.000935
0.000714
0.000645
0.000835
0.000541
8.952438
8.973869
8.994596
8.972610
8.859489
8.687242
8.576229
0.007055
0.357812
8.231462
8.556950
8.862305
8.937373
8.924850
8.977857
0.009891
0.009150
0.008045
0.007858
0.007221
0.006831
8.833425
8.853514
8.576043
0.486340
8.712076
0.099753
0.099735
0.099866
0.099995
0.100270
0.100965
8.887494
0.021759
0.021258
0.021640
0.023632
0.026692
9.023325
9.050433
9.064978
9.043725
8.983585
8.945038
9.046049
9.051856
9.075118
9.091126
0.080824
9.001682
9.007475
9.040603
9.082164
9.083983
9.083096
0.000310
0.001656
0.001523
0.001245
0.001181
0.001125
0.001177
0.001274
0.001314
0.001257
0.001230
0.001176
0.001083
0.000992
0.000756
0.000284
0.000280
0.001837
0.001956
0.001989
0.002052
0.002146
0.002361
0.002517
0.002726
0.002752
0.003027
0.003116
0.003355
0.003820
0.004770
0.005705
0.026359
9.400080
9.435727
9.498165
9.769800
9.856443
9.879247
9.910415
9.890742
9.856396
9.636451
9.131169
8.242775
0.052285
6.272209
6.119762
0.041514
5.904634
5.633586
0.596247
6.309699
7.197910
8.233282
8.894174
9.159444
9.375264
9.445616
9.501117
9.608715
9.725216
9.815779
9.887295
9.793975
0.093473
9.839999
9.848305
9.826496
9.791606
9.721962
0.007099
0.003564
0.001299
0.000576
0.000408
0.000106
0.000040
0.000024
0.000033
0.000013
0.000028
0.000024
0.000025
0.000032
0.000019
0.000017
0.000021
0.000031
0.000026
0.000266
0.000192
0.000019
0.000024
0.000038
0.000018
0.000040
0.000053
0.000058
0.000017
0.000015
0.000031
0.000009
0.000060
0.000040
0.000012
0.000011
0.000009
0.000009
0.000042
0.000064
0.000047
0.000048
0.000006
0.000009
0.000004
0.000008
0.000012
0.000009
0.000018
0.000037
0.000052
0.000006
0.000033
0.000034
0.000043
0.000010
0.000009
0.000010
0.000016
0.000025
0.000026
0.000018
0.000020
0.000053
0.000012
0.000017
0.000015
9.515724
9.504729
9.511675
9.441855
9.392422
8.957169
8.473010
8.066222
6.971692
6.078716
5.209993
4.175767
3.699161
3.225385
2.286158
2.063857
1.595162
1.065659
0.337162
0.077239
0.003600
0.003332
0.003450
0.000471
0.000480
0.020871
0.030003
0.071931
0.087690
0.014981
1.994485
2.443940
3.201241
3.735136
4.296903
4.872670
5.445727
6.179314
0.003040
0.010330
0.012491
7.026501
0.002457
0.003060
0.004066
0.000027
0.000014
0.000019
0.000018
0.000069
0.000041
0.000008
0.000012
0.000025
0.000009
0.000014
0.000016
0.000006
0.000007
0.000010
0.000017
0.007885
0.003929
0.006662
0.011369
7.839064
8.446904
8.502494
8.509206
8.544430
8.419502
0.003524
0.001908
0.001555
0.000184
0.001092
0.001202
0.001257
0.001562
0.001904
0.002651
0.007674
8.451508
8.468025
8.360438
8.346513
8.334970
8.302301
0.007472
0.006841
0.000804
0.000699
0.000057
0.000035
0.000018
0.000045
0.000037
0.000016
0.000039
0.000024
0.000023
0.000028
0.000019
0.000030
0.000052
0.000046
0.000097
0.000025
0.000051
0.000020
0.000090
0.000040
0.000534
0.000046
0.000030
0.000034
0.000058
0.000031
0.000023
0.000020
0.000024
0.000010
0.000008
0.000005
0.000007
0.000006
0.000004
0.000006
0.000006
0.000009
0.000007
0.000018
0.000009
0.000021
0.000011
0.000042
0.000013
0.000061
0.000012
0.000074
0.000026
0.000102
0.000054
0.000755
0.000021
0.000056
0.000014
0.000004
0.000003
0.000003
0.000001
0.000008
0.000008
0.000008
0.000011
0.000005
0.000004
0.000001
0.000001
0.000001
0.000001
0.000001
0.000001
0.000002
0.000028
0.000002
0.000003
0.000006
0.000004
0.000003
0.000004
0.000007
0.000005
0.000007
0.000003
0.000004
0.000006
0.000010
0.000003
0.000002
0.000003
0.000007
0.000002
0.000001
0.000002
0.000002
0.000002
0.000003
0.000001
0.000001
0.000001
0.000003
0.000002
0.000008
0.000002
0.000002
0.000002
0.000009
0.000009
0.000002
0.000000
0.000000
0.000000
0.000000
0.000000
0.000003
0.000001
0.000001
0.000001
0.000003
0.000004
0.000004
0.000000
0.000000
0.000000
0.000001
0.000002
0.000001
0.000000
0.000007
0.000002
0.000003
0.000005
0.000006
0.000010
0.000002
0.000001
0.000000
0.000000
0.000000
0.000000
0.000000
0.000000
0.000000
0.000000
0.000000
0.000000
0.000000
0.000000
0.000000
0.000000
0.000000
0.000000
0.000000
0.000000
0.000000
0.000000
0.000000
0.000000
0.000000
0.000000
0.000000
0.000001
0.000000
0.000000
0.000000
0.000000
0.000000
0.000000
0.000000
0.000000
0.000000
0.000000
0.000000
0.000000
0.000000
0.000000
0.000000
0.000000
0.000000
0.000000
0.000000
0.000000
0.000000
0.000000
0.000000
0.000000
0.000000
0.000000
0.000000
0.000000
0.000000
0.000000
0.000000
0.000000
0.000000
0.000000
0.000000
0.000000
0.000000
0.000001
0.000000
0.000000
0.000000
0.000000
0.000000
0.000000
0.000000
0.000000
0.000000
0.000000
0.000000
0.000000
0.000000
0.000000
0.000000
0.000000
0.000000
0.000000
0.000001
0.000000
0.000000
0.000000
0.000000
0.000000
0.000000
0.000000
0.000000
0.000000
0.000000
0.000000
0.000000
0.000000
0.000000
0.000000
0.000000
0.000000
0.000000
0.000000
0.000000
0.000000
0.000000
0.000000
0.000000
0.000000
0.000000
0.000000
0.000000
0.000000
0.000001
0.000001
0.000000
0.000000
0.000000
0.000000
0.000000
0.000000
0.000000
0.000000
0.000000
0.000000
0.000000
0.000000
0.000001
0.000002
0.000000
0.000000
0.000000
0.000000
0.000000
0.000000
0.000000
0.000000
0.000000
0.000000
0.000000
0.000000
0.000000
0.000000
0.000000
0.000000
0.000000
0.000000
0.000000
0.000000
0.000000
0.000000
0.000000
0.000000
0.000000
0.000000
0.000000
0.000000
0.000000
0.000000
0.000000
0.000000
0.000000
0.000000
0.000000
0.000000
0.000000
0.000000
0.000000
0.000000
0.000000
0.000000
0.000000
0.000000
0.000000
0.000000
0.000000
0.000000
0.000000
0.000000
0.000000
0.000000
0.000000
0.000000
0.000000
0.000000
0.000000
0.000000
0.000000
0.000000
0.000000
0.000000
0.000000
0.000000
0.000000
0.000000
0.000000
0.000000
0.000000
0.000000
0.000000
0.000000
0.000000
0.000000
0.000000
0.000000
0.000000
0.000000
0.000000
0.000000
0.000000
0.000000
0.000000
0.000000
0.000000
0.000000
0.000000
0.000000
0.000000
0.000000
0.000000
0.000000
0.000000
0.000000
0.000000
0.000000
0.000000
0.000000
0.000000
0.000000
0.000000
0.000000
0.000000
0.000000
0.000000
8.080128
8.092650
8.130432
8.124945
8.126873
8.132568
0.000000
0.000000
0.000000
0.000000
0.000000
0.000000
0.000000
0.000000
0.000000
0.000000
0.000000
0.000000
0.000000
0.000000
0.000000
0.000000
0.000000
0.000000
0.000000
0.000000
0.000000
0.000000
0.000000
0.000000
0.000000
0.000000
0.000000
0.000000
0.000000
0.000000
0.000000
0.000000
0.000000
0.000000
0.000000
0.000000
0.000000
0.000000
0.000000
0.000000
0.000000
0.000000
0.000000
0.000000
0.000000
0.000000
0.000000
0.000000
0.000000
0.000000
0.000000
0.000000
0.000000
0.000000
0.000000
0.000000
0.000000
0.000000
0.000000
0.000000
0.000000
0.000000
0.000000
0.000000
0.000000
0.000000
0.000000
0.000000
0.000000
0.000000
0.000000
0.000000
0.000000
0.000000
0.000000
0.000000
0.000000
0.000000
0.000000
0.000000
0.000000
0.000000
0.000000
0.000000
0.000000
0.000000
0.000000
0.000000
0.000000
0.000000
0.000000
0.000000
0.000000
0.000000
0.000000
0.000000
0.000000
0.000000
0.000000
0.000000
0.000000
0.000000
0.000000
0.000000
0.000000
0.000000
0.000000
0.000000
0.000000
0.000000
0.000000
0.000000
0.000000
0.000000
0.000000
0.000000
0.000000
0.000000
0.000000
0.000000
0.000000
0.000000
0.000000
0.000000
0.000000
0.000000
0.000000
0.000000
0.000000
0.000000
0.000000
0.000000
0.000000
0.000000
0.000000
0.000000
0.000000
0.000000
0.000000
0.000000
0.000000
0.000000
0.000000
0.000000
0.000000
0.000000
0.000000
0.000000
0.000000
0.000000
0.000000
0.000000
0.000000
0.000000
0.000000
0.000000
0.000000
0.000000
0.000000
0.000000
0.000000
0.000000
0.000000
0.000000
0.000000
0.000000
0.000000
0.000000
0.000000
0.000000
0.000000
0.000000
0.000000
0.000000
0.000000
0.000000
0.000000
0.000000
0.000000
0.000000
0.000000
0.000000
0.000000
0.000000
0.000000
0.000000
0.000000
0.000000
0.000000
0.000000
0.000000
0.000000
0.000000
0.000000
0.000000
0.000000
0.000000
0.000000
0.000000
0.000000
0.000000
0.000000
0.000000
0.000000
0.000000
0.000000
0.000000
0.000000
0.000000
0.000000
0.000000
0.000000
0.000000
0.000000
0.000000
0.000000
0.000000
0.000000
0.000000
0.000000
0.000000
0.000000
0.000000
0.000000
0.000000
0.000000
0.000000
0.000000
0.000000
0.000000
0.000000
0.000000
0.000000
0.000000
0.000000
0.000000
0.000000
0.000000
0.000000
0.000000
0.000000
0.000000
0.000000
0.000000
0.000000
0.000000
0.000000
0.000000
0.000000
0.000000
0.000000
0.000000
0.000000
0.000000
0.000000
0.000000
0.000000
0.000000
0.000000
0.000000
0.000000
0.000000
0.000000
0.000000
0.000000
0.000000
0.000000
0.000000
0.000000
0.000000
0.000000
0.000000
0.000000
0.000000
0.000000
0.000000
0.000000
0.000000
0.000000
0.000000
0.000000
0.000000
0.000000
0.000000
0.000000
0.000000
0.000000
0.000000
0.000000
0.000000
0.000000
0.000000
0.000000
0.000000
0.000000
0.000000
0.000000
0.000000
0.000000
0.000000
0.000000
0.000000
0.000000
0.000000
0.000000
0.000000
0.000000
0.000000
0.000000
0.000000
0.000000
0.000000
0.000000
0.000000
0.000000
0.000000
0.000000
0.000000
0.000000
0.000000
0.000000
0.000000
0.000000
0.000000
0.000000
0.000000
0.000000
0.000000
0.000000
0.000000
0.000000
0.000000
0.000000
0.000000
0.000000
0.000000
0.000000
0.000000
0.000000
0.000000
0.000000
0.000000
0.000000
0.000000
0.000000
0.000000
0.000000
0.000000
0.000000
0.000000
0.000000
0.000000
0.000000
0.000000
0.000000
0.000000
0.000000
0.000000
0.000000
0.000000
0.000000
0.000000
0.000000
0.000000
0.000000
0.000000
0.000000
0.000000
0.000000
0.000000
0.000000
0.000000
0.000000
0.000000
0.000000
0.000000
0.000000
0.000000
0.000000
0.000000
0.000000
0.000000
0.000000
0.000000
0.000000
0.000000
0.000000
0.000000
0.000000
0.000000
0.000000
0.000000
0.000000
0.000000
0.000000
0.000000
0.000000
0.000000
0.000000
0.000000
0.000000
0.000000
0.000000
0.000000
0.000000
0.000000
0.000000
0.000000
0.000000
0.000000
0.000000
0.000000
0.000000
0.000000
0.000000
0.000000
0.000000
0.000000
0.000000
0.000000
0.000000
0.000000
0.000000
0.000000
0.000000
0.000000
0.000000
0.000000
0.000000
0.000000
0.000000
0.000000
0.000000
0.000000
0.000000
0.000000
0.000000
0.000000
0.000000
0.000000
0.000000
0.000000
0.000000
0.000000
0.000000
0.000000
0.000000
0.000000
0.000000
0.000000
0.000000
0.000000
0.000000
0.000000
0.000000
0.000000
0.000000
0.000000
0.000000
0.000000
0.000000
0.000000
0.000000
0.000000
0.000000
0.000000
0.000000
0.000000
0.000000
0.000000
0.000000
0.000000
0.000000
0.000000
0.000000
0.000000
0.000000
0.000000
0.000000
0.000000
0.000000
0.000000
0.000000
0.000000
0.000000
0.000000
0.000000
0.000000
0.000000
0.000000
0.000000
0.000000
0.000000
0.000000
0.000000
0.000000
0.000000
0.000000
0.000000
0.000000
0.000000
0.000000
0.000000
0.000000
0.000000
0.000000
0.000000
8.133072
8.124484
5.634725
2.897125
0.521032
0.137352
0.096938
0.003208
0.000129
0.000002
0.000001
0.000001
0.000001
0.000000
0.000000
0.000000
0.000000
0.000002
0.000000
0.000000
0.000000
0.000000
0.000000
0.000000
0.000000
0.000000
0.000000
0.000000
0.000000
0.000000
0.000000
0.000000
0.000000
0.000000
0.000000
0.000000
0.000000
0.000000
0.000001
0.000042
0.000035
0.000001
0.000000
0.000000
0.000000
0.000000
0.000000
0.000000
0.000000
0.000000
0.000000
0.000000
0.000000
0.000000
0.000000
0.000000
0.000000
0.000000
0.000000
0.000000
0.000000
0.000000
0.000000
0.000001
0.000001
0.000003
0.000005
0.000011
0.000262
0.000480
0.000000
0.000000
0.000000
0.000000
0.000000
0.000000
0.000000
0.000000
0.000000
0.000000
0.000000
0.000000
0.000000
0.000000
0.000000
0.000000
0.000000
0.002467
0.003048
