0.007800
0.000248
0.000000
0.000050
0.005614
0.005336
0.005181
0.000000
0.000000
0.000000
0.000000
0.000000
0.000000
0.000000
0.000019
0.000030
0.000000
0.000000
0.000000
0.000001
0.000001
0.000000
0.000000
0.000000
0.000001
0.000000
0.000000
0.000000
0.000000
0.000000
0.000000
0.000000
0.000000
0.000001
0.000000
0.000000
0.000000
0.000000
0.000000
0.000000
0.000006
0.000006
0.000006
0.000001
0.000001
0.000001
0.000000
0.000000
0.000001
0.000005
0.000006
0.000012
0.000011
0.000032
0.000016
0.000241
0.000236
0.000260
0.000260
0.000292
0.000342
0.000372
0.000386
0.000434
0.000491
0.000571
0.000643
0.000655
0.000670
0.000717
0.000769
0.000784
0.000790
0.000807
0.000825
0.000854
0.000876
0.000875
0.000896
0.000912
0.000899
0.000929
0.000932
0.000941
0.000936
0.000927
0.000912
0.000875
0.000857
0.000835
0.000674
0.000537
0.000441
0.000035
0.000095
0.000076
0.000014
0.000008
0.000005
0.000005
0.000007
0.000010
0.000001
0.000001
0.000001
0.000012
0.000095
0.000097
0.000131
0.000009
0.000002
0.000004
0.000007
0.000010
0.000005
0.000020
0.000016
0.000006
0.000003
0.000001
0.000002
0.000003
0.000003
0.000002
0.000002
0.000003
0.000004
0.000011
0.000016
0.000003
0.000015
0.000005
0.000007
0.000004
0.000003
0.000004
0.000003
0.000003
0.000003
0.000008
0.000004
0.000005
0.000007
0.000033
0.000023
0.000073
0.000073
0.000072
0.000673
2.159361
1.959433
0.027200
0.018579
0.032333
0.014314
0.013567
0.013535
0.013253
0.013248
0.013355
0.014092
0.014540
0.015036
0.014826
0.014046
0.010202
0.009316
0.008558
0.007897
0.006405
0.006085
0.005844
0.005224
0.000477
0.000554
0.001123
0.000478
0.000578
0.008339
0.008754
0.008956
0.008758
0.008417
0.008329
0.008011
0.007102
0.006390
0.000260
0.000373
0.003332
0.003259
0.003174
0.003814
0.003845
0.003245
0.003500
0.003003
0.002936
0.001200
0.001336
0.001370
0.001911
0.002054
0.000314
0.119872
0.109331
0.105308
0.126852
0.141831
0.143677
0.144274
0.205196
0.230599
0.352199
0.479267
0.611842
0.833881
0.961773
1.143934
1.351434
1.587625
2.281244
2.515808
2.843703
3.399029
3.954325
5.023022
5.801196
6.053675
6.471029
6.956365
7.355196
7.870034
8.198593
8.321628
8.382072
8.371039
8.369936
8.272308
0.315448
0.202741
8.167684
8.407300
8.582184
8.712251
8.737893
8.739588
8.741196
8.741897
8.741636
8.741292
8.741051
8.740425
8.740947
8.742594
8.742907
8.742982
8.742574
8.742357
8.741261
8.739828
8.739772
8.742104
8.742124
8.742599
8.742157
8.728992
8.676068
7.769936
0.287761
0.255413
7.342850
7.612530
8.026928
7.680182
8.155248
8.370468
8.551435
8.589057
8.649371
8.670190
8.715661
8.739842
8.741989
8.737617
8.732911
8.706802
8.499721
8.483623
8.476349
8.473122
8.471915
8.463607
8.451646
8.446253
8.446583
8.427663
8.643324
8.495798
8.503150
8.498504
8.497542
8.492042
8.448880
8.393290
8.262894
8.121752
0.373759
8.170937
8.736401
8.760780
8.728483
8.697873
8.643064
8.457875
8.338278
0.002134
0.000964
0.000385
0.000175
0.000102
0.000059
0.000024
0.000021
0.000017
0.000019
0.000006
0.000002
0.000047
0.000023
0.000009
0.000005
0.000004
0.000003
0.000002
0.000003
0.000005
0.000006
0.000007
0.000006
0.000272
0.000255
0.000239
0.000015
0.000010
0.000016
0.000020
0.000024
0.000005
0.000002
0.000002
0.000002
0.000006
0.000003
0.000002
0.000006
0.000007
0.000004
0.000001
0.000001
0.000001
0.000001
0.000001
0.000002
0.000004
0.000006
0.000005
0.000007
0.000001
0.000001
0.000002
0.000001
0.000004
0.000003
0.000005
0.000011
0.000054
0.000069
0.000002
0.000003
0.000005
0.000003
0.000002
0.000008
0.000006
0.000008
0.000004
0.000004
0.000009
0.000005
0.000003
0.000003
0.000005
0.000006
0.000008
0.000009
0.000001
0.000001
0.000001
0.000001
0.000001
0.000002
0.000002
0.000003
0.000005
0.000006
0.000004
0.000005
0.000010
0.000009
0.000005
0.000003
0.000001
0.000001
0.000001
0.000001
0.000000
0.000001
0.000001
0.000000
0.000000
0.000000
0.000000
0.000001
0.000001
0.000001
0.000001
0.000001
0.000003
0.000002
0.000002
0.000001
0.000002
0.000001
0.000001
0.000001
0.000001
0.000001
0.000001
0.000001
0.000001
0.000001
0.000001
0.000001
0.000001
0.000001
0.000001
0.000001
0.000002
0.000001
0.000002
0.000010
0.000008
0.000001
0.000001
0.000001
0.000000
0.000001
0.000001
0.000001
0.000000
0.000000
0.000001
0.000001
0.000001
0.000001
0.000001
0.000001
0.000001
0.000001
0.000001
0.000001
0.000001
0.000001
0.000000
0.000000
0.000000
0.000001
0.000002
0.000001
0.000002
0.000002
0.000002
0.000001
0.000001
0.000001
0.000001
0.000000
0.000000
0.000000
0.000001
0.000001
0.000001
0.000002
0.000002
0.000002
0.000002
0.000001
0.000001
0.000001
0.000001
0.000001
0.000002
0.000001
0.000001
0.000001
0.000001
0.000000
0.000000
0.000001
0.000001
0.000001
0.000001
0.000001
0.000001
0.000002
0.000003
0.000001
0.000001
0.000001
0.000000
0.000001
0.000000
0.000000
0.000000
0.000000
0.000000
0.000000
0.000001
0.000001
0.000002
0.000003
0.000003
0.000001
0.000001
0.000001
0.000001
0.000001
0.000001
0.000001
0.000001
0.000000
0.000000
0.000001
0.000001
0.000000
0.000000
0.000001
0.000001
0.000001
0.000000
0.000001
0.000001
0.000001
0.000001
0.000001
0.000001
0.000001
0.000000
0.000000
0.000000
0.000000
0.000000
0.000001
0.000002
0.000004
0.000006
0.000005
0.000002
0.000002
0.000001
0.000002
0.000001
0.000000
0.000000
0.000000
0.000000
0.000001
0.000001
0.000002
0.000006
0.000022
0.000052
0.000123
8.283804
8.100015
7.744955
6.972530
0.211356
5.384928
5.105036
4.914511
0.025574
0.011013
0.001764
0.001363
0.073373
0.130363
0.143063
1.436682
4.729018
5.247283
5.781967
6.221749
6.810440
7.429182
7.745439
8.081018
8.700184
8.858987
8.934583
9.009835
9.022208
8.991502
8.983035
8.984018
8.972225
8.969615
8.973757
8.980555
8.958674
8.915546
8.892421
8.768657
8.605227
8.380750
8.153021
7.259616
6.057446
5.261337
4.544483
3.976790
3.494226
3.071595
0.014440
0.014696
0.019036
0.016640
0.037508
0.577943
1.991552
1.817529
1.653385
1.455776
0.016323
0.064945
0.901045
0.867681
0.832341
0.803168
0.797266
0.786802
0.757336
0.730873
0.696977
0.667559
0.635159
0.607638
0.576784
0.537378
0.000633
0.065159
0.055451
0.053421
0.048314
0.046734
0.051196
0.036829
0.026053
0.020223
0.009304
0.019078
0.016409
0.021730
0.024302
0.034565
0.035620
0.080633
0.142948
0.257811
0.378259
0.426214
0.511544
0.578589
0.651269
0.697572
0.976453
1.098851
1.142076
1.327934
1.415836
0.007373
0.003464
0.003202
0.003414
0.000413
0.000907
0.001044
0.023815
0.024103
0.046628
0.278752
0.336849
0.539894
0.691471
0.968746
1.247006
2.177079
2.693065
3.047610
3.454626
3.868484
4.335361
4.905162
5.459642
6.218952
6.304658
6.291824
6.057745
5.258929
4.521828
0.001140
3.703346
3.200506
2.791998
2.445221
2.152728
1.851705
1.653344
0.006054
0.825411
0.673091
0.000556
0.000466
0.000266
0.000200
0.000149
0.036116
0.184214
0.429774
0.501109
0.430650
0.428587
0.417322
0.417580
0.001419
0.000046
0.000046
0.000048
0.000031
0.000025
0.000037
0.001277
0.001214
0.208279
0.198502
0.128907
0.112642
0.067982
0.058236
0.037839
0.009626
0.009617
0.008827
0.008312
0.000664
0.000008
0.000238
0.000626
0.000856
0.011192
0.011856
0.076429
0.166233
0.386353
0.388261
0.363252
0.336061
0.320130
0.130099
0.382764
0.457215
0.412937
0.409206
0.386917
0.368715
0.395548
0.389501
0.374246
0.340830
0.313195
0.130878
0.082563
0.071455
0.044766
0.038579
0.036466
0.019127
0.018115
0.016390
0.001367
0.000054
0.000361
0.000394
0.020228
0.024206
0.145745
0.211116
0.272743
0.309489
0.376512
0.383923
0.412729
0.430050
0.278646
0.241955
0.224497
0.203127
0.038199
0.000908
0.000451
0.014673
0.015346
0.011634
0.012405
0.012855
0.013133
0.013060
0.013162
0.013159
0.013900
0.016766
0.008857
0.224974
0.243423
0.238152
0.244896
0.246404
0.258507
0.264852
0.256612
0.259492
0.226121
0.220126
0.213658
0.205103
0.012001
0.000638
0.000406
0.020866
0.017803
0.015640
0.272975
0.285434
0.294751
0.263997
0.209297
0.201980
0.173704
0.164924
0.137957
0.109915
0.065740
0.003448
0.003266
0.000906
0.009900
0.009716
0.000773
0.000053
0.000033
0.001987
0.004406
0.004174
0.004273
0.004484
0.004025
0.003769
0.003694
0.003113
0.000090
0.000108
0.000098
0.000068
0.000118
0.000165
0.000046
0.000027
0.000050
0.000050
0.000114
0.000539
0.017942
0.017748
0.017994
0.021841
0.044320
0.042358
0.049792
0.054234
0.041015
0.072080
0.086701
0.126487
0.213959
0.260787
0.333171
0.345525
0.335728
0.318573
0.007667
0.110999
0.115669
0.113439
0.114162
0.113658
0.110768
0.113840
0.098793
0.032761
0.018178
0.017981
0.017463
0.000427
0.000005
0.000011
0.000117
0.000021
0.000011
0.000003
0.000003
0.000009
0.000003
0.000003
0.000003
0.000016
0.000012
0.000009
0.000003
0.000002
0.000002
0.000002
0.000001
0.000002
0.000002
0.000003
0.000025
0.000025
0.000045
0.000003
0.000002
0.000002
0.024129
0.030246
0.070859
0.045575
0.000009
0.000006
0.000154
0.000261
0.000291
0.000256
0.000219
0.004753
0.004709
0.004485
0.004164
0.003604
0.003401
0.003324
0.000100
0.000002
0.000002
0.000002
0.000003
0.000002
0.000003
0.000003
0.000005
0.000627
0.000860
0.003871
0.010613
0.012335
0.039272
0.064398
0.185031
0.350465
0.403895
0.484422
0.533742
0.574239
0.541183
0.503435
0.454040
0.019839
0.013316
0.053202
0.239308
0.235614
0.219042
0.174791
0.155202
0.153231
0.000208
0.000100
0.000149
0.000376
0.000016
0.004567
0.004494
0.003548
0.000015
0.000017
0.000298
0.001856
0.139458
0.132646
0.014889
0.012284
0.011405
0.001244
0.001928
0.001465
0.000046
0.000021
0.000037
0.000021
0.000008
0.000004
0.000007
0.000008
0.000006
0.000008
0.000011
0.000012
0.000010
0.000007
0.000013
0.000013
0.000009
0.000008
0.000010
0.004224
0.006130
0.031196
0.068715
0.077777
0.100286
0.106858
0.112966
0.128521
0.146349
0.149901
0.135166
0.124117
0.007423
0.000097
0.000101
0.000103
0.000063
0.000010
0.000135
0.000105
0.000061
0.000072
0.000072
0.000139
0.000029
0.000018
0.000013
0.000032
0.000042
0.000039
0.000068
0.000207
0.005991
0.019759
0.042950
0.094750
0.172956
0.177035
0.127499
0.037269
0.026937
0.007150
0.000131
0.000901
0.000888
0.001117
0.000123
0.000145
0.000061
0.000031
0.000016
0.000040
0.000113
0.000162
0.004521
0.008172
0.027147
0.031724
0.068055
0.220728
0.232838
0.186096
0.106322
0.065901
0.063479
0.030389
0.000367
0.000198
0.000082
0.000098
0.000123
0.000120
0.000155
0.000130
0.000213
0.115501
0.142228
0.135788
0.127226
0.126854
0.130755
0.103796
0.072194
0.018367
0.005223
0.000110
0.000308
0.000307
0.000284
0.005950
0.025789
0.403448
0.435460
0.420292
0.406645
0.382200
0.343345
0.266900
0.239711
0.005374
0.005135
0.000421
0.000202
0.006256
0.006169
0.064713
0.062978
0.062068
0.058711
0.061913
0.068599
0.075549
0.063982
0.066389
0.069822
0.077837
0.083878
0.028923
0.012184
0.000135
0.016628
0.255270
0.303966
0.316962
0.334738
0.345895
0.349176
0.354698
0.254823
0.235380
0.188195
0.124443
0.008323
0.000848
0.000189
0.000070
0.000009
0.000009
0.000008
0.000009
0.000089
0.000095
0.000155
0.000121
0.000095
0.000135
0.000070
0.001168
0.001282
0.001975
0.007431
0.008994
0.042260
0.050909
0.140601
0.082115
0.079069
0.070724
0.055662
0.040172
0.012405
0.010927
0.001339
0.000031
0.000004
0.000014
0.000010
0.000006
0.000005
0.000004
0.000003
0.000006
0.000003
0.000003
0.000005
0.000006
0.000005
0.000007
0.000003
0.000007
0.000008
0.000006
0.000002
0.000003
0.000004
0.000004
0.000002
0.000004
0.000076
0.000028
0.000025
0.000024
0.000017
0.000019
0.000015
0.000013
0.000008
0.000005
0.000005
0.000003
0.000003
0.000004
0.000007
0.000010
0.000009
0.000006
0.000007
0.000004
0.000011
0.000018
0.000020
0.000035
0.000061
0.000062
0.001094
0.001116
0.001317
0.062539
0.068882
0.079234
0.081274
0.115757
0.180904
0.189265
0.255856
0.266940
0.280939
0.018814
0.012466
0.011319
0.001816
0.000319
0.001275
0.000004
0.002415
0.003172
0.004491
0.005336
0.005684
0.005842
0.006032
0.004018
0.006955
0.018096
0.020647
0.023076
0.037942
0.041783
0.323486
0.343536
0.381532
0.398081
0.412427
0.410949
0.434874
0.435504
0.428991
0.001022
0.000133
0.000026
0.000018
0.000018
0.000021
0.000077
0.006523
0.006472
0.005249
0.005056
0.004950
0.009205
0.009393
0.009575
0.009440
0.009234
0.009245
0.000011
0.000605
0.005429
0.005250
0.004521
0.007961
0.008308
0.036530
0.344544
0.262016
0.031456
0.029580
0.008868
0.002175
0.000062
0.000062
0.001323
0.000947
0.000013
0.000009
0.000100
0.000167
0.000003
0.000002
0.000002
0.000540
0.001253
0.001384
0.018675
0.034676
0.185598
0.205223
0.247351
0.300112
0.375979
0.354858
0.306813
0.274675
0.256469
0.201129
0.029139
0.024156
0.004545
0.000107
0.001653
0.000827
0.001084
0.001198
0.003269
0.007347
0.007442
0.024021
0.016375
0.015561
0.009430
0.014594
0.015004
0.024971
0.031896
0.044247
0.063773
0.067464
0.081686
0.072351
0.070282
0.046880
0.044795
0.030780
0.023234
0.023666
0.001811
0.001032
0.000888
0.000783
0.001232
0.005980
0.003792
0.004624
0.419713
0.443426
0.406161
0.375385
0.038687
0.036516
0.020617
0.020000
0.005144
0.003304
0.000472
0.000042
0.000001
0.000001
0.000001
0.000002
0.000003
0.000007
0.000009
0.000006
0.000003
0.000002
0.000000
0.000000
0.000000
0.000000
0.000001
0.000001
0.000519
0.000488
0.000871
0.000041
0.000003
0.000002
0.000002
0.000001
0.000001
0.000001
0.000002
0.000005
0.000008
0.000012
0.000014
0.000012
0.000014
0.000019
0.000012
0.000041
0.000020
0.000014
0.000029
0.000062
0.000065
0.000053
0.000566
0.003476
0.004961
0.048931
0.140213
0.318421
0.443636
0.515023
0.589633
0.853347
0.906961
0.915677
0.880017
0.791471
0.602995
0.461030
0.242813
0.186524
0.111782
0.029916
0.026322
0.000507
0.000128
0.000021
0.000004
0.000004
0.000006
0.000009
0.000014
0.000013
0.000012
0.000007
0.000007
0.000040
0.000042
0.000075
0.000049
0.000040
0.000041
0.000020
0.000028
0.000014
0.000014
0.000006
0.000008
0.000006
0.000016
0.000016
0.000005
0.000014
0.000009
0.000008
0.000007
0.000125
0.000028
0.000011
0.000006
0.013085
0.030165
0.089227
0.006580
0.000044
0.000041
0.000113
0.000213
0.000043
0.000250
0.007111
0.021161
0.164949
0.245675
0.401674
0.465184
0.532012
0.557453
0.486378
0.348662
0.289877
0.227435
0.212430
0.197971
0.170116
0.019239
0.048085
0.040059
0.028397
0.000181
0.000000
0.000000
0.000001
0.000001
0.000007
0.000005
0.000001
0.000001
0.000001
0.000002
0.000001
0.000001
0.000334
0.074066
0.393068
0.436446
0.410135
0.383164
0.180947
0.104065
0.073039
0.000351
0.054210
0.095394
0.134462
0.131330
0.085977
0.182226
0.189786
0.180885
0.027520
0.002145
0.000565
0.000461
0.001670
0.001883
0.002225
0.002460
0.006278
0.002664
0.002721
0.002673
0.002606
0.002769
0.002825
0.002573
0.003846
