0.008322
0.000165
0.000094
0.000002
0.000002
0.000002
0.000001
0.145996
0.163971
0.156538
0.020189
0.019430
0.018879
0.016642
0.000452
0.000513
0.000569
0.000815
0.009248
0.011928
0.012700
0.013042
0.014054
0.014244
0.014413
0.014436
0.015362
0.015258
0.014178
0.014224
0.014316
0.014559
0.014539
0.015523
0.014877
0.006336
0.118659
0.122897
0.126875
0.128855
0.132029
0.131245
0.129034
0.100035
0.092771
0.006193
0.038827
0.048666
0.060498
0.069967
0.076282
0.083398
0.085154
0.084555
0.085305
0.081574
0.097717
0.099584
0.095823
0.095312
0.097414
0.096097
0.092399
0.083773
0.079798
0.078083
0.076867
0.002899
0.000581
0.000532
0.001649
0.001196
0.000177
0.000257
0.080480
0.095581
0.177574
0.204533
0.227533
0.463687
0.480305
0.494843
0.074755
0.952654
1.166459
2.726834
2.972155
3.313320
3.719020
3.911302
4.093493
4.298889
4.666310
5.095925
0.029299
0.041330
5.691487
6.173888
6.271455
6.387350
6.433015
6.441180
6.455770
6.479322
6.483437
6.489144
6.490319
6.551977
6.548318
6.544985
6.543226
6.540702
6.541295
6.539671
6.538760
6.538112
6.539238
6.536917
6.531858
6.525593
6.491003
6.491855
6.492307
6.492074
6.489112
6.487148
6.487304
6.488706
6.491070
6.490092
6.489858
6.490475
6.491765
6.495069
6.502141
6.502685
6.717031
6.766803
6.797789
6.799314
6.803530
6.807637
6.814859
6.815121
6.813401
6.813736
6.815515
6.816020
6.816636
6.816489
6.817468
6.817579
6.817578
6.817690
6.817575
6.817420
6.817293
6.819498
6.819746
6.819991
6.820672
6.960477
6.965021
6.962844
6.890576
6.909235
6.910216
6.913158
6.914015
6.913935
6.914135
6.913819
6.914105
7.000325
7.021457
7.023219
7.025318
7.029509
7.046320
7.052906
7.053017
7.054035
7.055468
7.055301
7.054034
7.053212
7.049868
7.047949
7.049380
7.051523
7.053693
7.054009
7.054567
7.054603
7.055286
7.055419
7.052873
7.046878
7.043323
7.043258
7.044064
7.048839
7.046751
7.048174
7.053720
7.055523
7.055718
7.055714
7.055886
7.055865
7.055878
7.055703
7.055576
7.055272
7.055370
7.055882
7.055833
7.055679
7.052800
7.049934
7.049164
7.050230
7.052062
7.054088
7.055517
7.055657
7.055472
7.055126
7.054476
7.051658
7.039616
7.026597
6.987502
6.917176
6.874041
6.842540
6.821406
6.799674
6.788626
6.782704
6.726715
6.726106
6.726379
6.725903
6.722345
6.719455
6.718936
6.718765
6.716587
6.716502
6.717169
6.720180
6.720478
6.722558
6.724795
6.725635
6.727506
6.727561
6.725928
6.723261
6.899828
6.929047
6.938450
6.922843
0.000505
0.000193
0.000113
0.000031
0.000014
0.000008
0.000004
0.000001
0.000001
0.000001
0.000001
0.000001
0.000001
0.000001
0.000002
0.000002
0.000001
0.000001
0.000000
0.000000
0.000000
0.000000
0.000000
0.000000
0.000000
0.000000
0.000000
0.000001
0.000001
0.000001
0.000001
0.000002
0.000000
0.000000
0.000000
0.000000
0.000000
0.000000
0.000000
0.000000
0.000000
0.000000
0.000000
0.000000
0.000000
0.000000
0.000000
0.000000
0.000000
0.000001
0.000000
0.000000
0.000000
0.000000
0.000000
0.000001
0.000000
0.000000
0.000000
0.000000
0.000000
0.000000
0.000000
0.000000
0.000000
0.000000
0.000000
0.000001
0.000000
0.000000
0.000000
0.000000
0.000000
0.000001
0.000001
0.000001
0.000003
0.000001
0.000002
0.000003
0.000002
0.000004
0.000001
0.000002
0.000011
0.000016
0.000029
0.000157
0.000295
0.000429
0.000808
0.001756
6.992241
7.602469
7.611752
7.625977
7.641991
7.644218
7.640546
7.641983
7.641125
7.645030
7.640130
7.645656
7.649829
7.656242
7.663301
7.665593
7.666701
7.667275
7.666148
7.666089
7.667025
7.667380
7.667947
7.667857
7.667494
7.665207
7.664461
7.665541
7.667194
7.667868
7.667950
7.668512
7.668309
7.667650
7.665947
7.664214
7.660517
7.658261
7.652352
7.639452
7.483593
0.098206
0.050416
0.000837
0.000672
0.000084
0.000079
0.000074
0.000065
0.000075
0.000108
0.000152
0.011142
0.010975
0.011161
7.175957
7.781287
7.826839
7.847386
7.859886
7.866380
7.846019
7.804705
7.752396
7.558367
7.562586
7.565288
7.568119
7.565732
7.448146
7.443606
7.440662
7.440603
7.690835
7.726369
7.732736
7.731515
7.716868
7.706280
7.688670
7.682958
7.916645
7.944864
7.988116
8.023788
8.073970
8.070962
7.999617
7.804259
7.799677
7.926535
8.042371
8.086410
0.002938
0.001580
0.000424
0.000190
0.000112
0.000093
0.000043
0.000029
0.000034
0.000057
0.000011
0.000009
0.000013
0.000012
0.000003
0.000003
0.000003
0.000008
0.000010
0.000025
0.000025
0.000045
0.000131
0.000274
0.000385
0.000761
7.949025
8.061501
8.213388
8.290025
8.377985
8.422556
8.458525
8.481036
8.490197
8.490657
8.488071
8.488534
8.490614
8.497176
8.499093
8.500689
8.502812
8.507431
8.508112
8.506313
8.502937
8.487068
8.353616
8.347888
8.345470
8.346008
8.349015
8.349037
8.349829
8.351833
8.489585
8.487582
8.494029
8.500403
8.506200
8.507734
8.508792
8.508579
8.508639
8.509081
8.509106
8.508954
8.508376
8.508248
8.508695
8.508799
8.508170
8.507697
8.506768
8.501562
8.500305
8.490931
8.453691
8.399820
8.108765
8.108363
8.105686
8.101440
8.095538
8.091752
8.069982
8.063752
8.056752
8.041170
8.036472
8.040582
8.054680
8.067759
8.082866
8.098210
8.101596
8.097988
8.098088
8.100536
8.098983
8.099352
8.102314
8.104127
8.105923
8.107056
8.106310
8.103338
8.099912
8.088486
8.035405
8.210354
0.012830
0.009508
0.004344
0.001238
0.001077
0.000732
0.000158
0.000053
0.000019
0.000029
0.000015
0.000037
0.000032
0.000046
0.000087
0.000031
0.000036
0.000012
0.000015
0.000038
0.000009
0.000009
0.000009
0.000006
0.000010
0.000008
0.000015
0.000015
0.000006
0.000007
0.000010
0.000024
0.000014
0.000010
0.000056
0.000048
0.000093
0.000009
0.000009
0.000008
0.000014
0.000015
0.000035
0.000043
0.000110
0.000017
0.000014
0.000008
0.000009
0.000011
0.000033
0.000035
0.000057
0.000033
0.000085
0.000123
0.000850
0.001286
0.000959
7.970069
8.030338
8.097639
8.121480
8.145893
8.146865
8.157191
8.175674
8.201411
8.211687
8.208998
8.187841
8.173638
8.167961
8.153906
8.142560
8.088857
8.054222
8.013487
7.925179
7.930500
8.042341
8.072567
8.108494
8.088225
8.068993
8.048930
8.024173
0.002765
0.000865
0.000607
0.000195
0.000148
0.000234
0.000027
0.000024
0.000032
0.000055
0.000032
0.000026
0.000013
0.000055
0.000085
0.000030
0.000034
0.000008
0.000006
0.000007
0.000011
0.000014
0.000047
0.000071
0.000131
0.000121
0.000177
0.000662
8.004865
8.009184
8.011199
8.017354
8.023324
8.037452
8.691923
8.708271
8.737749
8.736785
8.737058
8.716303
8.706304
8.687460
8.662187
8.649859
0.000709
0.000545
0.000303
0.000222
0.000071
0.000065
0.000118
0.000029
0.000016
0.000028
0.000070
0.000146
0.000456
0.000147
0.000070
0.000101
0.000032
0.000051
0.000030
0.000023
0.000018
0.000021
0.000024
0.000090
0.000093
0.000219
0.000388
0.000745
8.566505
8.537261
8.524185
8.503476
8.478374
8.448478
8.428346
8.413143
0.000987
0.000429
0.000369
0.000266
0.000424
0.000202
0.000135
0.000299
0.000106
0.000059
0.000058
0.000083
0.000074
0.000057
0.000027
0.000035
0.000242
0.000176
0.000120
0.000126
0.000096
0.000051
0.000062
0.000081
0.000019
0.000026
0.000026
0.000045
0.000060
0.000024
0.000055
0.000075
0.000157
0.000288
0.000334
0.000550
0.001337
0.003812
8.506289
8.552278
8.615910
8.683592
8.701225
0.000656
0.000499
0.000390
0.000042
0.000024
0.000020
0.000012
0.000005
0.000002
0.000007
0.000006
0.000002
0.000001
0.000001
0.000002
0.000004
0.000002
0.000001
0.000003
0.000003
0.000002
0.000002
0.000002
0.000005
0.000008
0.000004
0.000004
0.000004
0.000001
0.000001
0.000001
0.000002
0.000001
0.000001
0.000001
0.000005
0.000002
0.000003
0.000001
0.000001
0.000001
0.000005
0.000002
0.000002
0.000004
0.000002
0.000001
0.000002
0.000006
0.000008
0.000042
0.000068
0.000084
0.000244
8.267484
8.338097
8.359963
8.355658
8.334953
8.334283
8.329814
8.294971
8.245226
8.159770
8.166894
8.179979
8.195305
8.215608
8.242936
8.267471
8.293283
8.310188
8.325413
8.344678
8.375422
8.387485
8.396897
8.413901
8.434579
8.451377
8.467194
8.489993
8.515183
8.532802
8.550599
8.565878
8.571223
8.581422
8.594312
0.000004
0.000003
0.000001
0.000001
0.000000
0.000000
0.000000
0.000000
0.000000
0.000000
0.000000
0.000000
0.000000
0.000000
0.000000
0.000000
0.000000
0.000000
0.000000
0.000000
0.000000
0.000000
0.000000
0.000000
0.000000
0.000000
0.000000
0.000000
0.000000
0.000000
0.000000
0.000000
0.000000
0.000000
0.000000
0.000000
0.000000
0.000000
0.000000
0.000000
0.000000
0.000000
0.000000
0.000000
0.000000
0.000000
0.000001
0.000001
0.000001
0.000002
0.198137
8.446617
8.501499
8.579672
8.607082
8.624364
8.603666
8.544871
8.518731
8.471802
8.519681
8.516514
8.506749
8.495300
0.083333
8.503331
8.573460
8.640635
8.761529
8.864236
8.924641
8.933828
8.935416
8.937389
8.939128
8.935952
8.932246
8.929993
8.929915
8.928430
8.902719
8.893759
8.895926
8.903886
8.917218
8.922877
9.069660
9.149678
9.148887
9.150682
9.149004
9.142203
9.142118
9.141961
9.143974
9.153954
9.171939
9.175755
9.180598
9.178287
9.173239
9.175715
9.184125
9.186081
9.186702
9.185264
9.178898
9.124478
9.062144
9.022830
8.932474
8.766378
8.149860
7.671779
7.379217
6.983889
0.072897
0.288869
6.172289
6.294749
6.392377
0.041622
6.758153
0.049688
7.500025
8.013180
8.270509
8.132951
8.052306
0.001798
0.001576
0.000463
0.000156
0.000065
0.000050
0.000029
0.000017
0.000008
0.000009
0.000037
0.000041
0.000006
0.000006
0.000012
0.000012
0.000010
0.000019
0.000041
0.000016
0.000018
0.000045
0.000068
0.000113
0.000256
0.000516
0.001405
0.001929
0.003427
8.009160
8.041870
0.003846
0.000620
0.000415
0.000305
0.000085
0.000050
0.000039
0.000028
0.000032
0.000040
0.000060
0.000135
0.000324
0.001172
0.004252
8.114789
8.144577
7.878381
7.919422
7.940586
7.969986
7.988758
7.997947
7.997688
7.997078
7.995727
7.994011
7.991672
7.991662
7.993953
7.993539
7.996384
7.999299
7.999230
7.996367
8.055838
8.035863
8.016968
8.004028
7.972305
7.946087
7.882445
7.811184
7.945275
7.946125
7.945067
7.940525
7.918201
7.909742
7.898120
7.514681
7.495911
7.481929
7.479189
7.496298
7.512175
7.524253
7.566748
7.588802
7.592497
7.599321
7.607568
7.609463
7.614699
7.617903
7.618371
7.619157
7.619227
7.619447
7.619064
7.618717
7.618547
7.615143
7.614054
7.610204
7.608164
7.606706
7.604283
7.600959
7.585971
7.572184
7.550354
7.532253
7.524482
7.523569
7.533567
7.547346
7.570086
7.591869
7.593621
7.592211
7.812214
7.890942
7.972348
7.997716
8.022191
8.004942
7.649448
7.710065
7.918158
7.951638
7.968197
7.991850
8.008845
8.015340
8.019827
8.023998
8.024054
8.018901
8.014372
8.014455
8.015396
8.013557
8.016038
8.023553
8.019233
8.016725
8.015257
8.015265
8.020552
8.028232
8.029027
8.023006
8.019141
8.017645
8.019501
8.016119
8.004802
7.999194
7.998446
8.005507
8.014787
8.026179
8.028086
8.029791
8.024977
8.015914
8.012150
8.009159
8.011200
8.015278
8.013514
8.073138
8.074525
8.071604
7.988429
7.982156
7.979149
7.979849
7.979034
7.979491
7.978792
7.972456
7.964338
7.958209
7.953617
7.959297
7.964524
7.950864
7.937276
7.931281
7.931729
7.919092
7.885829
7.822807
7.777854
7.725675
7.346828
7.351904
7.360100
7.365363
7.362703
7.365104
7.366242
7.370817
7.372812
7.375054
7.378832
7.403819
7.411544
7.403708
7.781609
7.835409
7.851997
7.889336
7.941796
7.970534
7.998037
8.030429
8.036338
8.056784
8.065180
8.080143
8.106825
8.107847
8.099072
8.081190
8.047946
7.968537
7.793417
7.773917
7.742576
7.707007
7.666949
7.635932
7.612672
7.585165
7.562633
7.505015
7.412686
7.309944
7.249600
6.995759
6.748776
6.474112
6.236807
6.210357
0.043311
0.045983
0.057367
7.188132
7.408104
7.646805
7.735866
7.738839
7.738254
7.740339
7.745763
7.742292
7.746148
7.760776
7.777769
7.795603
7.798291
7.809530
7.816922
7.812724
7.778585
7.939116
7.820154
7.720436
7.706062
7.719614
7.642214
0.010917
0.011150
0.008180
0.004162
0.001205
0.002063
0.002239
7.526931
7.531722
7.522056
7.521891
7.526685
7.522947
7.520680
7.505806
7.480952
7.469037
0.003869
0.002162
0.001402
0.001218
0.001061
0.000968
0.000882
0.000026
0.000014
0.000009
0.000007
0.000006
0.000006
0.000005
0.000005
0.000005
0.000004
0.000004
0.000005
0.000005
0.000004
0.000004
0.000004
0.000004
0.000004
0.000004
0.000005
0.000005
0.000005
0.000005
0.000005
0.000004
0.000005
0.000004
0.000005
0.000005
0.000005
0.000005
0.000005
0.000005
0.000006
0.000007
0.000005
0.000006
0.000006
0.000007
0.000005
0.000008
0.000009
0.000004
0.000009
0.000007
0.000004
0.000004
0.000007
0.000009
0.000022
0.000046
0.000260
0.000289
0.000320
0.000355
0.000333
0.000336
0.000407
0.000386
0.000390
0.000360
0.000371
0.000379
0.000389
0.000397
0.000564
0.000673
0.000673
0.000854
7.432716
7.454957
7.508148
7.514722
7.516235
7.520983
7.527639
7.528022
0.000036
0.000043
0.000026
0.000013
0.000009
0.000006
0.000006
0.000008
0.000017
0.000022
0.000025
0.000014
0.000011
0.000008
0.000007
0.000005
0.000005
0.000006
0.000008
0.000050
0.000062
0.000037
0.000016
0.000012
0.000009
0.000005
0.000005
0.000009
0.000013
0.000015
0.000064
0.000041
0.000027
0.000018
0.000020
0.000014
0.000009
0.000013
0.000010
0.000007
0.000007
0.000007
0.000022
0.000041
0.000061
0.000056
0.000032
0.000021
0.000011
0.000009
0.000009
0.000007
0.000008
0.000012
0.000024
0.000035
0.000167
0.000260
0.000353
0.000552
0.000876
0.001554
0.002119
0.004164
7.894652
7.956669
7.997812
8.021182
8.024979
8.031780
8.037237
8.042353
8.048748
8.055351
8.056893
8.065128
8.072867
8.077686
8.072630
8.069884
8.073769
8.070158
8.064862
8.051848
8.042294
7.985199
7.942808
0.003901
0.002742
0.002350
0.002516
0.002428
0.005903
0.006296
7.909285
7.899411
7.878003
0.000246
0.000072
0.000027
0.000018
0.000015
0.000014
0.000002
0.000006
0.000002
0.000001
0.000001
0.000001
0.000000
0.000001
0.000001
0.000000
0.000001
0.000001
0.000001
0.000001
0.000001
0.000000
0.000000
0.000000
0.000000
0.000000
0.000000
0.000000
0.000000
0.000000
0.000000
0.000000
0.000001
0.000001
0.000001
0.000001
0.000000
0.000000
0.000000
0.000000
0.000000
0.000000
0.000000
0.000000
0.000000
0.000000
0.000000
0.000001
0.000001
0.000001
0.000001
0.000000
0.000000
0.000000
0.000001
0.000001
0.000000
0.000000
0.000001
0.000000
0.000001
0.000000
0.000001
0.000001
0.000001
0.000000
0.000001
0.000001
0.000001
0.000001
0.000002
0.000000
0.000001
0.000001
0.000001
0.000004
0.000003
0.000003
0.000001
0.000002
0.000001
0.000026
0.000028
0.000026
0.000026
0.000011
0.000016
0.000023
0.000052
0.000141
0.000187
0.000304
0.000849
7.663483
7.659816
7.668290
7.679811
7.293175
0.055037
7.300863
7.334782
0.071568
0.074274
7.663047
7.713401
7.715882
7.715333
7.712435
7.711634
7.710712
7.710797
7.708453
7.707719
7.708408
7.710826
7.713433
7.714742
7.716400
7.717389
7.714897
7.711057
7.710085
7.711281
7.714217
7.717455
7.717457
7.716785
7.715715
7.713693
7.713484
7.711981
7.711981
7.713643
7.714589
7.714397
7.715920
7.716706
7.716673
7.715735
7.715122
7.705899
7.681528
7.666702
7.652186
7.625042
7.484238
7.481030
7.476647
7.474213
7.477136
7.481777
7.475635
7.472728
7.473972
7.478946
7.489995
7.486092
7.485075
7.486646
7.487606
7.488766
7.490027
7.488285
7.478524
7.475580
7.473056
7.474372
7.481422
7.491619
7.497602
7.502452
7.501072
7.498729
7.495304
7.484417
7.481342
7.482246
7.480455
7.482400
7.488692
7.494811
7.496077
7.496518
7.497405
7.496540
7.494618
7.494474
7.495105
7.496096
7.497215
7.496028
7.495610
7.485002
7.444505
7.436997
7.433956
7.433108
7.437537
7.448200
7.456103
7.463642
7.472258
7.479193
7.482497
7.485904
7.485395
7.485974
7.486526
7.489173
7.487499
7.483710
7.476252
7.474792
7.442574
7.054582
0.020016
0.013479
0.001287
0.001025
0.000156
0.000133
0.001324
0.001004
0.000661
0.000650
0.000558
0.000486
0.000462
0.000489
0.000457
0.000516
0.000679
0.000913
0.001457
0.000057
0.000080
0.000298
0.000522
0.000770
0.001731
6.569343
6.262191
6.288769
6.314143
6.336631
6.365440
6.395119
6.412756
6.426650
6.467118
6.473642
6.480838
6.500017
6.488595
6.455944
6.384869
6.233461
5.740211
5.139067
4.499505
3.907326
3.361884
2.971574
2.586882
0.089750
0.071430
0.055314
0.041301
0.002004
0.000909
0.000490
0.000335
0.000181
0.000177
0.000222
0.000121
0.000069
0.000074
0.000071
0.000081
0.000042
0.000034
0.000029
0.000059
0.000058
0.000036
0.000028
0.000021
0.000111
0.000027
0.000028
0.000036
0.000032
0.000017
0.000016
0.000006
0.000042
0.000043
0.000012
0.000025
0.000021
0.000021
0.000010
0.000014
0.000014
0.000019
0.000052
0.000015
0.000018
0.000021
0.000017
0.000021
0.000024
0.000063
0.000019
0.000011
0.000017
0.000022
0.000018
0.000014
0.000006
0.000006
0.000007
0.000004
0.000004
0.000006
0.000004
0.000003
0.000010
0.000010
0.000005
0.000009
0.000004
0.000005
0.000007
0.000004
0.000008
0.000005
0.000005
0.000005
0.000005
0.000004
0.000002
0.000002
0.000002
0.000003
0.000003
0.000002
0.000002
0.000003
0.000003
0.000005
0.000004
0.000004
0.000003
0.000003
0.000001
0.000003
0.000001
0.000002
0.000001
0.000006
0.000010
0.000004
0.000006
0.000007
0.000007
0.000007
0.000001
0.000002
0.000001
0.000001
0.000009
0.000010
0.000014
0.000016
0.000005
0.000008
0.000009
0.000001
0.000001
0.000000
0.000000
0.000001
0.000004
0.000001
0.000000
0.000000
0.000000
0.000000
0.000001
0.000000
0.000000
0.000000
0.000000
0.000000
0.000000
0.000000
0.000000
0.000000
0.000000
0.000000
0.000000
0.000000
0.000000
0.000000
0.000000
0.000000
0.000000
0.000000
0.000000
0.000000
0.000000
0.000000
0.000000
0.000000
0.000000
0.000000
0.000000
0.000000
0.000000
0.000000
0.000000
0.000000
0.000000
0.000000
0.000000
0.000000
0.000000
0.000000
0.000000
0.000000
0.000000
0.000000
0.000000
0.000000
0.000000
0.000000
0.000000
0.000000
0.000000
0.000000
0.000000
0.000000
0.000000
0.000000
0.000000
0.000000
0.000000
0.000000
0.000000
0.000000
0.000000
0.000000
0.000000
0.000000
0.000000
0.000000
0.000000
0.000000
0.000000
0.000000
0.000000
0.000000
0.000000
0.000000
0.000000
0.000000
0.000000
0.000000
0.000000
0.000000
0.000000
0.000000
0.000000
0.000000
0.000000
0.000000
0.000000
0.000000
0.000000
0.000000
0.000000
0.000000
0.000000
0.000000
0.000000
0.000000
0.000000
0.000000
0.000000
0.000000
0.000000
0.000000
0.000000
0.000000
0.000000
0.000000
0.000000
0.000000
0.000000
0.000000
0.000000
0.000000
0.000000
0.000000
0.000000
0.000000
0.000000
0.000000
0.000000
0.000000
0.000000
0.000000
0.000000
0.000000
0.000000
0.000000
0.000000
0.000000
0.000000
0.000000
0.000000
0.000000
0.000000
0.000000
0.000000
0.000000
0.000000
0.000000
0.000000
0.000000
0.000000
0.000000
0.000000
0.000000
0.000000
0.000000
0.000000
0.000000
0.000000
0.000000
0.000000
0.006365
0.020850
0.021146
0.027307
0.000000
0.000000
0.000000
0.000000
0.000000
0.000000
0.000000
0.000000
0.000000
0.000000
0.000000
0.000000
0.000000
0.000000
0.000000
0.000000
0.000000
0.000000
0.000000
0.000000
0.000000
0.000000
0.000000
0.000000
0.000000
0.000000
0.000000
0.000000
0.000000
0.000000
0.000000
0.000000
0.000000
0.000000
0.000000
0.000000
0.000000
0.000000
0.000000
0.000000
0.000000
0.000000
0.000000
0.000000
0.000000
0.000000
0.000000
0.000000
0.000000
0.000000
0.000000
0.000000
0.000000
0.000000
0.000000
0.000000
0.000000
0.000000
0.000000
0.000000
0.000000
0.000000
0.002150
0.745507
0.747568
0.615930
0.614137
0.620577
0.594271
0.601127
0.596447
0.594550
0.629245
0.643601
0.469274
0.472810
0.035323
0.000000
0.000000
0.000000
0.000000
0.000000
0.001931
0.000833
0.000866
0.000000
0.001077
0.001725
0.000000
0.000000
0.000000
0.000000
0.000000
0.000000
0.000000
0.000000
0.000000
0.000000
0.000000
0.000000
0.000000
0.000000
0.000000
0.000000
0.000000
0.000000
0.000000
0.000000
0.000000
0.000000
0.000000
0.000000
0.000000
0.000000
0.000000
0.000000
0.000000
0.000000
0.000000
0.000000
0.000000
0.000000
0.000000
0.000000
0.000000
0.000000
0.000000
0.000000
0.000000
0.000000
0.000000
0.000000
0.000000
0.000000
0.000000
0.000000
0.000000
0.000000
0.000000
0.000000
0.000000
0.000000
0.000000
0.000000
0.000000
0.000000
0.000000
0.000000
0.000000
0.000000
0.000000
0.000000
0.000000
0.000000
0.000000
0.000000
0.000000
0.000000
0.000000
0.000000
0.000000
0.000000
0.000000
0.000000
0.000000
0.000000
0.000000
0.000000
0.000000
0.000000
0.000000
0.000000
0.000000
0.000000
0.000000
0.000000
0.000000
0.000000
0.000000
0.000000
0.000000
0.000000
0.016625
0.016293
0.001170
0.001367
0.000000
0.000000
0.000000
0.000000
0.000000
0.000000
0.000000
0.000000
0.000000
0.000000
0.000000
0.000000
0.000000
0.000000
0.000000
0.000000
0.000000
0.000000
0.000000
0.000000
0.000000
0.000000
0.000000
0.000000
0.000000
0.000000
0.000000
0.000000
0.000000
0.000000
0.000000
0.000000
0.000000
0.000000
0.000000
0.000000
0.000000
0.000000
0.000000
0.000000
0.000000
0.000000
0.000000
0.000000
0.000000
0.000000
0.000000
0.000000
0.000000
0.000000
0.000000
0.000000
0.000000
0.000000
0.000000
0.000000
0.000000
0.000000
0.000000
0.000000
0.000000
0.000000
0.000000
0.000000
0.000000
0.000000
0.000000
0.000000
0.000000
0.000000
0.000000
0.000000
0.000000
0.000000
0.000000
0.000000
0.000000
0.000000
0.000000
0.000000
0.000000
0.000000
0.000000
0.000000
0.000000
0.000000
0.000000
0.000000
0.000000
0.000000
0.000000
0.000000
0.000000
0.000000
0.000000
0.000000
0.000000
0.000000
0.000000
0.000000
0.000000
0.000000
0.000000
0.000000
0.000000
0.000000
0.000000
0.000000
0.000000
0.000000
0.000000
0.000000
0.000000
0.000000
0.000000
0.000000
0.000000
0.000000
0.000000
0.000000
0.000000
0.000000
0.000000
0.000000
0.000000
0.000000
0.000000
0.000000
0.000000
0.000000
0.000000
0.000000
0.000000
0.000000
0.000000
0.000000
0.000000
0.000000
0.000000
0.000000
0.000000
0.000000
0.000000
0.000000
0.000000
0.000000
0.000000
0.000000
0.000000
0.000000
0.000000
0.000000
0.000000
0.000000
0.000000
0.000000
0.000000
0.000000
0.000000
0.000000
0.000000
0.000000
0.000000
0.000000
0.000000
0.000000
0.000000
0.000000
0.000000
0.000000
0.000000
0.000000
0.000000
1.033102
1.149473
1.333574
1.459354
1.604507
1.749349
1.938435
2.136633
0.031840
0.000000
0.000000
0.000000
0.000000
0.000000
0.000000
0.000000
0.000000
0.000000
0.000000
0.000000
0.000000
0.000000
0.000000
0.000000
0.000000
0.000000
0.000000
0.000000
0.000000
0.000000
0.000000
0.000000
0.000000
0.000000
0.000000
0.000000
0.000097
0.000096
0.000277
0.000359
0.000397
0.000000
0.000000
0.000000
0.000000
0.000000
0.000000
2.564868
2.874704
3.240073
3.667971
4.155528
4.659600
5.296145
5.501340
5.728823
5.801253
5.887259
5.959137
6.050931
6.059206
6.052766
0.019870
6.098739
6.170949
6.182179
6.187760
6.171748
6.126562
5.847177
5.563091
5.273251
5.032664
4.461828
3.836388
3.337612
1.980138
0.000000
0.000000
0.000000
0.000000
0.000000
0.000000
0.000000
0.000000
0.000000
0.000000
0.000000
0.007945
0.039784
0.026192
0.078854
0.141292
0.203860
0.299326
0.761880
2.427227
3.176265
3.837927
0.009495
0.018559
0.032746
0.000000
0.000000
0.000000
0.000000
4.700249
4.971872
5.071198
0.000061
0.000035
0.000015
0.000008
0.000026
0.000013
0.000011
0.000009
0.000002
0.000002
0.000001
0.000001
0.000001
0.000001
0.000000
0.000000
0.000001
0.000001
0.000001
0.000001
0.000001
0.000003
0.000040
0.000118
0.000137
0.003399
0.000005
0.000003
0.000002
0.000001
0.000001
0.000001
0.000001
0.000003
0.000002
0.000001
0.000000
0.000000
0.000000
0.000000
0.000000
0.000000
0.000000
0.000000
0.000001
0.000002
0.000000
0.000000
0.000000
0.000001
0.000005
0.000000
0.000000
0.000000
0.000015
0.000014
0.000001
0.000000
0.000000
0.000000
0.000000
0.000000
0.000000
0.000000
0.000000
0.000000
0.000000
0.000000
0.000000
0.000000
0.000001
0.000000
0.000001
0.000002
0.000000
0.000000
0.000000
0.000000
0.000000
0.000000
0.000001
0.000000
0.000000
0.000000
0.000000
0.000000
0.000000
0.000000
0.000000
0.000000
0.000000
0.000000
0.000000
0.000000
0.000000
0.000000
0.000000
0.000000
0.000000
0.000000
0.000000
0.000000
0.000000
0.000000
0.000000
0.000000
0.000000
0.000000
0.000000
0.000000
0.000000
0.000000
0.000000
0.000000
0.000000
0.000000
0.000000
0.000000
0.000000
0.000000
0.000000
0.000000
0.000000
0.000000
0.000000
0.000000
0.000000
0.000000
0.000000
0.000000
0.000000
0.000000
0.000000
0.000000
0.000000
0.000000
0.000000
0.000000
0.000000
0.000000
0.000000
0.000000
0.000000
0.000000
0.000000
0.000000
0.000000
0.000000
0.000000
0.000000
0.000000
0.000000
0.000000
0.000000
0.000000
0.000000
0.000000
0.000000
0.000000
0.000000
0.000000
0.000000
0.000000
0.000000
0.000000
0.000000
0.000000
0.000000
0.000000
0.000000
0.000000
0.000000
0.000000
0.000000
0.000000
0.000000
0.000000
0.000000
0.000000
0.000000
0.000000
0.000000
0.000000
0.000000
0.000000
0.000000
0.000000
0.000000
0.000000
0.000000
0.000000
0.000000
0.000000
0.000000
0.000000
0.000000
0.000000
0.000000
0.000000
0.000000
0.000000
0.000000
0.000000
0.000000
0.000000
0.000000
0.000000
0.000000
0.000000
0.000000
0.000000
0.000000
0.000000
0.000000
0.000000
0.000000
0.000000
0.000000
0.000000
0.000000
0.000000
0.000000
0.000000
0.000000
0.000000
0.000000
0.000000
0.000000
0.000000
0.000000
0.000000
0.000000
0.000000
0.000000
0.000000
0.000000
0.000000
0.000000
0.000000
0.000000
0.000000
0.000000
0.000000
0.000000
0.000000
0.000000
0.000000
0.000000
0.000000
0.000000
0.000000
0.000000
0.000000
0.000000
0.000000
0.000000
0.000000
0.000000
0.000000
0.000000
0.000000
0.000000
0.000000
0.000000
0.000000
0.000000
0.000000
0.000000
0.000000
0.000000
0.000000
0.000000
0.000000
0.000000
0.000000
0.000000
0.000000
0.000000
0.000000
0.000000
0.000000
0.000000
0.000000
0.000000
0.000000
0.000000
0.000000
0.000000
0.000000
0.000000
0.000000
0.000000
0.000000
0.000000
0.000000
0.000000
0.000000
0.000000
0.000000
0.000000
0.000000
0.000000
0.000000
0.000000
0.000000
0.000000
0.000000
0.000000
0.000000
0.000000
0.000000
0.000000
0.000000
0.000000
0.000000
0.000000
0.000000
0.000000
0.000000
0.000000
0.000000
0.000000
0.000000
0.000000
0.000000
0.000000
0.000000
0.000000
0.000000
0.000000
0.000000
0.000000
0.000000
0.000000
0.000000
0.000000
0.000000
0.000000
0.000000
0.000000
0.000000
0.000000
0.000000
0.000000
0.000000
0.000000
0.000000
0.000000
0.000000
0.000000
0.000000
0.000000
0.000000
0.000000
0.000000
0.000000
0.000000
0.000000
0.000000
0.000000
0.000000
0.000000
0.000000
0.000000
0.000000
0.000000
0.000000
0.000000
0.000000
0.000000
0.000000
0.000000
0.000000
0.000000
0.000000
0.000000
0.000000
0.000000
0.000000
0.000000
0.000000
0.000000
0.000000
0.000000
0.000000
0.000000
0.000000
0.000000
0.000000
0.000000
0.000000
0.000000
0.000000
0.000000
0.000000
0.000000
0.000000
0.000000
0.000000
0.000000
0.000000
0.000000
0.000000
0.000000
0.000000
0.000000
0.000000
0.000000
0.000000
0.000000
0.000000
0.000000
0.000000
0.000000
0.000000
0.000000
0.000000
0.000000
0.000000
0.000000
0.000000
0.000000
0.000000
0.000000
0.000000
0.000000
0.000000
0.000000
0.000000
0.000000
0.000000
0.000000
0.000000
0.000000
0.000000
0.000000
0.000000
0.000000
0.000000
0.000000
0.000000
0.000000
0.000000
0.000000
0.000000
0.000000
0.000000
0.000000
0.000000
0.000000
0.000000
0.000000
0.000000
0.000000
0.000000
0.000000
0.000000
0.000000
0.000000
0.000000
0.000000
0.000000
0.000000
0.000000
0.000000
0.000000
0.000000
0.000000
0.000000
0.000000
0.000000
0.000000
0.000000
0.000000
0.000000
0.000000
0.000000
0.000000
0.000000
0.000000
0.000000
0.000000
0.000000
0.000000
0.000000
0.000000
0.000000
0.000000
0.000000
0.000000
0.000000
0.000000
0.000000
0.000000
0.000000
0.000000
0.000000
0.000000
0.000000
0.000000
0.000000
0.000000
0.000000
0.000000
0.000000
0.000000
0.000000
0.000000
0.000000
0.000000
0.000000
0.000000
0.000000
0.000000
0.000000
0.000000
0.000000
0.000000
0.000000
0.000000
0.000000
0.000000
0.000000
0.000000
0.000000
0.000000
0.000000
0.000000
0.000000
0.000000
0.000000
0.000000
0.000000
0.000000
0.000000
0.000000
0.000000
0.000000
0.000000
0.000000
0.000000
0.000000
0.000000
0.000000
0.000000
0.000000
0.000000
0.000000
0.000000
0.000000
0.000000
0.000000
0.000000
0.000000
0.000000
0.000000
0.000000
0.000000
0.000000
0.000000
0.000000
0.000000
0.000000
0.000000
0.000000
0.000000
0.000000
0.000000
0.000000
0.000000
0.000000
0.000000
0.000000
0.000000
0.000000
0.000000
0.000000
0.000000
0.000000
0.000000
0.000000
0.000000
0.000000
0.000000
0.000000
0.000000
0.000000
0.000000
0.000000
0.000000
0.000000
0.000000
0.000000
0.000000
0.000000
0.000000
0.000000
0.000000
0.000000
0.000000
0.000000
0.000000
0.000000
0.000000
0.000000
0.000000
0.000000
0.000000
0.000000
0.000000
0.000000
0.000000
0.000000
0.000000
0.000000
0.000000
0.000000
0.000000
0.000000
0.000000
0.000000
0.000000
0.000000
0.000000
0.000000
0.000000
0.000000
0.000000
0.000000
0.000000
0.000000
0.000000
0.000000
0.000000
0.000000
0.000000
0.000000
0.000000
0.000002
0.000002
0.000000
0.000000
0.000000
0.000000
0.000000
0.000000
0.000000
0.000000
0.000000
0.000000
0.000000
0.000000
0.000000
0.000000
0.000000
0.000000
0.000000
0.000000
0.000000
0.000000
0.000000
0.000000
0.000000
0.000000
0.000000
0.000000
0.000000
0.000000
0.000000
0.000000
0.000000
0.000000
0.000000
0.000000
0.000000
0.000000
0.000000
0.000000
0.000000
0.000000
0.000000
0.000000
0.000000
0.000000
0.000000
0.000000
0.000000
0.000000
0.000000
0.000000
0.000000
0.000000
0.000000
0.000000
0.000000
0.000000
0.000000
0.000000
0.000000
0.000000
0.000000
0.000000
0.000000
0.000000
0.000000
0.000000
0.000000
0.000000
0.000000
0.000000
0.000000
0.000000
0.000000
0.000000
0.000000
0.000000
0.000000
0.000000
0.000000
0.000000
0.000000
0.000000
0.000000
0.000000
0.000000
0.000000
0.000000
0.000000
0.000000
0.000000
0.000000
0.000000
0.000000
0.000000
0.000000
0.000000
0.000000
0.000000
0.000000
0.000000
0.000000
0.000000
0.000000
0.000000
0.000000
0.000000
0.000000
0.000000
0.000000
0.000000
0.000000
0.000000
0.000000
0.000000
0.000000
0.000000
0.000000
0.000000
0.000000
0.000000
0.000000
0.000000
0.000000
0.000000
0.000000
0.000000
0.000000
0.000000
0.000000
0.000000
0.000000
0.000000
0.000000
0.000000
0.000000
0.000000
0.000000
0.000000
0.000000
0.000000
0.000000
0.000000
0.000000
0.000000
0.000000
0.000000
0.000000
0.000000
0.000000
0.000000
0.000000
0.000000
0.000000
0.000000
0.000000
0.000000
0.000000
0.000000
0.000000
0.000000
0.000000
0.000000
0.000000
0.000000
0.000000
0.000001
0.000001
0.000000
0.000000
0.000000
0.000000
0.000000
0.000000
0.000000
0.000000
0.000000
0.000000
0.000000
0.000000
0.000000
0.000000
0.000000
0.000000
0.000000
0.000000
0.000000
0.000000
0.000000
0.000000
0.000000
0.000000
0.000000
0.000000
0.000000
0.000000
0.000000
0.000000
0.000000
0.000000
0.000000
0.000000
0.000000
0.000000
0.000000
0.000000
0.000000
0.000000
0.000000
0.000000
0.000000
0.000000
0.000000
0.000000
0.000000
0.000000
0.000000
0.000000
0.000000
0.000000
0.000000
0.000000
0.000000
0.000000
0.000000
0.000000
0.000000
0.000000
0.000000
0.000000
0.000000
0.000000
0.000000
0.000000
0.000000
0.000000
0.000000
0.000000
0.000000
0.000000
0.000000
0.000000
0.000000
0.000000
0.000000
0.000000
0.000000
0.000000
0.000000
0.000000
0.000000
0.000000
0.000000
0.000000
0.000000
0.000000
0.000000
0.000000
0.000000
0.000000
0.000000
0.000000
0.000000
0.000000
0.000000
0.000000
0.000000
0.000000
0.000000
0.000000
0.000000
0.000000
0.000000
0.000000
0.000000
0.000000
0.000000
0.000000
0.000000
0.000000
0.000000
0.000000
0.000000
0.000000
0.000000
0.000000
0.000000
0.000000
0.000000
0.000000
0.000000
0.000000
0.000001
0.000001
0.000001
0.000240
0.000079
0.000010
0.000004
0.000003
0.000003
0.000024
0.000019
0.000047
0.000531
0.000611
0.000717
0.000004
0.000003
0.000005
0.000002
0.000002
0.000004
0.000004
0.000004
0.000009
0.000001
0.000002
0.000004
0.000000
0.000000
0.000001
0.000000
0.000000
0.000000
0.000000
0.000000
0.000000
0.000000
0.000000
0.000000
0.000000
0.000000
0.000000
0.000000
0.000001
0.000007
0.000002
0.000003
0.000000
0.000000
0.000000
0.000000
0.000000
0.000000
0.000000
0.000002
0.000006
0.000018
0.000000
0.000000
0.000000
0.000000
0.000000
0.000000
0.000000
0.000000
0.000002
0.000005
0.000007
0.000009
0.001903
0.001928
0.001956
0.001869
0.001812
0.001730
0.001601
0.001591
0.001616
0.001594
0.001598
0.001614
0.001669
0.001716
0.001754
0.001659
0.001568
0.000069
0.000029
0.000027
0.000023
0.000002
0.000003
0.000003
0.000004
0.000098
0.002288
0.003462
0.003595
0.003506
0.003462
0.000055
0.000027
0.000019
0.000012
0.000003
0.000002
0.000001
0.000002
0.000001
0.000000
0.000000
0.000000
0.000000
0.000000
0.000000
0.000000
0.000000
0.000000
0.000000
0.000000
0.000001
0.000000
0.000000
0.000000
0.000000
0.000002
0.000002
0.000000
0.000000
0.000000
0.000000
0.000000
0.000000
0.000000
0.000000
0.000000
0.000000
0.000000
0.000000
0.000011
0.000010
0.000004
0.000005
0.000006
0.000472
0.000503
0.000545
0.000605
0.000695
0.000705
0.000711
0.000650
0.000634
0.000636
0.000647
0.000645
0.000646
0.000000
0.000000
0.000000
0.000000
0.000000
0.000000
0.000000
0.000000
0.000000
0.000000
0.000000
0.000000
0.000000
0.000000
0.000000
0.000000
0.000000
0.000000
0.000000
0.000000
0.000000
