0.749906
0.418264
0.142546
0.001110
0.000119
0.000164
0.000062
0.000000
0.000000
0.000000
0.000000
0.000000
0.000000
0.000000
0.000000
0.000000
0.000000
0.000000
0.000000
0.000000
0.000000
0.000000
0.000000
0.000000
0.000000
0.000000
0.000000
0.000000
0.000000
0.000000
0.000000
0.000000
0.000000
0.000000
0.000000
0.000000
0.000000
0.000000
0.000000
0.000000
0.000000
0.000000
0.000000
0.000000
0.000000
0.000000
0.000000
0.000000
0.000000
0.000000
0.000000
0.000000
0.000000
0.000000
0.000000
0.000000
0.000000
0.000000
0.000000
0.000000
0.000000
0.000199
0.000145
0.002781
0.004746
0.006734
0.011578
0.014241
0.026375
0.094025
0.098245
0.101867
0.101220
0.004264
0.000000
0.000000
0.000000
0.000000
0.000000
0.000000
0.000000
0.000000
0.000000
0.000000
0.000000
0.000000
0.000000
0.000000
0.000000
0.000000
0.000000
0.000000
0.000000
0.000000
0.000000
0.000000
0.000000
0.000000
0.000000
0.000000
0.000000
0.000000
0.000000
0.000000
0.000000
0.000000
0.000000
0.000000
0.000000
0.000000
0.000000
0.000000
0.000000
0.000000
0.000000
0.000000
0.000000
0.000000
0.000000
0.000000
0.000000
0.000000
0.000000
0.000000
0.000000
0.000000
0.000000
0.000000
0.000000
0.000000
0.000000
0.000000
0.000000
0.000000
0.000000
0.000000
0.000000
0.000000
0.000000
0.000000
0.000000
0.000000
0.000000
0.000000
0.000000
0.000000
0.000000
0.000000
0.000000
0.000000
0.000000
0.000000
0.000000
0.000000
0.000000
0.000000
0.000000
0.000000
0.000000
0.000000
0.000000
0.000000
0.000000
0.000000
0.000000
0.000000
0.000000
0.000000
0.000000
0.000000
0.000000
0.000000
0.000000
0.000000
0.000000
0.000000
0.000000
0.000000
0.000000
0.000000
0.000000
0.000000
0.000000
0.000000
0.000000
0.000000
0.000000
0.000000
0.000000
0.000000
0.000000
0.000000
0.000000
0.000000
0.000000
0.000000
0.000000
0.000000
0.000000
0.000000
0.000000
0.000000
0.000000
0.000000
0.000000
0.000000
0.000000
0.000000
0.000000
0.000000
0.000000
0.000000
0.000000
0.000000
0.000000
0.000000
0.000000
0.000000
0.000000
0.000000
0.000000
0.000000
0.000000
0.000000
0.000000
0.000000
0.000000
0.000000
0.000000
0.000000
0.000000
0.000000
0.000000
0.000000
0.000000
0.000000
0.000000
0.000000
0.000000
0.000000
0.000000
0.000000
0.000000
0.000000
0.000000
0.000172
0.012853
0.012465
0.030538
0.040602
0.042595
0.102592
0.371785
0.512689
0.541862
0.529615
0.516240
0.483245
0.000000
0.001115
0.005843
0.000298
0.000140
0.000138
0.000000
0.000000
0.000000
0.000000
0.000000
0.000000
0.000000
0.000000
0.000000
0.000000
0.000000
0.000000
0.000000
0.000000
0.000000
0.000000
0.000000
0.000000
0.000000
0.000000
0.000000
0.000000
0.000000
0.000000
0.000000
0.000000
0.000000
0.000000
0.000000
0.000000
0.000000
0.000000
0.000000
0.000000
0.000000
0.000000
0.000000
0.000000
0.000000
0.000000
0.000000
0.000000
0.000000
0.000000
0.000000
0.000000
0.000000
0.000000
0.000000
0.000000
0.000000
0.000000
0.000000
0.000000
0.000000
0.000000
0.000000
0.000000
0.000000
0.000000
0.000000
0.000000
0.000000
0.000000
0.000000
0.000000
0.000000
0.000000
0.000000
0.000000
0.000000
0.000000
0.000000
0.000000
0.000000
0.000000
0.000000
0.000000
0.000000
0.000000
0.000000
0.000000
0.000000
0.000000
0.000000
0.000000
0.000000
0.000000
0.000000
0.000000
0.000000
0.000000
0.000000
0.000000
0.000000
0.000000
0.000000
0.000000
0.000000
0.000000
0.000000
0.000000
0.000000
0.000000
0.000000
0.000000
0.000000
0.000000
0.000000
0.000000
0.000000
0.000000
0.000000
0.000000
0.000000
0.000000
0.000000
0.000000
0.000000
0.000000
0.000000
0.000000
0.000000
0.000000
0.000003
0.000002
0.000000
0.000000
0.000000
0.000000
0.000000
0.000000
0.000000
0.000000
0.000000
0.000000
0.000000
0.000000
0.000000
0.000000
0.000000
0.000000
0.000000
0.000000
0.000000
0.000000
0.000000
0.000000
0.000000
0.000000
0.000000
0.000000
0.000000
0.000000
0.000000
0.000000
0.000000
0.000000
0.000000
0.000000
0.000000
0.000000
0.000000
0.000000
0.000000
0.000000
0.000000
0.000000
0.000000
0.000000
0.000000
0.000000
0.000000
0.000000
0.000000
0.000000
0.000000
0.000000
0.000000
0.000000
0.000000
0.000000
0.000000
0.000000
0.000000
0.000000
0.000000
0.000000
0.000000
0.000000
0.000000
0.000000
0.006914
0.009643
0.021434
0.056491
0.093477
0.175488
0.182710
0.206562
0.220633
0.230371
0.238152
0.238017
0.229375
0.000201
0.000186
0.000155
0.000223
0.000000
0.000000
0.000000
0.000000
0.000000
0.000000
0.000000
0.000000
0.000000
0.000000
0.000000
0.000000
0.000000
0.000000
0.000000
0.000000
0.000000
0.000000
0.000000
0.000000
0.000000
0.000000
0.000000
0.000000
0.000000
0.000000
0.000000
0.000000
0.000000
0.000000
0.000000
0.000000
0.000000
0.000000
0.000000
0.000000
0.000000
0.000000
0.000000
0.000000
0.000000
0.000000
0.000000
0.000000
0.000000
0.000000
0.000000
0.000000
0.000000
0.000000
0.000000
0.000000
0.000000
0.000000
0.000000
0.000000
0.000000
0.000000
0.000000
0.000000
0.000000
0.000000
0.000000
0.000000
0.000000
0.000000
0.000000
0.000000
0.000000
0.000000
0.000000
0.000000
0.000000
0.000000
0.000000
0.000000
0.000000
0.000000
0.000000
0.000000
0.000000
0.000000
0.000000
0.000000
0.000000
0.000000
0.000000
0.000000
0.000000
0.000000
0.000000
0.000000
0.000000
0.000001
0.000000
0.000000
0.000000
0.000000
0.000000
0.000000
0.000000
0.000000
0.000000
0.000000
0.000000
0.000000
0.000000
0.000000
0.000000
0.000000
0.000000
0.000000
0.000000
0.000000
0.000000
0.000000
0.000000
0.000000
0.000000
0.000000
0.000000
0.000000
0.000000
0.000000
0.000000
0.000000
0.000000
0.000000
0.000000
0.000000
0.000000
0.000000
0.000000
0.000000
0.000000
0.000000
0.000000
0.000000
0.000000
0.000000
0.000001
0.000001
0.000001
0.000000
0.000000
0.000000
0.000001
0.000002
0.000005
0.000003
0.000003
0.000002
0.000001
0.000001
0.000000
0.000000
0.000000
0.000000
0.000001
0.000002
0.000001
0.000001
0.000001
0.000002
0.000002
0.000001
0.000001
0.000002
0.000001
0.000001
0.000001
0.000002
0.000002
0.000002
0.000009
0.000211
0.000174
0.000159
0.000095
0.000132
0.000002
0.000007
0.000002
0.000002
0.000002
0.000004
0.000002
0.000001
0.000001
0.000002
0.000002
0.000002
0.000002
0.000002
0.000005
0.000004
0.000005
0.000003
0.000006
0.000008
0.000011
0.000014
0.000005
0.000057
0.000059
0.000034
0.000007
0.000009
0.000006
0.000003
0.000003
0.000002
0.000003
0.000004
0.010438
0.011687
0.015582
0.025873
0.027664
0.290985
0.322769
0.325391
0.339855
0.345894
0.272719
0.233777
0.224898
0.206995
0.040026
0.025086
0.003079
0.002759
0.001100
0.007903
0.008071
0.001296
0.001195
0.000918
0.005339
0.142830
0.152531
0.159477
0.170019
0.080902
0.059098
0.049855
0.011398
0.000474
0.000714
0.000736
0.000740
0.000755
0.000738
0.000021
0.000017
0.000070
0.000011
0.000011
0.003483
0.000000
0.000000
0.000000
0.000000
0.000000
0.000000
0.000000
0.000000
0.000000
0.000000
0.000000
0.000000
0.000000
0.000000
0.000000
0.000000
0.000000
0.000000
0.000000
0.000000
0.000000
0.000000
0.000000
0.000000
0.000000
0.000000
0.000000
0.000000
0.000000
0.000000
0.000000
0.000000
0.000000
0.000000
0.000000
0.000000
0.000000
0.000000
0.000000
0.000000
0.000000
0.000000
0.000000
0.000000
0.000000
0.000000
0.000000
0.000000
0.000000
0.000000
0.000000
0.000000
0.000000
0.000000
0.000000
0.000000
0.000000
0.000000
0.000000
0.000074
0.000080
0.000066
0.000067
0.008662
0.009090
0.010392
0.000000
0.000000
0.000000
0.000000
0.000000
0.000000
0.000000
0.000000
0.000000
0.000000
0.000000
0.000000
0.000000
0.000000
0.000000
0.000000
0.000000
0.000000
0.000000
0.000000
0.000000
0.000000
0.000000
0.000000
0.000000
0.000000
0.000000
0.000000
0.000000
0.000000
0.000000
0.000000
0.000000
0.000000
0.000000
0.000000
0.000000
0.000000
0.000000
0.000000
0.000000
0.000000
0.000000
0.000000
0.000000
0.000000
0.000000
0.000000
0.000000
0.000000
0.000000
0.000000
0.000000
0.000000
0.000000
0.000000
0.000000
0.000000
0.000000
0.000000
0.000000
0.000000
0.000000
0.000000
0.000000
0.000000
0.000000
0.000000
0.000000
0.000000
0.000000
0.000000
0.000000
0.000000
0.000000
0.000000
0.000000
0.000000
0.000000
0.000000
0.000000
0.000000
0.000000
0.000000
0.000000
0.000000
0.000000
0.000000
0.000000
0.000000
0.000000
0.000000
0.000000
0.000000
0.000000
0.000000
0.000000
0.000000
0.000000
0.000000
0.000000
0.000000
0.000000
0.000000
0.000000
0.000000
0.000000
0.000000
0.000000
0.000000
0.000000
0.000000
0.000000
0.000000
0.000000
0.000000
0.000000
0.000000
0.000000
0.000000
0.000000
0.000000
0.000000
0.000000
0.000000
0.000000
0.000000
0.000000
0.000000
0.000000
0.000000
0.000000
0.000000
0.000000
0.000000
0.000000
0.000000
0.000000
0.000000
0.000000
0.000000
0.000000
0.000000
0.000000
0.000000
0.000000
0.000000
0.000000
0.000000
0.000000
0.000000
0.000000
0.000000
0.000000
0.000000
0.000000
0.000000
0.000000
0.000000
0.000000
0.000000
0.000000
0.000000
0.000000
0.000000
0.000000
0.000000
0.000000
0.000000
0.000000
0.000000
0.000000
0.000000
0.000000
0.000000
0.000000
0.000000
0.000000
0.000000
0.000000
0.000000
0.000000
0.000000
0.000000
0.000000
0.000000
0.000000
0.000000
0.000000
0.000000
0.000000
0.000000
0.000000
0.000000
0.000000
0.000000
0.000000
0.000000
0.000000
0.000000
0.000000
0.000000
0.000000
0.000000
0.000000
0.000000
0.000000
0.000000
0.000000
0.000000
0.000000
0.000000
0.000000
0.000000
0.000000
0.000000
0.000000
0.000000
0.000000
0.000000
0.000000
0.000000
0.000000
0.000000
0.000000
0.000000
0.000000
0.000000
0.000000
0.000000
0.000000
0.000000
0.000000
0.000000
0.000000
0.000000
0.000000
0.000000
0.000000
0.000000
0.000000
0.000000
0.000000
0.000000
0.000000
0.000000
0.000000
0.000000
0.000000
0.000000
0.000000
0.000000
0.000000
0.000000
0.000000
0.000000
0.000000
0.000000
0.000000
0.000000
0.000000
0.000000
0.000000
0.000000
0.000000
0.000000
0.000000
0.000000
0.000000
0.000000
0.000000
0.000000
0.000000
0.000000
0.000000
0.000000
0.000000
0.000000
0.000000
0.000000
0.000000
0.000000
0.000000
0.000000
0.000000
0.000000
0.000000
0.000000
0.000000
0.000000
0.000000
0.000000
0.000000
0.000000
0.000000
0.000000
0.000000
0.000000
0.000000
0.000000
0.000000
0.000000
0.000000
0.000000
0.000000
0.000000
0.000000
0.000000
0.000000
0.000000
0.000000
0.000000
0.000000
0.000000
0.000000
0.000000
0.000000
0.000000
0.000000
0.000000
0.000000
0.000000
0.000000
0.000000
0.000000
0.000000
0.000000
0.000000
0.000000
0.000000
0.000000
0.000000
0.000000
0.000000
0.000000
0.000000
0.000000
0.000000
0.000000
0.000000
0.000000
0.000000
0.000000
0.000000
0.000000
0.000000
0.000000
0.000000
0.000000
0.000000
0.000000
0.000000
0.000000
0.000000
0.000000
0.000000
0.000000
0.000000
0.000000
0.000000
0.000000
0.000000
0.000000
0.000000
0.000000
0.000000
0.000000
0.000000
0.000000
0.000000
0.000000
0.000000
0.000000
0.000000
0.000000
0.000000
0.000000
0.000000
0.000000
0.000000
0.000000
0.000000
0.000000
0.000000
0.000000
0.000000
0.000000
0.000000
0.000000
0.000000
0.000000
0.000000
0.000000
0.000000
0.000000
0.000000
0.000000
0.000000
0.000000
0.000000
0.000000
0.000000
0.000000
0.000000
0.000000
0.000000
0.000000
0.000000
0.000000
0.000000
0.000000
0.000000
0.000000
0.000001
0.000001
0.000000
0.000000
0.000001
0.000000
0.000000
0.000000
0.000000
0.000000
0.000000
0.000000
0.000000
0.000000
0.000000
0.000001
0.000001
0.000000
0.000000
0.000000
0.000000
0.000000
0.000000
0.000000
0.000000
0.000000
0.067327
0.142809
0.190660
0.221156
0.228265
0.225719
0.193361
0.196302
0.200338
0.203702
0.211943
0.201441
0.201125
0.000000
0.000000
0.000000
0.000000
0.000000
0.000000
0.000000
0.000001
0.000000
0.000000
0.000000
0.000000
0.000000
0.000000
0.000000
0.000000
0.000000
0.000000
0.002750
0.000000
0.000000
0.000000
0.000000
0.000000
0.000000
0.000000
0.000000
0.000000
0.000000
0.000000
0.000000
0.000000
0.000000
0.000001
0.000001
0.000001
0.000002
0.000002
0.000012
0.000002
0.000001
0.000001
0.000001
0.000002
0.000001
0.000002
0.000002
0.000001
0.000000
0.000001
0.000001
0.000003
0.000002
0.000001
0.000001
0.000001
0.000001
0.000000
0.000001
0.000001
0.000001
0.000001
0.000002
0.000002
0.000003
0.000002
0.000001
0.000002
0.000006
0.000014
0.000008
0.000009
0.000004
0.000004
0.000013
0.000008
0.000016
0.000010
0.000011
0.000010
0.000009
0.000009
0.000010
0.000183
0.000189
0.000198
0.000068
0.000044
0.000035
0.000085
0.000019
0.000030
0.000036
0.000009
0.000042
0.000178
0.000167
0.000065
0.000063
0.000044
0.000018
0.000025
0.000011
0.000014
0.000014
0.000010
0.000044
0.000049
0.000063
0.000012
0.000050
0.000014
0.000014
0.000014
0.000008
0.000011
0.000007
0.000011
0.000007
0.000008
0.000007
0.000026
0.000026
0.000027
0.000005
0.000003
0.000006
0.000007
0.000009
0.000006
0.000006
0.000017
0.000010
0.000011
0.000019
0.000026
0.000036
0.000048
0.000079
0.000051
0.000086
0.000073
0.000113
0.000093
0.000113
0.000158
0.000093
0.000038
0.000037
0.000025
0.003626
0.003624
0.003622
0.003669
0.003646
0.003674
0.003661
0.003676
0.015901
0.022687
0.024023
0.622028
0.749126
0.013808
0.000198
0.000181
0.000180
0.000138
0.000045
0.000054
0.000047
0.000083
0.000140
0.000106
0.000445
0.000539
0.000816
0.001044
0.001668
0.002202
0.045931
1.601350
1.972940
2.216964
2.468790
2.755734
3.112474
3.521018
0.003399
0.003851
0.004432
0.007166
0.012289
4.258462
4.867215
5.682314
0.000073
0.000064
0.000046
0.000021
0.000022
0.000063
0.000061
0.000027
0.000022
0.000332
0.000057
0.000068
0.000019
0.000016
0.000029
0.000025
0.000039
0.000042
0.000048
0.000065
0.000068
0.000069
0.000024
0.000016
0.000025
0.000172
0.000087
0.000073
0.000494
0.000985
0.000912
0.001153
0.003305
0.004953
6.168286
6.639590
6.846094
7.111469
7.282375
7.397898
7.608842
7.779041
7.918630
8.086731
8.119968
8.162626
8.214259
8.229539
8.230413
8.225846
8.219533
8.214054
8.204288
8.177743
8.103837
8.030445
7.965021
7.884237
7.789671
7.751754
7.715479
7.666291
7.658607
7.717360
7.798890
7.874496
7.932994
7.947103
7.941832
7.914607
7.892636
7.863641
7.823993
0.019621
0.016755
0.011997
0.011759
0.011638
0.011415
7.668801
7.673412
7.674741
7.529747
7.445606
7.353203
7.230412
6.792551
6.530768
6.200513
0.003188
0.001690
0.000979
0.000615
0.000394
0.000339
0.000286
0.000215
0.000220
0.000318
0.000517
0.001242
5.860897
5.655002
0.104576
0.077810
5.290368
5.573417
5.819627
6.133551
0.085467
6.605006
7.273063
7.556992
7.986027
8.034764
8.065031
8.119051
8.171213
8.204939
8.224987
8.235581
8.244389
8.244365
8.243846
8.240746
8.236529
8.236933
8.239130
8.240928
8.241241
8.241061
8.240600
8.418828
8.419574
8.421143
8.420420
8.420233
8.422801
8.423817
8.423240
8.422909
8.422119
8.418829
8.417713
8.419177
8.422032
8.423050
8.423629
8.423626
8.423695
8.422847
8.418602
8.416406
8.416871
8.646423
8.651476
8.654664
8.654858
8.655101
8.652977
8.654968
8.799194
8.798355
8.793388
8.779633
8.763702
8.744243
8.960867
8.902358
9.004399
9.117962
9.115605
9.321687
9.351564
9.388405
9.391196
9.394422
9.402865
9.410287
9.411074
9.411128
9.411151
9.410935
9.410915
9.410970
9.410846
9.410989
9.410937
9.409681
9.410040
9.411922
9.412404
9.558278
9.561925
9.562883
9.562992
9.562848
9.851282
9.853191
9.852686
9.848748
9.829894
9.786750
9.695141
9.399746
9.068717
8.854953
8.720064
8.399640
7.452799
6.781756
6.101103
4.106520
3.207541
1.405423
0.956063
0.049646
3.797162
4.264668
4.844886
5.344748
5.715586
5.900891
5.534107
5.094336
0.022766
2.715068
0.486549
0.000787
0.000235
0.000180
0.000204
0.000356
0.000854
0.000443
0.000506
0.012423
0.039422
0.043989
5.778897
6.467660
7.229599
7.741591
8.055175
8.402662
8.781031
9.195499
9.252283
9.340284
9.468135
9.440454
9.378947
9.355047
9.339394
9.327380
9.307584
9.304644
9.289484
9.279969
9.280345
9.303299
9.327431
9.292607
9.222750
9.166462
9.100435
8.989036
0.001076
0.000488
0.000276
0.000105
0.000062
0.000034
0.000018
0.000014
0.000010
0.000006
0.000009
0.000002
0.000004
0.000003
0.000004
0.000006
0.000013
0.000003
0.000003
0.000002
0.000005
0.000005
0.000007
0.000002
0.000002
0.000004
0.000013
0.000016
0.000019
0.000026
0.000056
0.000087
0.000200
0.000897
0.001872
8.849781
8.916088
8.928853
8.939826
8.952358
8.955145
8.918553
8.700351
6.890195
3.998942
8.118878
8.654444
8.812028
8.954535
8.981573
8.979372
8.978036
8.978121
8.981071
8.983389
8.983075
8.983085
8.983043
8.983295
8.983573
8.983039
8.983004
8.982812
8.981983
8.980671
8.969497
8.935642
8.917925
0.001119
0.000368
0.000079
0.000037
0.000020
0.000011
0.000006
0.000008
0.000006
0.000005
0.000007
0.000015
0.000022
0.000040
0.000092
0.000233
0.000496
0.003181
8.798310
8.860972
8.926608
8.690570
8.691072
8.691333
8.690942
8.691022
8.691448
8.691631
8.691488
8.690012
8.688152
8.684242
8.679720
8.673658
8.663012
8.640767
8.587888
8.740133
8.743158
8.666099
8.561301
8.360797
8.041639
0.206861
8.540441
8.761533
8.856147
8.861983
8.861985
8.861989
8.861996
8.994396
8.996215
8.996929
8.997280
8.997295
8.997169
8.997128
8.996758
8.995453
8.995656
8.996819
8.997090
8.997376
8.997500
8.997562
8.997567
8.997536
8.997331
8.997346
8.997564
8.996661
8.995569
8.995471
8.995156
8.995798
8.995955
8.990935
8.982832
8.974371
8.920210
8.040407
6.930750
6.045214
5.352877
4.722481
0.330680
0.327028
0.007569
0.006282
0.005695
0.005622
0.006124
0.006892
0.012149
3.604007
4.685039
5.030579
7.481514
8.227975
8.852753
8.905502
8.942669
8.956988
8.964759
8.963447
8.959256
8.938062
8.936815
8.938744
8.945740
8.977794
8.994401
8.996566
8.996855
8.996814
8.993815
8.760544
8.310278
7.622103
0.780219
0.065519
7.485572
7.975844
7.993389
0.074001
0.079274
0.209733
8.448096
8.616562
8.644753
8.615538
8.627005
8.646353
8.636100
8.629399
8.584663
8.162115
0.561146
7.974498
8.293950
8.556658
8.704041
8.656198
8.665376
8.714480
8.764199
8.795906
8.803174
8.817353
8.825592
8.826747
8.780435
8.734393
8.209211
7.362132
7.225287
7.941547
7.969902
8.008563
8.091966
0.063540
0.060978
0.069518
0.075706
0.087864
8.424656
8.662235
8.754471
8.820371
8.832185
8.836556
8.836204
8.836290
8.837418
8.837400
8.836648
8.836578
8.836792
8.836091
8.833976
8.831926
8.827260
8.822411
8.822024
8.825258
8.820963
8.811185
8.785456
8.764839
8.711387
8.613830
8.548594
8.474302
8.333829
8.198614
8.063417
7.884180
7.269375
6.411339
7.047777
7.305481
7.316924
7.279657
7.229107
0.025946
7.303725
7.222328
0.023631
0.000120
0.000028
0.000013
0.000008
0.000004
0.000013
0.000008
0.000012
0.000010
0.000007
0.000009
0.000002
0.000003
0.000002
0.000005
0.000009
0.000001
0.000052
0.000040
0.000037
0.000047
0.000054
0.000041
0.000257
0.000180
0.000215
0.000082
0.004540
0.004659
0.000001
0.000003
0.000003
0.000002
0.000001
0.000001
0.000001
0.000001
0.000002
0.000003
0.000006
0.006136
