0.002767
0.000005
0.000002
0.000001
0.000001
0.000000
0.000000
0.000000
0.000000
0.000000
0.000000
0.000001
0.000000
0.000001
0.000000
0.000000
0.000000
0.000001
0.000003
0.000006
0.000011
0.000783
0.000785
0.000762
0.000733
0.000680
0.000014
0.000008
0.000006
0.000006
0.000007
0.000007
0.000135
0.000236
0.000256
0.000263
0.000003
0.000003
0.000004
0.000007
0.000010
0.000001
0.000002
0.000001
0.000000
0.000001
0.000000
0.000000
0.000002
0.000002
0.000001
0.000001
0.000002
0.000001
0.000001
0.000008
0.000009
0.000001
0.000001
0.000002
0.000001
0.000001
0.000001
0.000001
0.000001
0.000001
0.000000
0.000000
0.000024
0.000002
0.000001
0.000002
0.000002
0.000002
0.000004
0.000005
0.000023
0.000026
0.000053
0.001529
0.001664
0.001696
0.001727
0.001751
0.001735
0.001704
0.001674
0.001555
0.001415
0.001248
0.001087
0.000961
0.000851
0.000831
0.003562
0.004631
0.004600
0.004582
0.004585
0.004311
0.004204
0.004358
0.004972
0.003323
0.003379
0.003380
0.004438
0.004108
0.000022
0.000024
0.000026
0.000038
0.001780
0.001881
0.002135
0.000008
0.000007
0.000008
0.000004
0.000004
0.000009
0.000283
0.000418
0.000426
0.000420
0.000455
0.000336
0.000017
0.000062
0.000062
0.002046
0.004325
0.015958
0.016666
0.064423
2.474353
2.411141
2.288755
2.083087
0.016241
0.001119
0.000816
0.000338
0.000275
0.000334
0.000166
0.000152
0.000152
1.618451
1.173282
1.173230
1.135833
1.060550
0.987223
0.875691
0.059980
0.048406
0.041452
0.038093
0.038199
0.033824
0.031892
0.002755
0.629021
0.624497
0.652650
0.534174
0.648816
0.641927
0.542814
0.077679
0.029206
0.024350
0.006319
0.005473
0.027232
0.033714
0.037348
0.347998
0.345585
0.361778
0.395735
0.478583
0.426973
0.447491
0.479225
0.482934
0.448487
0.530262
0.475944
0.623649
0.046617
0.059010
0.059131
0.070550
0.045673
0.026972
0.019969
0.000531
0.000512
0.000113
0.000073
0.000198
0.000178
0.000260
0.007084
0.016142
0.001034
0.000976
0.000766
0.000724
0.000648
0.012496
0.012798
0.013195
0.013323
0.013097
0.014050
0.014052
0.000123
0.000193
0.000319
0.000297
0.000103
0.000555
0.502759
0.489082
0.480481
0.494854
0.498969
0.547953
0.562090
0.563002
0.569810
0.012948
0.011267
0.366898
1.070887
0.002908
0.002014
0.007504
0.008032
0.037082
0.037010
0.037260
0.037705
0.037420
0.031980
0.031658
0.037841
0.042391
0.043708
0.026650
0.027249
0.053814
0.059496
0.002464
0.072368
0.193261
2.187104
2.690452
3.063242
3.507901
4.002530
4.649843
5.403186
6.365389
6.599935
6.767116
6.829038
7.165958
7.184377
7.600756
7.606027
7.596924
0.000046
0.000019
0.000012
0.000003
0.000001
0.000001
0.000001
0.000001
0.000001
0.000001
0.000001
0.000001
0.000002
0.000004
0.000001
0.000001
0.000001
0.000001
0.000003
0.000001
0.000012
0.000009
0.000002
0.000001
0.000001
0.000001
0.000000
0.000000
0.000000
0.000000
0.000000
0.000000
0.000001
0.000001
0.000001
0.000001
0.000001
0.000007
0.000010
0.000015
0.000035
0.000053
0.000303
7.571093
7.573902
0.007119
0.006841
0.008662
7.559375
7.583307
7.611879
7.641224
7.659709
7.676829
7.697802
7.700842
7.706156
7.719128
7.727984
7.731284
7.720386
7.714899
0.000776
0.000615
0.000454
0.000379
0.000337
0.000018
0.000036
0.000027
0.000137
0.000307
7.666036
7.651508
7.544581
7.686589
0.000119
0.000100
0.000089
0.000234
0.000181
0.000362
0.000560
0.000442
7.761127
7.813714
7.820875
7.820439
7.824487
7.828046
7.824626
8.127830
8.146584
8.175250
8.196906
8.207462
8.223735
8.244735
8.256642
8.258559
8.267918
8.265951
8.255176
7.846355
7.732152
0.761477
7.750335
7.876856
7.971163
8.054593
0.006379
0.008511
0.008160
8.170156
8.281204
8.202985
8.212324
8.218501
8.225750
8.232582
8.245667
8.247426
8.249568
8.251281
8.258244
8.268627
8.277829
8.282545
8.282914
8.282442
8.400641
8.414653
8.427381
8.441452
8.444967
8.435260
8.427095
8.424299
8.422335
8.419368
8.417626
8.393401
8.361531
0.036124
0.035053
0.036429
8.687809
8.738050
8.796547
8.803131
8.807397
8.814663
8.821184
8.824734
8.824724
8.825879
8.826002
8.812898
8.810531
8.811597
8.815913
8.820426
8.820683
8.824041
8.824577
8.824122
8.815650
8.774038
8.725605
8.707400
8.350978
8.355415
8.356853
8.360100
8.371392
8.380138
8.380612
8.380290
8.378790
8.378087
8.379082
8.379004
8.376414
8.374710
8.375731
8.374864
8.372498
8.373361
8.376037
8.377696
8.374580
8.363240
8.352810
8.264082
8.415247
8.282314
7.873177
7.625346
8.167658
8.246694
7.746327
8.202390
8.399241
8.528082
8.582943
8.639613
8.639483
8.637739
8.656415
8.398740
8.013292
0.560911
0.281573
0.305197
7.151480
7.541490
8.040688
8.401294
8.644770
8.655942
8.657211
8.658050
8.659880
8.659522
8.659321
8.980766
8.986493
8.987760
8.988197
8.988956
8.989926
8.990020
8.989804
8.988635
8.982850
8.979366
8.968216
8.961586
9.074964
9.105814
9.122017
9.133816
9.132743
9.132797
9.134021
9.142029
9.135573
9.131912
9.134302
9.133439
9.136545
9.140692
9.131506
9.088356
9.051269
9.023069
8.999511
8.977148
8.750655
8.749419
8.747682
8.747549
8.747937
8.747754
8.746925
8.742669
8.731328
8.676577
8.421165
8.419521
8.420194
8.419501
8.418857
8.418302
8.418253
8.761073
8.790147
8.802011
8.800765
8.787497
8.716314
8.119405
6.826641
7.621166
8.364619
8.694788
8.873182
8.924077
8.949501
8.973978
8.960568
8.978290
9.004015
9.051468
9.053088
9.056637
9.059058
9.062963
9.071028
9.082089
9.096673
9.119153
9.154732
9.170816
9.177089
9.177881
9.178219
9.178202
9.176272
9.171701
9.169603
9.170134
9.158046
9.155864
9.160779
9.170204
9.172378
9.162941
9.157830
9.156060
9.152503
9.153949
9.159849
9.173275
9.175386
9.175781
9.176292
9.175179
9.174348
9.173902
9.175538
9.177127
9.178273
9.177837
9.178039
9.178569
9.178785
9.178783
9.178710
9.178295
9.171770
9.139597
9.046424
8.248924
1.333170
6.002607
6.756083
7.428658
7.848779
8.394236
8.538454
8.636150
8.677074
8.695219
8.696842
8.697116
8.696897
8.696771
8.694948
8.691148
8.667006
8.531870
8.283299
8.283111
8.281153
8.280655
8.280022
8.279783
8.280107
8.280220
8.280362
8.280267
8.280461
8.279910
8.279585
8.279030
8.279198
8.279868
8.280267
8.280693
8.310330
8.319454
8.328021
8.347222
8.349199
8.351823
8.352577
8.346019
8.340017
8.334710
8.318859
8.292607
8.195680
8.129184
8.063103
7.944415
8.105365
8.110921
8.111561
8.119741
8.124248
8.121134
8.119940
8.117367
7.785201
7.780819
7.781030
7.780749
7.780464
7.780499
7.780827
7.780833
7.780200
7.776145
7.774907
7.776662
7.780567
7.780714
7.781075
7.781144
7.781286
7.781595
7.783488
7.783503
7.784304
8.185495
8.241587
8.251715
8.245280
8.241872
8.244461
8.257466
8.259936
8.261938
8.262394
8.262126
8.256835
8.207964
7.726642
7.251993
6.867997
6.427637
6.346661
7.781034
8.035118
8.066013
8.155083
8.215518
8.249632
8.261711
8.262123
8.262339
8.262655
8.262463
8.261241
8.260660
8.260295
8.260334
8.251984
8.244154
8.236524
8.230825
8.224322
8.213127
8.213016
8.210802
8.207451
8.209190
8.215951
8.219710
8.231448
8.247295
8.254354
8.255574
8.259850
8.261192
8.261530
8.261218
8.261741
8.262047
8.262354
8.262495
8.262589
8.262409
8.259878
8.249995
8.222109
7.718562
7.717647
7.717137
7.716849
7.713555
7.711235
7.712060
7.713784
7.713231
7.711257
7.711299
7.711034
7.712604
7.715390
7.710760
7.707506
7.708197
7.706668
7.707622
7.708485
7.710729
7.711311
7.713356
7.706377
7.637233
7.553045
7.507757
7.469637
7.417851
7.321878
7.208881
0.118255
7.092416
7.153699
7.163997
7.211702
7.272118
7.328664
7.382258
7.438844
7.522863
7.571299
7.636448
7.666106
7.690114
7.700260
7.711828
7.714279
7.714742
7.714349
7.712738
7.711361
7.710643
7.705491
7.647299
7.199307
6.928646
6.708186
6.457361
6.223458
6.124196
5.992298
5.852714
4.965268
5.513980
5.633975
5.671668
5.711968
5.783337
5.766887
5.760011
5.691035
5.701601
5.699573
5.142644
0.008862
0.006334
0.005057
0.000606
0.000380
0.000265
0.000142
0.000168
0.000252
0.000194
4.307179
3.780711
3.291570
2.675839
2.282601
1.901911
0.005506
0.000701
0.000694
0.000592
0.000337
0.000632
0.000177
0.000094
0.000120
0.194628
0.157143
0.000266
0.000242
0.003330
0.012767
0.016022
0.016555
0.188740
0.526395
0.673417
1.084899
1.800552
4.926179
6.064490
6.831707
7.577099
7.666475
7.701114
7.706612
7.708291
7.705967
7.702850
7.704716
7.708935
7.716025
7.716083
7.715538
7.715761
7.716480
7.716164
7.715716
7.715591
7.715584
7.711137
7.698069
7.689289
7.682380
7.683129
7.692621
7.698610
7.703045
7.708197
7.716234
7.716532
7.716583
7.718123
7.718301
7.718353
7.718360
7.718368
7.718274
7.716994
7.716551
7.716416
7.716645
7.716913
7.717007
7.716980
7.716949
7.716562
7.716264
7.716497
7.713814
7.711540
7.712192
7.713962
7.713093
7.707578
7.701794
7.701145
7.700346
7.695249
7.693639
7.697489
7.696486
7.698927
7.705356
7.710865
7.714886
7.715814
7.716054
7.716022
7.716217
7.711228
7.676050
7.658956
7.637810
7.621615
7.603315
7.594495
7.585981
7.559637
7.559836
7.559787
7.559634
7.559443
7.559501
7.559667
7.559842
7.559861
7.559625
7.559491
7.558635
7.555732
7.555421
7.557531
7.558469
7.556490
7.556053
7.558054
7.559760
7.559830
7.559832
7.559847
7.559838
7.559792
7.559608
7.559249
7.559320
7.559814
7.560500
7.560706
7.561538
7.561581
7.562458
7.563040
7.711847
7.714713
7.715565
7.716391
7.716470
7.716418
7.716297
7.715459
7.715233
7.715247
7.715566
7.716020
7.714483
7.711378
7.709106
7.709094
7.704905
7.705192
7.708675
7.715655
7.716284
7.716455
7.716447
7.716470
7.716489
7.716465
7.716482
7.716448
7.716369
7.716397
7.716359
7.716055
7.715860
7.715843
7.716065
7.714937
7.714084
7.714959
7.716298
7.716167
7.715617
7.714150
7.712441
7.711223
7.711284
7.712952
7.713636
7.714144
7.714873
7.715091
7.715910
7.714989
7.714760
7.715465
7.715849
7.716319
7.716008
7.714858
7.694799
7.530639
7.440822
7.344808
7.127721
6.460411
0.197843
6.535596
6.924720
7.330009
7.543783
7.553771
7.557884
7.559088
7.559470
7.559450
7.558598
7.556505
7.554748
7.554083
7.553253
7.554236
7.556454
7.555713
7.554869
7.555205
7.556679
7.558044
7.559390
7.559330
7.559294
7.559382
7.559652
7.559904
7.707516
7.715256
7.716157
7.716363
7.715922
7.715929
7.716363
7.716268
7.714017
7.712618
7.711924
7.711195
7.711498
7.713098
7.714175
7.713745
7.714142
7.715631
7.715145
7.712967
7.713146
7.715317
7.716286
7.715793
7.715865
7.716422
7.716279
7.715895
7.714302
7.711976
7.682596
7.339044
7.335275
7.333592
7.332602
7.330352
7.329667
7.329327
7.328925
7.328832
7.329905
7.330218
7.329653
7.328082
7.326235
7.326206
7.328295
7.329831
7.330597
7.330774
7.330956
7.330531
7.330527
7.330839
7.329676
7.329465
7.330045
7.330933
7.330862
7.330915
7.330977
7.331017
7.330916
7.330833
7.330891
7.331016
7.331060
7.331000
7.330898
7.330301
7.325657
7.305085
7.282052
7.202398
7.067741
6.880243
0.116317
6.744837
6.406421
6.318625
6.184678
0.225274
6.514855
6.836450
6.818664
6.881427
7.041922
7.057077
7.082365
7.121056
7.175580
7.235688
7.254275
7.280497
7.304985
7.325493
7.339212
7.357505
7.365401
7.332483
7.330712
7.330059
7.330456
7.328815
7.329564
7.327121
7.311957
7.299560
7.290227
7.114937
6.144914
3.719788
3.409535
5.314925
6.056526
6.657543
6.932240
7.042818
7.114300
7.226749
7.294288
7.324354
7.329588
7.328985
7.329362
7.330349
7.330925
7.331073
7.330899
7.330900
7.331062
7.331069
7.331042
7.330983
7.330502
7.330283
7.330753
7.330896
7.330452
7.329841
7.330146
7.330810
7.330924
7.330473
7.327996
7.327390
7.328411
7.329058
7.327599
7.327808
7.329837
7.329388
7.328490
7.328849
7.330250
7.327801
7.327280
7.329143
7.329938
7.329548
7.329454
7.361234
7.362299
7.361497
7.359936
7.331701
7.331951
7.331898
7.331896
7.331019
7.330559
7.330516
7.330803
7.330458
7.330508
7.331030
7.331061
7.331013
7.331077
7.331073
7.330883
7.330303
7.327166
7.311483
7.280077
7.232627
7.122552
0.419822
6.575755
6.746885
6.908178
6.988830
7.100420
7.134955
7.195106
7.271980
7.305020
7.311315
7.317031
7.328401
7.329898
7.330767
7.330939
7.330204
7.330150
7.330099
7.329938
7.330245
7.329953
7.329965
7.330759
7.330795
7.330509
7.330658
7.330883
7.330423
7.329866
7.328602
7.328932
7.329925
7.331017
7.331024
7.330637
7.330518
7.330758
7.330518
7.328931
7.328127
7.327340
7.325282
7.322106
7.316739
7.309369
7.304124
7.296661
7.291219
7.264997
7.176771
7.178446
7.178494
7.178137
7.175819
7.174672
7.174732
7.170572
7.170063
7.172480
7.172141
7.165364
7.144701
7.129330
7.115225
7.082243
7.015162
6.972608
6.918139
6.713136
6.570116
6.434528
6.214641
5.695880
0.326277
0.162701
0.147720
0.128991
0.120643
0.109668
0.060119
0.059765
0.060656
0.093381
0.124360
1.146849
3.552372
4.200997
4.949136
0.034034
0.064713
5.444518
5.978788
6.164635
6.400256
6.509488
6.545307
6.559784
6.562807
6.567780
6.570612
6.571584
6.571569
6.569854
6.568326
6.567158
6.565527
6.565981
6.567116
6.564917
6.564693
6.567600
6.566121
6.659587
6.688021
6.993352
7.017251
7.019562
7.022691
7.021396
7.022058
7.025754
7.024170
7.021255
6.997950
6.986077
6.974476
6.955307
6.926814
6.897032
6.894499
6.946846
6.967631
6.994409
7.001286
7.003677
7.004461
7.002905
7.005911
7.008309
7.008712
7.006366
7.008248
7.010744
7.014643
7.012395
7.011579
7.010143
7.013174
7.010659
6.998710
6.994525
6.972464
6.869612
6.707202
0.281623
6.221357
6.327079
6.110105
0.489200
5.744321
6.272067
6.712471
6.843562
6.947239
6.985070
7.020399
7.024624
7.026010
7.028820
7.029341
7.029555
7.028622
7.015300
7.003915
7.001343
6.974970
6.957707
6.936640
6.924435
6.820907
6.722221
6.436433
6.095738
5.821007
5.546728
4.996032
4.700298
0.376654
0.076974
0.306940
4.918689
5.140183
5.371539
5.719736
6.021819
6.265084
6.309235
6.180411
5.842043
6.295871
6.435640
6.632446
6.797409
0.108839
6.832051
6.982840
7.023738
7.028039
7.029509
7.029685
7.028477
7.027197
7.025186
7.025120
7.024093
7.024717
7.025336
7.024943
7.024562
7.021860
7.021000
7.020203
7.015190
7.006325
7.007164
7.004350
7.006438
7.011571
7.011262
7.012728
7.016997
7.019327
7.023097
7.027246
7.028773
7.029499
7.029836
7.029880
7.029850
7.029546
7.027768
7.025625
7.025556
7.025807
7.027381
7.029477
7.028294
7.027833
7.028526
7.024717
7.022941
7.015972
7.010698
7.007962
6.997122
6.988668
6.971401
6.960668
6.958420
6.963424
6.975763
6.988321
6.983504
6.978984
6.978072
6.987563
6.958303
6.893455
6.775178
6.639328
6.478143
5.907750
3.678876
2.739772
1.810392
0.013399
0.000000
0.000000
0.000000
0.000000
0.000000
