1.339509
0.391040
0.295812
0.018470
0.012615
0.009374
0.000019
0.000016
0.000000
0.000000
0.000000
0.000000
0.000000
0.000000
0.000000
0.000000
0.000000
0.000000
0.000000
0.000010
0.000010
0.000014
0.000014
0.000021
0.000033
0.000000
0.000000
0.000000
0.000000
0.000000
0.000000
0.000000
0.000000
0.000000
0.000000
0.000000
0.000000
0.000000
0.000000
0.000000
0.005336
0.004882
0.004668
0.003882
0.003244
0.002865
0.000000
0.000000
0.000081
0.000151
0.000183
0.000143
0.000121
0.000131
0.000198
0.000033
0.000020
0.000018
0.000019
0.000000
0.000000
0.000000
0.000000
0.000000
0.000006
0.000068
0.000401
0.000430
0.000504
0.000495
0.000417
0.000466
0.000445
0.000528
0.000179
0.000165
0.000150
0.000022
0.000004
0.000010
0.000008
0.000074
0.000014
0.000014
0.000010
0.000009
0.000005
0.000006
0.000008
0.000013
0.000000
0.000000
0.000000
0.000005
0.000004
0.000009
0.000009
0.000011
0.000010
0.000013
0.000016
0.000033
0.000000
0.000000
0.000000
0.000000
0.000361
0.000856
0.001245
0.001589
0.005332
0.008420
0.009212
0.010255
0.035071
0.036050
0.048887
0.051211
0.052197
0.049022
0.048692
0.030308
0.002775
0.002646
0.001170
0.001040
0.000000
0.000000
0.000000
0.000000
0.000000
0.000000
0.000000
0.000000
0.000000
0.000000
0.000000
0.000000
0.000000
0.000000
0.000000
0.000000
0.000000
0.000000
0.000000
0.000000
0.000000
0.000000
0.000000
0.000215
0.000063
0.000058
0.000000
0.000000
0.000000
0.000000
0.000075
0.000118
0.000199
0.000264
0.000144
0.000085
0.000000
0.000000
0.000000
0.000000
0.000000
0.000000
0.000020
0.000018
0.000000
0.000000
0.000000
0.000000
0.000000
0.000000
0.000000
0.000000
0.000000
0.000000
0.000000
0.000000
0.000000
0.000000
0.000000
0.000000
0.000000
0.000000
0.000000
0.000000
0.000000
0.000000
0.000000
0.000000
0.000000
0.000000
0.000000
0.000000
0.000000
0.000000
0.000000
0.000000
0.000000
0.000034
0.000025
0.000015
0.000028
0.000033
0.000014
0.000024
0.000084
0.000025
0.000000
0.000000
0.000000
0.000000
0.000000
0.000000
0.000000
0.000000
0.000000
0.000000
0.000000
0.000000
0.000000
0.000000
0.000000
0.000000
0.000000
0.000000
0.000000
0.000000
0.000000
0.000000
0.000000
0.000000
0.000000
0.000000
0.000000
0.000000
0.000000
0.000000
0.000000
0.000000
0.000000
0.000000
0.000000
0.000000
0.000000
0.000000
0.000000
0.000000
0.000000
0.000000
0.000000
0.000000
0.000000
0.000000
0.000000
0.000000
0.000000
0.000000
0.000000
0.000000
0.000000
0.000000
0.000000
0.000000
0.000000
0.000000
0.000000
0.000000
0.000000
0.000000
0.000000
0.000000
0.000000
0.000000
0.000000
0.000000
0.000000
0.000000
0.000000
0.000000
0.000000
0.000000
0.000000
0.000000
0.000000
0.000000
0.000000
0.000000
0.000000
0.000000
0.000000
0.000000
0.000000
0.000000
0.000000
0.000000
0.000000
0.000000
0.000000
0.000000
0.000000
0.000000
0.000000
0.000000
0.000000
0.000000
0.000000
0.000000
0.000000
0.000000
0.000000
0.000029
0.000018
0.000019
0.000189
0.000176
0.000199
0.000120
0.000101
0.000047
0.000212
0.000030
0.000055
0.000055
0.000051
0.000042
0.000019
0.000000
0.000000
0.000000
0.000000
0.000000
0.000000
0.000000
0.000000
0.000000
0.000000
0.000000
0.000000
0.000000
0.000019
0.000113
0.000030
0.000030
0.000040
0.000011
0.000018
0.000021
0.000020
0.000030
0.000025
0.000042
0.000034
0.000000
0.000000
0.000052
0.000101
0.000000
0.000000
0.000000
0.000000
0.000000
0.000000
0.000000
0.000000
0.000000
0.000000
0.000000
0.000000
0.000000
0.000000
0.000000
0.000000
0.000000
0.000000
0.000000
0.000000
0.000000
0.000000
0.000000
0.000000
0.000000
0.000000
0.000000
0.000000
0.000000
0.000000
0.000000
0.000000
0.000000
0.000000
0.000000
0.000000
0.000000
0.000000
0.000000
0.000000
0.000000
0.000000
0.000000
0.000000
0.000000
0.000000
0.000000
0.000000
0.000000
0.000000
0.000000
0.000000
0.000000
0.000000
0.000000
0.000000
0.000000
0.000000
0.000000
0.000000
0.000000
0.000000
0.000000
0.000000
0.000000
0.000000
0.000000
0.000000
0.000000
0.000000
0.000000
0.000000
0.000000
0.000000
0.000000
0.000000
0.000000
0.000000
0.000000
0.000000
0.000000
0.000000
0.000000
0.000000
0.000000
0.000000
0.000000
0.000000
0.000000
0.000000
0.000000
0.000000
0.000000
0.000000
0.000000
0.000000
0.000000
0.000000
0.000000
0.000000
0.000000
0.000000
0.000000
0.000000
0.000000
0.000000
0.000000
0.000000
0.000000
0.000000
0.000000
0.000000
0.000000
0.000000
0.000000
0.000000
0.000000
0.000000
0.000000
0.000000
0.000000
0.000000
0.000000
0.000000
0.000000
0.000000
0.000000
0.000000
0.000000
0.000000
0.000000
0.000000
0.000000
0.000000
0.000000
0.000000
0.000000
0.000000
0.000000
0.000000
0.000000
0.000000
0.000000
0.000000
0.000000
0.000000
0.000000
0.000000
0.000000
0.000000
0.000000
0.000000
0.000000
0.000000
0.000000
0.000000
0.000000
0.000000
0.000000
0.000000
0.000000
0.000000
0.000000
0.000000
0.000000
0.000000
0.000000
0.000000
0.000000
0.000000
0.000000
0.000000
0.000000
0.000000
0.000000
0.000000
0.000000
0.000000
0.000000
0.000000
0.000000
0.000000
0.000000
0.000000
0.000000
0.000000
0.000000
0.000000
0.000000
0.000000
0.000000
0.000000
0.000000
0.000000
0.000000
0.000000
0.000000
0.000000
0.000000
0.000000
0.000000
0.000000
0.000000
0.000000
0.000000
0.000000
0.000000
0.000000
0.000000
0.000000
0.000000
0.000000
0.000000
0.000000
0.000000
0.000000
0.000000
0.000000
0.000000
0.000000
0.000000
0.000000
0.000000
0.000000
0.000000
0.000000
0.000000
0.000000
0.000000
0.000000
0.000000
0.000000
0.000000
0.000000
0.000000
0.000000
0.000000
0.000000
0.000000
0.000000
0.000000
0.000000
0.000000
0.000000
0.000000
0.000000
0.000000
0.000000
0.000000
0.000000
0.000000
0.000000
0.000000
0.000000
0.000000
0.000000
0.000000
0.000000
0.000000
0.000000
0.000000
0.000000
0.000000
0.000000
0.000000
0.000000
0.000000
0.000000
0.000000
0.000000
0.000000
0.000000
0.000000
0.000000
0.000000
0.000000
0.000000
0.000000
0.000000
0.000000
0.000000
0.000000
0.000000
0.000000
0.000000
0.000000
0.000000
0.000000
0.000000
0.000000
0.000000
0.000000
0.000000
0.000000
0.000000
0.000000
0.000000
0.000000
0.000000
0.000000
0.000000
0.000000
0.000000
0.000000
0.000000
0.000000
0.000000
0.000000
0.000000
0.000000
0.000000
0.000000
0.000000
0.000000
0.000000
0.000000
0.000000
0.000000
0.000000
0.000000
0.000000
0.000000
0.000000
0.000000
0.000000
0.000000
0.000000
0.000000
0.000000
0.000000
0.000000
0.000000
0.000000
0.000000
0.000000
0.000000
0.000000
0.000000
0.000000
0.000000
0.000000
0.000000
0.000000
0.000000
0.000000
0.000000
0.000000
0.000000
0.000000
0.010990
0.025027
0.025967
0.041392
0.210502
0.267880
0.287796
0.311749
0.408303
0.453489
0.627731
0.803952
1.274736
0.001022
0.001184
0.001422
0.002187
1.475354
0.000024
0.000692
0.000015
0.000052
0.000054
0.000077
0.000077
0.000063
0.001625
0.003820
0.005281
0.005420
0.006850
0.007775
0.008960
1.930252
2.247570
2.697774
2.966356
3.268949
3.604237
4.000419
4.289017
4.386010
4.508107
4.630572
4.660630
4.643159
4.636348
4.601568
4.311872
0.003717
0.006028
3.758876
3.969802
3.889914
0.228723
4.415817
4.517034
4.876394
5.048509
5.204779
5.244100
5.280568
5.344981
5.428533
5.472395
5.521627
5.578247
5.605942
5.674343
5.745210
5.819055
5.839487
5.961340
6.005681
6.063055
6.079247
6.108144
6.153580
6.150698
6.157560
6.177878
6.210934
6.228059
6.253466
6.286589
6.297621
6.312902
6.328035
6.351984
6.351903
6.358901
6.370476
6.383293
6.398211
6.406782
6.417957
6.407142
6.406284
6.410523
6.408921
6.417356
6.430889
6.448090
6.449181
6.450468
6.459873
6.464501
6.468128
6.478120
6.482061
6.480822
6.483925
6.490851
6.495251
6.496132
6.497957
6.501668
6.499508
6.501130
6.507050
6.507659
6.506675
6.507285
6.510208
6.511111
6.511433
6.521279
6.522434
6.520451
6.518396
6.517922
6.514153
6.513348
6.513948
6.514017
6.659785
6.657982
6.657257
6.656952
6.656210
6.651771
6.649043
6.646535
6.644379
6.644677
6.641518
6.646064
6.642143
6.628998
6.596394
6.567199
6.529862
6.508482
6.491892
6.457811
6.457262
6.458720
6.457856
6.453573
6.450582
6.446563
6.438758
6.432407
6.423978
6.411264
6.400326
6.398196
6.637042
6.647350
6.660094
6.660415
6.658757
6.651759
6.635178
6.606671
6.573896
6.528879
6.439676
6.378391
6.332945
6.276028
6.193026
6.107518
6.048349
0.118441
0.064576
5.545518
4.994695
4.291130
0.813457
6.022359
6.191804
6.331058
6.562041
6.607852
6.656510
6.669969
6.665845
6.667948
6.663348
6.654063
6.649830
6.654963
6.880763
6.858813
6.852953
6.855981
6.861819
6.867682
6.880112
6.848027
6.858041
6.856764
6.862433
6.874475
6.880444
6.881710
6.879796
6.860871
6.788085
6.730413
6.670219
6.557713
6.380770
5.646881
5.159269
4.437950
3.829785
3.323207
2.907610
2.539768
2.227869
1.963573
0.016729
0.013972
0.000457
0.000495
0.000248
0.000137
0.000101
0.010238
1.087168
0.975919
0.919235
0.827186
0.754579
0.680744
0.576508
0.410640
0.274629
0.234588
0.187647
0.111690
0.089997
0.081829
0.064109
0.034589
0.029167
0.024717
0.023433
0.020736
0.004232
0.000194
0.000173
0.000123
0.000108
0.027651
0.042172
0.049217
0.125495
0.137437
0.147588
0.158300
0.173942
0.158332
0.154184
0.153136
0.039559
0.035542
0.016831
0.000946
0.000222
0.001190
0.001815
0.329870
0.362585
0.394831
0.431623
0.460644
0.458023
0.430575
0.006428
0.006656
0.000884
0.000253
0.007984
0.008088
0.008683
0.000438
0.031173
0.594449
0.621839
0.642584
0.649770
0.653134
0.674147
0.666948
0.635209
0.593308
0.501762
0.474301
0.434999
0.307115
0.231076
0.213938
0.106377
0.056636
0.049385
0.126024
0.105555
0.103849
0.026254
0.006995
0.006331
0.003984
0.003989
0.004495
0.054075
0.070821
0.013705
0.757606
0.847902
0.965729
1.085361
1.237991
1.389953
1.579160
0.000098
0.000079
0.000059
0.000057
0.000103
0.000067
0.009361
0.009747
0.010477
0.010020
0.011189
0.012476
0.014480
0.016250
0.048204
0.079945
2.598886
3.001912
3.388217
3.865307
4.018920
4.023599
0.100197
4.290893
0.060782
4.768045
5.249927
5.505250
0.002676
0.011715
0.015206
0.035967
5.600529
5.741279
5.846791
5.980772
6.137144
6.305075
6.544077
6.677933
6.734164
6.814412
6.954594
7.124133
7.196455
7.224244
7.240691
7.237196
7.233990
7.229209
7.168131
7.122507
0.004463
0.003840
0.003378
0.003474
0.003675
0.003725
0.004102
0.005052
7.171752
7.206089
7.221160
7.252620
7.217520
0.002489
0.001470
0.000557
0.000355
0.000318
0.000293
0.000273
0.000274
0.000786
0.001056
0.002133
7.230212
7.277714
7.316690
7.319397
7.322331
7.336793
7.344437
7.324070
7.302703
7.292634
7.211541
7.028652
6.882016
6.815383
6.692617
6.478424
6.255380
5.885791
5.452079
5.103171
4.784565
4.539019
4.198159
3.888053
3.546575
3.105194
2.822473
0.078809
0.080799
0.077788
0.071123
0.050341
0.034156
0.029128
0.025976
0.023806
0.021559
0.000091
0.000088
0.000078
0.000069
0.000080
0.000086
0.000080
0.000105
0.008720
0.024692
0.025857
0.025902
0.008281
0.000916
2.453730
2.310983
2.115594
1.956090
0.061028
0.017945
0.012534
0.006575
0.006619
0.007115
0.007166
0.000039
0.000035
0.000032
0.000077
0.000032
0.000033
0.000018
0.000034
0.000034
0.000022
0.000026
0.000043
0.000062
0.000095
0.000380
0.000300
0.000221
0.000266
0.000106
0.002774
0.004009
0.017198
0.021120
0.049225
0.291335
0.372632
0.407668
0.460882
0.513056
1.029692
1.145480
0.006281
0.006041
0.001608
0.001646
0.001746
0.001928
0.002389
0.004906
0.005530
0.014430
1.943811
3.064447
3.539179
4.077145
4.605227
5.240341
5.590724
5.913077
6.121293
6.199499
6.340119
6.423814
6.453600
6.431849
6.421163
0.031912
6.587300
6.664922
6.670371
6.677326
6.643430
6.605753
6.592748
6.596558
6.567966
6.550095
6.542729
6.527219
6.293966
6.130823
5.906387
5.762862
5.418876
5.155155
4.971613
4.614884
4.215592
3.707186
3.260962
2.857671
2.528720
2.117089
1.738435
0.827947
0.449035
0.299355
0.153511
0.104045
0.093721
0.065554
0.054891
0.043547
0.022480
0.022911
0.021410
0.018858
0.018490
0.012987
0.013429
0.011355
0.000341
0.000206
0.000219
0.000182
0.000788
0.000828
0.000651
0.000592
0.000248
0.000664
0.001037
0.006724
0.007109
0.007162
0.007047
0.007230
0.007360
0.007363
0.029707
0.020295
0.018677
0.024071
0.025415
0.026773
0.027603
0.028051
0.015931
0.016687
0.018626
0.020221
0.020577
0.021177
0.020758
0.021278
0.021438
0.020329
0.022018
0.020916
0.010370
0.002969
0.002907
0.002830
0.002627
0.002650
0.002670
0.002641
0.002762
0.002620
0.002593
0.002704
0.002651
0.002790
0.002714
0.002677
0.002623
0.002435
0.000134
0.003775
0.012562
0.015027
0.020586
0.022512
0.031064
0.036336
0.040294
0.060364
0.074184
0.791406
0.920974
1.268644
3.023047
3.508229
4.048439
4.965051
5.675781
6.376431
6.616794
6.750860
6.917677
7.150691
7.400453
7.528424
7.516728
7.508082
7.502570
7.471938
7.378431
7.372090
7.569315
7.602062
7.604387
7.887935
7.897911
7.879395
7.875094
7.877200
7.760958
7.420856
7.037887
6.270554
5.690938
5.072053
4.530248
3.737116
3.332936
3.002980
1.354608
1.192864
0.623022
0.042369
0.014072
0.842824
2.643284
2.797329
2.980156
3.124553
2.953238
0.131218
0.118565
0.113856
0.108802
0.103566
0.102567
0.093138
0.091977
0.078268
0.080551
0.124319
2.548428
2.428539
2.327780
1.931582
0.095451
0.055232
0.043483
0.041122
0.038403
0.036498
0.034136
0.006307
0.006506
0.006094
0.001779
0.001494
0.001560
0.000122
0.001710
0.004417
0.090758
0.094201
0.095800
0.099053
0.107300
0.110299
0.000577
0.000269
0.000475
0.165035
0.233631
3.665517
3.829542
3.900789
3.941449
4.068652
4.053557
3.661357
3.305784
0.010247
0.009266
0.106035
0.193452
0.171387
2.814248
2.700364
0.003189
0.004770
0.000457
0.000401
0.000253
0.000229
0.000185
0.000236
0.012239
1.671552
0.436358
0.187043
0.145626
0.134427
0.080726
0.772715
0.168866
3.098985
3.374066
3.586521
0.046446
0.028498
0.034098
0.052011
0.040603
4.902942
5.571784
0.000277
0.000129
0.000059
0.000054
0.000059
0.000050
0.000051
0.000056
0.000061
0.000219
0.000376
0.000551
0.001462
6.207600
7.017672
7.909782
8.219435
8.246254
8.266603
8.195537
8.138418
8.099158
7.978022
7.910480
7.851389
7.715849
7.447004
7.182806
6.994992
6.789556
6.447527
6.179100
5.988519
5.821011
5.434751
4.632108
4.011130
2.065175
2.602056
2.278011
2.104220
1.861135
1.423711
1.203270
0.297019
0.218210
0.001921
0.000563
0.000491
0.000650
0.005263
0.005172
0.104523
0.124056
0.365313
0.423419
0.713582
0.997504
1.498097
1.682100
0.003743
2.005386
2.083088
2.110455
2.083094
1.238025
0.008954
0.005562
0.010238
0.002242
2.083191
2.453803
3.024672
3.438701
3.864259
4.457036
5.094116
5.926916
6.822221
7.578628
8.127211
8.168576
8.220025
8.287020
8.335508
8.412164
8.537678
8.573912
8.565937
8.562085
8.575635
8.581778
8.538147
8.487172
8.445140
8.505042
8.486995
8.490743
8.408151
8.312791
8.237335
8.095662
7.862078
7.512874
7.158533
6.853692
6.290342
5.537974
5.017850
0.009682
0.008028
0.006363
0.006528
0.005959
0.000286
0.000112
0.000200
0.000112
0.000113
0.010719
0.008128
3.476058
0.198763
0.114696
0.078629
0.039529
0.039186
0.039591
0.039568
0.041087
0.035736
0.001017
0.000048
0.000047
0.000013
0.000012
0.000002
0.000002
0.000005
0.000004
0.000003
0.000002
0.000004
0.000003
0.000005
0.000004
0.000003
0.000003
0.000002
0.000002
0.000002
0.000002
0.000002
0.000002
0.000002
0.000002
0.000002
0.000003
0.000004
0.000005
0.000004
0.000005
0.000004
0.000005
0.000008
0.000008
0.000009
0.000016
0.000019
0.000010
0.000008
0.000006
0.000006
0.000086
0.000040
0.000036
0.000049
0.000039
0.000039
0.000021
0.000011
0.000023
0.000028
0.000041
0.000013
0.000046
0.000062
0.000008
0.000016
0.000009
0.000007
0.000003
0.000002
0.000002
0.000002
0.000003
0.000003
0.000005
0.000003
0.000012
0.000008
0.000005
0.000008
0.000009
0.000005
0.000003
0.000005
0.000004
0.000004
0.000007
0.000013
0.000015
0.000022
0.000011
0.000004
0.000005
0.000002
0.000002
0.000003
0.000003
0.000002
0.000001
0.000001
0.000001
0.000002
0.000003
0.000003
0.000003
0.000003
0.000004
0.000004
0.000004
0.000004
0.000004
0.000003
0.000004
0.000006
0.000004
0.000002
0.000002
0.000002
0.000002
0.000002
0.000003
0.000002
0.000002
0.000004
0.000004
0.000009
0.000007
0.000015
0.000004
0.000003
0.000004
0.000005
0.000006
0.000008
0.000005
0.000009
0.000030
0.003638
0.003941
0.004522
0.004912
0.005445
0.005722
0.006603
0.008877
0.057960
4.349876
4.895359
5.464257
6.223499
6.782208
7.434952
7.568506
7.706559
7.902124
7.940760
7.949952
7.959264
7.973044
7.965716
7.859627
7.897962
7.936650
7.975891
7.923902
7.762081
7.627325
7.528820
7.375618
7.223501
7.158761
7.094779
6.972026
6.857335
6.766177
6.626775
6.363015
6.073974
5.840539
5.529297
0.019916
0.017860
0.019365
0.021183
5.174277
4.767545
4.387525
0.001520
0.000643
0.000420
0.000355
0.000223
0.000070
0.000063
0.000052
0.000106
0.000083
0.005773
0.005414
0.005171
0.005468
0.007120
0.013410
3.867758
3.668576
2.949106
2.861094
0.047409
2.567633
3.295225
3.395973
3.447087
3.458888
3.424479
3.524494
3.570230
0.012281
3.373721
3.499025
4.788269
5.177279
5.552165
5.977272
0.013489
0.000023
0.000036
6.385636
6.707711
7.200015
7.364284
7.463443
7.520556
7.510367
7.553809
7.588438
7.639116
7.653736
7.806243
7.860106
7.928461
7.973609
8.023856
8.061742
8.067136
8.085747
8.110330
8.127126
8.140049
8.166120
8.185669
8.190330
8.147036
8.117953
8.086403
8.067269
8.053295
8.030238
7.984635
7.913300
7.843581
7.792475
7.667643
0.111766
7.757638
7.896234
7.964109
7.968179
7.982097
7.997725
8.089859
8.019450
7.977935
7.933194
7.779102
7.667776
7.594723
7.536319
7.268430
6.900873
6.615443
6.181007
5.505095
4.831501
4.223907
3.562864
3.176756
0.006492
0.004810
0.002803
0.002694
0.002240
0.000343
0.004623
0.015735
0.013775
0.018237
0.046611
0.329827
0.499014
0.593199
0.639803
0.879420
1.389242
2.263275
3.992012
4.837086
5.582440
6.533464
7.073341
7.472946
7.645469
7.814448
8.067691
8.002627
7.943050
0.009414
7.920256
7.925729
7.988840
8.051769
8.003422
7.987447
7.965643
7.949710
0.010153
0.009598
0.009800
0.009794
0.010025
0.010150
7.949645
7.936815
7.899480
7.884124
7.832566
7.795381
7.156123
6.680301
6.251547
5.429873
4.763273
4.187196
3.509126
3.062893
0.036685
0.036311
0.028837
0.024300
0.020771
1.355500
1.211130
0.956365
0.830642
0.145938
0.100385
0.031596
0.001546
0.001597
0.001568
0.001278
0.001122
0.001068
0.001101
0.001084
0.001121
0.000974
0.000096
0.000094
0.000071
0.000074
0.000057
0.000260
0.000600
0.001037
0.000896
0.000549
0.000143
0.000828
0.000086
0.000058
0.000054
0.000050
0.000055
0.000071
0.000334
0.007999
0.008182
0.003921
0.003758
0.003659
0.003571
0.003460
0.003506
0.003373
0.003074
0.002952
0.000322
0.000262
0.000260
0.000116
0.000210
0.000116
0.000119
0.000065
0.000077
0.000083
0.002693
0.002947
0.002927
0.002929
0.012580
0.017037
0.020819
0.022373
0.056888
0.062493
0.605703
0.971842
1.279045
1.612173
1.830421
2.140258
2.293523
2.492616
2.691707
2.900733
0.003502
0.005764
0.009168
3.239910
3.476672
3.755523
0.008402
0.000146
0.000126
0.000134
0.000094
0.000054
0.000082
0.000057
0.000076
0.000055
0.000078
0.000155
0.000441
0.000565
0.001068
0.002201
0.025091
4.211254
4.590219
5.114061
5.524467
5.674801
5.787069
5.881868
5.981457
5.838682
5.890506
5.864689
5.877055
0.119873
0.011770
0.009953
0.003337
0.003461
0.003053
0.038518
0.032813
0.200812
4.886728
5.474850
5.858712
6.242351
6.660254
6.916733
7.142029
7.275390
7.422547
7.550816
7.585031
0.037860
0.009074
7.654610
7.798637
7.854745
7.941796
8.040526
8.168531
8.232439
8.289288
8.365520
8.406512
8.422874
8.454989
8.640420
8.659100
8.663410
8.643789
8.503386
8.500534
8.199569
7.909006
7.637374
7.432641
7.238563
6.842135
6.478069
6.144453
5.794421
5.481550
5.239673
5.034592
4.507962
4.005606
3.575000
3.135113
2.741918
0.182409
1.726981
1.676456
1.512240
1.270250
1.223948
1.126968
1.024429
0.979713
0.810619
0.092877
0.631911
0.703532
0.681834
0.654841
0.617417
0.569092
0.058799
0.056237
0.029071
0.009141
0.001240
0.001254
0.002584
0.073455
0.821999
0.863004
0.901140
0.922221
0.942245
0.961801
0.000794
0.000695
0.000690
0.000913
0.000897
0.018446
0.015660
0.015302
0.015338
0.015321
0.015445
0.015519
0.017620
0.018441
0.020292
0.020875
0.022341
0.035447
0.046138
0.050180
0.202156
0.223688
1.765273
1.931399
2.072383
2.086512
2.089942
0.004883
0.001817
0.000588
0.000385
0.000350
0.000349
0.000355
0.000346
0.000169
0.000149
0.000073
0.000131
0.000055
0.000086
0.000087
0.000104
0.000057
0.000064
0.000057
0.000038
0.000033
0.000044
0.000015
0.000066
0.000042
0.000025
0.000024
0.000017
0.000021
0.000022
0.000014
0.000011
0.000017
0.000024
0.000019
0.000014
0.000016
0.000038
0.000025
0.000040
0.000062
0.000077
0.000078
0.000094
0.000150
0.000194
0.002482
0.032652
0.051037
0.052025
0.076575
1.075529
3.254220
3.568649
3.861506
4.427395
4.736473
5.209953
5.577662
5.952132
6.424421
6.605651
6.834674
7.068036
7.280656
7.519411
7.852126
8.073395
8.174435
8.300338
8.487287
8.598504
8.656194
8.716942
8.807767
8.879924
8.913866
8.937562
8.965156
8.975250
8.977997
8.963490
8.842129
8.841283
8.833067
8.827653
8.818475
8.800646
8.785794
8.771861
8.740064
8.670509
8.568417
8.467593
8.375252
8.250597
0.077720
0.076529
7.984573
7.975396
7.931280
0.075799
0.000603
0.083618
8.102934
0.057697
0.052586
7.795712
7.828351
7.709781
7.500941
7.392301
7.049404
6.829212
0.000263
0.000915
0.000522
0.000258
0.000346
0.000252
0.259311
7.709049
8.054886
8.323234
8.418002
8.505312
8.598735
0.000690
0.000469
0.000343
0.000366
8.585942
8.621793
8.653169
8.662494
8.672242
8.670709
8.670945
8.662748
8.663326
8.669105
8.652011
8.621218
8.583010
8.559083
8.520041
8.484278
8.458533
8.452965
8.373749
8.329491
8.290699
8.290329
8.217305
0.000618
0.000432
0.000170
0.000101
0.000055
0.000020
0.000013
0.000012
0.000007
0.000006
0.000011
0.000016
0.000006
0.000010
0.000060
0.000093
0.000114
0.000195
0.001371
0.001717
0.002611
8.130446
8.158350
8.182884
8.196209
8.200290
8.202727
8.205742
8.188443
8.179270
8.170247
8.169246
8.162187
8.148369
8.146798
8.145198
8.145486
8.140625
8.138470
8.142639
8.151864
8.173690
8.199536
8.205495
8.341657
8.410793
8.455482
8.468011
8.473746
8.479615
8.474963
8.464843
8.444551
8.369440
0.009649
0.008192
0.006082
0.005760
0.005481
0.005273
0.005191
0.005150
0.000135
0.000307
0.000428
0.000538
0.001220
8.386421
8.451779
8.468563
8.472508
8.469578
8.454835
8.446169
8.432859
0.010245
8.467839
8.458931
8.454001
8.409958
8.376530
8.332362
8.191998
8.019385
7.824188
7.695846
7.539218
0.145614
7.896838
8.057989
8.321473
8.404835
0.000339
0.000093
0.000090
0.000049
0.000033
0.000094
0.000066
0.000280
0.000142
0.000369
0.000021
0.000014
0.000009
0.000063
0.000048
0.000071
0.000074
0.000199
0.000378
0.000615
0.004222
0.003965
0.022276
8.508947
8.524509
8.511011
8.507753
8.515625
8.485165
8.457450
0.000141
0.000197
0.000306
0.000332
0.000396
0.000589
8.468429
8.426938
8.321285
8.223857
8.186487
8.085299
0.008891
0.003569
0.001656
0.000165
0.000041
0.000039
0.000030
0.000033
0.000057
0.000091
0.000026
0.000056
0.000030
0.000005
0.000009
0.000012
0.000006
0.000002
0.000003
0.000005
0.000004
0.000008
0.000012
0.000019
0.000021
0.000023
0.000011
0.000003
0.000004
0.000008
0.000027
0.000006
0.000007
0.000009
0.000004
0.000007
0.000017
0.000051
0.000005
0.000005
0.000007
0.000008
0.000003
0.000003
0.000007
0.000003
0.000003
0.000005
0.000005
0.000004
0.000013
0.000017
0.000003
0.000005
0.000013
0.000012
0.000002
0.000004
0.000007
0.000003
0.000001
0.000001
0.000002
0.000002
0.000005
0.000009
0.000001
0.000003
0.001694
0.001590
0.001531
0.001553
0.001197
0.001384
0.002132
0.000005
0.000006
0.000007
0.000004
0.000006
0.000009
0.000002
0.000001
0.000003
0.000005
0.000008
0.000001
0.000001
0.000001
0.000002
0.000004
0.000006
0.000005
0.000001
0.000002
0.000003
0.000001
0.000000
0.000001
0.000001
0.000001
0.000000
0.000000
0.000000
0.000000
0.000001
0.000002
0.000003
0.000006
0.000008
0.000014
0.000003
0.000000
0.000000
0.000000
0.000000
0.000000
0.000000
0.000000
0.000000
0.000000
0.000000
0.000000
0.000000
0.000001
0.000001
0.000001
0.000002
0.000001
0.000000
0.000000
0.000000
0.000000
0.000000
0.000000
0.000000
0.000000
0.000000
0.000000
0.000000
0.000000
0.000000
0.000000
0.000000
0.000000
0.000000
0.000000
0.000000
0.000000
0.000000
0.000000
0.000000
0.000000
0.000000
0.000000
0.000000
0.000000
0.000000
0.000000
0.000000
0.000000
0.000000
0.000000
0.000000
0.000000
0.000000
0.000000
0.000000
0.000000
0.000000
0.000000
0.007959
7.985092
7.922422
7.967591
7.824794
0.023207
0.000000
0.000000
0.000000
0.000000
0.000000
0.000000
0.000001
0.000006
0.000012
0.000016
0.000000
0.000000
0.000000
0.000000
0.000000
0.000000
0.000000
0.000000
0.000000
0.000000
0.000000
0.000000
0.000000
0.000000
0.000000
0.000000
0.000000
0.000000
0.000000
0.022805
0.022203
0.019521
0.000000
0.000000
0.000000
0.000000
0.000000
0.000000
0.000000
0.000000
0.000000
0.000000
0.000000
0.000000
0.000000
7.669231
7.640824
7.630021
7.515341
7.420341
7.367296
7.329945
0.076660
0.145069
7.560095
7.688880
7.907081
7.925500
7.933932
7.934212
7.949473
7.984752
7.919173
7.879480
7.844343
7.819100
7.761428
7.691226
7.457768
7.201905
7.009666
0.019273
6.702770
6.445524
6.162124
5.747139
5.565249
0.012124
0.030335
0.000001
0.000001
0.000001
0.000001
0.000001
0.000000
0.000000
0.000000
0.000000
0.000000
0.000000
0.000000
0.000000
0.000000
0.000000
0.000000
0.000000
0.000000
0.000000
0.000000
0.000000
0.000000
0.000000
0.000000
0.000000
0.000000
0.000000
0.000000
0.000000
0.000000
0.000000
0.000000
0.000000
0.000000
0.000000
0.000000
0.000000
0.000000
0.000000
0.000000
0.000000
0.000000
0.000000
0.000000
0.000000
0.000000
0.000000
0.000000
0.000000
0.000000
0.000000
0.000000
0.000000
0.000000
0.000000
0.000000
0.000000
0.000000
0.000000
0.000000
0.000000
0.000000
0.000000
0.000000
0.000000
0.000000
0.000000
0.000000
0.000000
0.000000
0.000000
0.000000
0.000000
0.000000
0.000000
0.000000
0.000000
0.000000
0.000000
0.000000
0.000000
0.000000
0.000000
0.000000
0.000000
0.000000
0.000000
0.000000
0.000000
0.000000
0.000000
0.000000
0.000000
0.000000
0.000000
0.000000
0.000000
0.000000
0.000000
0.000000
0.000000
0.000000
0.000000
0.000000
0.000000
0.000000
0.000000
0.000000
0.000000
0.000000
0.000000
0.000000
0.000000
0.000000
0.000000
0.000000
0.000000
0.000000
0.000000
0.000000
0.000000
0.000000
0.000000
0.000000
0.000000
0.000000
0.000000
0.000000
0.000000
0.000000
0.000000
0.000000
0.000000
0.000000
0.000000
0.000000
0.000000
0.000000
0.000000
0.000000
0.000000
0.000000
0.000000
0.000000
0.000000
0.000000
0.000000
0.000000
0.000000
0.000000
0.000000
0.015614
0.012100
0.042005
0.046069
0.075415
5.164878
5.192539
5.334005
5.408373
5.539700
5.607903
5.681004
5.780102
5.904480
5.937768
5.983484
6.015636
5.911896
5.812264
5.712185
5.559592
5.140982
4.766950
3.792858
3.373393
0.539284
0.307622
0.279071
0.113358
0.049703
0.032689
0.003927
0.004076
0.003412
0.000290
0.000214
0.000155
0.000000
0.000000
0.000000
0.000000
0.000000
0.000000
0.000000
0.000010
0.000007
0.000003
0.000001
0.000001
0.000002
0.000003
0.000005
0.000003
0.000005
0.000005
0.000008
0.000006
0.000000
0.000000
0.000000
0.000000
0.000000
0.000000
0.000000
0.000000
0.000000
0.000000
0.000000
0.000000
0.000000
0.000000
0.000000
0.000000
0.000000
0.000000
0.000000
0.000000
0.000000
0.000000
0.000000
0.000000
0.000000
0.000000
0.000000
0.000006
0.000012
0.000008
0.000007
0.000004
0.000003
0.000003
0.000011
0.000009
0.000006
0.000005
0.000004
0.000005
0.000028
0.000000
0.000000
0.000000
0.000000
0.000000
0.000000
0.000000
0.000000
0.001608
0.008538
0.005781
0.005844
0.007978
0.000001
0.000001
0.000001
0.000001
0.000001
0.000003
0.000002
0.000001
0.000001
0.000001
0.000001
0.000001
0.000000
0.000000
0.000000
0.000000
0.000000
0.000000
0.000000
0.000000
0.000000
0.000000
0.000000
0.000000
0.000000
0.000000
0.000000
0.000000
0.000000
0.000000
0.000001
0.000001
0.000001
0.000001
0.000001
0.000001
0.000001
0.000002
0.000002
0.000001
0.000001
0.000002
0.000001
0.000001
0.000001
0.000001
0.000001
0.000001
0.000001
0.000001
0.000001
0.000001
0.000001
0.000001
0.000001
0.000001
0.000001
0.000001
0.000001
0.000001
0.000000
0.000000
0.000000
0.000000
0.000000
0.000000
0.000000
0.000000
0.000000
0.000000
0.000000
0.000000
0.000001
0.000000
0.000000
0.000000
0.000000
0.000000
0.000001
0.000000
0.000000
0.000001
0.000001
0.000001
0.000000
0.000000
0.000001
0.000001
0.000001
0.000001
0.000001
0.000000
0.000000
0.000000
0.000000
0.000000
0.000000
0.000000
0.000000
0.000000
0.000000
0.000000
0.000000
0.000000
0.000001
0.000000
0.000000
0.000000
0.000000
0.000000
0.000000
0.000001
0.000000
0.000000
0.000000
0.000000
0.000000
0.000000
0.000000
0.000001
0.000000
0.000000
0.000000
0.000000
0.000000
0.000000
0.000000
0.000000
0.000000
0.000000
0.000000
0.000000
0.000000
0.000000
0.000000
0.000000
0.000000
0.000000
0.000000
0.000000
0.000000
0.000000
0.000000
0.000000
0.000000
0.000000
0.000000
0.000000
0.000000
0.000000
0.000000
0.000000
0.000000
0.000000
0.000000
0.000000
0.000000
0.000000
0.000000
0.000000
0.000000
0.000000
0.000000
0.000000
0.000000
0.000000
0.000000
0.000000
0.000000
0.000000
0.000000
0.000000
0.000000
0.000000
0.000000
0.000000
0.000000
0.000000
0.000000
0.000000
0.000000
0.000000
0.000000
0.000000
0.000000
0.000000
0.000000
0.000000
0.000000
0.000000
0.000000
0.000000
0.000000
0.000000
0.000000
0.000000
0.000000
0.000000
0.000000
0.000000
0.000000
0.000000
0.000000
0.000000
0.000000
0.000000
0.000000
0.000000
0.000000
0.000000
0.000000
0.000000
0.000000
0.000000
0.000000
0.000000
0.000000
0.000000
0.000000
0.000000
0.000000
0.000000
0.000000
0.000000
0.000000
0.000000
0.000000
0.000000
0.000000
0.000000
0.000000
0.000000
0.000000
0.000000
0.000000
0.000000
0.000000
0.000000
0.000000
0.000000
0.000000
0.000000
0.000000
0.000000
0.000000
0.000000
0.000000
0.000000
0.000000
0.000000
0.000000
0.000000
0.000000
0.000000
0.000000
0.000000
0.000000
0.000000
0.000000
0.000000
0.000000
0.000000
0.000000
0.000000
0.000000
0.000000
0.000000
0.000000
0.000000
0.000000
0.000000
0.000000
0.000000
0.000000
0.000000
0.000000
0.000000
0.000000
0.000000
0.000000
0.000000
0.000000
0.000000
0.000000
0.000000
0.000000
0.000000
0.000000
0.000000
0.000000
0.000000
0.000000
0.000000
0.000000
0.000000
0.000000
0.000000
0.000000
0.000000
0.000000
0.000000
0.000000
0.000000
0.000000
0.000011
0.000012
0.000013
0.000014
0.000012
0.000007
0.000007
0.000053
0.000056
0.000061
0.000063
0.000064
0.000065
0.000068
0.000068
0.000069
0.000069
0.000069
0.000069
0.000069
0.000069
0.000069
0.000069
0.000069
0.000070
0.000070
0.000070
0.000070
0.000065
0.000062
0.000058
0.000054
0.000053
0.000050
0.000046
0.000090
0.000050
0.000021
0.000018
0.000011
0.000008
0.000000
0.000000
0.000001
0.000001
0.000002
0.000002
0.000004
0.000050
0.000061
0.000064
0.000067
0.000074
0.000080
0.000081
0.000082
0.000085
0.000086
0.000087
0.000082
0.000077
0.000046
0.000001
0.000001
0.000000
0.000000
0.000000
0.000000
0.000000
0.000000
0.000000
0.000003
0.000004
0.000004
0.000004
0.000004
0.000005
0.000005
0.000006
0.000007
0.000008
0.000010
0.000010
0.000009
0.000009
0.000007
0.000006
0.000006
0.000005
0.000004
0.000000
0.000000
0.000000
0.000001
0.000001
0.000001
0.000011
0.000015
0.000018
0.000019
0.000021
0.000022
0.000026
0.000030
0.000033
0.000035
0.000040
0.000048
0.000054
0.000054
0.000055
0.000055
0.000055
0.000053
0.000053
0.000052
0.000052
0.000051
0.000002
0.000001
0.000001
0.000001
0.000007
0.000008
0.000010
0.000007
0.000006
0.000006
0.000007
0.000007
0.000007
0.000008
0.000009
0.000011
0.000012
0.000014
0.000019
0.000025
0.000027
0.000029
0.000032
0.000033
0.000034
0.000033
0.000033
0.000031
0.000029
0.000028
0.000028
0.000028
0.000028
0.000029
0.000029
0.000030
0.000030
0.000029
0.000028
0.000028
0.000026
0.000024
0.000020
0.000016
0.000013
0.000008
0.000001
0.000001
0.000006
0.000007
0.000008
0.000008
0.000008
0.000008
0.000008
0.000008
0.000008
0.000009
0.000009
0.000009
0.000009
0.000009
0.000008
0.000008
0.000008
0.000007
0.000000
0.000000
0.000000
0.000000
0.000000
0.000000
0.000000
0.000000
0.000000
0.000000
0.000000
0.000000
0.000000
0.000000
0.000000
0.000000
0.000000
0.000000
0.000000
0.000000
0.000000
0.000000
0.000000
0.000000
0.000000
0.000000
0.000000
0.000000
0.000000
0.000000
0.000000
0.000000
0.000000
0.000000
0.000000
0.000000
0.000000
0.000001
0.000009
0.000010
0.000010
0.000011
0.000011
0.000011
0.000011
0.000011
0.000011
0.000011
0.000011
0.000010
0.000008
0.000006
0.000005
0.000001
0.000000
0.000000
0.000000
0.000000
0.000000
0.000000
0.000000
0.000000
0.000000
0.000000
0.000000
0.000000
0.000000
0.000000
0.000000
0.000000
0.000000
0.000000
0.000000
0.000000
0.000000
0.000000
0.000000
0.000000
0.000000
0.000000
0.000000
0.000000
0.000000
0.000000
0.000000
0.000000
0.000000
0.000000
0.000000
0.000000
0.000000
0.000000
0.000000
0.000000
0.000000
0.000000
0.000000
0.000000
0.000000
0.000000
0.000000
0.000000
0.000000
0.000000
0.000000
0.000000
0.000000
0.000000
0.000000
0.000000
0.000000
0.000000
0.000000
0.000000
0.000000
0.000000
0.000000
0.000000
0.000000
0.000000
0.000000
0.000000
0.000000
0.000000
0.000000
0.000000
0.000000
0.000000
0.000000
0.000000
0.000000
0.000000
0.000000
0.000000
0.000000
0.000000
0.000000
0.000000
0.000000
0.000000
0.000000
0.000000
0.000000
0.000000
0.000000
0.000000
0.000000
0.000000
0.000000
0.000000
0.000000
0.000000
0.000000
0.000000
0.000000
0.000000
0.000000
0.000000
0.000000
0.000000
0.000000
0.000000
0.000000
0.000000
0.000000
0.000000
0.000000
0.000000
0.000000
0.000000
0.000000
0.000000
0.000000
0.000000
0.000000
0.000000
0.000000
0.000000
0.000000
0.000000
0.000000
0.000000
0.000000
0.000000
0.000000
0.000000
0.000000
0.000000
0.000000
0.000000
0.000000
0.000000
0.000000
0.000000
0.000000
0.000000
0.000000
0.000000
0.000000
0.000000
0.000000
0.000000
0.000000
0.000000
0.000000
0.000000
0.000000
0.000000
0.000000
0.000000
0.000000
0.000000
0.000000
0.000000
0.000000
0.000000
0.000000
0.000000
0.000000
0.000000
0.000000
0.000000
0.000000
0.000000
0.000000
0.000000
0.000000
0.000000
0.000000
0.000000
0.000000
0.000000
0.000000
0.000000
0.000000
0.000000
0.000000
0.000000
0.000000
0.000000
0.000000
0.000000
0.000000
0.000000
0.000000
0.000000
0.000000
0.000000
0.000000
0.000000
0.000000
0.000000
0.000000
0.000000
0.000000
0.000000
0.000000
0.000000
0.000000
0.000000
0.000000
0.000000
0.000000
0.000000
0.000000
0.000000
0.000000
0.000000
0.000000
0.000000
0.000000
0.000000
0.000000
0.000000
0.000000
0.000000
0.000000
0.000000
0.000000
0.000000
0.000000
0.000000
0.000000
0.000000
0.000000
0.000000
0.000000
0.000000
0.000000
0.000000
0.000000
0.000000
0.000000
0.000000
0.000000
0.000000
0.000000
0.000000
0.000000
0.000000
0.000000
0.000000
0.000000
0.000000
0.000000
0.000000
0.000000
0.000000
0.000000
0.000000
0.000000
0.000000
0.000000
0.000000
0.000000
0.000000
0.000000
0.000000
0.000000
0.000000
0.000000
0.000000
0.000000
0.000000
0.000000
0.000000
0.000000
0.000000
0.000000
0.000000
0.000000
0.000000
0.000000
0.000000
0.000000
0.000000
0.000000
0.000000
0.000000
0.000000
0.000000
0.000000
0.000000
0.000000
0.000000
0.000000
0.000000
0.000000
0.000000
0.000000
0.000000
0.000000
0.000000
0.000000
0.000000
0.000000
0.000000
0.000000
0.000000
0.000000
0.000000
0.000000
0.000000
0.000000
0.000000
0.000000
0.000000
0.000000
0.000000
0.000000
0.000000
0.000000
0.000000
0.000000
0.000000
0.000000
0.000000
0.000000
0.000000
0.000000
0.000000
0.000000
0.000000
0.000000
0.000000
0.000000
0.000000
0.000000
0.000000
0.000000
0.000000
0.000000
0.000000
0.000000
0.000000
0.000000
0.000000
0.000000
0.000000
0.000000
0.000000
0.000000
0.000000
0.000000
0.000000
0.000000
0.000000
0.000000
0.000000
0.000000
0.000000
0.000000
0.000000
0.000000
0.000000
0.000000
0.000000
0.000000
0.000000
0.000000
0.000000
0.000000
0.000000
0.000000
0.000000
0.000000
0.000000
0.000000
0.000000
0.000000
0.000000
0.000000
0.000000
0.000000
0.000000
0.000000
0.000000
0.000000
0.000000
0.000000
0.000000
0.000000
0.000000
0.000000
0.000000
0.000000
0.000000
0.000000
0.000000
0.000000
0.000000
0.000000
0.000000
0.000000
0.000000
0.000000
0.000000
0.000000
0.000000
0.000000
0.000000
0.000000
0.000000
0.000000
0.000000
0.000000
0.000000
0.000000
0.000000
0.000000
0.000000
0.000000
0.000000
0.000000
0.000000
0.000000
0.000000
0.000000
0.000000
0.000000
0.000000
0.000000
0.000000
0.000000
0.000000
0.000000
0.000000
0.000000
0.000000
0.000000
0.000000
0.000000
0.000000
0.000000
0.000000
0.000000
0.000000
0.000000
0.000000
0.000000
0.000000
0.000000
0.000000
0.000000
0.000000
0.000000
0.000000
0.000000
0.000000
0.000000
0.000000
0.000000
0.000000
0.000000
0.000000
0.000000
0.000000
0.000000
0.000000
0.000000
0.000000
0.000000
0.000000
