0.019152
0.007252
0.006798
0.006742
0.006864
0.001886
0.002233
0.003263
0.004214
0.004320
0.004644
0.021880
0.023013
0.040032
1.277380
1.052121
0.645864
0.583268
0.357005
0.059361
0.030928
0.030236
0.000000
0.000000
0.000000
0.000000
0.000000
0.000000
0.000000
0.000000
0.000000
0.000000
0.000000
0.000000
0.000000
0.000000
0.000000
0.000000
0.000000
0.000000
0.000000
0.000000
0.000000
0.000000
0.000000
0.000000
0.000000
0.000000
0.000000
0.000000
0.000000
0.000000
0.000000
0.000000
0.000000
0.000000
0.000000
0.000000
0.000000
0.000000
0.000000
0.000000
0.000000
0.000000
0.000000
0.000000
0.000000
0.000000
0.000000
0.000000
0.000000
0.000000
0.000000
0.000000
0.000000
0.000000
0.000000
0.000000
0.000000
0.000000
0.000000
0.000000
0.000000
0.000000
0.000000
0.000000
0.000000
0.000000
0.000000
0.000000
0.000000
0.000000
0.000000
0.000000
0.000000
0.000000
0.000000
0.000000
0.000000
0.000000
0.000000
0.000000
0.000000
0.000000
0.000000
0.000000
0.000000
0.000000
0.000000
0.000000
0.000000
0.000000
0.000000
0.000000
0.000000
0.000000
0.000000
0.000000
0.000000
0.000000
0.000000
0.000964
0.000733
0.000000
0.000000
0.000000
0.000000
0.000000
0.000000
0.000000
0.000000
0.000000
0.000000
0.000000
0.000000
0.000000
0.000000
0.000000
0.000000
0.000000
0.000000
0.000000
0.000000
0.000000
0.000000
0.000000
0.000000
0.000000
0.000000
0.000000
0.000000
0.000000
0.000000
0.000000
0.000000
0.000000
0.000000
0.000000
0.000000
0.000000
0.000000
0.000000
0.000000
0.000000
0.000000
0.000000
0.000000
0.000000
0.000000
0.000000
0.000000
0.000000
0.000000
0.000000
0.000000
0.000000
0.000000
0.000000
0.000000
0.000000
0.000000
0.000000
0.000000
0.000000
0.000000
0.000000
0.000000
0.000000
0.000000
0.000000
0.000000
0.000000
0.000000
0.000000
0.000000
0.000000
0.000000
0.076423
0.078604
0.824468
0.846155
0.867613
0.714270
1.091668
1.109155
1.022818
1.024158
0.002592
0.000000
0.000000
0.000000
0.000000
0.000000
0.000000
0.000000
0.000000
0.000000
0.000000
0.000000
0.000000
0.000000
0.000000
0.000000
0.000000
0.000000
0.000000
0.000000
0.000000
0.000000
0.000000
0.000000
0.000000
0.000000
0.000000
0.000000
0.000000
0.000000
0.000000
0.000000
0.000000
0.000000
0.000000
0.000000
0.000000
0.000000
0.000000
0.000000
0.000000
0.000000
0.000000
0.000000
0.000000
0.000000
0.000000
0.000000
0.000000
0.000000
0.000000
0.000000
0.000000
0.000000
0.000000
0.000000
0.000000
0.000000
0.000000
0.000000
0.000000
0.000000
0.000000
0.000000
0.000000
0.000000
0.000000
0.000000
0.000000
0.000000
0.000000
0.000000
0.000000
0.000000
0.000000
0.000000
0.000000
0.000000
0.000000
0.000000
0.000000
0.000000
0.000000
0.000000
0.000000
0.000000
0.000000
0.000000
0.000000
0.000000
0.000000
0.000000
0.000000
0.000000
0.000000
0.000000
0.000000
0.000000
0.000000
0.000000
0.000000
0.000000
0.000000
0.000000
0.000000
0.000000
0.000000
0.000000
0.000000
0.000000
0.000000
0.000000
0.000000
0.000000
0.000000
0.000000
0.000000
0.000000
0.000000
0.000000
0.000000
0.000000
0.000000
0.000000
0.000000
0.000000
0.000000
0.000000
0.000000
0.000000
0.000000
0.000000
0.000000
0.000000
0.000000
0.000000
0.000000
0.000000
0.000000
0.000000
0.000000
0.000000
0.000000
0.000000
0.000000
0.000000
0.000000
0.000000
0.000000
0.000000
0.000000
0.000000
0.000000
0.000000
0.000000
0.000000
0.000000
0.000000
0.000000
0.000000
0.000000
0.000000
0.000000
0.000000
0.000001
0.000002
0.000006
0.000000
0.000000
0.000000
0.000000
0.000000
0.000000
0.000002
0.000001
0.000001
0.000000
0.000000
0.000000
0.000000
0.000000
0.000000
0.000000
0.000000
0.000000
0.000000
0.000000
0.000000
0.000000
0.000001
0.000000
0.000000
0.000000
0.000000
0.000000
0.000000
0.000000
0.000000
0.000000
0.000000
0.000000
0.000000
0.000000
0.000000
0.000000
0.000000
0.000000
0.000002
0.000002
0.000001
0.000000
0.000000
0.000000
0.000000
0.000000
0.000000
0.000000
0.000000
0.000000
0.000000
0.000000
0.000000
0.000002
0.000003
0.000001
0.000005
0.000007
0.000000
0.000000
0.000000
0.000000
0.000000
0.000000
0.000000
0.000000
0.000000
0.000001
0.000000
0.000000
0.000000
0.000007
0.000021
0.000004
0.000003
0.000000
0.000000
0.000000
0.000000
0.000001
0.000002
0.000009
0.000010
0.000001
0.000000
0.000001
0.000002
0.000001
0.000001
0.000001
0.000000
0.000000
0.000000
0.000000
0.000000
0.000000
0.000003
0.000013
0.000024
0.000006
0.000006
0.000008
0.000002
0.000002
0.000010
0.000027
0.000001
0.000001
0.000001
0.000000
0.000000
0.000001
0.000003
0.000001
0.000001
0.000001
0.000000
0.000000
0.000000
0.000002
0.000001
0.000000
0.000000
0.000000
0.000000
0.000000
0.000001
0.000001
0.000000
0.000000
0.000000
0.000002
0.000002
0.000001
0.000008
0.000026
0.000027
0.000030
0.000005
0.000004
0.000006
0.000007
0.000001
0.000001
0.000013
0.000007
0.000006
0.000005
0.000001
0.000001
0.000000
0.000000
0.000001
0.000000
0.000000
0.000000
0.000000
0.000000
0.000000
0.000000
0.000000
0.000000
0.000000
0.000000
0.000000
0.000000
0.000000
0.000000
0.000000
0.000000
0.000000
0.000000
0.000000
0.000000
0.000000
0.000000
0.000001
0.000000
0.000000
0.000000
0.000000
0.000000
0.000000
0.000000
0.000000
0.000000
0.000000
0.000000
0.000000
0.000000
0.000000
0.000000
0.000000
0.000000
0.000000
0.000000
0.000000
0.000000
0.000000
0.000000
0.000000
0.000000
0.000000
0.000000
0.000000
0.000000
0.000000
0.000000
0.000000
0.000000
0.000000
0.000000
0.000000
0.000000
0.000000
0.000000
0.000000
0.000000
0.000000
0.000000
0.000000
0.000000
0.000000
0.000000
0.000000
0.000000
0.000000
0.000000
0.000000
0.000000
0.000000
0.000000
0.000000
0.000000
0.000000
0.000000
0.000000
0.000000
0.000000
0.000000
0.000000
0.000000
0.000000
0.000000
0.000000
0.000000
0.000000
0.000000
0.000000
0.000000
0.000000
0.000000
0.000000
0.000000
0.000000
0.000000
0.000000
0.000000
0.000000
0.000000
0.000000
0.000000
0.000000
0.000000
0.000000
0.000000
0.000000
0.000000
0.000000
0.000000
0.000000
0.000000
0.000000
0.000000
0.000000
0.000000
0.000000
0.000000
0.000000
0.000000
0.000000
0.000000
0.000000
0.000000
0.000000
0.000000
0.000000
0.000000
0.000000
0.000000
0.000000
0.000000
0.000000
0.000000
0.000000
0.000000
0.000000
0.000000
0.000000
0.000000
0.000000
0.000000
0.000000
0.000000
0.000000
0.000000
0.000000
0.000000
0.000000
0.000000
0.000000
0.000000
0.000000
0.000000
0.000000
0.000000
0.000000
0.000000
0.000000
0.000000
0.000000
0.000000
0.000000
0.000000
0.000000
0.000000
0.000000
0.000000
0.000000
0.000000
0.000000
0.000000
0.000000
0.000000
0.000000
0.000000
0.000000
0.000000
0.000000
0.000000
0.000000
0.000000
0.000000
0.000000
0.000000
0.000000
0.000000
0.000000
0.000000
0.000000
0.000000
0.000000
0.000000
0.000000
0.000000
0.000000
0.000000
0.000000
0.000000
0.000000
0.000000
0.000000
0.000000
0.000000
0.000000
0.000000
0.000000
0.000000
0.000000
0.000000
0.000000
0.000000
0.000000
0.000000
0.000000
0.000000
0.000000
0.000000
0.000000
0.000000
0.000000
0.000000
0.000000
0.000000
0.000000
0.000000
0.000000
0.000000
0.000000
0.000000
0.000000
0.000000
0.000000
0.000000
0.000000
0.000000
0.000000
0.000000
0.000000
0.000000
0.000000
0.000000
0.000000
0.000000
0.000000
0.000000
0.000000
0.000000
0.000005
0.000001
0.000000
0.000000
0.000000
0.000000
0.000000
0.000000
0.000000
0.000000
0.000000
0.000000
0.000000
0.000003
0.000003
0.000000
0.000000
0.000000
0.000000
0.000000
0.000000
0.000000
0.000000
0.000000
0.000000
0.000000
0.000000
0.000000
0.000000
0.000000
0.000000
0.000000
0.000000
0.000001
0.000001
0.000001
0.000001
0.000001
0.000000
0.000000
0.000000
0.000000
0.000000
0.000000
0.000000
0.000000
0.000000
0.000000
0.000000
0.000000
0.000000
0.000000
0.000000
0.000000
0.000000
0.000000
0.000000
0.000000
0.000000
0.000000
0.000000
0.000000
0.000000
0.000000
0.000000
0.000000
0.000000
0.000000
0.000000
0.000000
0.000000
0.000000
0.000000
0.000000
0.000000
0.000000
0.000000
0.000000
0.000000
0.000001
0.000001
0.000001
0.000001
0.000001
0.000001
0.000002
0.000001
0.000001
0.000000
0.000001
0.000000
0.000001
0.000001
0.000002
0.000003
0.000003
0.000013
0.000009
0.000003
0.000002
0.000002
0.000001
0.000001
0.000001
0.000001
0.000000
0.000001
0.000002
0.000002
0.000001
0.000003
0.000003
0.000001
0.000001
0.000001
0.000000
0.000000
0.000000
0.000000
0.000000
0.000000
0.000000
0.000000
0.000000
0.000001
0.000001
0.000002
0.000001
0.000002
0.000003
0.000008
0.000009
0.000027
0.000002
0.000001
0.000001
0.000001
0.000002
0.000001
0.000001
0.000000
0.000003
0.000002
0.000003
0.000003
0.000005
0.000001
0.000001
0.000001
0.000001
0.000001
0.000001
0.000001
0.000001
0.000002
0.000002
0.000002
0.000001
0.000000
0.000000
0.000001
0.000001
0.000002
0.000004
0.000004
0.000004
0.000008
0.000006
0.000007
0.000009
0.000008
0.000016
0.000027
0.000031
0.000067
0.000044
0.000010
0.000009
0.000017
0.000060
0.000051
0.000057
0.000035
0.000014
0.000013
0.000007
0.000008
0.000027
0.000014
0.000021
0.000022
0.000016
0.000036
0.000030
0.000026
0.000012
0.000013
0.000013
0.000061
0.000013
0.000011
0.000023
0.000015
0.000016
0.000008
0.000009
0.000012
0.000012
0.000016
0.000018
0.000011
0.000005
0.000006
0.000008
0.000025
0.000031
0.000009
0.000011
0.000020
0.000020
0.000024
0.000017
0.000020
0.000037
0.000090
0.000147
0.000448
0.000438
0.003580
1.130925
1.182160
1.240479
1.260439
1.296666
1.346859
1.429337
1.409211
1.540958
1.578439
1.547144
1.678645
1.481293
0.020603
0.013093
0.012309
0.000055
0.000025
0.000012
0.000002
0.000001
0.000000
0.000000
0.000000
0.000000
0.000000
0.000000
0.000000
0.000000
0.000000
0.000000
0.000000
0.000000
0.000000
0.000000
0.000000
0.000000
0.000000
0.000000
0.000000
0.000000
0.000000
0.000000
0.000000
0.000000
0.000000
0.000000
0.000000
0.000000
0.000000
0.000000
0.000000
0.000000
0.000000
0.000000
0.000000
0.000000
0.000000
0.000000
0.000000
0.000000
0.000000
0.000000
0.000000
0.000000
0.000000
0.000000
0.000000
0.000000
0.000000
0.000000
0.000000
0.000000
0.000000
0.000000
0.000000
0.000000
0.000000
0.000000
0.000000
0.000000
0.000000
0.000000
0.000000
0.000000
0.000000
0.000000
0.000000
0.000000
0.000000
0.000000
0.000000
0.000000
0.000000
0.000000
0.000000
0.000000
0.000000
0.000000
0.000000
0.000000
0.000000
0.000000
0.000000
0.000000
0.000000
0.000000
0.000000
0.000000
0.000000
0.000000
0.000000
0.000000
0.000000
0.000000
0.000000
0.000000
0.000000
0.000000
0.000000
0.002989
0.023292
0.024543
0.026245
0.028111
0.043903
0.037874
0.004946
0.004384
0.000000
0.000000
0.000000
0.000000
0.000000
0.000000
0.000000
0.000000
0.000000
0.000000
0.000000
0.000000
0.000000
0.000001
0.000000
0.000000
0.000000
0.000000
0.000000
0.000000
0.000000
0.000000
0.000000
0.000000
0.000000
0.000000
0.000000
0.000000
0.000000
0.000000
0.000000
0.000000
0.000000
0.000000
0.000000
0.000000
0.000000
0.000000
0.000000
0.000000
0.000000
0.000000
0.000000
0.000000
0.000000
0.000000
0.000000
0.000000
0.000000
0.000000
0.000000
0.000000
0.000000
0.000000
0.000000
0.000000
0.000000
0.000000
0.000000
0.000000
0.000000
0.000000
0.000000
0.000000
0.000000
0.000000
0.000000
0.000000
0.000000
0.000000
0.000000
0.000000
0.000000
0.000000
0.000000
0.000000
0.000000
0.000000
0.004012
0.003644
0.003739
0.001190
0.000000
0.000000
0.000000
0.000000
0.000000
0.000000
0.000000
0.000000
0.000000
0.000000
0.000000
0.000000
0.000000
0.000000
0.000000
0.000000
0.000000
0.000000
0.000000
0.000000
0.000000
0.000000
0.000000
0.000000
0.000000
0.000000
0.000000
0.000000
0.000000
0.000000
0.000000
0.000000
0.000000
0.000000
0.000000
0.000000
0.000000
0.000000
0.000000
0.000000
0.000000
0.000000
0.000000
0.000000
0.000000
0.000000
0.000000
0.000000
0.000000
0.000000
0.000000
0.000000
0.000000
0.000000
0.000000
0.000000
0.000000
0.000000
0.000000
0.000000
0.000000
0.000000
0.000000
0.000000
0.000000
0.000000
0.000000
0.000000
0.000000
0.000001
0.000000
0.000001
0.000001
0.000000
0.000000
0.000001
0.000000
0.000000
0.000001
0.000000
0.000000
0.000000
0.000000
0.000000
0.000000
0.000000
0.000000
0.000000
0.000000
0.000000
0.000000
0.000000
0.000000
0.000000
0.000001
0.000001
0.000001
0.000000
0.000001
0.000001
0.000001
0.000000
0.000001
0.000000
0.000000
0.000000
0.000000
0.000000
0.000001
0.000001
0.000001
0.000002
0.000004
0.000008
0.000008
0.000170
0.004557
0.001390
0.021439
0.081243
0.087967
0.103784
0.528827
0.563393
0.612185
0.672259
0.725309
2.700907
0.007070
3.643434
4.152268
4.753984
5.362696
5.970704
6.212669
6.339580
6.378720
6.382677
6.386557
6.387518
6.388283
6.388411
6.388422
6.388244
6.388253
6.388442
6.388465
6.388433
6.388166
6.388157
6.388317
6.388360
6.388323
6.388261
6.388104
6.387945
6.388094
6.387532
6.380379
6.372943
6.363383
6.358581
6.356302
6.318311
6.282961
6.254769
6.209021
0.213245
6.291615
6.350728
6.367876
6.384225
6.386107
6.387149
6.386085
6.383070
6.374803
6.361090
6.349660
6.335918
6.222486
6.164344
6.092539
5.981178
0.083150
0.126702
0.129612
6.203175
6.330656
6.361181
6.386569
6.387799
6.388326
6.388376
6.388359
6.388263
6.388275
6.387932
6.387723
6.387646
6.388174
6.388428
6.388404
6.920187
6.934745
6.940355
6.931252
6.926122
6.925563
7.459439
7.478142
7.489959
7.503533
7.524410
7.526845
7.527304
7.529495
7.530029
7.528199
7.528242
7.530300
7.534817
7.537811
7.538330
7.538442
7.538288
7.537801
7.537507
7.537873
7.538553
7.538497
7.538477
7.538450
7.538355
7.538108
7.536493
7.535635
7.536418
7.537658
7.538353
7.538073
7.537975
7.537970
7.538102
7.538495
7.538457
7.538292
7.537964
7.537676
7.537686
7.534096
7.533750
7.536184
7.535866
7.530867
7.527718
7.526188
7.521084
7.321230
6.573626
6.568822
6.937185
7.380515
7.520310
7.527799
7.535252
7.537291
7.538537
7.538512
7.538506
7.538519
7.538521
7.538545
7.538547
7.538466
7.537347
7.536082
7.535777
7.536751
7.537067
7.537244
7.537889
7.538234
7.537565
7.537042
7.936458
7.939511
7.940948
7.940921
7.940466
7.939291
7.938977
7.939291
7.940604
7.941133
7.940571
7.939839
7.938838
7.937786
7.938383
7.935170
7.932159
7.932058
7.935800
7.932260
7.928170
7.926733
7.927872
7.931959
7.939492
7.941050
7.941008
7.941155
7.941343
7.926443
7.867095
7.680751
0.797285
6.815714
0.073557
0.090368
7.235038
7.752198
7.840738
7.866590
8.517317
8.566965
8.596170
8.616763
8.621510
8.622078
8.622162
8.620520
8.618928
8.618137
8.615224
8.614598
8.617126
8.608795
8.602499
8.600813
8.601020
8.608787
8.620287
8.619295
8.618649
8.604337
8.466740
8.354017
8.293297
0.119558
7.772392
7.861071
7.778908
0.139958
7.816624
0.313263
7.816514
8.087819
8.208905
8.206758
8.196516
8.198633
8.166472
8.195385
8.308682
8.344357
8.384483
8.399732
8.544652
8.581099
8.591876
8.606038
8.608034
8.610998
8.618775
8.614402
8.598523
8.578626
8.567340
8.564612
8.575567
8.592410
8.595212
8.596198
8.603975
8.614531
8.615848
8.616899
8.616894
8.618340
8.619594
8.619118
8.619715
8.621366
8.622160
8.622113
8.621896
8.622232
8.622310
8.621742
8.621393
8.617941
8.615038
8.612102
8.604417
8.604452
8.612645
8.619289
8.622039
8.622529
8.622534
8.622381
8.620328
8.611438
8.575576
8.312220
8.109504
0.247864
0.120136
0.118509
0.116641
7.322963
7.149566
0.131175
0.120973
6.887260
6.763513
6.624555
0.612324
7.311143
8.568910
8.716161
8.812068
8.920322
9.004801
9.011220
9.012250
9.012710
9.005240
8.987343
8.978223
8.946767
8.912196
8.851155
8.751870
8.339184
7.852252
7.424935
6.745930
6.285361
0.034303
0.041446
0.053598
0.333118
8.364033
8.626958
8.813994
8.919076
8.990629
9.004665
9.011755
9.012696
9.013107
9.013129
9.013310
9.013238
9.012555
9.010502
9.008525
9.008773
9.007991
9.009057
9.012812
9.013293
9.013280
9.013278
9.013245
9.013224
9.013158
9.013131
9.013210
9.013012
9.012775
9.012788
9.012601
9.012566
9.013014
9.012228
9.010407
9.004279
9.001877
9.003651
9.003529
9.006155
9.008642
9.009590
9.002303
8.995833
8.793977
8.271544
8.249474
8.186378
7.924725
7.652394
6.912052
6.250985
5.640441
5.040384
4.346993
3.012418
0.022186
0.020266
0.065471
1.016572
5.740276
6.412146
7.072078
7.407161
7.604953
7.828823
8.087917
8.151155
8.207999
8.300218
8.319481
8.314477
8.310954
8.308253
8.305657
8.302823
8.299052
8.294312
8.292387
8.291818
8.291841
8.291674
8.291513
8.291374
8.292659
8.296884
8.298136
8.304227
8.302035
8.302802
8.308968
8.312882
8.314914
8.316357
8.318365
8.319834
8.312026
8.303214
8.294098
8.234949
8.193601
8.172372
8.153296
8.056706
7.921468
0.005931
0.005869
0.004612
7.808766
8.122813
7.921006
7.702277
7.488255
7.337593
6.977304
6.521812
5.844952
5.359082
0.051643
0.006434
0.003313
0.001496
0.000848
0.002913
0.002293
0.050040
0.024296
0.024949
0.046836
0.040864
4.635072
4.457247
4.235791
2.994893
0.220480
4.225657
4.460537
5.017293
5.416386
6.212715
7.059589
7.891344
8.333270
8.829506
9.011696
9.027629
9.037518
9.043097
9.047029
9.043707
9.034322
9.025231
9.006314
8.748219
8.460199
8.133381
7.582595
4.400092
0.145557
0.143774
6.488744
7.099723
7.771666
8.095377
8.137525
8.172250
8.192348
8.300489
8.361581
8.360381
8.319255
8.268534
8.190358
8.046754
7.866184
0.013491
0.013275
0.013213
0.007510
0.008083
0.008542
7.628301
7.603991
7.590305
0.084528
7.706451
7.861803
8.006733
8.076771
8.138470
7.946977
7.535575
7.169764
6.662366
0.032973
0.200335
6.583840
6.879056
6.971687
7.057881
6.965196
6.921225
6.838850
6.389460
6.424245
6.675305
6.712121
6.729231
6.686754
6.652788
6.638052
0.077111
0.073122
0.005344
0.004155
0.001721
0.001341
0.001230
0.001418
0.001614
6.324486
6.200838
6.201460
5.508742
5.759091
5.574988
5.441117
5.368755
5.286686
5.123600
4.923074
4.716606
4.278106
0.838695
0.662328
0.704624
0.546871
4.939519
5.365116
5.931741
6.265487
6.580068
6.765537
6.976839
7.056479
7.102834
7.129852
7.138230
6.810579
0.046203
0.285804
6.995404
7.322768
7.447864
7.602251
7.618286
7.650199
7.655155
7.627097
7.522205
7.420723
7.306013
7.047510
6.847435
6.196120
5.488604
0.051592
0.004016
0.002232
0.012462
0.011320
0.011087
0.010895
0.011100
0.011083
0.011371
0.011257
0.012660
0.012286
0.010039
0.009768
0.007568
0.003417
0.009204
0.012402
4.377798
3.971131
3.600096
3.191539
2.838873
2.390494
1.912170
1.439109
1.083061
1.216115
1.160796
0.140883
0.036722
0.035914
0.035075
0.004780
0.000542
0.000481
0.000379
0.000200
0.000153
0.000163
0.000140
0.000104
0.000078
0.000066
0.000096
0.000090
0.000135
0.001292
0.001016
0.001271
0.001574
0.001084
0.001808
0.002405
0.203690
0.584522
0.722343
0.787371
1.202548
1.830308
2.402815
2.631103
3.028565
3.362553
3.751586
4.282392
4.766667
5.307239
5.936452
6.626617
7.304776
7.532882
7.655535
7.621065
7.580201
0.158582
7.914514
8.027891
8.126371
8.191798
8.267576
8.280878
8.282326
8.294137
8.321846
8.333215
8.311090
8.279256
8.192682
8.127723
8.046557
7.811114
7.595084
7.304633
6.885573
6.378777
6.211370
0.228231
0.226184
0.034362
0.035216
6.823877
7.151146
7.408655
7.663017
7.989104
8.178392
8.321188
8.336424
8.360178
8.356419
8.351745
8.263241
8.022681
7.762011
7.525365
7.125970
6.409187
0.966804
5.407584
5.701230
6.289021
7.218122
7.621537
8.161127
8.254988
8.342117
8.378180
8.386193
8.389949
8.389081
8.387567
8.378881
8.347030
8.265225
8.199978
8.156799
8.091155
7.989672
7.912662
7.805788
7.719737
7.308439
6.812066
0.270286
5.871023
5.710770
5.544166
4.774857
4.688815
0.052959
0.761343
5.458482
5.879510
6.450238
6.744690
7.168632
7.390471
7.499257
7.579209
7.695724
7.817881
7.983635
8.037610
8.060487
8.069890
8.070219
8.074260
8.078580
8.082281
8.079041
8.073098
8.060122
8.057386
8.048932
0.006642
0.008003
8.070017
8.066794
8.024600
7.973835
7.869264
7.765593
7.540985
7.260301
6.986201
0.203178
0.304031
7.690358
7.838204
7.988807
8.022376
8.027650
8.030213
8.031063
8.030731
8.007265
7.980136
7.917684
7.684551
7.592443
0.085531
7.536519
7.660948
7.909246
8.015301
8.025052
8.031342
8.040300
8.041801
8.042806
8.043849
8.030618
7.947095
7.911930
7.860701
7.812469
7.664888
7.479769
0.070881
0.059376
0.209655
0.201840
7.590430
7.740480
7.935775
8.019250
8.029826
8.031668
8.032052
8.032161
8.032307
8.032656
8.032415
8.079446
8.081373
8.081400
8.081369
8.086285
8.086471
8.091657
8.098807
8.100337
8.101488
8.101469
8.101896
8.100874
7.897515
7.688799
7.617644
7.490605
7.396073
0.001816
0.721006
0.727616
7.818916
7.927186
8.004887
8.029416
8.039999
8.050079
8.050715
8.032356
8.032291
8.032044
8.030974
8.025105
8.012893
8.000560
7.989768
7.965830
7.795691
7.358461
6.399275
5.618475
1.682862
2.049155
6.389158
7.356328
7.737147
7.922028
7.992021
0.000548
8.019042
8.030988
8.034404
8.034071
8.033691
8.033484
8.033397
8.033487
8.033311
8.033432
8.032921
8.031875
0.000312
0.000296
0.000364
0.000487
0.001194
8.052487
8.054355
8.056560
8.059411
8.060485
8.060158
8.060559
8.061028
8.060817
8.058888
8.056896
8.053494
8.046323
8.039378
8.031327
8.021286
8.003488
7.992427
7.983771
7.986169
8.011727
8.028043
8.030928
8.031410
8.031267
8.031269
8.030913
8.030922
8.027836
8.027299
8.029590
8.030665
8.031586
8.031402
8.030482
8.029864
8.028385
8.026060
7.994558
7.957795
7.907841
7.873814
7.826025
7.789135
7.743851
7.690032
7.653651
7.638807
7.634093
7.638707
7.637432
7.630785
7.639076
7.664417
7.679459
7.688770
7.707928
7.726407
7.706131
7.669706
7.643620
7.611773
7.549110
7.459884
7.408442
7.338198
7.277705
7.198163
7.086312
6.707405
6.288070
5.866977
5.351951
5.074663
4.875389
4.589779
4.212223
4.089379
3.955823
3.836932
0.120411
0.105466
0.001027
0.001705
0.001195
0.001255
0.001591
0.007107
0.031583
4.434772
4.644465
4.840665
5.002692
5.318858
5.488702
5.722077
5.851454
6.108146
6.375005
6.570134
6.781654
7.030388
7.269447
7.320041
7.139247
7.413486
7.672813
7.721688
7.733318
7.743029
7.731148
7.646221
7.438682
6.857479
0.084948
0.067082
0.079497
6.360840
4.129133
0.133034
0.108057
0.102004
0.094801
0.091242
0.000300
0.000123
0.000051
0.000059
0.000252
0.000388
0.000088
0.000087
0.000121
0.000192
0.001560
0.001651
0.001562
0.003162
0.102583
0.103532
3.161921
5.060337
5.771426
6.551907
7.277299
7.585546
7.913296
7.938582
7.936122
7.854493
7.778775
7.744131
7.596772
7.408824
7.111691
6.954744
5.959368
5.820250
5.973205
6.191425
6.630322
6.728038
6.770591
6.512521
6.544448
7.050134
7.014922
6.923187
6.434565
6.579839
6.700650
6.685254
6.499357
6.241298
0.244003
0.206038
0.214438
6.677212
6.962164
7.044289
7.015915
6.941847
7.325603
7.476443
7.611057
7.634571
7.638212
7.645757
7.627486
7.599836
7.515225
7.331780
7.196501
7.092474
7.023988
6.957731
6.871587
6.803170
6.628978
6.594838
6.538518
0.050354
6.771365
6.199258
5.627739
4.865546
4.207912
3.610198
3.131165
0.008788
1.537357
1.252276
1.008736
0.372374
0.239770
0.054082
0.021391
0.022606
0.023920
0.026206
0.027347
0.029050
0.030283
0.030620
0.029692
0.028976
0.015738
0.014848
0.014764
0.014901
0.014228
0.691651
1.584618
1.794614
1.929965
2.091941
2.216409
0.065575
2.435859
3.020306
3.365951
3.755000
4.196818
4.737742
5.503967
6.086221
6.505040
7.063486
7.246956
7.431390
7.496999
7.565723
7.579585
7.569748
7.544786
0.024178
0.019161
7.202227
7.194606
7.130100
6.671847
6.333063
5.927298
5.501539
4.879935
3.974789
2.857919
1.465636
0.590272
0.291366
0.259368
0.180825
0.159504
0.042300
0.036826
0.014309
0.004767
0.004424
0.001041
0.001070
0.000105
0.018184
0.018088
0.036276
0.036989
0.035181
0.032993
0.030085
0.029780
0.025755
0.015992
0.000260
0.000145
0.000525
0.028123
0.046139
0.010067
0.001514
0.001474
0.000096
0.000133
0.000148
0.000143
0.000153
0.000000
0.000000
