0.073027
0.016231
0.000727
0.000044
0.000000
0.000000
0.000000
0.000000
0.000000
0.000000
0.000000
0.000000
0.000000
0.000000
0.000000
0.000000
0.000069
0.000055
0.000028
0.000039
0.000039
0.001304
0.001619
0.001739
0.001837
0.002050
0.002162
0.000000
0.000000
0.000000
0.000000
0.000000
0.000000
0.000000
0.000000
0.000000
0.000000
0.000000
0.000000
0.000000
0.000000
0.000000
0.000000
0.000000
0.000000
0.000000
0.000000
0.000000
0.000000
0.000000
0.000000
0.000000
0.000000
0.000000
0.000000
0.000000
0.000000
0.000000
0.000000
0.000000
0.000000
0.000000
0.000000
0.000000
0.000000
0.000000
0.000000
0.000000
0.000000
0.000000
0.000000
0.000000
0.000000
0.000000
0.000000
0.000000
0.000000
0.000000
0.000000
0.000000
0.000000
0.000000
0.000000
0.000000
0.000000
0.000000
0.000000
0.000000
0.000000
0.000000
0.000000
0.000000
0.000000
0.000000
0.000000
0.000000
0.000000
0.000000
0.000000
0.000000
0.000000
0.000000
0.000000
0.000000
0.000000
0.000000
0.000000
0.000000
0.000000
0.000000
0.000000
0.000000
0.000000
0.000000
0.000000
0.000000
0.000000
0.000000
0.000000
0.000000
0.000000
0.000000
0.000000
0.000000
0.000000
0.000000
0.000000
0.000000
0.000000
0.000000
0.000000
0.000000
0.000000
0.000000
0.000000
0.000000
0.000000
0.000000
0.000000
0.000000
0.000000
0.000000
0.000000
0.000000
0.000052
0.000244
0.000375
0.000674
0.001314
0.002539
0.002788
0.003517
0.004599
0.005272
0.000000
0.000000
0.000000
0.000000
0.000000
0.000000
0.000000
0.000000
0.000000
0.000000
0.000000
0.000000
0.000000
0.000000
0.000000
0.000000
0.000000
0.000000
0.000000
0.000000
0.000000
0.000000
0.000000
0.000000
0.000000
0.000000
0.000000
0.000520
0.000000
0.000000
0.000000
0.000000
0.000000
0.000000
0.000000
0.000000
0.000000
0.000000
0.000000
0.000000
0.000000
0.000000
0.000000
0.000000
0.000000
0.000000
0.000000
0.000000
0.000000
0.000000
0.000000
0.000000
0.000000
0.000000
0.000000
0.000000
0.000000
0.000000
0.000000
0.000000
0.000000
0.000000
0.000000
0.000000
0.000000
0.000000
0.000000
0.000000
0.000000
0.000000
0.000000
0.000000
0.000000
0.000000
0.000000
0.000000
0.000000
0.000000
0.000000
0.000000
0.000000
0.000000
0.000000
0.000000
0.000000
0.000000
0.000000
0.000000
0.000000
0.000000
0.000000
0.000000
0.000000
0.000000
0.000000
0.000000
0.000000
0.000000
0.000000
0.000000
0.000000
0.010258
0.010091
0.010341
0.005430
0.005192
0.004163
0.003793
0.003540
0.000000
0.000000
0.000000
0.000000
0.000000
0.000000
0.000000
0.000000
0.000000
0.000000
0.000000
0.000000
0.000000
0.000000
0.000000
0.000000
0.000000
0.000000
0.000000
0.000000
0.000000
0.000000
0.000000
0.000000
0.000000
0.000000
0.000000
0.000000
0.000000
0.000000
0.000000
0.000000
0.000000
0.000000
0.000000
0.000000
0.000001
0.000001
0.000001
0.000001
0.000001
0.000001
0.003251
0.002936
0.002436
0.002025
0.000079
0.000014
0.000008
0.000005
0.000000
0.000000
0.000000
0.000000
0.000000
0.000000
0.000000
0.000000
0.000000
0.000000
0.000000
0.000000
0.000000
0.000000
0.000000
0.000000
0.000000
0.000000
0.000000
0.000000
0.000000
0.000000
0.000000
0.000000
0.000000
0.000000
0.000000
0.000000
0.000000
0.000000
0.000000
0.000000
0.000000
0.000000
0.000000
0.000000
0.000000
0.000000
0.000000
0.000000
0.000000
0.000000
0.000000
0.000000
0.000000
0.000000
0.000000
0.000000
0.000000
0.000000
0.000000
0.000004
0.000005
0.000010
0.000007
0.000008
0.000013
0.000009
0.000000
0.000000
0.000000
0.000000
0.000000
0.000000
0.000000
0.000000
0.000000
0.000000
0.000000
0.000000
0.000000
0.000000
0.000000
0.000000
0.000000
0.000000
0.000000
0.000000
0.000000
0.000000
0.000000
0.000000
0.000000
0.000000
0.000000
0.000000
0.000000
0.000000
0.000000
0.000000
0.000001
0.000000
0.000000
0.000000
0.000000
0.000000
0.000001
0.000000
0.000001
0.000001
0.000024
0.000016
0.000000
0.000000
0.000000
0.000000
0.000000
0.000000
0.000000
0.000000
0.000000
0.000001
0.000001
0.000001
0.000002
0.000002
0.000002
0.000001
0.000001
0.000001
0.000000
0.000000
0.000000
0.000000
0.000000
0.000000
0.000000
0.000000
0.000000
0.000000
0.000000
0.000000
0.000000
0.000000
0.000000
0.000000
0.000000
0.000000
0.000000
0.000000
0.000000
0.000000
0.000000
0.000000
0.000000
0.000000
0.000000
0.000000
0.000000
0.000000
0.000000
0.000000
0.000000
0.000000
0.000000
0.000000
0.000000
0.000000
0.000000
0.000000
0.000000
0.000000
0.000000
0.000000
0.000000
0.000001
0.000000
0.000001
0.000001
0.000000
0.000000
0.000000
0.000000
0.000000
0.000000
0.000000
0.000000
0.000000
0.000000
0.000000
0.000000
0.000000
0.000000
0.000000
0.000000
0.000000
0.000000
0.000000
0.000000
0.000000
0.000000
0.000000
0.000000
0.000000
0.000000
0.000000
0.000000
0.000000
0.000000
0.000000
0.000000
0.000000
0.000000
0.000000
0.000000
0.000000
0.000000
0.000000
0.000000
0.000000
0.000000
0.000000
0.000212
0.000222
0.000228
0.000227
0.000226
0.000223
0.000000
0.000000
0.000000
0.000000
0.000000
0.000000
0.000000
0.000000
0.000000
0.000000
0.000000
0.000193
0.000174
0.000168
0.000143
0.000137
0.000136
0.000119
0.000107
0.000073
0.000000
0.000000
0.000000
0.000000
0.000000
0.000000
0.000000
0.000000
0.000003
0.000003
0.000001
0.000000
0.000000
0.000001
0.000000
0.000100
0.000104
0.000135
0.000147
0.000171
0.000100
0.000092
0.000096
0.000000
0.000000
0.000000
0.000000
0.000000
0.000000
0.000000
0.000000
0.000000
0.000000
0.000000
0.000000
0.000000
0.000000
0.000000
0.000006
0.000024
0.000121
0.000239
0.003881
0.004805
0.005160
0.005329
0.009676
0.010134
0.009746
0.009344
0.005027
0.000001
0.000000
0.000000
0.000000
0.000000
0.000000
0.000000
0.000000
0.000000
0.000000
0.000000
0.000000
0.000000
0.000000
0.000000
0.000000
0.000000
0.000000
0.000000
0.000000
0.000000
0.000000
0.000000
0.000000
0.000000
0.000000
0.000000
0.000001
0.000003
0.003002
0.003081
0.000017
0.000002
0.000001
0.000000
0.000000
0.000000
0.000002
0.000002
0.000002
0.000002
0.000000
0.000000
0.000000
0.000000
0.000012
0.000020
0.007953
0.008220
0.015311
0.015373
0.042102
0.043305
0.043692
0.024524
0.023932
0.022002
0.019908
0.017538
0.000579
0.000111
0.000540
0.000507
0.002035
0.007779
0.024576
0.026021
0.026914
0.027918
0.028429
0.029149
0.029007
0.003841
0.003815
0.003835
0.003621
0.003019
0.000820
0.000003
0.000003
0.000002
0.000003
0.000005
0.000004
0.000000
0.000001
0.000001
0.000113
0.000120
0.000002
0.000001
0.000001
0.000001
0.000007
0.000446
0.000456
0.000455
0.000902
0.000941
0.002464
0.002660
0.002489
0.002313
0.001506
0.001417
0.001252
0.001123
0.000631
0.000697
0.000636
0.000656
0.000668
0.000009
0.000847
0.000848
0.000887
0.000850
0.000834
0.000801
0.000735
0.000189
0.000198
0.000233
0.000304
0.000300
0.000284
0.000283
0.000281
0.000290
0.000296
0.000274
0.000255
0.000036
0.000041
0.000783
0.000998
0.001030
0.001046
0.001029
0.001015
0.001007
0.000930
0.000860
0.000755
0.000181
0.000398
0.000457
0.000518
0.000496
0.000505
0.000492
0.000409
0.000296
0.000220
0.000171
0.000145
0.000108
0.000100
0.000088
0.000006
0.000014
0.000009
0.000005
0.000004
0.000002
0.000002
0.000020
0.000010
0.000004
0.000005
0.000002
0.000002
0.000006
0.000006
0.000003
0.000002
0.000001
0.000001
0.000001
0.000037
0.000043
0.000048
0.000050
0.000047
0.000067
0.000066
0.000058
0.000052
0.000053
0.000056
0.000056
0.000053
0.000054
0.000055
0.000059
0.000071
0.000053
0.000052
0.000052
0.000053
0.000054
0.000056
0.000157
0.000133
0.000195
0.000040
0.000001
0.000001
0.000000
0.000000
0.000000
0.000000
0.000000
0.000000
0.000000
0.000000
0.000000
0.000000
0.000000
0.000000
0.000000
0.000000
0.000000
0.000000
0.000000
0.000000
0.000001
0.000001
0.000001
0.000007
0.000010
0.000007
0.000010
0.000010
0.000013
0.000010
0.000009
0.000011
0.000000
0.000000
0.000000
0.000000
0.000000
0.000000
0.000000
0.000000
0.000000
0.000000
0.000000
0.000001
0.000394
0.000311
0.000293
0.000315
0.000013
0.000042
0.000056
0.000064
0.000000
0.000000
0.000000
0.000001
0.000000
0.000000
0.000001
0.000001
0.000002
0.000003
0.000007
0.000002
0.000001
0.000001
0.000003
0.000003
0.000001
0.000001
0.000002
0.000006
0.000006
0.000006
0.000004
0.000004
0.000005
0.000001
0.000002
0.000002
0.000002
0.000003
0.000004
0.000003
0.000005
0.000002
0.000002
0.000001
0.000003
0.000002
0.000003
0.000003
0.000006
0.000006
0.000002
0.000003
0.000004
0.000007
0.000007
0.000004
0.000006
0.000004
0.000007
0.000004
0.000002
0.000001
0.000001
0.000002
0.000002
0.000002
0.000002
0.000002
0.000002
0.000003
0.000005
0.000003
0.000006
0.000005
0.000007
0.000008
0.000003
0.000009
0.000003
0.000005
0.000004
0.000005
0.000009
0.000010
0.000005
0.000011
0.000012
0.000020
0.000016
0.000070
0.000086
0.000041
0.000050
0.000037
0.000022
0.000015
0.000015
0.000018
0.000026
0.000027
0.000032
0.000055
0.000043
0.000074
0.012169
0.016581
0.026358
0.028529
0.031314
0.113440
0.175362
2.626006
2.469543
2.138396
1.862991
1.662448
1.462630
1.500978
0.047869
0.045524
0.007716
0.007656
0.000802
0.000050
0.000039
0.000033
0.000083
0.000065
0.000041
0.000064
0.000073
0.000260
0.000428
0.000534
0.023451
0.184467
0.269094
3.563843
4.081653
4.577010
5.280739
5.806455
5.901088
6.010954
6.070199
6.117993
6.059454
6.002122
5.958816
5.813193
5.771815
5.667752
5.633768
5.617551
5.613121
5.620191
5.466181
5.220749
3.983517
3.993875
4.691509
4.668401
4.777277
4.661017
5.390536
5.589516
5.859559
6.139435
6.207962
6.125185
6.404839
6.533660
6.620785
6.730102
6.838591
6.927119
6.984645
7.069307
7.191119
7.263227
7.320683
7.398471
7.456397
7.537811
7.654133
7.755010
7.803087
7.852527
7.905854
7.933821
7.968252
7.980363
7.981386
7.980708
7.981412
7.980864
7.976742
7.974242
7.971742
7.972003
7.965800
7.959991
7.956102
7.949618
7.946705
8.171114
8.183647
7.987957
8.041348
8.000117
7.983648
7.955136
7.920012
7.855148
7.748299
7.719161
7.475202
7.203566
6.868946
6.524030
6.203699
5.682830
5.183396
4.594614
0.489533
0.483560
0.473031
0.479508
0.594170
0.651493
0.676038
1.442899
5.410210
6.071771
6.875768
6.993958
7.112827
7.274739
7.466797
7.541342
7.643160
7.787594
7.844994
7.903704
8.020443
8.174549
8.232749
8.287840
8.318973
8.280736
8.226671
8.189453
8.172070
7.819231
7.589085
7.393240
7.098878
6.689176
5.846708
5.060175
4.417251
3.816874
3.279292
2.566547
2.358950
2.313355
2.129215
0.323877
0.327020
0.004876
0.006985
0.010273
0.010745
0.010821
0.011895
0.012184
0.013249
0.987233
0.907800
0.841217
0.769408
0.665820
0.599776
0.548712
0.000964
0.004532
0.024611
0.038137
0.054501
0.160798
0.182591
0.224496
0.293730
0.468418
0.914154
1.124509
2.561806
2.868055
3.194002
3.576106
3.933356
4.306973
4.724885
5.204662
0.012993
0.014522
5.854003
6.625020
7.377439
7.485599
7.604901
7.744457
7.793585
7.779645
7.777687
7.774904
7.761480
7.707458
7.666436
7.725109
7.692289
7.668894
7.670231
7.620627
7.592259
7.696016
7.561528
7.204961
7.057526
6.646551
6.273636
5.870111
5.402879
2.980805
0.839114
0.016751
0.015589
0.003919
0.003814
0.561496
1.478620
2.755650
3.092785
3.560279
4.079310
0.172006
7.176268
8.360049
8.763951
8.960515
9.152469
9.302777
9.487594
9.508983
9.507988
9.501632
9.505515
9.508007
9.526673
9.549636
9.557690
9.555620
9.566246
9.561576
9.543333
9.539888
9.514952
9.491582
9.490895
9.486484
9.498720
9.486563
9.480665
9.478215
9.464813
9.461582
9.465863
9.406823
9.346494
9.292317
9.201608
8.788019
8.356762
7.879163
7.372935
6.963825
6.566014
6.066193
5.096104
2.176970
3.151447
0.081838
0.008345
0.008532
0.002539
0.001781
0.002157
0.005117
0.004532
0.001736
0.001001
0.020016
2.786426
2.683968
2.540402
2.419773
2.276000
0.367271
0.139263
0.083920
0.066936
0.000507
0.000516
0.000526
0.000119
0.000143
0.000132
0.000197
0.012645
0.012492
0.011650
0.017993
0.018838
0.007111
0.009609
0.077352
0.069013
0.116204
2.119530
0.845938
0.045455
0.014427
0.016647
0.023712
0.189876
3.186200
3.509899
4.076300
4.557569
5.109926
5.794848
6.423872
7.080148
7.657489
0.037734
7.820059
7.973592
8.055402
8.147022
8.107723
7.984802
7.832241
7.692039
7.253047
6.892800
6.484885
6.183833
5.873540
0.391015
0.373733
0.362339
0.357391
0.000149
0.000145
0.000039
0.000013
0.000011
0.000009
0.000093
0.000040
0.000032
0.000054
0.000005
0.000005
0.000015
0.000020
0.000034
0.000319
0.000329
0.000403
0.001044
0.338039
0.349754
0.356792
0.357425
0.357991
0.359864
0.379552
0.383033
0.393729
0.415626
0.436739
6.889619
6.953504
7.066418
7.086840
7.252425
7.535839
7.757938
8.251078
8.289977
8.306189
8.299229
8.272948
8.241747
8.171741
8.058742
7.918943
7.725812
7.485343
0.006057
0.004501
0.002761
0.002677
0.002600
7.146290
6.723629
6.143756
5.535865
4.808701
4.203667
3.768058
3.394169
3.090382
2.763215
0.009634
0.007109
0.005930
2.338102
2.154871
1.901879
0.019729
0.542158
0.485880
0.461237
0.395467
0.116149
0.093318
0.095345
0.097630
0.112044
0.114303
0.006491
0.006450
0.007890
0.007483
0.000219
0.003575
0.003613
0.157949
0.217023
0.327369
0.391148
0.478983
0.632126
0.783995
1.173663
1.363074
1.507711
1.721753
1.826595
0.011793
2.155014
2.389508
2.580788
0.003358
2.814866
0.000332
0.000486
0.000641
0.000112
0.000064
0.000027
0.000036
0.000027
0.000062
0.000036
0.000014
0.000008
0.000003
0.000021
0.000022
0.000027
0.000019
0.000011
0.000009
0.000014
0.002117
0.003536
0.000003
0.000005
0.000007
0.000010
0.000009
0.000003
0.000004
0.000008
0.000010
0.000008
0.000008
0.000007
0.000013
0.000018
0.000018
0.000018
0.000007
0.000013
0.000032
0.000092
0.000110
0.000098
0.000107
0.000090
0.000053
3.079789
3.297490
0.000848
0.002326
3.728402
3.899007
0.000032
0.000023
0.000035
0.000070
0.000084
0.000105
0.000017
0.000012
0.000008
0.000005
0.000003
0.000016
0.000017
0.000018
0.000046
0.000025
0.000019
0.000017
0.000021
0.000031
0.000036
0.000034
0.000037
0.000018
0.000020
0.000017
0.000056
0.000176
0.000357
0.001301
4.314891
4.617179
5.002963
5.397954
5.790397
6.184233
0.000187
0.000131
0.000061
0.000323
0.000171
0.000026
0.000007
0.000006
0.000005
0.000014
0.000008
0.000024
0.000060
0.000044
0.000033
0.000013
0.000006
0.000004
0.000012
0.000005
0.000006
0.000004
0.000003
0.000004
0.000016
0.000018
0.000022
0.000011
0.000005
0.000003
0.000019
0.000018
0.000020
0.000050
0.000062
0.000072
0.000220
0.000899
0.000854
0.001787
6.407200
6.773668
7.126653
7.393148
7.476003
7.591553
7.663851
0.085852
7.920256
7.982827
7.999859
8.045641
0.006422
0.003488
0.002490
0.002195
0.002004
7.504552
7.484257
0.000110
0.000069
0.000052
0.000043
0.000037
0.000031
0.000027
0.000042
0.000080
0.000168
0.020074
7.580035
7.592842
7.573206
7.568417
0.019917
0.008428
0.006777
0.008245
7.566804
7.539753
7.519132
0.000673
0.000588
0.013822
0.012700
0.018405
0.024266
7.560031
7.594743
7.611567
7.638657
0.000615
0.000618
0.000000
0.000000
0.000000
0.000000
0.000000
0.000000
0.000000
0.000000
0.000001
0.000001
0.000002
0.000877
