0.000426
0.000147
0.000023
0.000015
0.000010
0.000015
0.000005
0.000004
0.002196
0.002065
0.001606
0.000222
0.000107
0.000113
0.000012
0.000062
0.008087
0.008287
0.008479
0.008884
0.008726
0.008220
0.000110
0.000111
0.000442
0.006282
0.016387
0.016656
0.016654
0.016313
0.011817
0.006723
0.004324
0.003826
0.003453
0.002554
0.006553
0.011288
0.022041
0.900935
0.690130
0.578485
0.230739
0.096015
0.018195
0.015372
0.004856
0.000036
0.000000
0.000000
0.000000
0.000000
0.000000
0.000000
0.000000
0.000000
0.000000
0.000000
0.000000
0.000000
0.000000
0.000000
0.000000
0.000000
0.000000
0.000000
0.000000
0.000000
0.000000
0.000000
0.000000
0.000000
0.000000
0.000000
0.000000
0.000000
0.000000
0.000000
0.000000
0.000000
0.000000
0.000000
0.000000
0.000000
0.000000
0.000000
0.000000
0.000000
0.000000
0.000000
0.000000
0.000000
0.000000
0.000000
0.000000
0.000000
0.000000
0.000000
0.000000
0.000000
0.000000
0.000000
0.000000
0.000000
0.000000
0.000000
0.000000
0.000000
0.000000
0.000000
0.000000
0.000000
0.000000
0.000000
0.000000
0.000000
0.000000
0.000000
0.000001
0.000000
0.000000
0.000000
0.000001
0.000000
0.000000
0.000000
0.000001
0.000000
0.000000
0.000001
0.000001
0.000000
0.000000
0.000001
0.000001
0.000000
0.000001
0.000001
0.000001
0.000001
0.000001
0.000001
0.000002
0.000001
0.000001
0.000001
0.000002
0.000001
0.000001
0.000001
0.000002
0.000001
0.000001
0.000002
0.000003
0.000001
0.000001
0.000002
0.000003
0.000001
0.000002
0.000002
0.000004
0.000002
0.000002
0.000003
0.000004
0.000002
0.000002
0.000003
0.000005
0.000002
0.000003
0.000004
0.000006
0.000003
0.000038
0.000049
0.000068
0.000091
0.000277
0.002636
0.003173
0.003149
0.002490
0.000122
0.000167
0.000073
0.008587
0.011399
0.009566
0.018601
0.039603
0.042717
0.067524
0.087465
0.089251
0.090832
0.000562
0.678783
0.779102
0.807609
0.883516
0.888482
0.863469
0.837160
0.091973
0.023878
0.006960
0.010169
0.009372
0.009504
0.008595
0.003600
0.003259
0.002969
0.002702
0.002399
0.003773
0.003397
0.005703
0.004456
0.004633
0.005259
0.006058
0.007368
0.009719
1.030164
1.232526
1.330456
1.435430
1.568468
1.707401
1.846820
1.978968
0.012466
0.000171
0.000002
0.000006
0.000004
0.000003
0.000156
0.000157
0.000200
0.000166
0.000374
0.000141
0.000107
0.000111
0.000186
0.000350
0.000207
0.000114
0.000198
0.002117
0.012639
0.017824
0.059259
2.414960
2.623163
2.855476
2.642084
0.006018
2.735194
2.744724
2.685736
2.577864
2.386033
2.099205
1.933989
1.690054
1.532083
0.299809
0.000606
0.000070
0.000049
0.000024
0.000017
0.000024
0.000010
0.000017
0.000027
0.000033
0.000033
0.000027
0.000056
0.000034
0.000533
0.000504
0.000532
0.000444
0.000712
0.000892
0.000663
0.000606
0.095764
0.095806
0.082020
0.026237
0.024817
0.397241
0.522701
1.410089
1.989306
2.704005
3.039154
0.002455
3.771220
4.341193
4.745748
5.261049
5.905036
6.684731
0.000578
0.000599
0.000628
0.000834
0.001103
0.001704
0.001341
7.325480
7.750231
8.361444
8.498767
8.635697
8.706254
8.812938
8.867516
8.971673
9.097904
9.130128
9.131894
9.132548
9.134299
9.129889
9.113305
9.081003
9.012929
8.881238
8.538056
8.263218
7.946565
0.000019
0.000015
0.000011
0.000010
0.000084
7.033259
0.127511
0.003787
0.003225
0.002201
0.015558
0.015228
0.069324
0.071434
1.428081
6.663719
7.413237
8.287992
8.814976
9.201599
9.452141
9.514179
9.573578
9.585747
9.588329
9.589639
9.586962
9.586514
9.582806
9.533298
9.496626
9.437141
9.297378
9.188750
9.111559
8.887819
8.507509
8.230123
7.990495
7.355382
6.400488
5.275738
4.449749
3.326255
2.234891
1.666512
0.104074
0.064362
0.048720
0.046826
0.016273
0.001280
0.016007
0.135400
0.528956
0.779481
0.989571
1.221714
4.152855
5.129933
5.942131
6.606551
7.391237
7.796721
8.325406
8.948017
9.105188
9.196091
9.230312
9.238289
9.240653
9.232462
9.202664
9.198976
9.184700
9.180570
9.176215
9.171856
9.168802
9.161907
9.155681
9.150628
9.143061
9.103880
9.073000
9.045227
8.977225
8.948261
8.920535
8.912361
8.879432
8.854901
8.837270
8.865355
0.001382
0.001016
0.000230
0.000161
0.000135
0.000080
0.000055
0.000022
0.000021
0.000043
0.000064
0.000071
0.000123
0.001346
0.002207
0.002683
0.005044
8.888166
8.963911
9.033423
9.108521
9.174605
9.177203
9.143679
9.000945
9.051983
9.069021
9.076520
9.077202
9.076802
9.065738
0.000865
0.000491
0.000135
0.000087
0.000068
0.000008
0.000004
0.000002
0.000001
0.000000
0.000000
0.000000
0.000000
0.000000
0.000000
0.000000
0.000000
0.000000
0.000000
0.000000
0.000001
0.000000
0.000000
0.000000
0.000000
0.000000
0.000000
0.000000
0.000000
0.000001
0.000002
0.000004
0.000012
0.000018
0.000040
0.000083
0.000161
9.030129
9.074004
9.075229
9.076065
9.072374
9.068874
9.054897
9.044038
9.042071
9.038484
9.036818
9.042723
9.053322
9.218720
9.309198
9.442158
9.442064
9.356856
9.295273
0.057313
9.409630
9.468095
9.510860
9.536950
9.545851
9.531443
9.475453
0.099779
0.016324
0.012690
0.009830
0.008479
0.001450
0.000485
0.000149
0.000118
0.000112
0.000113
0.000114
0.000120
0.000106
0.000109
0.000106
0.000107
0.000105
0.000105
0.000104
0.000106
0.000105
0.000111
0.000106
0.000108
0.000106
0.000109
0.000111
0.000123
0.000105
0.000105
0.000106
0.000105
0.000125
0.000106
0.000113
0.000110
0.000111
0.000113
0.000117
0.000135
0.000110
0.000107
0.000108
0.000104
0.000105
0.000109
0.000106
0.000105
0.000103
0.000105
0.000103
0.000107
0.000106
0.000108
0.000104
0.000105
0.000105
0.000108
0.000109
0.000103
0.000103
0.000103
0.000103
0.000103
0.000103
0.000104
0.000105
0.000110
0.000103
0.000103
0.000103
0.000103
0.000104
0.000111
0.000106
0.000105
0.000104
0.000103
0.000103
0.000105
0.000103
0.000106
0.000104
0.000104
0.000104
0.000105
0.000113
8.786091
8.786938
8.788010
8.787662
8.786607
8.784532
8.784119
8.785066
8.784550
0.000181
0.000159
0.000132
0.000134
0.000120
0.000114
0.000130
0.000157
0.000118
0.000125
0.000138
0.000109
0.000104
0.000103
0.000104
0.000104
0.000104
0.000106
0.000106
0.000105
0.000103
0.000103
0.000109
0.000110
0.000104
0.000103
0.000106
0.000105
0.000108
0.000114
0.000109
0.000120
0.000262
0.000110
0.000105
0.000104
0.000104
0.000103
0.000104
0.000106
0.000106
0.000105
0.000104
0.000108
0.000103
0.000103
0.000103
0.000103
0.000103
0.000103
0.000103
0.000103
0.000102
0.000102
0.000104
0.000105
0.000103
0.000103
0.000103
0.000104
0.000104
0.000102
0.000102
0.000103
0.000102
0.000102
0.000103
0.000103
0.000103
0.000102
0.000102
0.000103
0.000102
0.000102
0.000103
0.000102
0.000102
0.000102
0.000102
0.000102
0.000102
0.000103
0.000102
0.000102
0.000102
0.000102
0.000102
0.000102
0.000102
0.000102
0.000102
0.000102
0.000102
0.000102
0.000103
0.000103
0.000105
0.000102
0.000102
0.000103
0.000103
0.000103
0.000103
0.000103
0.000103
0.000102
0.000102
0.000102
0.000102
0.000102
0.000102
0.000102
0.000102
0.000102
0.000102
0.000102
0.000102
0.000102
0.000102
0.000102
0.000102
0.000102
0.000103
0.000102
0.000102
0.000102
0.000102
0.000102
0.000102
0.000102
0.000103
0.000103
0.000103
8.780935
8.776345
8.761324
8.711054
8.677150
8.566515
0.000107
0.000107
0.000106
0.000103
0.000102
0.000102
0.000102
0.000102
0.000102
0.000102
0.000102
0.000102
0.000102
0.000102
0.000102
0.000102
0.000102
0.000103
0.000103
0.000103
8.229879
7.621454
0.680974
0.674088
7.814409
8.251909
8.299258
0.000103
0.000102
0.000102
0.000102
0.000102
0.000102
0.000102
0.000102
0.000102
0.000102
0.000102
0.000102
0.000102
0.000102
0.000102
0.000102
0.000102
0.000102
0.000102
0.000102
0.000102
0.000102
0.000102
0.000102
0.000102
0.000102
0.000102
0.000102
0.000102
0.000102
0.000102
0.000102
0.000102
0.000102
0.000102
0.000102
0.000102
0.000102
0.000102
0.000102
0.000102
0.000102
0.000102
0.000102
0.000102
0.000102
0.000102
0.000102
0.000102
0.000102
0.000102
0.000102
0.000102
0.000102
0.000102
0.000102
0.000102
0.000103
0.000103
0.000103
8.015693
8.393028
8.446771
0.003893
0.001437
0.001163
0.000825
0.000812
0.000524
0.000230
0.000030
0.000070
0.000720
0.000048
0.000044
0.000006
0.000007
0.000005
0.000003
0.000002
0.000003
0.000006
0.000002
0.000013
0.000003
0.000006
0.000004
0.000010
0.000012
0.000015
0.000011
0.000010
0.000001
0.000002
0.000002
0.000014
0.000011
0.000019
0.000056
0.000069
0.000003
0.000002
0.000002
0.000001
0.000001
0.000001
0.000000
0.000000
0.000001
0.000001
0.000005
0.000003
0.000003
0.000002
0.000001
0.000000
0.000000
0.000001
0.000000
0.000001
0.000000
0.000001
0.000000
0.000000
0.000001
0.000000
0.000000
0.000000
0.000000
0.000000
0.000000
0.000000
0.000000
0.000000
0.000000
0.000000
0.000000
0.000000
0.000000
0.000000
0.000000
0.000001
0.000000
0.000001
0.000000
0.000001
0.000001
0.000002
0.000016
0.000001
0.000000
0.000000
0.000000
0.000000
0.000000
0.000000
0.000000
0.000000
0.000000
0.000000
0.000000
0.000000
0.000000
0.000000
0.000000
0.000000
0.000000
0.000000
0.000000
0.000001
0.000001
0.000001
0.000001
0.000004
0.000029
0.000001
0.000001
0.000001
0.000001
0.000000
0.000001
0.000000
0.000000
0.000001
0.000001
0.000002
0.000000
0.000000
0.000000
0.000000
0.000000
0.000000
0.000000
0.000000
0.000000
0.000000
0.000001
0.000000
0.000000
0.000000
0.000000
0.000000
0.000000
0.000000
0.000000
0.000000
0.000000
0.000000
0.000000
0.000000
0.000000
0.000000
0.000000
0.000000
0.000000
0.000000
0.000000
0.000000
0.000000
0.000000
0.000000
0.000000
0.000000
0.000000
0.000000
0.000000
0.000000
0.000000
0.000000
0.000000
0.000000
0.000000
0.000000
0.000000
0.000000
0.000000
0.000000
0.000000
0.000000
0.000000
0.000000
0.000000
0.000000
0.000000
0.000000
0.000000
0.000000
0.000000
0.000000
0.000000
0.000000
0.000000
0.000000
0.000002
0.000001
0.000000
0.000000
0.000000
0.000000
0.000000
0.000001
0.000006
0.000002
0.000001
0.000001
0.000000
0.000001
0.000001
0.000001
0.000001
0.000001
0.000000
0.000000
0.000000
0.000000
0.000000
0.000000
0.000000
0.000000
0.000000
0.000001
0.000000
0.000000
0.000000
0.000000
0.000000
0.000000
8.374102
8.420070
8.425156
8.401783
0.000107
0.000000
0.000000
0.000000
0.000000
0.000000
0.000004
0.000003
0.000003
0.000001
0.000002
0.000002
0.000007
0.000021
0.000018
0.000235
0.000239
0.000253
0.000310
0.000383
0.000417
0.000461
0.000445
0.000344
0.001993
0.002000
0.001956
0.001898
0.001765
0.000026
0.000025
0.000020
0.000024
0.000002
0.000010
0.000009
0.000003
8.381551
8.342558
8.162279
8.007070
7.736151
7.664257
7.543130
0.009325
0.007449
0.000585
0.000183
0.000106
0.003237
0.000053
0.000054
0.000092
0.000092
0.000020
0.000025
0.000040
0.000111
0.000084
0.000026
0.000025
0.000010
0.000011
0.000019
0.000012
0.000003
0.000002
0.000003
0.000004
0.000005
0.000002
0.000007
0.000007
0.000012
0.000014
0.000006
0.000004
0.000009
0.000012
0.000003
0.000004
0.000009
0.000010
0.000017
0.000025
0.000003
0.000004
0.000007
0.000004
0.000032
0.000024
0.000158
0.000143
0.000156
0.000069
0.000007
0.000005
0.000002
0.000003
0.000006
0.000002
0.000001
0.000002
0.000002
0.000002
0.000002
0.000001
0.000002
0.000003
0.000005
0.000008
0.000013
0.000026
0.000056
0.000088
0.000004
0.000001
0.000002
0.000002
0.000003
0.000006
7.334326
7.252361
0.000108
0.000120
0.000123
0.000160
0.000108
0.000106
0.000105
0.000108
0.000103
0.000103
0.000103
0.000105
0.000105
0.000105
0.000103
0.000103
0.000103
0.000103
0.000103
0.000103
0.000104
0.000103
0.000102
0.000102
0.000102
0.000102
0.000102
0.000103
0.000102
0.000102
0.000102
0.000102
0.000102
0.000102
0.000102
0.000102
0.000102
0.000102
0.000102
0.000102
0.000102
0.000102
0.000102
0.000102
0.000102
0.000102
0.000102
0.000102
0.000102
0.000102
0.000102
0.000102
0.000102
0.000102
0.000102
0.000102
0.000102
0.000102
0.000102
0.000102
0.000102
0.000102
0.000102
0.000102
0.000102
0.000102
0.000102
0.000102
7.414966
7.490079
7.507679
0.000066
0.000005
0.000004
0.000004
0.000004
0.000003
0.000000
0.000000
0.000000
0.000001
0.000001
0.000000
0.000001
0.000001
0.000001
0.000002
0.000003
0.000005
0.000001
0.000001
0.000001
0.000005
0.000003
0.000004
0.000001
0.000002
0.000001
0.000000
0.000000
0.000000
0.000000
0.000000
0.000000
0.000001
0.000000
0.000000
0.000000
0.000001
0.000000
0.000001
0.000001
0.000001
0.000001
0.000000
0.000000
0.000000
0.000000
0.000000
0.000000
0.000001
0.000001
0.000000
0.000000
0.000000
0.000002
0.000002
0.000001
0.000000
0.000000
0.000000
0.000000
0.000000
0.000001
0.000000
0.000000
0.000000
0.000000
0.000000
0.000000
0.000000
0.000001
0.000001
0.000001
0.000000
0.000000
0.000000
0.000000
0.000000
0.000000
0.000000
0.000000
0.000000
0.000000
0.000000
0.000000
0.000000
0.000000
0.000000
0.000000
0.000000
0.000000
0.000000
0.000000
0.000000
0.000000
0.000000
0.000000
0.000000
0.000000
0.000000
0.000000
0.000000
0.000000
0.000000
0.000000
0.000000
0.000000
0.000000
0.000000
0.000000
0.000000
0.000000
0.000005
0.000001
0.000000
0.000001
0.000000
0.000000
0.000001
0.000001
0.000000
0.000000
0.000000
0.000000
0.000000
0.000003
0.000001
0.000001
0.000000
0.000000
0.000000
0.000000
0.000001
0.000001
0.000000
0.000000
0.000000
0.000000
0.000001
0.000000
0.000000
0.000001
0.000001
0.000002
0.000000
0.000000
0.000012
0.000004
7.590518
7.569709
7.410737
7.186107
0.143726
0.000182
0.000189
0.000014
0.000000
0.000001
0.000001
0.000000
0.000002
0.000126
0.000129
0.000145
0.005194
0.005087
0.004282
0.003272
0.002495
0.001719
0.001701
0.000091
0.000122
0.000195
0.000818
0.000939
0.000958
0.000108
0.000117
0.000115
0.000125
0.000349
0.000000
0.000000
0.000000
0.000000
0.000000
0.000000
0.000000
0.000148
0.000147
0.000152
0.000167
0.000103
0.000102
0.000102
0.000102
0.000102
0.000102
0.000102
0.000104
0.000103
0.000103
0.000102
0.000102
0.000000
0.000000
0.000000
0.000116
0.000124
0.000129
0.000129
0.000131
0.000130
0.000130
0.000000
0.000000
0.000104
0.000104
0.000106
0.000107
0.000110
0.000000
0.000000
0.000000
0.000000
0.000000
0.000000
0.000000
0.000000
0.000000
0.000000
0.000000
0.000001
0.000003
0.000004
0.000000
0.000000
0.000000
0.000000
0.000000
0.000000
0.000000
0.000000
0.000000
0.000000
0.000000
0.000000
0.000000
0.000000
0.000000
0.000001
0.000002
0.000000
0.000001
0.000001
0.000002
0.000000
0.000000
0.000000
0.000000
0.000000
0.000000
0.000001
0.000001
0.000002
0.000002
0.000004
0.000005
0.000007
0.000018
0.000896
0.000887
0.000817
0.000783
0.000779
0.000769
0.000785
0.000826
0.000901
0.000813
0.000812
0.000819
0.000782
0.000735
0.000696
0.000019
0.000006
0.000005
0.000002
0.000001
0.000000
0.000000
0.000000
0.000166
0.000178
0.000165
0.000001
0.000001
0.000001
0.000001
0.000001
0.000001
0.000009
0.000397
0.000413
0.000381
0.000341
0.000004
0.000001
0.000001
0.000000
0.000000
0.000000
0.000000
0.000000
0.000000
0.000000
0.000000
0.000000
0.000000
0.000000
0.000000
0.000000
0.000000
0.000000
0.000000
0.000000
0.000000
0.000000
0.000000
0.000000
0.000000
0.000000
0.000001
0.000001
0.000002
0.000186
0.000179
0.000167
0.000141
0.000002
0.000001
0.000001
0.000001
0.000001
0.000001
0.000001
0.000001
0.000001
0.000002
0.000001
0.000001
0.000001
0.000000
0.000000
0.000001
0.000001
0.000000
0.000000
0.000001
0.000002
0.000001
0.000001
0.000001
0.000001
0.000012
0.000022
0.000607
0.000696
0.000636
0.000615
0.000593
0.000494
0.000448
0.000138
0.000253
0.000305
0.006778
0.007523
0.007940
0.007973
0.008003
0.008030
0.008074
0.008076
0.007967
0.007768
0.007625
0.007534
0.007391
0.006969
0.006267
0.006180
0.005851
0.005597
0.005210
0.004904
0.003490
0.001760
0.005371
0.005546
0.005768
0.005853
0.005955
0.006119
0.006232
0.006214
0.006188
0.006184
0.006111
0.005799
0.005666
0.005582
0.005557
0.005499
0.005514
0.005655
0.005984
0.006024
0.005935
0.005314
0.005056
0.004807
0.004633
0.004375
0.004086
0.003812
0.000047
0.000028
0.000014
0.000007
0.000002
0.000001
0.000000
0.000000
0.000001
0.000001
0.000001
0.000003
0.000004
0.000004
0.000013
0.000801
0.000826
0.000089
0.000017
0.000003
0.000000
0.000000
0.000000
0.000000
0.000000
0.000000
0.000000
0.000001
0.000001
0.000000
0.000000
0.000000
0.000000
0.000000
0.000000
0.000000
0.000000
0.000001
0.000001
0.000000
0.000000
0.000000
0.000001
0.000001
0.000002
0.000003
0.000004
0.000005
0.000020
0.001974
0.002303
0.002357
0.002496
0.002709
0.004135
0.004151
0.004198
0.004218
0.004265
0.004319
0.003060
0.002922
0.002911
0.002895
0.002851
0.001833
0.000030
0.000013
0.000009
0.000009
0.000009
0.000006
0.000005
0.000010
0.000002
0.000001
0.000001
0.000000
0.000000
0.000002
0.000000
0.000000
0.000000
0.000000
0.000000
0.000000
0.000000
0.000000
0.000000
0.000000
0.000000
0.000000
0.000000
0.000000
0.000000
0.000000
0.000000
0.000000
0.000000
0.000000
0.000000
0.000000
0.000001
0.000007
0.000008
0.000026
0.000645
0.000660
0.000679
0.000677
0.000681
0.000684
0.000651
0.000620
0.000592
0.000019
0.000004
0.000003
0.000002
0.000003
0.000000
0.000000
0.000000
0.000000
0.000120
0.000122
0.000124
0.000124
0.000119
0.000119
0.000113
0.000109
0.000000
0.000000
0.000000
0.000000
0.000001
0.000001
0.000000
0.000000
0.000000
0.000000
0.000000
0.000000
0.000000
0.000000
0.000001
0.000001
0.000001
0.000000
0.000000
0.000000
0.000000
0.000000
0.000000
0.000001
0.000000
0.000000
0.000000
0.000000
0.000000
0.000001
0.000118
0.000119
0.000121
0.000571
0.000562
0.000001
0.000000
0.000000
0.000000
0.000000
0.000000
0.000000
0.000000
0.000000
0.000000
0.000000
0.000000
0.000000
0.000000
0.000000
0.000000
0.000000
0.000000
0.000000
0.000000
0.000000
0.000000
0.000000
0.000001
0.000005
0.002337
0.000813
0.000814
0.000798
0.000788
0.000782
0.000756
0.000195
0.000179
0.000006
0.000001
0.000001
0.000000
0.000000
0.000000
0.000000
0.000000
0.000000
0.000000
0.000000
0.000000
0.000000
0.000000
0.000000
0.000000
0.000000
0.000000
0.000000
0.000000
0.000000
0.000000
0.000000
0.000000
0.000000
0.000000
0.000000
0.000000
0.000000
0.000000
0.000000
0.000000
0.000000
0.000000
0.000001
0.000042
0.000045
0.000045
0.000046
0.000046
0.000047
0.000047
0.000046
0.000046
0.000047
0.000047
0.000047
0.000047
0.000046
0.000046
0.000045
0.000044
0.000040
0.000038
0.000029
0.000000
0.000000
0.000000
0.000000
0.000000
0.000000
0.000000
0.000000
0.000000
0.000001
0.000001
0.000000
0.000000
0.000003
0.000018
0.000024
0.000024
0.000025
0.000025
0.000020
0.000016
0.000013
0.000013
0.000013
0.000011
0.000114
0.000113
0.000102
0.000102
0.000000
0.000000
0.000000
0.000000
0.000000
0.000000
0.000000
0.000000
0.000000
0.000000
0.000000
0.000000
0.000000
0.000000
0.000000
0.000000
0.000000
0.000102
0.000102
0.000102
0.000102
0.000103
0.000103
0.000103
0.000103
0.000103
0.000103
0.000103
0.000103
0.000000
0.000000
0.000000
0.000000
0.000000
0.000000
0.000000
0.000000
0.000000
0.000102
0.000103
0.000104
0.000105
0.000106
0.000106
0.000107
0.000106
0.000107
0.000107
0.000114
0.000114
0.000114
0.000112
0.000111
0.000003
0.000002
0.000002
0.000002
0.000003
0.000004
0.000106
0.000114
0.000113
0.000111
0.000110
0.000005
0.000000
0.000000
0.000000
0.000000
0.000000
0.000004
0.000005
0.000006
0.000008
0.000528
0.000692
0.000764
