0.249632
0.180153
0.153326
0.053646
0.055228
0.048624
0.018004
0.000585
0.001469
0.002717
0.007966
0.026007
0.030201
0.079408
0.087959
0.116370
2.182394
2.343959
2.418377
2.399718
2.364144
2.340638
2.285288
2.237124
2.197171
0.029808
0.000563
0.000100
0.000186
0.000329
0.000536
0.000476
0.001097
0.000764
0.001352
0.002346
0.047173
2.431783
2.500182
2.530927
2.527027
2.478905
2.338745
2.155417
2.021375
1.889284
1.758059
1.551365
1.373322
1.224466
0.253083
0.120933
0.066247
0.001670
0.001135
0.000115
0.002310
0.002381
0.002442
0.003002
0.002930
0.022238
0.022772
0.022618
0.025297
0.053185
0.013135
0.010290
0.009555
0.005044
0.004159
0.003740
0.003346
0.002852
0.001973
0.001944
0.002008
0.002233
0.002506
0.002580
0.002147
0.001983
0.001943
0.002085
0.001556
0.001478
0.000136
0.000222
0.000345
0.000309
0.000237
0.002046
0.002274
0.002449
0.002450
0.002465
0.002612
0.002658
0.002728
0.002720
0.002733
0.002822
0.010014
0.007231
0.003910
0.003874
0.001711
0.002064
0.000300
0.000040
0.000187
0.037956
0.041194
0.044749
0.048133
0.061550
0.074115
0.599991
0.644974
0.686329
0.735948
0.919662
1.026205
1.089291
1.154550
1.259073
0.000282
1.512114
1.612002
1.739950
1.799415
1.786521
1.925294
1.975020
2.007749
2.016756
1.938969
1.757445
1.531850
1.320549
1.167207
0.929176
0.726935
0.630495
0.229122
0.199355
0.151639
0.065126
0.060855
0.019465
0.014579
0.011896
0.003347
0.001639
0.004159
0.084037
0.097446
0.107166
0.109761
0.117397
0.119014
0.117392
0.110390
0.108090
0.105581
0.104175
0.094883
0.082720
0.061133
0.026694
0.027356
0.026653
0.025284
0.023779
0.016609
0.012508
0.004765
0.004653
0.000219
0.000167
0.000071
0.000077
0.000058
0.000066
0.000061
0.002107
0.002875
0.003097
0.003109
0.005401
0.005742
0.006067
0.006052
0.006054
0.006278
0.004217
0.004965
0.005106
0.005895
0.006342
0.006867
0.007484
0.016189
0.018024
0.000048
0.000044
0.000043
0.000078
0.000045
0.000050
0.000071
0.000092
0.000156
0.017201
0.019404
0.020025
0.026110
0.025252
0.019745
0.010365
0.009580
0.001247
0.001690
0.010153
0.011623
0.011559
0.000103
0.000187
0.000345
0.011846
0.020606
0.092212
0.096818
0.156542
0.220235
0.242118
0.381432
0.405573
0.489829
0.561017
0.630760
0.831494
0.964056
1.073223
1.141367
0.023589
0.009441
0.002266
0.001982
0.001729
0.001522
0.001394
0.002639
0.000119
0.000072
0.000068
0.000254
0.000128
0.000064
0.000029
0.000040
0.000039
0.000036
0.000101
0.000097
0.019230
0.019347
0.018984
0.019420
0.018089
0.018914
0.019474
0.021105
1.418495
1.463031
1.480464
1.476382
1.466341
1.371755
0.039402
1.248493
1.316373
1.392126
0.002167
0.000501
0.000781
0.001221
0.000415
0.000548
0.006702
0.078201
0.084641
1.677176
1.711755
1.744814
0.002570
1.865102
1.881786
1.867129
1.894997
0.002701
0.002310
0.002414
0.000591
0.000361
0.001947
0.001596
1.988654
2.047290
2.115986
2.232630
2.409281
2.522109
2.564648
2.545893
2.510853
2.461844
2.425609
2.342217
2.279477
2.224765
2.179594
2.143468
0.000114
0.000115
0.000111
0.000050
0.000047
0.000078
0.006987
0.006963
0.006423
2.143204
2.124457
2.035019
1.907195
1.774651
1.655115
1.555680
1.514766
1.482698
1.462789
1.429420
0.019789
0.012941
0.003605
0.006429
0.005942
0.005652
0.009050
0.008855
0.010525
1.311660
1.073877
0.897952
0.761109
0.606630
0.501369
0.444127
0.401636
0.001900
0.000020
0.001064
0.077956
0.072365
0.062994
0.058831
0.007455
0.003914
0.002383
0.004926
0.004490
0.005999
0.006101
0.005389
0.005418
0.006158
0.122674
0.134484
0.160040
0.308708
0.366679
0.404274
0.114128
0.093209
0.033950
0.029971
0.015705
0.005741
0.000838
0.000908
0.000559
0.005621
0.024180
0.031169
0.032288
0.022405
0.030793
0.031154
0.030332
0.006847
0.000083
0.000101
0.000140
0.032061
0.038646
0.136262
0.171036
0.190475
0.198251
0.206848
0.228681
0.247622
0.247557
0.242797
0.195802
0.192954
0.188157
0.172632
0.028253
0.011450
0.010665
0.009993
0.009525
0.009536
0.000130
0.010392
0.016166
0.023749
0.052569
0.130389
0.211976
0.591370
0.671692
0.749761
0.826865
0.902651
0.967555
0.989581
1.007202
1.024111
1.028765
0.982017
0.926204
0.860116
0.805965
0.746463
0.630328
0.577524
0.488375
0.409331
0.382079
0.367534
0.156300
0.082383
0.037427
0.000029
0.000176
0.000089
0.002546
0.002545
0.006238
0.021680
0.632483
0.691309
0.727979
0.755495
0.016390
0.864890
0.881164
0.485754
0.306931
0.223049
0.063428
0.062350
0.025169
0.015095
0.001667
0.001330
0.001425
0.001698
0.001276
0.001308
0.001059
0.000289
0.000233
0.000182
0.000149
0.000494
0.000483
0.002279
0.001398
0.001331
0.000019
0.000017
0.000039
0.000054
0.000176
0.000226
0.000183
0.000509
0.000553
0.000439
0.000348
0.001225
0.001751
0.001180
1.170895
1.363376
1.524442
1.705963
1.906367
2.132895
2.351411
2.625962
2.986358
0.069786
3.672162
3.952931
4.148529
4.275517
4.395278
4.426226
4.358255
0.001404
0.000596
0.000264
0.000230
0.000166
0.000147
0.000139
0.000176
0.000067
0.004787
0.003968
0.003900
0.003664
0.003817
0.003187
0.000478
0.000112
0.000079
0.000037
0.000031
0.000112
0.000177
0.000104
0.004500
0.007475
0.008577
0.005569
0.007997
4.357960
4.301777
4.273080
4.281525
4.284238
4.258898
0.035961
4.671420
4.867858
5.067033
5.189629
0.038741
0.035123
0.016405
0.007477
0.004335
0.006542
0.007707
0.007986
0.008480
0.004223
0.001498
0.001683
0.011255
0.014731
0.017003
5.296115
5.543564
6.065697
6.353656
6.771651
0.000232
0.000177
0.000135
0.000093
0.000067
0.000242
0.000205
0.000070
0.000067
0.000056
0.000092
0.000225
0.020729
0.004011
0.003858
0.004155
0.000253
0.000268
0.000314
0.000386
0.000872
0.005151
0.007663
0.012067
7.671625
7.958803
8.214638
8.409573
8.373826
8.338347
8.304001
8.251814
8.143043
8.085545
8.027819
7.974824
7.881204
7.560852
7.116130
0.014828
0.019472
0.009935
0.007648
0.007605
0.005258
6.048630
5.760787
5.389605
5.102640
4.784111
4.417918
3.699614
1.426925
0.809761
0.004269
0.001532
0.000973
0.000307
0.000151
0.000165
0.000163
0.000179
0.000165
0.000323
0.000330
0.001048
0.001252
0.002019
0.000012
0.000012
0.000016
0.000020
0.000020
0.000033
0.000034
0.000021
0.000020
0.000032
0.000048
0.000108
0.000187
0.000249
0.000299
0.024898
0.451256
0.030078
0.028621
4.039602
4.759918
5.508720
6.413548
7.519068
7.700546
7.775217
7.824457
7.841734
7.852914
7.863561
7.865332
7.866919
7.869479
7.923732
7.931999
7.920156
7.896115
7.831326
7.757394
7.719323
0.222972
7.014494
7.125360
7.246658
0.029326
0.007812
0.031855
0.035792
0.040411
0.057534
7.811364
7.674188
7.074417
7.206045
7.197108
7.071887
0.030860
0.026848
0.023804
0.021662
0.001988
0.015079
0.016720
0.018444
0.019592
0.019993
0.020993
0.021756
0.022887
0.023283
0.025216
0.025619
0.026536
0.028149
0.031211
6.923005
7.154692
7.444129
7.620304
7.896869
8.167817
8.233323
8.290855
8.285757
8.298476
8.270038
8.156871
0.149618
7.902449
8.058427
8.152207
8.240997
8.368069
8.384704
8.443017
8.351825
8.384184
8.382263
8.381805
8.379270
8.371205
8.360479
8.355919
8.351905
8.350954
8.349727
8.346787
8.349633
8.348786
8.351645
8.357110
8.369416
8.372895
8.377526
8.379421
8.382005
8.375304
8.368003
8.353730
8.342606
8.339308
8.337718
8.340128
8.350919
8.365943
8.379154
8.380942
8.381620
8.555156
8.603796
8.552708
8.499347
8.420852
0.205795
8.275826
8.446676
8.544279
8.532457
8.539392
8.518762
8.429591
8.327067
0.048253
8.250756
8.248058
0.194522
8.338803
8.384020
8.480114
8.402868
8.324789
8.113548
7.984030
7.811261
7.413337
6.783100
5.822247
4.604146
3.693066
3.030748
2.306255
1.916031
1.113553
0.904045
0.081139
0.068655
0.082683
0.073148
0.057136
0.028940
0.023311
0.032943
0.033825
0.034289
0.033627
0.033122
0.032805
0.028761
0.035218
0.035809
0.041671
0.041958
0.041573
0.039112
0.030918
0.028641
0.012116
0.000092
0.000083
0.000059
0.000035
0.000162
0.000081
0.000087
0.000083
0.000105
0.000168
0.000176
0.000288
0.026788
0.028092
0.029964
0.030683
0.032865
0.034888
0.035477
0.036919
0.037419
0.038331
0.039284
0.029007
0.063785
0.002279
0.000503
0.000746
0.000499
0.000474
0.000511
0.007494
0.044041
0.073766
0.077990
0.074992
0.068588
0.064477
0.057268
0.050553
0.045555
0.041643
0.037668
0.020755
0.010361
0.008775
0.001245
0.001082
0.000889
0.000489
0.000831
0.000900
0.000889
0.000915
0.001170
0.000979
0.001034
0.001016
0.001059
0.001094
0.001238
0.001442
0.001834
0.002244
0.002296
0.002236
0.004078
0.010595
0.011186
0.011485
0.012518
0.028643
0.032855
0.034915
0.038002
0.043106
0.044215
0.044920
0.044699
0.043903
0.029174
0.020002
0.008602
0.002165
0.001880
0.000068
0.000028
0.000020
0.000028
0.000043
0.012969
0.013898
0.028129
0.030123
0.030987
0.031726
0.039065
0.058237
0.102862
0.122182
0.131144
0.148630
0.155850
0.162702
0.169031
0.161140
0.164856
0.152120
0.134550
0.127907
0.125071
0.124462
0.124009
0.004711
0.004978
0.004458
0.003840
0.004011
0.003893
0.003883
0.003726
0.003546
0.001417
0.003990
0.005389
0.006806
0.007997
0.008224
0.008589
0.008939
0.009399
0.009931
0.011028
0.012822
0.012999
0.013049
0.012464
0.000203
0.000183
0.000217
0.005570
0.006607
0.159447
0.151569
0.140120
0.101095
0.096680
0.081522
0.067392
0.041476
0.036684
0.016643
0.013978
0.004049
0.002883
0.002462
0.001274
0.004376
0.004406
0.004647
0.029954
0.031613
0.033258
0.033591
0.034401
0.006167
0.006155
0.006077
0.000035
0.000067
0.000354
0.018833
0.019547
0.022867
0.022557
0.023118
0.031487
0.031570
0.032260
0.032848
0.034579
0.034022
0.029760
0.036688
0.037477
0.038065
0.038785
0.035225
0.009863
0.007547
0.007451
0.007377
0.008104
0.006540
0.001828
0.032586
0.032484
0.031881
0.030176
0.028829
0.028640
0.033197
0.041292
0.037859
0.033826
0.018319
0.016685
0.010825
0.010695
0.010577
0.000066
0.001224
0.001180
0.001089
0.000990
0.000876
0.001012
0.000296
0.000939
0.001027
0.001541
0.008245
0.012463
0.014218
0.015880
0.016676
0.017508
0.018717
0.019354
0.019961
0.021356
0.023244
0.024341
0.025043
0.024656
0.024318
0.025436
0.018770
0.018359
0.017735
0.016021
0.006079
0.003533
0.000133
0.000366
0.000577
0.000992
0.011358
0.013266
0.014292
0.014919
0.014817
0.015375
0.004927
0.004984
0.000025
0.000026
0.005429
0.005865
0.006092
0.006257
0.011006
0.063673
0.110651
0.117242
0.129609
0.138092
0.211190
0.252680
0.286635
0.527381
0.587637
0.658336
0.016280
1.520933
1.768258
2.085899
2.636098
3.302507
4.175663
4.771006
0.014653
0.015141
0.000051
0.000032
0.000040
0.000441
0.000402
0.000809
0.000654
0.005235
0.005913
0.008728
0.011203
0.018572
0.034147
0.042910
5.329383
5.758201
6.193667
6.747136
7.186529
7.382802
7.592292
7.744465
7.809785
7.833962
7.869567
7.936529
8.026523
8.033023
8.022297
8.015086
0.016794
7.943812
7.754734
7.526683
7.162003
6.945973
6.474368
6.319404
0.005638
0.002234
0.001800
0.000883
0.000546
0.000178
0.000096
0.000050
0.000050
0.000497
5.832728
5.691149
5.514770
5.271806
0.104491
0.087673
0.063024
0.028597
0.024535
0.000495
0.000434
4.673781
4.330110
0.019224
0.009439
0.008468
0.007365
0.006341
0.005947
0.005590
0.005540
0.002253
0.000118
0.000197
0.000234
0.000177
0.003745
0.011789
0.011301
0.011344
0.016832
0.020150
0.118899
0.135104
0.413620
4.939663
5.350278
5.865528
6.267621
6.499538
0.001871
0.000857
0.000851
0.000075
0.000043
0.000030
0.000016
0.000007
0.000003
0.000004
0.000012
0.000034
0.000022
0.012631
0.000013
0.000008
0.000027
0.000036
0.000016
0.000017
0.000009
0.000006
0.000011
0.000027
0.000007
0.000007
0.000004
0.000003
0.000002
0.000003
0.000004
0.000015
0.000012
0.000014
0.000015
0.000021
0.000051
0.000152
0.000297
0.001926
0.005155
0.005810
0.026042
6.694434
6.799058
6.805948
6.799986
6.786274
6.750386
0.002902
0.002274
0.002030
0.001913
6.681289
6.663141
6.647962
6.629036
6.615001
6.609233
6.604396
6.592823
6.550323
6.525580
6.469807
6.139340
5.772828
5.602001
0.007666
0.002718
0.002375
0.000798
0.000713
0.000068
0.000047
0.000045
0.000028
0.000077
0.000038
0.000031
0.000015
0.000020
0.000018
0.000008
0.000012
0.000018
0.000045
0.000403
5.226198
5.107830
4.856613
4.662866
4.176509
3.890167
3.677992
3.088929
2.388765
1.980679
1.671173
1.003843
0.787247
0.566761
0.317285
0.232555
0.097468
0.076469
0.063431
0.058624
0.017594
0.016839
0.013177
0.010555
0.010531
0.005533
0.000051
0.000048
0.000093
0.000100
0.000080
0.000134
0.001648
0.001715
0.001791
0.001143
0.000016
0.000008
0.000007
0.000007
0.000011
0.000007
0.000004
0.000007
0.001248
0.001188
0.001159
0.007420
0.007195
0.005630
0.005474
0.005448
0.005473
0.005581
0.005827
0.006122
0.006152
0.006072
0.004260
0.002658
0.002684
0.005228
0.012976
0.012634
0.012642
0.012499
0.007053
0.007303
0.007354
0.007444
0.007550
0.007505
0.000033
0.000048
0.000109
0.052169
0.055930
0.188876
