0.008760
0.000181
0.000130
0.000102
0.000018
0.000013
0.000008
0.000015
0.000012
0.000010
0.000005
0.000011
0.000025
0.000021
0.000700
0.003859
0.003927
0.003955
0.003978
0.010338
0.010039
0.009856
0.009918
0.014828
0.006236
0.006443
0.013986
0.016001
0.015063
0.018331
0.000293
0.000284
0.000294
0.013610
1.720763
1.403094
0.522510
0.465915
0.394340
0.152074
0.141284
0.051856
0.044246
0.006596
0.004828
0.003823
0.000016
0.000017
0.000033
0.000046
0.000080
0.000062
0.000000
0.000000
0.000000
0.000000
0.000000
0.000000
0.000000
0.000000
0.000018
0.000036
0.000023
0.000022
0.000036
0.000838
0.000788
0.009961
0.012780
0.044564
0.048712
0.053353
0.055151
0.002359
0.000044
0.000000
0.000000
0.000000
0.000000
0.000000
0.000000
0.000000
0.000000
0.000000
0.000000
0.000000
0.000031
0.000593
0.000634
0.003538
0.003925
0.003993
0.004036
0.004250
0.000000
0.000000
0.000000
0.000000
0.000000
0.000000
0.000000
0.000000
0.000000
0.000000
0.000000
0.000000
0.000000
0.000000
0.000000
0.000000
0.000000
0.000000
0.000000
0.000000
0.000000
0.000000
0.000000
0.000000
0.000000
0.000000
0.000000
0.000000
0.000000
0.000000
0.000000
0.000000
0.000000
0.000000
0.000000
0.000000
0.000000
0.000000
0.000000
0.000000
0.000000
0.000000
0.000000
0.000000
0.000000
0.000000
0.000000
0.000000
0.000000
0.000000
0.000000
0.000000
0.000000
0.000000
0.000000
0.000000
0.000000
0.000000
0.000000
0.000000
0.000000
0.000000
0.000000
0.000000
0.000000
0.000000
0.000000
0.000000
0.000000
0.000000
0.000000
0.000000
0.000000
0.000000
0.000000
0.000000
0.000000
0.000000
0.000000
0.000000
0.004258
0.004288
0.005317
0.005401
0.005443
0.005504
0.000078
0.000206
0.000000
0.000000
0.000000
0.000000
0.000000
0.000000
0.000000
0.000000
0.000000
0.000000
0.000000
0.000000
0.000000
0.000000
0.000000
0.000000
0.000000
0.000000
0.000000
0.000000
0.000000
0.000000
0.000000
0.000000
0.000000
0.000000
0.000000
0.000000
0.000000
0.000000
0.000000
0.000000
0.000000
0.000000
0.000000
0.000000
0.000000
0.000000
0.000000
0.000000
0.000000
0.000000
0.000000
0.000000
0.000000
0.000000
0.000000
0.000000
0.000000
0.000000
0.000000
0.000000
0.000000
0.000000
0.000000
0.000000
0.000000
0.000000
0.000000
0.000000
0.000000
0.000000
0.000000
0.000000
0.000000
0.000000
0.000000
0.000000
0.000000
0.000000
0.000000
0.000000
0.000000
0.000000
0.000000
0.000000
0.000000
0.000000
0.000000
0.000000
0.000000
0.000000
0.000000
0.000000
0.000000
0.000000
0.000000
0.000000
0.000000
0.000000
0.000000
0.000000
0.000000
0.000000
0.000000
0.000000
0.000000
0.000000
0.000000
0.000000
0.000000
0.000000
0.000000
0.000000
0.000000
0.000000
0.000000
0.000000
0.000000
0.000000
0.000000
0.000000
0.000000
0.000000
0.000000
0.000000
0.000000
0.000000
0.000000
0.000000
0.000000
0.000000
0.000000
0.000000
0.000000
0.000000
0.000000
0.000000
0.000000
0.000000
0.000000
0.000000
0.000000
0.000000
0.000000
0.000000
0.000000
0.000000
0.000000
0.000000
0.000000
0.000000
0.000000
0.000000
0.000000
0.000000
0.000000
0.000000
0.000000
0.000000
0.000000
0.000000
0.000000
0.000000
0.000000
0.000000
0.000000
0.000000
0.000000
0.000000
0.000000
0.000000
0.000000
0.000000
0.000000
0.000000
0.000000
0.000000
0.000000
0.000000
0.000000
0.000000
0.000000
0.000000
0.000000
0.000000
0.000000
0.000000
0.000000
0.000000
0.000000
0.000000
0.000000
0.000000
0.000000
0.000000
0.000000
0.000000
0.000000
0.000083
0.000145
0.001107
0.003751
0.003803
0.003473
0.003418
0.003376
0.003309
0.003291
0.003036
0.002640
0.001902
0.001738
0.000000
0.000168
0.000090
0.000142
0.000329
0.003538
0.004042
0.004417
0.005365
0.008352
0.143888
0.148461
0.142397
0.140357
0.131901
0.129555
0.124865
0.116266
0.114325
0.045291
0.042263
0.039836
0.023930
0.000683
0.000123
0.004008
0.004236
0.004134
0.004131
0.004172
0.003834
0.000575
0.000905
0.000848
0.000962
0.000080
0.000072
0.000000
0.000000
0.000000
0.000000
0.000000
0.000000
0.000000
0.000000
0.000000
0.000325
0.000384
0.000105
0.039142
0.041491
0.044033
0.046075
0.038052
0.040055
0.040808
0.040244
0.039166
0.007456
0.006668
0.000587
0.000718
0.000000
0.000000
0.000000
0.000000
0.000000
0.000000
0.000000
0.000000
0.000000
0.000000
0.000000
0.000000
0.000000
0.000000
0.000000
0.000000
0.000000
0.000000
0.000000
0.000000
0.000000
0.000000
0.000000
0.000000
0.000000
0.000000
0.000000
0.000000
0.000000
0.000000
0.000000
0.000000
0.000000
0.000000
0.000000
0.000000
0.000000
0.000000
0.000000
0.000000
0.000000
0.000000
0.000000
0.000000
0.000000
0.000000
0.000000
0.000000
0.000000
0.000000
0.000000
0.000000
0.000000
0.000000
0.000000
0.000000
0.000000
0.000000
0.000000
0.000000
0.000000
0.000000
0.000000
0.000000
0.000000
0.000000
0.000000
0.000000
0.000000
0.000000
0.000000
0.000000
0.000000
0.000000
0.000000
0.000000
0.000000
0.000000
0.000000
0.000000
0.000000
0.000000
0.000000
0.000000
0.000000
0.000000
0.000000
0.000000
0.000000
0.000000
0.000000
0.000000
0.000000
0.000000
0.000000
0.000000
0.000000
0.000000
0.000000
0.000000
0.000000
0.000000
0.000000
0.000000
0.000000
0.000000
0.000000
0.000000
0.000000
0.000000
0.000000
0.000000
0.000000
0.000000
0.000000
0.000000
0.000000
0.000000
0.000000
0.000000
0.000000
0.000000
0.000000
0.000000
0.000001
0.000000
0.000000
0.000000
0.000000
0.000000
0.000000
0.000000
0.000000
0.000000
0.000001
0.000001
0.000001
0.000001
0.000001
0.000001
0.000000
0.000001
0.000001
0.000000
0.000000
0.000002
0.000001
0.000001
0.000002
0.000002
0.000005
0.000002
0.000001
0.000005
0.000006
0.000003
0.000001
0.000004
0.000004
0.000002
0.000002
0.000550
0.013656
0.041353
0.084081
0.090250
0.095644
0.091626
0.000006
0.000004
0.000002
0.000003
0.000002
0.000003
0.000004
0.000005
0.000001
0.000012
0.000027
0.000006
0.000004
0.000008
0.000003
0.000004
0.000002
0.000002
0.000004
0.000020
0.000006
0.000007
0.000003
0.000001
0.000001
0.000001
0.000001
0.000000
0.000001
0.000001
0.000001
0.000002
0.000001
0.000002
0.000011
0.000007
0.000003
0.000003
0.000014
0.000005
0.000007
0.000009
0.000012
0.000019
0.000006
0.000006
0.000016
0.000004
0.061675
0.059872
0.061774
0.062362
0.062679
0.062107
0.061262
0.000122
0.000005
0.000005
0.000003
0.000003
0.000002
0.000002
0.000002
0.000003
0.000008
0.000001
0.000002
0.000003
0.000004
0.000004
0.000003
0.000002
0.000002
0.000002
0.000002
0.000002
0.000002
0.000021
0.000003
0.000003
0.000006
0.000003
0.000003
0.000004
0.000004
0.000006
0.000007
0.000004
0.000008
0.000006
0.000016
0.000052
0.000009
0.000014
0.000046
0.000054
0.000020
0.000016
0.000007
0.000003
0.000008
0.000009
0.000010
0.000012
0.000012
0.000010
0.000018
0.000014
0.000012
0.000019
0.000008
0.000006
0.000005
0.000011
0.000016
0.000063
0.000052
0.000044
0.000048
0.000017
0.000007
0.000026
0.000168
0.000090
0.000048
0.000015
0.000011
0.000016
0.000024
0.000024
0.000037
0.000021
0.000027
0.000076
0.000226
0.000158
0.000085
0.000039
0.000028
0.000072
0.000021
0.000028
0.000038
0.000043
0.000070
0.000043
0.000052
0.000045
0.000045
0.000073
0.000200
0.000160
0.000197
0.000105
0.000115
0.000099
0.000154
0.001243
0.001784
0.010952
0.024410
0.166828
0.174210
0.180824
0.190616
0.188102
0.197599
0.317253
0.339860
0.005694
0.000250
0.000073
0.000105
0.000036
0.000053
0.000104
0.000145
0.000113
0.000433
0.000779
0.854493
0.921463
1.027631
1.067135
0.065580
0.000906
0.000963
1.307265
1.356536
1.446461
1.526477
1.552130
1.557091
1.576548
1.577096
0.038281
1.648601
1.683130
1.713700
0.134826
0.121803
0.123978
0.125799
0.145007
0.167498
0.167300
0.170778
0.178401
0.178875
0.180634
0.001806
0.001320
0.001332
0.000362
0.000795
0.001463
0.001666
0.002120
0.002217
2.157876
2.269013
2.346454
2.412391
2.476575
2.400262
0.082154
0.005754
0.000613
0.000735
0.000759
0.252206
0.746983
3.053368
3.595900
4.115837
0.002148
0.004211
0.005900
0.007541
4.834611
5.561554
6.394947
7.126468
7.536253
7.792748
8.044312
7.966392
0.049900
0.022756
0.019684
0.000024
0.000022
7.771865
7.855126
7.955796
8.072106
8.199080
0.076552
8.339118
8.450874
8.549733
8.402629
8.284790
8.237476
8.196341
8.166081
7.850543
7.533731
0.872841
0.000273
0.000283
7.160062
7.776244
8.224751
8.242898
8.271687
8.145029
8.051749
7.902455
0.002030
0.001499
0.001112
0.000697
0.000432
0.000241
0.000054
0.000043
0.000458
0.000524
0.000380
0.000334
0.000034
0.000029
0.000044
0.000027
0.000044
0.000026
0.000015
0.000011
0.000016
0.000023
0.000033
0.000009
0.000014
0.000016
0.000023
0.000046
0.000079
0.000157
0.000290
0.001962
0.001320
7.594810
7.431232
7.248743
7.060660
6.833667
0.383586
0.035726
6.098835
6.303934
6.609262
7.043286
7.383774
7.730153
7.777971
8.036932
7.978149
7.930672
7.732681
7.551463
7.398591
7.190082
0.063542
0.062706
0.063184
0.058505
0.050638
0.049995
0.050737
0.061565
6.854746
6.347023
6.354126
0.059128
6.318147
6.585894
6.839937
6.984598
7.807567
8.209159
8.502686
8.530945
8.491541
8.422119
8.390897
8.266165
8.042302
7.400153
6.929040
6.538023
0.003373
0.003215
0.000694
0.000264
0.000223
0.000257
0.000082
0.000060
0.000045
0.000023
0.000012
0.000028
0.000042
0.000049
0.000011
0.000008
0.000497
0.000487
0.000131
0.000010
0.000017
0.000012
0.000014
0.000011
0.000013
0.000025
0.000016
0.000023
0.000037
0.000021
0.000022
0.000037
0.000046
0.000040
0.000047
0.000150
0.000046
0.000049
0.000264
0.000132
0.000215
0.000261
0.000500
6.254895
0.059039
0.041060
0.016371
0.018508
0.028336
5.768672
5.682937
5.646763
5.594810
5.637500
5.662869
5.768933
0.133163
0.107087
0.113502
0.169200
6.689633
7.181961
7.783299
0.000468
0.000443
0.000177
0.000166
0.001171
7.977176
8.160440
8.360704
8.629670
8.701034
8.785969
8.892698
8.954993
9.009080
9.044514
9.020061
9.079997
9.106227
9.122959
9.154820
9.148032
9.102517
9.069857
8.858255
8.726398
8.581988
8.376077
7.949133
7.540561
7.224680
6.818861
6.270927
1.039075
0.937784
0.110375
0.100198
0.000456
0.000466
0.001148
0.001439
0.002328
0.102036
1.362313
5.670166
6.191029
6.901297
7.418229
7.913410
8.189183
8.282659
8.390948
8.562308
8.857128
8.971476
9.129196
9.136799
9.055214
9.056057
9.057586
9.054480
9.057030
8.998223
8.835826
8.678626
0.000124
0.000053
0.000036
0.000030
0.000010
0.000006
0.000003
0.000009
0.000021
0.000010
0.000009
0.000050
0.000055
0.000076
0.000114
0.000221
0.000335
0.000807
0.001880
0.003040
9.474768
9.625879
9.674168
9.629160
9.590089
9.522947
9.504568
9.363287
9.189659
9.095755
8.957404
8.809129
8.658319
8.473250
8.418099
8.312897
8.162066
7.926326
7.748827
7.217059
6.901445
6.694055
6.279666
0.035019
0.068692
0.070658
5.441995
5.352015
7.091212
0.003774
0.003623
0.001442
0.001494
0.000159
0.000163
0.000173
0.000022
0.000024
0.000022
0.000009
0.000012
0.000015
0.000014
0.000012
0.000021
0.000040
0.000028
0.000045
0.000202
0.000039
0.000047
0.000039
0.000023
0.000022
0.000032
0.000006
0.000007
0.000014
0.000016
0.000023
0.000012
0.000015
0.000031
0.000054
0.000057
0.000061
0.000107
8.225412
8.410249
8.646462
8.769808
8.843754
8.864171
8.879018
8.910119
8.961322
0.001634
0.002183
0.002721
0.003011
9.059484
9.086070
9.105422
9.136029
0.000204
0.000320
0.000320
0.000272
0.000039
0.000062
0.000079
0.000104
0.000245
9.214227
9.206485
0.002725
0.002255
0.001680
0.000307
0.000292
0.000213
0.000245
0.000281
9.146742
9.118360
8.837792
8.784866
8.704158
8.545702
8.385335
8.242905
7.746196
7.194947
6.594645
5.657363
4.932521
4.185253
3.776594
3.481712
3.206914
3.033991
0.162153
0.152316
0.145733
0.134316
0.126444
0.120131
0.112823
0.087269
0.109728
0.116320
0.127403
0.066269
0.066447
0.066140
0.066489
0.066503
0.066751
0.066550
0.067203
0.086808
0.070333
2.448035
2.409363
0.070081
0.136239
2.258557
1.987029
1.864898
1.443019
1.209898
1.136365
1.075142
0.987438
0.505458
0.458305
0.391263
0.298493
0.239545
0.183915
0.160249
0.154185
0.066995
0.010952
0.000052
0.000025
0.000013
0.000012
0.000007
0.000005
0.000010
0.000012
0.000012
0.000005
0.000005
0.000009
0.000007
0.000223
0.000002
0.000003
0.000008
0.000012
0.000020
0.000042
0.000063
0.000008
0.000005
0.000073
0.000075
0.000074
0.000094
0.000009
0.000030
0.000008
0.000005
0.000005
0.000002
0.000028
0.000023
0.000006
0.000006
0.000006
0.000007
0.000005
0.000006
0.000531
0.000005
0.000017
0.000432
0.000498
0.000491
0.000489
0.000468
0.000453
0.000054
0.000039
0.000074
0.000010
0.000009
0.000008
0.000006
0.000005
0.000013
0.000013
0.000016
0.000008
0.000016
0.000021
0.000023
0.000012
0.000002
0.000002
0.000003
0.000004
0.000005
0.001997
0.001597
0.001397
0.001369
0.001359
0.001356
0.001350
0.001342
0.001341
0.001315
0.001161
0.000954
0.000008
0.000003
0.000002
0.000002
0.000001
0.000002
0.000002
0.000004
0.000007
0.000009
0.000010
0.000006
0.000003
0.000006
0.000004
0.000002
0.000002
0.000001
0.000005
0.000002
0.000002
0.000004
0.000002
0.000003
0.000003
0.000003
0.000005
0.000009
0.000515
0.000458
0.000063
0.000054
0.000052
0.000042
0.000031
0.000033
0.000003
0.000003
0.000004
0.000005
0.000012
0.000404
0.000569
0.000996
0.001010
0.000959
0.000016
0.000008
0.000005
0.000002
0.000001
0.000004
0.000002
0.000000
0.000000
0.000000
0.000001
0.000001
0.000000
0.000001
0.000001
0.000001
0.000003
0.000058
0.000054
0.000045
0.000038
0.000029
0.000002
0.000004
0.000008
0.000034
0.002751
0.004325
0.003920
0.003930
0.003936
0.003991
0.003961
0.003961
0.003727
0.003643
0.003622
0.003654
0.003661
0.003759
0.003855
0.003968
0.004257
0.004539
0.004611
0.004673
0.004767
0.004988
0.005104
0.005329
0.005092
0.004932
0.004894
0.004882
0.004870
0.004853
0.004839
0.004663
0.004558
0.004513
0.004326
0.002951
0.002630
0.002231
0.001657
0.000269
0.000257
0.000626
0.000652
0.000667
0.000719
0.000837
0.000981
0.001080
0.001174
0.001218
0.001285
0.001390
0.001452
0.001548
0.001697
0.001935
0.002313
0.002986
0.003040
0.003129
0.003242
0.003354
0.003512
0.004354
0.004488
0.004555
0.004500
0.003639
0.003430
0.003335
0.003277
0.003132
0.003050
0.002910
0.002906
0.002767
0.002708
0.002659
0.002560
0.002509
0.002538
0.002506
0.002443
0.000442
0.000416
0.000156
0.000098
0.000123
0.000150
0.001812
0.002015
0.002228
0.002754
0.003519
0.003816
0.003926
0.003894
0.003904
0.003971
0.004023
0.004145
0.004371
0.004357
0.004255
0.004225
0.004216
0.004224
0.004269
0.004315
0.004387
0.004257
0.004214
0.003753
0.003450
0.003242
0.000207
0.000152
0.000261
0.000301
0.000394
0.000421
0.000434
0.000284
0.000199
0.000182
0.000180
0.000179
0.000158
0.000003
0.000001
0.000002
0.000001
0.000001
0.000001
0.000001
0.000001
0.000006
0.000007
0.000098
0.000123
0.000123
0.000130
0.000132
0.000232
0.000242
0.000237
0.000239
0.000246
0.000264
0.000289
0.000300
0.000307
0.000299
0.000168
0.000175
0.000183
0.000182
0.000000
0.000000
0.000000
0.000000
0.000000
0.000000
0.000000
0.000000
0.000000
0.000000
0.000000
0.000000
0.000000
0.000000
0.000001
0.000290
0.000293
0.001052
0.000979
0.001376
0.000860
0.000794
0.000001
0.000000
0.000000
0.000000
0.000000
0.000000
0.000000
0.000000
0.000000
0.000000
0.000000
0.000000
0.000000
0.000000
0.000000
0.000000
0.000000
0.000000
0.000000
0.000000
0.000000
0.000003
0.000006
0.000002
0.000002
0.000318
0.000333
0.000331
0.000359
0.000411
0.001128
0.001156
0.001168
0.001220
0.001332
0.001403
0.040916
0.038890
0.037178
0.034012
0.020536
0.012358
0.011947
0.011541
0.010759
0.004746
0.003669
0.003504
0.001698
0.001647
0.002447
0.002318
0.002275
0.002137
0.001674
0.001233
0.000848
0.000008
0.000003
0.000003
0.000002
0.000001
0.000000
0.000000
0.000000
0.000000
0.000001
0.000672
0.000670
0.000651
0.000640
0.000035
0.000009
0.000005
0.000004
0.000004
0.000003
0.000004
0.000072
0.000117
0.000121
0.000121
0.000130
0.000140
0.000161
0.000204
0.000269
0.000387
0.006254
0.006352
0.000605
0.000648
0.000733
0.000868
0.002927
0.003369
0.003445
0.003501
0.003479
0.001496
0.001471
0.001466
0.001463
0.001463
0.001454
0.001455
0.001461
0.001469
0.001460
0.001473
0.001517
0.001548
0.002995
0.003339
0.003747
