0.000074
0.001219
0.004936
0.005134
0.006124
0.006425
0.006417
0.006281
0.003106
0.002921
0.002730
0.003149
0.003028
0.002759
0.000575
0.000493
0.000486
0.000503
0.000527
0.000557
0.000650
0.000594
0.000395
0.000056
0.000291
0.000779
0.000834
0.001032
0.000323
0.001628
0.002952
0.003350
0.003365
0.003320
0.005192
0.033464
0.036006
0.065827
0.105121
0.155076
0.199335
0.273614
3.731967
3.421955
3.534931
0.018693
0.017058
0.017895
4.120753
4.434916
4.928644
5.192179
5.525526
5.697181
5.881035
0.009403
6.193901
6.266241
6.328937
6.432800
6.594891
6.619058
6.636758
6.662250
6.653756
6.605617
6.578070
6.416790
6.385719
6.496756
6.520375
6.546365
0.028740
6.706876
6.732657
6.709809
6.736515
6.674646
6.693750
6.703589
6.827028
6.835886
6.853138
7.123823
7.156269
7.181164
7.196433
7.214368
7.224935
7.153456
7.117225
7.100778
7.092829
7.072776
6.999114
6.923494
6.869554
6.776407
6.664552
6.578957
0.035570
0.047833
0.009338
0.005463
0.006728
6.515272
6.537966
6.724066
0.018186
7.411091
7.559591
7.784162
7.909028
7.933725
7.960737
7.987736
8.009891
8.028118
8.032588
8.037451
8.038467
8.035314
8.007973
7.871143
7.869379
7.864880
7.856201
7.846081
6.954628
6.085363
5.384633
4.818810
0.096114
0.007918
0.006037
0.008412
0.057762
4.469883
4.828002
5.039179
6.440384
6.920831
7.391205
7.516373
7.602492
7.693300
7.786414
7.804801
7.800568
7.802251
7.999520
8.169995
8.152779
8.140601
8.124284
0.056973
8.023759
8.068915
8.090910
8.095120
8.101049
8.122110
8.164622
8.206885
8.212347
8.213482
8.217253
8.211150
8.173883
8.155840
8.012127
8.009832
7.999237
7.967987
7.911506
7.960553
7.987617
8.000601
8.005341
8.004328
8.003753
8.005261
7.993156
7.770619
7.439745
0.357275
7.798801
8.002010
7.993415
7.985630
7.976848
7.954688
7.915554
7.737024
7.873249
7.827379
7.731496
7.653264
7.589193
7.390121
7.154959
7.015272
0.169584
0.074197
0.016979
0.203415
7.646916
7.786197
7.849341
7.898744
7.946878
7.962978
7.969041
7.969600
7.969383
7.967317
7.965913
7.965054
7.964138
7.961617
7.957738
7.948310
7.920719
7.948428
7.915274
7.922911
7.922866
7.921946
7.921608
7.925686
7.927428
7.927458
7.928309
7.930047
7.930250
7.929269
7.929171
7.928112
7.923587
7.911437
7.753558
7.753320
7.751168
7.749772
7.751140
7.751782
7.752015
7.753390
7.752834
7.751131
7.747368
7.744496
7.737946
7.694519
7.760789
7.749761
7.762744
7.711021
7.644417
7.574350
7.459621
7.335258
7.077724
6.947785
0.042891
7.140028
7.236295
7.116003
7.165321
7.355287
7.529913
7.583206
0.000793
0.000361
0.000285
0.000255
0.000106
0.000060
0.000033
0.000030
0.000064
0.000086
0.000178
0.000220
0.000553
0.000634
7.683449
7.801207
7.882285
7.980818
8.028945
8.064784
8.079359
8.226750
8.268676
8.288877
8.312760
8.321067
8.320814
8.216205
8.217777
8.252785
8.282010
8.286796
8.288752
8.277899
8.258751
8.215037
0.085044
7.837212
7.739598
7.724526
7.456281
7.378399
0.261444
7.744211
0.051867
0.060457
0.062282
0.062206
7.924265
8.010616
8.062833
8.135432
8.121261
8.073216
8.013661
7.979435
7.857180
7.747282
7.681135
7.602446
7.178721
6.627324
1.366667
5.882461
6.276271
6.543668
6.740213
6.942893
7.092035
7.163288
7.205635
0.021279
7.500422
7.628002
7.789820
7.929631
8.099430
8.282873
8.306857
8.359722
8.398234
8.402879
8.411007
8.417800
8.418749
8.419149
8.418957
8.416413
8.399128
8.359853
8.232215
8.233723
8.237086
8.238233
8.239065
8.239029
8.239317
8.239652
8.239104
8.237743
8.235871
8.231336
8.174595
8.130931
8.174855
8.183529
8.189598
8.192631
8.202778
8.202419
8.195923
8.191329
8.190413
8.188640
8.169206
8.130022
8.091307
7.966175
7.702431
0.215450
7.801140
7.787880
7.816755
7.871544
0.042002
0.045903
8.057646
8.151719
8.172649
8.180663
8.108110
8.209118
8.221770
8.215133
8.143301
8.145440
8.146389
8.147172
8.148429
8.148281
8.146581
8.145645
8.145148
8.143194
8.140565
8.138825
8.136041
8.134641
8.136901
8.138567
8.138018
8.138987
8.135439
8.088737
8.053933
8.016622
7.974179
7.914896
7.918648
7.918539
7.919401
7.921862
7.922235
7.921503
7.921183
7.921002
7.920550
7.920912
7.921386
7.916760
7.895946
7.882967
7.881624
7.862839
7.557560
7.557087
7.556842
7.555976
7.556235
7.557000
7.557884
7.557576
7.556835
7.556678
7.558979
7.558961
7.559544
7.560424
7.559836
7.557564
7.557618
7.558206
7.558244
7.558301
7.558492
7.558561
7.778446
7.843280
7.870365
7.913895
7.920161
7.920589
7.920432
7.919986
7.920068
8.115812
8.123374
8.125615
8.126546
8.126580
8.126494
8.126461
8.124610
8.118829
8.105717
8.100372
8.099949
8.063311
8.019858
7.940544
7.938204
7.935958
7.934255
7.934605
7.928530
7.926334
7.928083
7.924128
7.906919
7.895372
7.889173
7.869643
7.759620
7.706500
0.030602
0.031373
7.680636
7.555012
7.463417
7.284982
6.663304
7.036378
7.472527
7.812395
8.119006
8.120576
8.122039
8.124651
8.125855
8.125662
8.126029
8.128862
8.129209
8.128673
8.127572
8.126739
8.127382
8.128078
8.126427
8.122876
8.120049
8.113540
8.111313
8.110187
8.106853
8.108717
8.311216
8.340429
8.339213
8.338826
8.333720
8.330540
8.329564
8.327451
8.325821
8.322822
8.315924
8.308976
8.302169
8.300960
8.297908
8.291692
8.253583
8.220380
8.196377
8.161046
8.016005
7.990629
7.967563
7.917698
7.615898
7.102475
6.995989
6.875645
6.552818
6.579754
6.714376
7.633187
8.068084
8.259014
8.330706
8.370181
8.379564
8.382472
8.390764
8.395872
8.397224
8.396991
8.394756
8.393396
8.394137
8.395759
8.387703
8.167413
8.059440
0.005805
0.005436
0.005321
0.005240
0.005477
0.005830
0.006180
8.056469
7.890733
7.926433
0.002125
0.001900
0.000681
0.000189
0.000160
0.000106
0.000024
0.000011
0.000006
0.000008
0.000013
0.000016
0.000068
0.000072
0.000263
0.000452
0.000586
0.000823
7.918023
8.137363
8.155427
8.177519
8.206831
8.239680
8.276485
8.289449
8.280901
8.306610
8.321917
8.344416
8.375420
8.412177
8.427269
8.443457
8.454035
8.471317
8.488939
8.521141
8.533394
8.545396
8.557489
8.561527
8.558655
8.555824
8.549035
8.548544
8.553081
8.546971
8.509457
8.391715
8.278582
8.096657
7.898909
7.461278
6.667359
4.090212
0.044336
4.964541
5.886819
0.035789
6.179793
6.515786
6.787130
7.249342
7.501453
7.622876
7.788274
7.949219
8.152373
8.218731
8.272702
8.301719
8.338475
8.389276
8.420455
8.463729
8.472761
8.479805
8.490577
8.493868
0.000068
0.000039
0.000026
0.000005
0.000005
0.000002
0.000001
0.000001
0.000000
0.000000
0.000000
0.000000
0.000000
0.000000
0.000000
0.000000
0.000000
0.000000
0.000000
0.000004
0.000004
0.000005
0.000006
0.000031
0.000042
0.000057
0.000108
8.325193
8.323560
8.326037
8.326262
8.212506
8.218236
8.230985
8.248473
8.267639
8.357707
8.450774
8.482537
8.496849
8.509330
8.519453
8.532117
8.680273
8.716965
8.728091
8.737973
8.734242
8.561444
8.538076
8.508049
8.449956
8.408622
8.370581
8.274461
8.156949
8.022384
7.661058
0.279721
0.050024
7.392509
7.648409
7.808185
7.913191
7.986985
8.103695
8.151412
8.199942
8.250181
8.307584
8.306135
8.302910
8.308039
8.305398
8.268494
8.250398
8.248270
8.182054
0.015647
0.015858
0.016599
0.020312
8.041907
8.013274
0.029434
0.030700
0.034718
0.041428
8.080911
8.176266
8.250420
8.284744
8.311543
8.338600
8.340331
8.341272
8.341024
8.340697
8.340363
8.335886
8.302504
8.250109
8.132335
8.086248
8.052955
8.039850
0.142343
7.932363
0.065962
0.063915
7.707494
7.628298
7.372412
7.311179
7.163203
0.124662
7.070443
6.868482
7.289820
7.471341
7.711716
7.810092
7.886415
7.967164
7.974970
7.937394
7.893249
7.857705
7.839393
7.827863
7.812740
7.804435
7.775637
7.728888
7.705396
7.679950
0.045118
0.031788
0.030473
0.000431
0.000250
0.000205
0.000189
0.000099
0.000081
0.000082
0.000257
0.000424
0.000544
0.000983
0.002630
0.002968
0.003718
7.479971
7.595517
7.771559
7.959696
8.016597
8.086895
8.096428
8.097054
8.098292
8.098258
8.097954
8.097564
8.095298
7.777925
7.772036
7.765311
7.567200
7.562910
7.557735
7.529503
7.334005
7.032791
0.075123
0.412065
5.636688
5.916364
6.492320
7.039016
7.210218
7.226397
7.257637
0.137296
7.597740
7.644004
7.656257
7.666202
7.668287
7.668249
7.664898
7.663935
7.663138
7.663407
7.665758
7.665858
7.667036
7.668329
7.665184
7.655902
7.652281
7.653273
7.780872
7.791986
7.795310
8.138077
8.189813
8.199495
8.204951
8.206189
8.205874
8.204084
8.199771
8.177511
8.086526
7.892466
7.750580
7.515192
7.294519
7.051327
6.780836
6.552417
0.025359
0.019592
5.262827
4.999865
0.022791
0.000067
0.000034
0.000018
0.000005
0.000002
0.000002
0.000001
0.000001
0.000001
0.000001
0.000001
0.000001
0.000001
0.000001
0.000001
0.000002
0.000003
0.000001
0.000001
0.000001
0.000000
0.000000
0.000000
0.000000
0.000001
0.000001
0.000001
0.000001
0.000002
0.000002
0.000001
0.000001
0.000001
0.000001
0.000001
0.000000
0.000000
0.000000
0.000000
0.000000
0.000000
0.000001
0.000000
0.000000
0.000000
0.000000
0.000000
0.000000
0.000001
0.000001
0.000001
0.000001
0.000002
0.000001
0.000001
0.000001
0.000001
0.000001
0.000001
0.000000
0.000001
0.000001
0.000000
0.000000
0.000000
0.000000
0.000000
0.000000
0.000000
0.000000
0.000000
0.000000
0.000000
0.000001
0.000001
0.000001
0.000001
0.000000
0.000000
0.000000
0.000000
0.000001
0.000001
0.000001
0.000003
0.000002
0.000001
0.000001
0.000001
0.000000
0.000001
0.000000
0.000000
0.000000
0.000000
0.000001
0.000002
0.000001
0.000001
0.000001
0.000001
0.000001
0.000001
0.000001
0.000001
0.000001
0.000001
0.000001
0.000001
0.000001
0.000001
0.000001
0.000001
0.000001
0.000000
0.000000
0.000000
0.000000
0.000000
0.000001
0.000001
0.000001
0.000001
0.000001
0.000001
0.000001
0.000001
0.000001
0.000001
0.000001
0.000000
0.000001
0.000001
0.000003
0.000002
0.000002
0.000001
0.000000
0.000000
0.000000
0.000000
0.000000
0.000000
0.000000
0.000000
0.000001
0.000001
0.000000
0.000002
0.000002
0.000001
0.000000
0.000000
0.000000
0.000000
0.000000
0.000001
0.000001
0.000000
0.000001
0.000001
0.000001
0.000001
0.000002
0.000001
0.000001
0.000001
0.000001
0.000001
0.000001
0.000002
0.000002
0.000001
0.000002
0.000002
0.000001
0.000001
0.000001
0.000000
0.000001
0.000001
0.000000
0.000000
0.000000
0.000000
0.000001
0.000000
0.000001
0.000001
0.000000
0.000000
0.000000
0.000000
0.000001
0.000001
0.000001
0.000001
0.000002
0.000002
0.000001
0.000000
0.000000
0.000000
0.000001
0.000001
0.000002
0.000003
0.000001
0.000001
0.000000
0.000000
0.000001
0.000000
0.000010
0.000008
0.000004
0.000003
0.000003
0.000002
0.000001
0.000001
0.000001
0.000001
0.000000
0.000000
0.000000
0.000000
0.000000
0.000001
0.000000
0.000000
0.000000
0.000001
0.000000
0.000000
0.000001
0.000001
0.000001
0.000001
0.000001
0.000001
0.000002
0.000003
0.000002
0.000002
0.000001
0.000001
0.000000
0.000000
0.000001
0.000000
0.000000
0.000000
0.000000
0.000001
0.000001
0.000001
0.000000
0.000000
0.000001
0.000001
0.000001
0.000001
0.000001
0.000001
0.000001
0.000000
0.000001
0.000001
0.000000
0.000001
0.000001
0.000001
0.000001
0.000001
0.000001
0.000001
0.000001
0.000001
0.000002
0.000002
0.000003
0.000004
0.000029
0.000039
0.021837
0.088303
1.055334
5.356228
5.965822
6.614333
7.270386
7.582258
7.989131
8.263673
8.379080
8.418776
8.423488
8.425634
8.426123
8.426287
8.426189
8.426046
8.425758
8.425723
8.425582
8.424836
8.425473
8.427288
8.427518
8.427679
8.428331
8.427591
8.422081
8.416300
8.405261
8.380222
8.356109
8.239974
8.223320
8.184694
8.145881
8.110306
8.066089
7.894445
8.012816
8.055989
8.111624
8.154228
8.180785
8.222386
8.236033
8.243646
8.250472
8.258238
8.258317
8.256057
8.260336
8.264625
8.270073
8.274996
8.277848
8.273025
8.233834
8.187332
8.150447
0.094265
0.097781
8.185981
8.258910
8.268318
8.283827
8.285996
8.283294
8.279949
8.275218
8.349698
8.380489
8.394498
8.385318
8.344381
8.321368
8.266823
8.197495
8.148562
8.087465
8.038787
7.641389
7.943677
8.010663
8.077072
8.136300
8.232608
8.297920
8.347477
8.381501
8.417334
8.454640
8.458495
8.461680
8.461975
8.456999
8.450571
8.245217
8.243627
8.212164
8.174581
8.092361
8.028402
7.817909
7.665071
6.945387
4.515973
6.753052
7.451842
7.936725
8.041968
7.999073
7.950172
0.000261
0.000174
0.000124
0.000125
0.000093
0.000084
0.000088
0.000118
0.000211
0.000239
0.000337
8.109808
8.147237
8.178351
8.183502
8.196887
8.210120
8.206009
8.204250
8.168616
8.147107
8.138063
8.127205
8.014121
8.011665
8.010325
8.007608
8.000911
7.994146
7.956501
7.900289
7.773874
7.667878
7.482248
7.185551
6.885887
6.069387
1.751776
0.247970
5.488919
6.757254
7.036580
7.383684
7.672084
7.996394
7.919479
7.912701
7.923376
7.926413
7.913216
7.897123
7.885197
7.832459
7.758625
0.106505
7.603575
7.686442
7.653105
7.508816
7.322202
7.138278
6.959792
6.720567
6.364573
5.712302
5.615148
5.692502
5.684354
5.720461
5.608695
0.137455
0.154822
5.702031
5.900347
5.947201
0.112486
5.927505
6.194413
6.238739
0.056524
0.000142
0.000044
0.000023
0.000034
0.000023
0.000017
0.000008
0.000006
0.000007
0.000005
0.000003
0.000001
0.000002
0.000001
0.000001
0.000001
0.000001
0.000001
0.000001
0.000001
0.000003
0.000006
0.000003
0.000001
0.000001
0.000001
0.000001
0.000000
0.000001
0.000001
0.000001
0.000001
0.000058
0.000053
0.000038
0.000002
0.000001
0.000002
0.000005
0.000006
0.000004
0.000005
0.000001
0.000002
0.000001
0.000002
0.000002
0.000001
0.000001
0.000002
0.000001
0.000004
0.000008
0.000004
0.000001
0.000001
0.000001
0.000001
0.000001
0.000001
0.000001
0.000000
0.000001
0.000012
0.000011
0.000009
0.000002
0.000002
0.000003
0.000005
0.000008
0.000005
0.000005
0.000002
0.000002
0.000001
0.000002
0.000002
0.000002
0.000001
0.000002
0.000002
0.000005
0.000012
0.000007
0.000003
0.000003
0.000021
0.000017
0.000014
0.000007
0.000007
0.000011
0.000007
0.000005
0.000002
0.000004
0.000001
0.000003
0.000003
0.000003
0.000003
0.000003
0.000008
0.000002
0.000001
0.000001
0.000001
0.000001
0.000001
0.000001
0.000002
0.000001
0.000002
0.000002
0.000001
0.000003
0.000002
0.000003
0.000004
0.000006
0.000010
0.000005
0.000007
0.000004
0.000003
0.000003
0.000005
0.000005
0.000004
0.000002
0.000005
0.000003
0.000014
0.000042
0.000019
0.000007
0.000005
0.000025
0.000019
0.000010
0.000004
0.000004
0.000006
0.000005
0.000005
0.000003
0.000017
0.000010
0.000048
0.000042
0.000029
0.000006
0.000007
0.000004
0.000017
0.000018
0.000012
0.000005
0.000005
0.000004
0.000003
0.000002
0.000002
0.000003
0.000001
0.000003
0.000002
0.000001
0.000003
0.000002
0.000003
0.000005
0.000004
0.000004
0.000004
0.000004
0.000004
0.000003
0.000007
0.000025
0.000039
0.000056
0.000081
0.000279
0.000327
0.002896
6.455593
6.897017
7.449380
7.748478
7.749946
0.050017
7.666962
7.727794
7.849234
7.866597
7.877899
7.844599
7.843748
7.843762
7.841237
7.927058
7.958069
7.965062
7.976357
7.978262
7.981458
7.704739
7.526538
6.667023
5.824505
1.795071
6.875347
7.221236
7.495773
7.621310
7.695506
7.633160
7.645459
7.647469
7.626656
7.573323
7.512821
7.457688
7.251856
7.053231
6.856589
6.659937
6.389486
6.299732
6.142153
6.111943
5.474742
5.503782
5.323630
4.984088
4.209322
4.150306
4.409042
3.089053
4.569761
4.950810
5.473361
5.637628
5.690554
5.884783
5.980598
6.049192
6.129526
6.255173
6.418294
6.510328
6.543166
6.585554
6.543897
6.424183
6.111392
0.000936
0.000644
0.000364
0.000249
0.000891
0.000967
0.000537
0.038533
5.651945
5.517595
5.044826
4.203973
3.194569
2.760839
1.179756
0.000001
0.000001
0.000001
0.000001
0.000003
0.000000
0.000000
0.000001
0.000001
0.000002
0.000007
0.000014
0.001176
