0.098700
0.000949
0.000810
0.000498
0.000400
0.000395
0.000391
0.000345
0.000308
0.000298
0.000285
0.000280
0.000276
0.000273
0.000273
0.000237
0.000005
0.000004
0.000002
0.000000
0.000000
0.000000
0.000000
0.000000
0.000000
0.000000
0.000020
0.000003
0.000002
0.000000
0.000000
0.000023
0.000036
0.000047
0.000047
0.000048
0.000002
0.000001
0.000001
0.000000
0.000000
0.000000
0.000001
0.000000
0.000000
0.000000
0.000000
0.000001
0.000000
0.000000
0.000001
0.000206
0.000212
0.000209
0.000188
0.000177
0.000155
0.000007
0.000002
0.000011
0.000002
0.000003
0.000007
0.000014
0.000002
0.000001
0.000002
0.000000
0.000000
0.000008
0.000006
0.000005
0.000004
0.000006
0.000004
0.000004
0.000003
0.000003
0.000004
0.000002
0.000000
0.000000
0.000000
0.000001
0.000001
0.000000
0.000000
0.000000
0.000000
0.000000
0.000336
0.000051
0.000041
0.000036
0.000014
0.000028
0.000025
0.000404
0.000412
0.000000
0.000000
0.000000
0.000000
0.000000
0.000000
0.000000
0.000000
0.000000
0.000000
0.000000
0.000000
0.000001
0.000003
0.000005
0.000522
0.000460
0.000280
0.000304
0.000296
0.000298
0.000302
0.000278
0.000228
0.000181
0.000005
0.000003
0.000001
0.000000
0.000000
0.000000
0.000000
0.000000
0.000000
0.000000
0.000001
0.000004
0.000008
0.000023
0.000056
0.001186
0.001421
0.001555
0.001648
0.001655
0.001708
0.001795
0.001963
0.002088
0.002205
0.002446
0.002737
0.002795
0.002843
0.002844
0.002770
0.002791
0.002784
0.002713
0.003010
0.002718
0.001918
0.001404
0.000573
0.000444
0.000086
0.000007
0.000003
0.000003
0.000074
0.000101
0.000103
0.000102
0.000073
0.000029
0.000039
0.000042
0.000801
0.004997
0.005018
0.005043
0.005018
0.004983
0.004986
0.004958
0.004943
0.004887
0.004855
0.004697
0.004538
0.004398
0.004351
0.004236
0.004205
0.004220
0.004267
0.003637
0.001126
0.002715
0.003365
0.003733
0.003980
0.004054
0.003960
0.003471
0.002731
0.002036
0.001354
0.000371
0.000533
0.000568
0.003776
0.004764
0.004952
0.005052
0.005087
0.005049
0.004520
0.003870
0.002479
0.001899
0.001130
0.000726
0.000610
0.000556
0.000505
0.000486
0.000490
0.000470
0.000455
0.000363
0.000326
0.000299
0.000275
0.000251
0.000230
0.000225
0.000233
0.000235
0.000241
0.000252
0.000260
0.000289
0.000277
0.000265
0.000261
0.000262
0.000268
0.000303
0.000308
0.000310
0.000479
0.000542
0.000334
0.000260
0.000234
0.000211
0.000201
0.000201
0.000199
0.000198
0.000201
0.000206
0.000210
0.000214
0.000202
0.000126
0.000009
0.000003
0.000001
0.000002
0.000001
0.000000
0.000003
0.000001
0.000001
0.000001
0.000001
0.000000
0.000000
0.000000
0.000000
0.000000
0.000002
0.000001
0.000001
0.000001
0.000001
0.000001
0.000002
0.000191
0.000255
0.000324
0.000335
0.000351
0.000367
0.000378
0.000392
0.000401
0.000404
0.000415
0.000445
0.000511
0.000634
0.000674
0.000716
0.000721
0.000728
0.000753
0.000757
0.000766
0.000778
0.000787
0.000794
0.000797
0.000803
0.000781
0.000796
0.000743
0.000677
0.000602
0.000527
0.000428
0.000408
0.000421
0.000412
0.000370
0.000336
0.000047
0.000041
0.000040
0.000041
0.000043
0.000042
0.000051
0.000061
0.000335
0.000365
0.000358
0.000382
0.000382
0.000389
0.000388
0.000356
0.000305
0.000182
0.000027
0.000029
0.000031
0.000032
0.000059
0.000448
0.000585
0.000693
0.000819
0.000848
0.000891
0.000907
0.000930
0.000924
0.000917
0.000861
0.000836
0.000700
0.000563
0.000509
0.000011
0.000007
0.000005
0.000003
0.000003
0.000003
0.000002
0.000003
0.000003
0.000001
0.000002
0.000004
0.000435
0.000454
0.000450
0.000443
0.000444
0.000455
0.000469
0.000447
0.000440
0.000441
0.000017
0.000016
0.000018
0.000020
0.000022
0.000932
0.000955
0.000233
0.000225
0.000026
0.000118
0.000023
0.000018
0.000021
0.000021
0.000250
0.000380
0.000380
0.000356
0.000350
0.000297
0.000236
0.000008
0.000008
0.000007
0.000015
0.000010
0.000011
0.000013
0.000546
0.000492
0.000470
0.000453
0.000430
0.000418
0.000343
0.000298
0.000275
0.000266
0.000283
0.000271
0.000325
0.000317
0.000309
0.000320
0.000285
0.000237
0.000197
0.000164
0.000146
0.000131
0.000006
0.000007
0.000005
0.000021
0.000009
0.000017
0.000011
0.000014
0.000018
0.000017
0.000027
0.000014
0.000011
0.000064
0.000083
0.000103
0.000359
0.006251
0.006405
0.007699
0.010799
0.011348
0.040234
0.054102
0.053255
0.052978
0.052372
0.051711
0.001367
0.001055
0.000336
0.000277
0.000005
0.000011
0.000020
0.000061
0.002035
0.002223
0.002474
0.000541
0.000445
0.000298
0.000076
0.000015
0.000006
0.000005
0.000007
0.000005
0.000035
0.000030
0.000028
0.000760
0.000981
0.001099
0.001210
0.001391
0.001666
0.002304
0.002907
0.003810
0.004552
0.017271
0.019601
0.020239
0.022766
0.093957
0.197171
0.292663
1.077806
2.207273
3.091704
4.005000
5.531455
6.232263
7.221599
7.478464
7.395421
7.904375
8.169604
8.238051
8.291345
8.363386
8.473819
8.517210
8.537261
8.609010
8.615505
8.615870
8.617165
8.616976
8.617007
8.616000
8.615583
8.615651
8.836801
8.845909
8.874404
8.907911
8.932328
8.945053
8.949808
8.949329
8.950059
8.955960
8.963300
8.957210
8.951010
8.923399
8.902627
8.884435
8.844646
0.000143
0.000024
0.000017
0.000012
0.000010
0.000002
0.000002
0.000001
0.000001
0.000001
0.000000
0.000001
0.000001
0.000001
0.000001
0.000001
0.000000
0.000000
0.000001
0.000001
0.000001
0.000001
0.000002
0.000001
0.000001
0.000000
0.000000
0.000000
0.000001
0.000000
0.000000
0.000001
0.000000
0.000000
0.000001
0.000001
0.000001
0.000000
0.000000
0.000000
0.000000
0.000001
0.000001
0.000001
0.000002
0.000003
0.000003
0.000008
0.000041
0.007797
0.007822
0.007818
0.004768
0.000225
0.000110
0.000107
0.000095
0.000105
0.000093
0.000125
0.000137
0.006470
0.008867
0.010761
0.011531
8.741947
8.556099
0.493462
7.326463
7.551745
7.426083
0.908208
0.131983
8.697199
9.035466
9.056941
8.977973
8.867597
8.902343
8.913478
8.915152
8.920524
9.099933
9.105616
9.109995
9.114086
9.118324
9.115171
9.117013
9.123707
9.130463
9.136985
9.141704
9.148369
9.153271
9.156850
9.159956
9.164088
9.166189
9.167405
9.169197
9.171201
9.176330
9.183531
9.183554
9.184866
9.182858
9.181266
9.180053
9.178584
9.158937
0.000232
0.000143
0.000096
0.000064
0.000014
0.000006
0.000004
0.000003
0.000003
0.000004
0.000001
0.000001
0.000002
0.000003
0.000007
0.000012
0.000029
0.000063
0.000113
0.000396
0.001022
9.029108
9.109660
9.167492
9.195119
9.220021
9.231465
9.236162
9.500519
9.564578
9.568917
9.572135
9.572921
9.575471
9.576441
9.578038
9.582983
9.586827
9.589964
9.593505
9.596548
9.590465
9.562586
9.369100
9.106365
9.105215
9.107743
9.106511
9.101479
9.099177
9.085823
9.052642
9.016527
8.848707
8.425288
7.881105
7.402814
6.892236
6.234361
5.422161
4.627158
3.783176
3.108273
2.593453
1.697743
1.342876
1.188319
0.936040
0.638685
0.018589
0.141613
0.322076
0.763277
3.830725
4.644827
5.464695
6.725399
7.861494
8.577600
8.759934
8.898305
8.764517
8.053411
8.009121
7.916778
0.015717
0.099278
8.073609
8.049997
8.268499
8.879427
9.178306
9.241078
9.258735
9.271810
0.000277
0.000220
0.000087
0.000031
0.000027
0.000010
0.000006
0.000004
0.000002
0.000003
0.000001
0.000002
0.000003
0.000002
0.000002
0.000003
0.000002
0.000004
0.000002
0.000002
0.000003
0.000004
0.000002
0.000002
0.000003
0.000007
0.000003
0.000004
0.000006
0.000008
0.000010
0.000014
0.000004
0.000018
0.000026
0.000039
0.000070
0.000458
0.000605
0.001785
9.374646
9.402593
9.386594
9.373667
9.354610
9.268568
9.188832
9.139955
9.035180
8.966113
8.902449
8.844247
8.760861
8.690409
8.618438
8.543661
8.466524
8.419507
8.392296
8.366389
0.003740
0.001792
0.001595
0.001298
0.000500
0.000152
0.000120
0.000084
0.000243
0.000671
0.000622
8.142326
8.092806
8.021269
7.930652
7.854164
7.770355
7.696110
7.635661
7.579155
7.460914
7.242202
0.034200
6.872322
6.846175
6.659941
6.445299
6.261127
6.085670
0.001620
0.001036
0.000747
0.000517
0.000561
0.001183
5.763539
5.494247
5.282221
5.060341
4.770785
4.536802
4.272389
3.801907
0.004472
0.003460
0.003096
0.000123
0.000184
0.000143
0.003363
0.003351
0.001994
2.867245
2.576007
2.312382
1.022155
0.822273
0.488390
0.112022
0.000327
0.001480
0.003688
0.002898
0.002398
0.002415
0.002120
0.002110
0.000811
0.000951
0.001498
0.000175
0.000133
0.000115
0.000718
0.081926
0.562342
2.177082
2.351149
2.552676
2.794530
3.065924
3.349124
3.608511
3.667936
3.821571
3.922803
3.932281
3.931753
3.865507
3.846018
3.787443
3.607799
3.571753
3.510497
3.403790
3.352729
3.233064
2.973861
0.013049
0.011272
0.008756
2.692409
2.218718
2.081356
1.998216
1.935333
0.025635
0.001143
0.000954
0.000726
0.000567
0.000539
0.060055
0.060019
0.095384
0.083304
2.337952
2.659890
3.238476
3.609134
3.919753
4.375031
5.062276
5.613553
5.923236
6.212263
6.481667
6.688689
6.744498
6.860990
6.978121
7.024223
0.003131
0.002338
0.002275
0.002322
0.002586
0.004028
0.004077
0.004770
7.441617
7.572173
7.676985
7.748384
7.891814
8.013393
8.099675
8.161555
8.254262
0.000145
0.000146
0.000319
0.000403
0.001267
0.001388
0.001658
0.003328
8.454424
8.474225
8.488840
8.529692
8.554393
8.641343
0.026766
0.000130
0.000101
0.000061
0.000040
0.000008
0.000012
0.000017
0.000016
0.000003
0.000003
0.000003
0.000001
0.000001
0.000001
0.000001
0.000028
0.000010
0.000017
0.000011
0.000006
0.000006
0.000006
0.000002
0.000003
0.000001
0.000002
0.000001
0.000001
0.000002
0.000002
0.000002
0.000008
0.000001
0.000014
0.000002
0.000003
0.000004
0.000011
0.000001
0.000001
0.000001
0.000002
0.000007
0.000008
0.000006
0.000013
0.000009
0.000018
0.000005
0.000016
0.000016
0.000030
0.000003
0.000004
0.000004
0.000008
0.000001
0.000001
0.000001
0.000001
0.000001
0.000001
0.000000
0.000001
0.000001
0.000001
0.000001
0.000002
0.000003
0.000001
0.000001
0.000001
0.000001
0.000001
0.000003
0.000001
0.000001
0.000001
0.000001
0.000000
0.000001
0.000000
0.000000
0.000000
0.000001
0.000001
0.000001
0.000001
0.000001
0.000001
0.000000
0.000000
0.000004
0.000000
0.000001
0.000000
0.000000
0.000001
0.000001
0.000018
0.000028
0.000002
0.000002
0.000000
0.000000
0.000001
0.000000
0.000000
0.000000
0.000000
0.000000
0.000000
0.000001
0.000000
0.000000
0.000000
0.000000
0.000000
0.000000
0.000002
0.000002
0.000024
0.000005
0.000010
0.000002
0.000001
0.000001
0.000001
0.000002
0.000001
0.000001
0.000006
0.000002
0.000003
0.000002
0.000002
0.000000
0.000000
0.000000
0.000000
0.000000
0.000000
0.000000
0.000000
0.000000
0.000000
0.000000
0.000000
0.000000
0.000000
0.000000
0.000000
0.000000
0.000000
0.000000
0.000001
0.000001
0.000001
0.000000
0.000000
0.000000
0.000000
0.000000
0.000000
0.000000
0.000000
0.000000
0.000000
0.000000
0.000000
0.000000
0.000000
0.000000
0.000000
0.000000
0.000000
0.000000
0.000000
0.000000
0.000000
0.000000
0.000000
0.000001
0.000001
0.000000
0.000000
0.000000
0.000000
0.000000
0.000000
0.000000
0.000000
0.000000
0.000000
0.000000
0.025911
0.024028
0.025404
0.000000
0.000000
0.000000
0.000000
0.000000
0.000000
0.000000
0.028244
8.714832
8.843732
8.883686
8.918371
8.957454
8.972181
8.984212
8.994263
0.000000
0.000000
0.000000
0.000000
0.000000
0.000000
0.000000
0.000000
0.000000
0.000000
0.000000
0.000000
0.000000
0.000000
0.000000
0.000000
0.000000
0.000000
0.000000
0.000000
0.000000
0.000000
0.000000
0.000000
0.000000
0.000000
0.000000
0.000000
0.000000
0.000000
0.000000
0.000000
0.000000
0.000000
0.000000
0.000000
0.000000
0.000000
0.000000
0.000000
0.000000
0.000000
0.000000
0.000000
0.000000
0.000000
0.000000
0.000000
0.000000
0.000000
0.000000
0.000000
0.000001
0.000000
0.000000
0.000000
0.000000
0.000000
0.000000
0.000000
0.000000
0.000000
0.000000
0.000000
0.000000
0.000000
0.000000
0.000000
0.000000
0.000000
0.000000
0.000000
0.000000
0.000000
0.000000
0.000000
0.000000
0.000000
0.000000
0.000000
0.000000
0.000000
0.000000
0.000000
0.000000
0.000000
0.000000
0.000000
0.000000
0.000000
0.000000
0.000000
0.000000
0.000000
0.000000
0.000000
0.000000
0.000000
0.000000
0.000000
0.000000
0.000000
0.000000
0.000000
0.000000
0.000000
0.000000
0.000000
0.000000
0.000000
0.000000
0.000000
0.000000
0.000000
0.000000
0.000000
0.000000
0.000000
0.000000
0.000000
0.000000
0.000000
0.000000
0.000000
0.000000
0.000000
0.000000
0.000000
0.000000
0.000000
0.000000
0.000000
0.000000
0.000000
0.000000
0.000000
0.000000
0.000000
0.000000
0.000000
0.000000
0.000000
0.000000
0.000000
0.000000
0.000000
0.000000
0.000000
0.000000
9.006375
9.009844
9.014143
9.017830
8.993408
8.987112
0.000000
0.000000
0.000000
0.000000
0.000000
0.000000
0.000000
0.000000
0.000000
0.000000
0.000000
0.000000
0.000000
0.000000
0.000000
0.000000
0.000000
0.000000
0.000000
0.000000
0.000000
0.000000
0.000000
0.000000
0.000000
0.000000
0.000000
0.000000
0.000000
0.000000
0.000000
0.000000
0.000000
0.000000
0.000000
0.000000
0.000000
0.000000
0.000000
0.000000
0.000000
0.000000
0.000000
0.000000
0.000000
0.000000
0.000000
0.000000
0.000000
0.000000
0.000000
0.000000
0.000000
0.000000
0.000000
0.000000
0.000000
0.000000
0.000000
0.000000
0.000000
0.000000
0.000000
0.000000
0.000000
0.000000
0.000000
0.000000
0.000000
0.000000
0.000000
0.000000
0.000000
0.000000
0.000000
0.000000
0.000000
0.000000
0.000000
0.000000
0.000000
0.000000
0.000000
0.000000
0.000000
0.000000
0.000000
0.000000
0.000000
0.000000
0.000000
0.000000
0.000000
0.000000
0.000000
0.000000
0.000000
0.000000
0.000000
0.000000
0.000000
0.000000
0.000000
0.000000
0.000000
0.000000
0.000000
0.000000
0.000000
0.000000
0.000000
0.000000
0.000000
0.000000
0.000000
0.000000
0.000000
0.000000
0.000000
0.000000
0.000000
0.000000
0.000000
8.850193
8.899019
8.901833
8.904935
8.900602
8.889851
8.884507
8.882877
8.885927
8.734267
0.000000
0.000000
0.000000
0.000000
0.000000
0.000000
0.000000
0.000000
0.000000
0.000000
0.000000
0.000000
0.000000
0.000000
0.000000
0.000000
0.000000
0.000000
0.000000
0.000000
0.000000
0.000000
0.000000
0.000000
0.000000
0.000000
0.000000
0.000000
0.000000
0.000000
0.000000
0.000000
0.000000
0.000000
0.000000
0.000000
0.000000
0.000000
0.000000
0.000000
0.000000
0.000000
0.000000
8.723098
8.723366
8.742146
8.735238
8.727161
8.702477
8.577063
8.472784
8.332094
7.751863
7.013990
0.033905
0.009367
0.006502
0.005430
0.005040
0.004558
0.003469
0.002457
0.000076
0.000051
0.000052
0.000139
0.000183
0.000166
0.000107
0.000067
0.000105
0.000094
0.000024
0.000030
0.000034
0.000045
0.000017
0.000020
0.000017
0.000157
0.000187
0.000151
0.000133
0.000131
0.000176
0.000104
0.000046
0.000027
0.000023
0.000024
0.000016
0.000028
0.000821
0.000867
0.000872
0.000893
0.000872
0.000769
0.000057
0.000008
0.000003
0.000001
0.000001
0.000001
0.000001
0.000001
0.000001
0.000001
0.000005
0.000006
0.000265
0.002755
0.000858
0.000732
0.000727
0.000755
0.000666
0.000106
0.000070
0.000003
0.000004
0.000002
0.000003
0.000002
0.000003
0.000005
0.000004
0.000005
0.000003
0.000014
0.000009
0.000002
0.000001
0.000000
0.000000
0.000000
0.000001
0.000001
0.000000
0.000000
0.000001
0.000005
0.000007
0.004524
0.003418
0.002389
0.001948
0.000001
0.000000
0.000001
0.000001
0.000001
0.000017
0.000013
0.000013
0.000008
0.000009
0.000012
0.000013
0.000852
0.000009
0.000007
0.000003
0.000004
0.000003
0.000003
0.000005
0.000514
0.000408
0.000393
0.000012
0.000008
0.000010
0.000008
0.000021
0.001384
0.001459
0.001912
0.001973
0.001943
0.001808
0.001716
0.001130
0.000003
0.001332
0.001335
0.001331
0.001377
0.001392
0.001328
0.001206
0.001149
0.001098
0.001077
0.000988
0.000084
0.000071
0.000053
0.000047
0.000524
0.000736
0.000837
0.000872
0.000886
0.000950
0.001084
0.001276
0.001360
0.001391
0.001407
0.000005
0.000002
0.000002
0.000020
0.000010
0.000002
0.000002
0.000000
0.000000
0.000000
0.000000
0.000000
0.000000
0.000000
0.000000
0.000000
0.000000
0.000000
0.000000
0.000001
0.000001
0.000000
0.000000
0.000000
0.000000
0.000000
0.000001
0.000000
0.000000
0.000000
0.000000
0.000000
0.000000
0.000000
0.000000
0.000000
0.000000
0.000000
0.000000
0.000001
0.000001
0.000004
0.000004
0.000009
0.000000
0.000000
0.000000
0.000000
0.000000
0.000000
0.000000
0.000000
0.000000
0.000000
0.000000
0.000000
0.000000
0.000000
0.000000
0.000000
0.000000
0.000000
0.000000
0.000000
0.000000
0.000000
0.000000
0.000000
0.000000
0.000000
0.000000
0.000000
0.000000
0.000000
0.000000
0.000000
0.000000
0.000000
0.000000
0.000000
0.000000
0.000000
0.000000
0.000000
0.000000
0.000000
0.000000
0.000000
0.000000
0.000000
0.000000
0.000000
0.000000
0.000000
0.000000
0.000000
0.000162
5.057372
4.057539
3.382707
2.933291
2.414802
0.000078
0.000054
0.000012
0.000012
0.000009
0.000009
0.000014
0.000011
0.000013
0.000004
0.000003
0.000004
0.000002
0.000004
0.000001
0.000001
0.000001
0.000001
0.000009
0.000006
0.000006
0.000007
0.000009
0.000002
0.000002
0.000004
0.000003
0.000006
0.000004
0.000003
0.000002
0.000001
0.000001
0.000000
0.000000
0.000000
0.000001
0.000001
0.000001
0.000007
0.000009
0.000007
0.000006
0.000007
0.000006
0.000005
0.000000
0.000000
0.000000
0.000000
0.000000
0.000001
0.000001
0.000004
0.000005
0.000005
0.000004
0.000002
0.000001
0.000001
0.000001
0.000000
0.000000
0.000000
0.000001
0.000002
0.000002
0.000084
0.000090
0.000092
0.000073
0.000057
0.000005
0.000006
0.000115
0.000171
0.000198
0.000232
0.000235
0.000254
0.000295
0.000298
0.000301
0.000291
0.000081
0.000002
0.000001
0.000001
0.000001
0.000001
0.000001
0.000000
0.000001
0.000000
0.000006
0.000007
0.000010
0.000012
0.000013
0.069057
1.051660
0.128167
0.010360
0.000708
0.000600
0.000590
0.000009
0.000010
0.000007
0.000006
0.000006
0.000000
0.000000
0.000000
0.000000
0.000000
0.000000
0.000000
0.000000
0.000000
0.000000
0.000000
0.000000
0.000000
0.000000
0.000000
0.000000
0.000000
0.000000
0.000000
0.000000
0.000000
0.000000
0.000000
0.000000
0.000000
0.000000
0.000000
0.000000
0.000000
0.000000
0.000000
0.000000
0.000000
0.000000
0.000000
0.000000
0.000000
0.000000
0.000000
0.000000
0.000000
0.000000
0.000000
0.000000
0.000003
0.000003
0.000004
0.000004
0.000008
0.000221
0.000531
0.000680
0.000841
0.001057
0.001082
0.001084
0.001091
0.001088
0.001073
0.001065
0.001060
0.001052
0.001046
0.001042
0.001043
0.001047
0.001051
0.001033
0.000992
0.000984
0.000991
0.000999
0.001005
0.001004
0.000989
0.000977
0.000956
0.000946
0.000886
0.000006
0.000003
0.000001
0.000001
0.000000
0.000000
0.000000
0.000000
0.000000
0.000000
0.000000
0.000000
0.000000
0.000000
0.000000
0.000000
0.000000
0.000000
0.000000
0.000000
0.000000
0.000000
0.000000
0.000000
0.000000
0.000000
0.000000
0.000000
0.000001
0.000003
0.000056
0.003165
0.000112
0.000113
0.000117
0.000110
0.000003
0.000002
0.000002
0.000000
0.000000
0.000000
0.000001
0.000003
0.000003
0.000024
0.000055
0.000092
0.000125
0.003431
0.011896
