0.001179
0.000995
0.000892
0.002967
0.002900
0.002814
0.002776
0.002454
0.000019
0.000023
0.000015
0.000002
0.000001
0.000006
0.000003
0.000001
0.000001
0.000001
0.000001
0.000002
0.000003
0.000007
0.000001
0.000002
0.000002
0.000003
0.000004
0.000007
0.000008
0.000013
0.000012
0.000016
0.000020
0.000016
0.000024
0.000033
0.000088
0.000878
0.000864
0.001264
0.001261
0.000747
0.000716
0.009158
0.013725
0.020983
0.034759
0.035542
0.036767
0.007025
0.000011
0.000003
0.000002
0.000001
0.000002
0.000001
0.000001
0.000001
0.000000
0.000000
0.000002
0.000002
0.000002
0.000000
0.000001
0.000001
0.000001
0.000001
0.000001
0.000001
0.000001
0.000001
0.000001
0.000002
0.000003
0.000003
0.000002
0.000002
0.000004
0.000004
0.000006
0.000010
0.000013
0.000026
0.000104
0.000356
0.000833
0.125349
0.159164
0.185203
6.205254
6.216170
6.160004
6.158360
6.223276
6.218633
6.182232
6.188941
6.170764
0.004296
0.003000
0.003035
0.002926
0.002998
0.003175
0.003739
6.276056
6.241722
6.234312
6.258261
6.243539
6.401534
6.439954
6.482361
6.656372
7.042640
7.065844
7.069971
7.070415
7.070201
7.070042
7.069856
7.069497
7.069530
7.070178
7.070459
7.069418
7.059069
6.987910
0.008176
0.003301
0.001533
0.001157
0.001083
0.000821
0.000300
0.000453
0.000526
0.000635
0.001549
6.860540
6.864097
6.864139
6.862432
6.824257
6.821112
6.799032
6.743290
6.739424
6.776271
6.916666
0.204285
6.964234
7.002215
7.029256
7.051764
7.050106
7.071742
7.220620
7.273039
7.278710
7.315593
7.352426
7.412101
7.424460
7.425633
7.426479
7.428100
7.429125
7.432160
7.438452
7.435430
7.431086
7.428340
7.420271
7.409049
7.395778
7.391906
7.389164
7.365857
7.342883
0.000079
0.000010
0.000008
0.000006
0.000002
0.000001
0.000000
0.000000
0.000002
0.000000
0.000001
0.000001
0.000001
0.000010
0.000009
0.000000
0.000001
0.000001
0.000000
0.000001
0.000000
0.000000
0.000000
0.000000
0.000000
0.000000
0.000000
0.000000
0.000000
0.000000
0.000000
0.000000
0.000000
0.000000
0.000000
0.000000
0.000000
0.000000
0.000000
0.000000
0.000000
0.000000
0.000001
0.000000
0.000000
0.000000
0.000002
0.000002
0.000001
0.000000
0.000000
0.000000
0.000000
0.000000
0.000001
0.000001
0.000001
0.000001
0.000001
0.000002
0.000007
7.157927
7.062490
7.031777
6.988266
6.937249
6.630779
6.191717
0.232175
0.172542
0.232151
6.326095
6.533309
6.792771
6.899024
7.004392
7.116013
7.131252
7.141965
7.144120
7.184938
7.198022
7.209583
7.216019
7.382161
7.382257
7.380731
7.383026
7.385026
7.386741
7.388730
7.706725
7.711357
7.715782
7.718904
7.721500
7.769891
7.797429
7.837780
8.009583
7.947296
7.982868
0.001073
0.000549
0.000405
0.000147
0.000073
0.000047
0.000045
0.000044
0.000004
0.000005
0.000003
0.000002
0.000003
0.000003
0.000002
0.000002
0.000003
0.000005
0.000001
0.000001
0.000001
0.000001
0.000021
0.000011
0.000002
0.000002
0.000002
0.000001
0.000002
0.000003
0.000005
0.000007
0.000015
0.000094
0.000154
0.000224
0.000483
0.001477
8.329991
8.463023
8.492294
8.566083
8.600865
8.642817
8.652445
8.660753
8.664849
8.667505
8.669331
8.671589
8.674286
8.676501
8.678435
8.678704
8.675437
8.671732
8.670790
8.650658
8.559906
8.482624
8.486429
8.491611
8.670299
8.689734
8.698384
8.700535
8.702257
8.702273
8.702185
8.702114
8.702017
8.702064
8.702308
8.702297
8.702278
8.702291
8.702325
8.702299
8.702206
8.701874
8.701276
8.701375
8.701630
8.700326
8.698084
8.689593
8.673925
0.000116
0.000056
0.000032
0.000016
0.000009
0.000005
0.000005
0.000004
0.000000
0.000001
0.000001
0.000000
0.000005
0.000005
0.000004
0.000005
0.000013
0.000155
0.000166
0.000179
0.000224
0.000424
0.000694
8.587631
8.633606
8.639077
8.630069
8.606802
8.586097
8.488146
8.487546
8.486734
8.522171
8.543649
8.560664
8.562178
8.554222
8.236558
0.165693
0.042074
7.725165
7.544330
0.397236
7.610172
7.941230
0.064356
8.359075
8.652738
8.690817
8.694822
8.698288
8.702040
8.702488
8.702414
8.702308
8.702124
8.701640
8.701662
8.702097
8.702131
8.702105
8.702183
8.701966
8.700875
8.699899
8.699995
8.701451
8.702200
8.700929
8.698361
0.000080
0.000012
0.000004
0.000003
0.000002
0.000001
0.000000
0.000000
0.000000
0.000000
0.000000
0.000000
0.000000
0.000000
0.000000
0.000000
0.000000
0.000000
0.000000
0.000000
0.000000
0.000000
0.000000
0.000001
0.000001
0.000003
0.000012
0.000018
0.000029
8.513898
8.522232
8.796537
8.922832
8.942931
8.949973
8.955989
8.961739
8.967026
8.972031
8.974159
8.960257
8.918252
8.871432
8.795316
8.744693
8.692302
8.631055
8.577736
8.509789
8.432688
0.105483
8.725576
8.846565
8.853961
8.601637
8.649648
8.691853
8.691915
8.678691
8.621992
0.009119
0.002314
0.000861
0.000678
0.000585
0.000348
0.000056
0.000015
0.000006
0.000009
0.000010
0.000009
0.000006
0.000007
0.000004
0.000004
0.000009
0.000007
0.000011
0.000013
0.000039
0.000157
0.000175
0.000203
0.000312
8.327451
8.204238
8.219254
8.241665
8.253024
8.277617
8.294927
8.310798
8.399810
8.429606
8.462925
8.505319
8.580672
8.583748
8.511782
8.504857
8.492079
8.480668
8.462661
8.382883
8.333100
8.296143
8.269872
8.218672
0.017074
0.014578
0.013499
0.013248
0.013203
0.000209
0.000055
0.000039
0.000014
0.000028
0.000016
0.000007
0.000011
0.000016
0.000005
0.000006
0.000005
0.000002
0.000007
0.000010
0.000012
0.000007
0.000024
0.000033
0.000097
0.000127
0.000571
7.918751
7.928087
7.937204
7.988216
7.989294
8.189926
8.260560
8.294919
8.303510
8.319315
8.343443
8.336047
8.311195
8.322170
8.363392
8.353202
8.359577
8.369565
8.363279
8.135259
7.549156
0.070299
0.058546
6.899992
6.324937
5.914738
1.647190
0.598300
0.000493
0.000173
0.000072
0.000040
0.000016
0.000011
0.000008
0.000005
0.000004
0.000006
0.000009
0.000009
0.000006
0.000005
0.000004
0.000005
0.000003
0.000004
0.000004
0.000005
0.000007
0.000010
0.000008
0.000011
0.000007
0.000004
0.000004
0.000008
0.000005
0.000008
0.000009
0.000007
0.000005
0.000011
0.000012
0.000023
0.000021
0.000014
0.000011
0.000021
0.000028
0.000057
0.000094
0.000417
0.000717
0.001224
6.111727
6.789366
7.655934
8.429643
9.207654
9.395401
9.426246
9.433850
9.435729
9.437561
9.438079
9.438379
9.438339
9.842699
9.844245
9.844690
9.845001
9.844818
9.843849
9.875365
9.881830
9.882698
9.874361
9.872247
9.852153
9.734269
9.439029
0.055357
8.977251
0.068782
8.924212
0.138205
8.566939
8.443093
0.006473
0.010666
0.217006
0.222351
8.481104
0.106437
8.664648
8.958467
0.020235
0.030677
0.160863
0.168067
9.719708
9.856761
9.880350
9.883853
9.884274
9.884171
9.884290
9.884554
9.884193
9.884194
9.884566
9.884573
9.884501
9.884527
9.884588
9.884593
9.884557
9.884553
9.884591
9.884613
9.884529
9.884448
9.884081
9.883984
9.884369
9.884545
9.884521
9.884449
9.884100
9.883781
9.883523
9.883519
9.883857
9.884491
9.884553
9.884615
9.884648
9.884460
9.882606
9.865939
9.798693
9.686803
9.612029
0.004977
0.004403
0.004160
0.003893
0.003800
0.003738
0.003394
0.000169
0.000140
0.000017
0.000011
0.000007
0.000003
0.000003
0.000003
0.000006
0.000003
0.000001
0.000001
0.000002
0.000003
0.000002
0.000003
0.000002
0.000002
0.000001
0.000001
0.000011
0.000006
0.000008
0.000335
0.000422
0.000481
0.000514
0.000480
0.000448
0.000397
0.000016
0.000017
0.000016
0.000014
0.000155
0.000444
0.000468
0.000160
0.000157
0.001289
0.001812
0.001943
0.002072
0.002238
0.002561
0.002589
0.002619
0.002692
0.002741
0.002791
0.002828
0.002856
0.002893
0.002996
0.003010
0.002993
0.002992
0.002974
0.002901
0.002355
0.001400
0.001103
0.000828
0.000010
0.000005
0.000004
0.000003
0.000003
0.000002
0.000002
0.000002
0.000002
0.000004
0.000005
0.000007
0.000013
0.000657
0.002678
0.002789
0.002927
0.002952
0.002939
0.002927
0.002914
0.002818
0.002740
0.002664
0.002563
0.002481
0.002450
0.002360
0.002224
0.001319
0.001321
0.003092
0.003546
0.003562
0.003624
0.003684
0.003746
0.003551
0.003508
0.003500
0.003418
0.003354
0.003084
0.003193
0.001390
0.001555
0.003027
0.005694
9.637550
9.690370
9.656484
9.657960
9.651049
9.633336
9.523720
9.287705
9.289029
9.288644
9.516151
9.602525
9.633637
9.662526
9.680470
9.682910
9.683320
9.683471
9.683266
9.683041
9.683087
9.683354
9.683293
9.683079
9.681893
9.676624
9.669373
9.639510
9.593110
9.471565
9.468871
9.462998
9.459232
9.456759
9.456758
9.459633
9.464003
9.643445
9.679091
9.680903
9.680883
9.678481
9.677847
9.678358
9.679339
9.682275
9.683109
9.682789
9.681641
9.681487
9.681571
9.668280
9.657309
9.618003
9.560743
9.474284
9.323743
9.182592
9.007132
9.375195
0.110760
0.130158
9.595931
9.628007
9.658270
9.661052
9.659339
9.665092
9.671948
9.673804
9.658178
9.629541
9.543273
9.240771
9.154945
9.122751
9.111027
9.062731
9.049166
9.033496
9.017856
9.008590
8.993753
8.965114
8.944925
8.915975
8.891510
8.852618
8.438745
8.100590
7.700432
6.897753
6.079453
0.005736
0.004649
0.002131
0.001630
0.003386
0.001916
0.000649
0.000350
0.000045
0.000033
0.000042
0.000025
0.000039
0.000057
0.000102
0.000120
0.000145
0.001457
0.001895
0.001980
0.001888
0.001956
0.001851
0.001825
0.001866
0.001886
0.001751
0.001723
0.001773
0.001794
0.001863
0.001885
0.001834
0.001761
0.001900
0.000064
0.000051
0.000039
0.000029
0.000029
0.000524
0.000268
0.000321
0.000319
0.000349
0.000316
0.000324
0.000286
0.000101
0.000093
0.000247
0.000404
0.000368
0.000422
0.000378
0.000388
0.000124
0.000148
0.000243
0.000335
0.000396
0.000435
0.000348
0.000344
0.000399
0.000426
0.000416
0.000432
0.000433
0.000317
0.000297
0.000011
0.000008
0.000003
0.000003
0.000002
0.000002
0.000003
0.000002
0.000002
0.000001
0.000001
0.000001
0.000001
0.000001
0.000001
0.000001
0.000001
0.000018
0.000016
0.000048
0.000051
0.000006
0.000001
0.000001
0.000008
0.000008
0.000010
0.000003
0.000003
0.000010
0.000012
0.000010
0.000318
0.000343
0.000469
0.000596
0.000808
0.000774
0.000802
0.000790
0.000735
0.000691
0.000638
0.000584
0.000556
0.000508
0.000429
0.000043
0.000042
0.000202
0.000215
0.000240
0.000302
0.000293
0.000246
0.000222
0.000175
0.000149
0.000148
0.000158
0.000153
0.000172
0.000166
0.000002
0.000002
0.000003
0.000004
0.000002
0.000005
0.000009
0.000137
5.288282
4.566391
4.097244
3.170095
2.445507
2.085586
0.000000
0.000000
0.000000
0.000000
0.000000
0.000000
0.000000
0.000000
0.000102
0.000106
0.000099
0.000093
0.000089
0.000086
0.000084
0.000076
0.000005
1.710109
0.000704
0.000002
0.000002
0.000001
0.000001
0.000000
0.000005
0.000005
0.000004
0.000003
0.000002
0.000003
0.000681
0.006214
0.006112
0.006304
0.005952
0.005769
0.005877
0.005615
0.005185
0.005749
0.005589
0.003648
0.003414
0.002506
0.001893
0.001665
0.000797
0.000572
0.000484
0.000041
0.000023
0.000015
0.000025
0.000039
0.000017
0.000027
0.000024
0.000013
0.000010
0.000009
0.000012
0.000011
0.000013
0.000011
0.000011
0.000010
0.000021
0.000007
0.000010
0.000014
0.000014
0.000006
0.000010
0.000016
0.002357
0.002401
0.002553
0.002546
0.002436
0.002370
0.001977
0.000130
0.000109
0.000002
0.000002
0.000002
0.000003
0.000044
0.000047
0.000070
0.000076
0.000087
0.000073
0.000073
0.000084
0.000081
0.000078
0.000000
0.000003
1.197790
0.955157
0.382554
0.017320
0.000012
0.000008
0.000006
0.000008
0.000005
0.000006
0.000003
0.000002
0.000004
0.000012
0.000014
0.000011
0.000001
0.000002
0.000002
0.000001
0.000003
0.000441
0.000443
0.000446
0.000444
0.000443
0.000442
0.000438
0.000431
0.000404
0.000014
0.000005
0.000004
0.000001
0.000000
0.000001
0.000000
0.000000
0.000000
0.000000
0.000000
0.000000
0.000000
0.000000
0.000000
0.000000
0.000000
0.000000
0.000000
0.000000
0.000000
0.000000
0.000000
0.000000
0.000000
0.000000
0.000000
0.000000
0.000000
0.000000
0.000000
0.000000
0.000002
0.154552
0.000971
0.000005
0.000003
0.000003
0.000001
0.000004
0.000004
0.000005
0.000990
0.000893
0.043110
0.030347
0.028447
0.130056
0.134933
0.112075
0.097555
0.048020
0.045267
0.021070
0.004294
0.010558
0.002456
0.000001
0.000001
0.000007
0.000007
0.000006
0.000006
0.000005
0.000006
0.000000
0.000000
0.000000
0.000000
0.000000
0.000000
0.000001
0.000001
0.000005
0.000013
0.000024
0.000000
0.000000
0.000000
0.000000
0.000000
0.000000
0.000000
0.000001
0.000000
0.000000
0.000000
0.000000
0.000001
0.000000
0.000000
0.000001
0.000000
0.000000
0.000000
0.000001
0.000000
0.000001
0.000000
0.000000
0.000000
0.000000
0.000000
0.000000
0.000000
0.000000
0.000000
0.000000
0.000000
0.000000
0.000000
0.000000
0.000000
0.000019
0.008317
0.025997
0.000667
0.004826
0.004410
0.000167
0.000162
0.000002
0.000001
0.000000
0.000000
0.000000
0.000000
0.000000
0.000000
0.000000
0.000000
0.000001
0.000000
0.000000
0.000000
0.000000
0.000000
0.000000
0.000080
0.000093
0.000099
0.000014
0.000007
0.000007
0.000463
0.004607
0.004155
0.004242
0.012742
0.013907
0.022022
0.019211
0.008267
0.006899
0.003648
0.000379
0.000249
0.000170
0.000001
0.000001
0.000000
0.000000
0.000000
0.000000
0.000000
0.000000
0.000000
0.000000
0.000000
0.000000
0.000000
0.000000
0.000000
0.000000
0.000000
0.000000
0.000000
0.000896
0.000769
0.000690
0.000631
0.000576
0.000000
0.000000
0.000053
0.000052
0.000051
0.000060
0.000063
0.000067
0.000073
0.000069
0.000063
0.000049
0.000002
0.000001
0.000001
0.000000
0.000000
0.000000
0.000000
0.000000
0.000000
0.000000
0.000000
0.000026
0.000028
0.000036
0.000040
0.000041
0.000033
0.000031
0.000028
0.000027
0.000027
0.000026
0.000027
0.000029
0.000026
0.000028
0.000030
0.000038
0.000054
0.000048
0.000053
0.000070
0.008829
0.010216
0.011651
0.012284
0.012531
0.012638
0.012385
0.012219
0.011187
0.010577
0.009259
0.004616
0.004381
0.000351
0.000364
0.000342
0.000281
0.000294
0.000281
0.000191
0.000006
0.000002
0.000002
0.000003
0.000003
0.000003
0.000003
0.000001
0.000058
0.000125
0.004603
0.005340
0.005377
0.005394
0.005470
0.005576
0.005678
0.000026
0.000000
0.000000
0.000000
0.000000
0.000000
0.000000
0.000000
0.000000
0.000000
0.000001
0.000000
0.000000
0.000001
0.000000
0.000000
0.000000
0.000000
0.000000
0.000000
0.000000
0.000000
0.000000
0.000000
0.000000
0.000000
0.000000
0.000002
0.000008
0.000009
0.000000
0.000000
0.000000
0.000000
0.000000
0.000000
