0.004868
0.034185
0.026051
0.019385
0.004898
0.001094
0.000397
0.000372
0.000363
0.000336
0.000324
0.000275
0.000277
0.000275
0.000321
0.000037
0.000348
0.007112
0.007490
0.007928
0.008379
0.008837
0.009236
0.009514
0.009908
0.011407
0.019554
0.020404
0.021650
0.025955
0.019689
0.018748
0.015982
0.008478
0.006684
0.010901
0.011076
0.011228
0.011603
0.011627
0.008198
0.008080
0.007983
0.007922
0.007313
0.000519
0.000469
0.000660
0.004970
0.005648
0.006460
0.006693
0.016110
0.018150
0.020471
0.022298
0.023270
0.023214
0.022978
0.021900
0.020963
0.014749
0.014561
0.012093
0.010273
0.008151
0.007730
0.000632
0.000582
0.000033
0.000021
0.000013
0.000010
0.000379
0.000825
0.001312
0.001410
0.003429
0.008223
0.008315
0.010660
0.011165
0.011063
0.011019
0.011294
0.011621
0.011526
0.010828
0.009131
0.003965
0.002345
0.002362
0.002363
0.002140
0.000012
0.000013
0.000012
0.000019
0.000003
0.000005
0.000016
0.000455
0.000518
0.009721
0.010060
0.010204
0.010227
0.009912
0.009372
0.008846
0.008580
0.007341
0.012000
0.012632
0.012439
0.016730
0.018475
0.024161
0.025248
0.025031
0.024732
0.023133
0.022151
0.014680
0.014496
0.014324
0.013959
0.013564
0.010842
0.010764
0.010712
0.010524
0.004119
0.000122
0.000080
0.000042
0.000042
0.000173
0.001321
0.025522
0.028133
0.029468
0.026888
0.025861
0.025277
0.024969
0.024080
0.023053
0.014548
0.009774
0.009465
0.009580
0.009033
0.008736
0.008075
0.007847
0.007749
0.007429
0.007111
0.006877
0.013344
0.012934
0.012824
0.012770
0.012825
0.012705
0.012720
0.010094
0.011323
0.012476
0.012197
0.012467
0.012124
0.012138
0.011768
0.003102
0.000812
0.003914
0.004863
0.005505
0.005818
0.006142
0.006618
0.009070
0.009275
0.009105
0.008964
0.007460
0.005155
0.000178
0.000188
0.000232
0.002540
0.006265
0.006368
0.006506
0.006926
0.007781
0.008250
0.008347
0.008557
0.013604
0.014473
0.015485
0.015926
0.027934
0.037059
0.038062
0.040764
0.041767
0.042942
0.043150
0.043575
0.038143
0.030535
0.030538
0.029780
0.027403
0.026521
0.026113
0.026609
0.025641
0.025004
0.020528
0.019656
0.016872
0.014407
0.005377
0.005075
0.004952
0.004834
0.004834
0.004133
0.003483
0.003169
0.003019
0.000001
0.000001
0.000002
0.000002
0.000001
0.000001
0.000015
0.000022
0.000016
0.000012
0.000012
0.000002
0.000000
0.000000
0.000000
0.000049
0.015814
0.015651
0.015596
0.011894
0.011707
0.011748
0.011808
0.012767
0.012403
0.008639
0.000000
0.000000
0.000000
0.000000
0.000000
0.000000
0.000000
0.000000
0.000000
0.000000
0.000000
0.000000
0.000000
0.000001
0.000000
0.000001
0.008929
0.015009
0.015131
0.015882
0.015784
0.015607
0.015590
0.015622
0.015257
0.008639
0.009901
0.011949
0.012186
0.012401
0.024846
0.029483
0.030020
0.585925
0.551244
0.472997
0.195629
0.125377
0.117627
0.084951
0.037154
0.006000
0.005300
0.005093
0.004648
0.000950
0.001117
0.001391
0.001404
0.001434
0.001397
0.001433
0.001341
0.001165
0.001095
0.000868
0.000729
0.000040
0.000408
0.000592
0.000766
0.006856
0.007393
0.007538
0.007942
0.007455
0.007074
0.006807
0.006555
0.006115
0.000914
0.000746
0.000584
0.000431
0.000413
0.000030
0.000022
0.000008
0.000010
0.000002
0.000008
0.000012
0.000035
0.000025
0.000022
0.000022
0.000025
0.000049
0.000072
0.000104
0.000159
0.000009
0.000002
0.000001
0.000000
0.000000
0.000000
0.000000
0.000330
0.006415
0.006946
0.007409
0.008010
0.008867
0.014456
0.015208
0.018148
0.047674
0.051791
0.055356
0.057933
0.064077
0.056625
0.055448
0.015124
0.015007
0.014779
0.011006
0.010900
0.010748
0.010672
0.000002
0.000001
0.000001
0.000002
0.000002
0.010536
0.010571
0.010610
0.010661
0.010942
0.011179
0.011739
0.012705
0.059354
0.085754
0.441419
0.471974
0.953291
1.102868
1.187090
1.347462
1.586724
0.008030
0.003844
0.005089
0.000127
0.004270
2.159128
0.000112
0.000037
0.000024
0.000010
0.000007
0.000006
0.000003
0.000004
0.000003
0.000005
0.000010
0.000011
0.000045
0.000043
0.000038
0.000011
0.000043
0.000040
0.000018
0.000012
0.000020
0.000023
0.000026
0.000021
0.000022
0.000033
0.000092
0.000113
0.000104
0.000077
0.000074
0.000058
0.000060
0.000033
0.000121
0.000096
0.000024
0.000033
0.000018
0.000041
0.000101
0.000044
0.000036
0.001284
0.001368
0.001355
0.001383
0.001441
0.001444
0.001461
0.001538
0.001532
0.001521
0.001452
0.001440
0.001455
0.001462
0.001464
0.001456
0.001427
0.000022
0.000014
0.000012
0.000004
0.000001
0.000001
0.000001
0.000000
0.000001
0.000000
0.000000
0.000000
0.000000
0.000000
0.000000
0.000000
0.000000
0.000001
0.000002
0.000001
0.000001
0.000002
0.000001
0.000001
0.000001
0.000000
0.000001
0.000002
0.000002
0.000001
0.000001
0.000002
0.000002
0.000004
0.000005
0.000002
0.000003
0.000002
0.000002
0.000003
0.000003
0.000006
0.000008
0.000005
0.000004
0.000005
0.000007
0.000024
0.000027
0.000009
0.000121
0.000173
0.000291
0.000332
0.000304
0.000308
0.000657
0.000925
0.001478
0.000024
0.000034
0.000790
0.001189
0.002129
0.002774
2.619028
2.922763
3.129400
3.539848
3.793767
4.332305
4.616940
4.876802
0.002394
0.000166
0.000121
0.000110
0.000087
0.000083
0.000083
0.000092
0.001132
0.001321
0.001736
0.001738
0.001713
0.001514
0.001212
0.001456
0.000004
0.000003
0.000006
0.000005
0.000002
0.000004
0.000003
0.000002
0.000001
0.000007
0.000007
0.000005
0.000003
0.000008
0.000014
0.000015
0.000013
0.000028
0.000134
0.000112
0.000142
0.000573
0.000352
0.000399
5.207819
5.223508
5.240593
5.260112
5.273166
5.204788
5.178035
5.169916
5.126204
5.049129
4.996122
4.847797
0.037295
0.001502
0.000941
0.000440
0.000191
0.003538
0.003482
0.003487
0.003500
0.003372
0.003452
0.003394
0.003299
0.002803
0.001836
0.000026
0.000021
0.000015
0.000014
0.000023
0.000023
0.000014
0.000010
0.000002
0.000001
0.000001
0.000001
0.000001
0.000002
0.000004
0.000003
0.000007
0.000009
0.000011
0.000051
0.000059
0.000024
0.000035
0.000039
0.000022
0.000005
0.000008
0.000006
0.000007
0.000036
0.000018
0.000016
0.000018
0.000056
0.000045
0.000020
0.000117
0.000047
0.000044
0.000058
0.000030
0.000083
0.000043
0.000023
0.000007
0.000013
0.000013
0.000022
0.000037
0.000018
0.000018
0.000027
0.000221
0.000111
0.000061
0.000548
0.000475
0.000578
0.001041
0.001121
0.008329
3.856859
3.617305
3.242555
0.101528
3.597834
4.007822
4.313634
4.706879
5.194518
5.824398
6.207945
6.627150
6.851116
6.970674
7.012148
7.098812
7.100897
7.113062
7.136363
7.167226
7.193330
7.184197
7.120389
7.034690
6.968599
6.907404
6.796455
6.676085
6.446086
6.339442
6.175056
5.935227
5.586108
5.433756
0.069187
0.007434
0.000019
0.000011
0.000007
0.000004
0.000002
0.000003
0.000009
0.000056
0.000016
0.000011
0.000007
0.000013
0.000014
0.000011
0.000014
0.000025
0.000004
0.000003
0.000005
0.000024
0.000008
0.000004
0.000004
0.000020
0.000013
0.000011
0.000019
0.000011
0.000010
0.000012
0.000004
0.000009
0.000015
0.000010
0.000005
0.000036
0.000022
0.059679
0.064710
0.071698
5.737250
6.084817
6.450924
6.843039
6.947520
7.080745
7.143545
7.151048
7.152621
7.173383
7.177359
7.192357
7.309971
7.315097
7.334797
0.000013
0.000012
0.000004
0.000003
0.000010
0.000044
0.000014
0.000023
0.000016
0.000008
0.000004
0.000014
0.000027
0.000030
0.000003
0.000003
0.000002
0.000003
0.000002
0.000006
0.000009
0.000003
0.000004
0.000011
0.000019
0.000013
0.000006
0.000005
0.000032
0.000018
0.000046
0.000020
0.000014
0.000011
0.000017
0.000011
0.000013
0.000135
0.000912
0.000947
7.349429
7.387228
7.406625
7.353008
7.375027
7.326761
7.184423
6.610090
6.332631
5.987397
5.209096
4.431664
0.011399
0.008777
0.003210
0.000098
0.000146
0.002043
3.428230
2.715253
2.264950
1.989091
1.822202
1.757752
1.505472
1.385024
1.331172
1.819467
1.958556
0.001140
0.000743
0.000720
0.002365
0.002153
0.003129
0.004891
0.034450
3.847060
4.467277
5.976635
6.666634
7.127316
7.239216
7.397048
7.505563
7.622961
7.774334
7.699120
7.524078
7.355793
7.249991
6.816146
6.301106
5.817261
5.320019
4.638368
4.045174
3.102178
0.084168
0.060165
0.000301
0.000267
0.000067
0.000057
0.000031
0.000017
0.000010
0.000009
0.000005
0.000006
0.000015
0.000010
0.000011
0.000016
0.000012
0.000018
0.000010
0.000011
0.000017
0.000008
0.000007
0.000011
0.000009
0.000010
0.000013
0.000007
0.000005
0.000006
0.000006
0.000040
0.000020
0.002857
0.001763
0.001270
0.001053
0.000021
0.000043
0.000017
0.000014
0.000009
0.000016
0.000009
0.000009
0.000006
0.000005
0.000006
0.000006
0.000007
0.000005
0.000014
0.000010
0.000008
0.000009
0.000014
0.000012
0.000014
0.000009
0.000014
0.000015
0.000009
0.000012
0.000014
0.000023
0.000012
0.000008
0.000011
0.000012
0.000006
0.000005
0.000006
0.000007
0.000007
0.000014
0.000014
0.000039
0.000036
0.000035
0.005236
0.005207
0.004947
0.005045
0.005056
0.005141
0.000021
0.000017
0.000016
0.000011
0.000012
0.000012
0.000009
0.000012
0.000009
0.000004
0.000011
0.000012
0.000020
0.014662
0.015533
0.000024
0.000018
0.000019
0.000024
0.000023
0.000028
0.000012
0.000014
0.000021
0.000012
0.000007
0.000008
0.000013
0.000007
0.000009
0.000009
0.000008
0.000012
0.000009
0.000015
0.000011
0.000008
0.000011
0.000011
0.000008
0.000009
0.000012
0.000008
0.000010
0.000009
0.000524
0.000837
0.001582
0.001555
0.000009
0.000009
0.000011
0.000015
0.000033
0.000015
0.000009
0.000014
0.000013
0.000015
0.000013
0.000017
0.000015
0.000012
0.000008
0.000011
0.000013
0.000011
0.000017
0.000036
0.000021
0.000022
0.000010
0.000012
0.000012
0.000011
0.000018
0.000010
0.000009
0.000007
0.000017
0.000016
0.000014
0.000013
0.000014
0.000015
0.000019
0.000012
0.000012
0.000010
0.000132
0.000049
0.000040
0.000031
0.000042
0.000046
0.000069
0.000166
0.000020
0.000016
0.000014
0.000023
0.000029
0.000029
0.000026
0.000020
0.000019
0.000023
0.000058
0.000039
0.000060
0.000096
0.000111
0.000149
0.002552
0.878489
1.383688
2.366653
3.755696
4.870170
6.026203
6.602346
7.114713
7.605458
7.829737
8.016755
8.200222
8.263890
8.323063
8.305932
8.254586
0.177747
7.852743
7.754841
0.085385
7.477123
0.080811
0.062178
7.228721
7.255081
7.576032
7.790675
8.000588
8.137619
8.236535
8.304484
8.375469
8.428269
8.511438
8.542006
8.515316
8.495223
8.428177
8.193513
0.164211
7.780567
7.941395
8.135635
8.217533
8.396998
8.433326
8.446115
8.456081
8.461821
8.450321
8.404892
0.065629
8.452399
8.463935
8.475036
8.442163
8.289112
8.170466
8.023749
7.878727
7.769092
0.136018
0.049780
7.730040
7.864468
8.024107
8.123717
8.256364
8.410893
8.434438
8.442121
8.461609
8.480951
8.500058
8.505255
8.504996
8.506962
8.473466
8.429136
8.352300
8.310827
8.249681
7.926945
7.886656
7.827014
7.631507
7.213310
6.847041
0.043110
6.677480
6.409240
6.130441
0.022034
0.006264
0.016619
5.688589
5.486703
0.001323
0.000428
0.000160
0.000096
0.000122
0.000045
0.000018
0.000017
0.000025
0.000011
0.000005
0.000006
0.000008
0.000010
0.000009
0.000017
0.000017
0.000007
0.000007
0.032454
0.031765
0.031487
0.031191
0.053315
0.054063
0.055237
0.061402
0.069687
0.000586
0.000035
0.001949
0.001646
0.001653
0.001503
0.001343
0.001233
0.001200
0.000077
0.000061
0.000038
0.000027
0.001793
0.001980
0.002169
0.002206
0.002438
0.002789
0.002876
0.002918
0.003083
0.003235
0.003449
0.004000
0.007134
0.007440
0.008034
0.008971
0.010563
0.013205
0.073150
5.193478
5.450693
5.591990
5.788765
5.976562
6.095471
6.210649
6.334450
6.464785
6.432772
6.350317
6.266993
0.159934
6.594547
6.660860
6.729781
6.756835
6.762002
6.694658
6.670094
6.486819
6.560620
6.657628
6.767497
6.861990
6.896157
6.942757
7.158118
7.140297
7.114317
6.725393
6.855024
6.838257
6.845939
6.927859
7.018017
7.030312
7.040066
7.070968
6.890282
6.859943
6.829128
6.814500
6.574066
6.465077
6.454994
6.234934
6.033052
5.993021
0.002769
0.006804
0.050675
0.052557
6.389485
6.552208
6.729590
6.802280
6.876614
6.984569
7.093830
7.102287
7.075503
7.049013
7.012615
6.947218
6.890458
6.740082
6.649091
6.483712
6.350206
6.226434
6.146125
6.048631
5.944618
5.824951
5.595432
4.865426
4.747999
4.493610
4.328835
4.212422
4.078151
3.827916
3.498207
3.328659
2.962465
2.492366
2.186478
0.005234
0.000930
0.000334
0.000189
0.000171
0.000239
0.000044
0.000026
0.000034
0.000063
0.002717
0.002008
0.002181
0.002230
0.002918
0.004010
0.004462
0.004691
0.004708
0.004735
0.004695
0.004787
0.004647
0.004558
0.004452
0.003824
0.000027
0.000017
0.000020
0.000014
0.000032
0.000029
0.000030
0.000011
0.000015
0.000010
0.000008
0.000008
0.000014
0.000035
0.000028
0.000031
0.000018
0.000010
0.000038
0.000055
0.000007
0.000006
0.000004
0.000006
0.000009
0.000009
0.000010
0.000019
0.000037
0.001462
0.001687
0.002253
0.002852
0.003150
0.003495
0.003446
0.003433
0.003343
0.000076
0.000076
0.000068
0.000100
0.000098
0.005566
0.004031
0.003494
0.003443
0.002433
0.002099
0.001817
0.001635
0.000863
0.000824
0.000021
0.000034
0.000031
0.000047
0.000066
1.633518
1.450913
1.311315
1.197128
0.963802
0.881546
0.771816
0.709008
0.003369
0.000249
0.000253
0.000202
0.000253
0.000317
0.000265
0.000251
0.005034
0.179387
0.176794
0.180804
0.196333
0.179934
0.171929
0.002338
0.002732
0.000170
0.000073
0.000084
0.000047
0.000028
0.000040
0.000026
0.000054
0.000040
0.000031
0.000028
0.000025
0.000028
0.000019
0.000014
0.000015
0.000020
0.000017
0.000058
0.000053
0.000060
0.000047
0.000043
0.000058
0.000033
0.000030
0.000022
0.000022
0.000028
0.000048
0.000059
0.000072
0.000068
0.000104
0.000153
0.000214
0.000599
0.000412
0.036714
0.960214
1.305570
1.762711
2.167099
0.007993
2.770946
3.187481
3.795881
4.638723
5.604151
6.018880
6.204555
6.309062
6.316049
6.341066
6.357900
6.379685
6.382168
6.385031
6.383280
0.015326
0.029544
0.029523
6.508263
6.572103
6.602518
6.619171
6.777482
6.781226
6.784764
6.784888
6.778271
6.750099
6.740434
6.736171
6.728739
6.718996
6.646458
6.596851
6.381483
6.315713
5.751568
5.478116
0.239664
3.809358
3.437267
3.231473
3.073317
0.095364
2.813177
2.726701
2.625123
2.461752
0.684088
0.049244
0.042584
0.002064
0.040587
0.126083
1.146589
1.236513
2.101331
2.241801
2.375764
2.520054
0.113195
0.004894
0.056743
2.793559
0.017370
3.329012
3.642001
3.915746
0.011052
0.011717
4.441773
4.734635
5.095312
5.637438
0.048997
0.052159
0.080420
6.328252
6.820783
6.961400
6.976915
6.983083
6.993273
6.992672
6.991880
6.989397
6.987419
6.984276
6.974938
6.972266
6.957228
6.911094
6.710858
6.691867
6.608391
6.404981
6.171625
0.024484
0.022640
0.019009
0.082090
5.792517
5.781866
5.769515
5.685581
5.876025
5.970286
6.038000
0.003941
0.005627
0.007093
0.011212
0.012062
6.247995
6.373722
6.425236
6.490868
6.540079
0.000003
0.000000
0.000000
0.000000
0.000000
0.000000
0.000000
0.000000
0.000000
0.000000
0.000000
0.001171
0.001194
6.341444
6.333524
6.326360
6.299373
0.005377
0.000479
0.000220
0.000193
0.000211
0.000645
0.000588
0.000064
0.000068
0.000005
0.000048
0.000018
0.000024
0.000005
0.000004
0.000004
0.000003
0.000005
0.000003
0.000009
0.000008
0.000007
0.000006
0.000003
0.000002
0.000115
0.000039
0.000048
0.000012
0.000013
0.000008
0.000009
0.000027
0.000064
0.000104
0.000100
0.000177
6.081964
6.066535
5.597165
5.571189
5.520415
5.443470
5.325086
5.194015
4.998465
4.751490
4.426635
4.146374
3.796333
0.110562
4.684155
4.982988
5.050535
5.025203
0.051668
0.000540
0.000362
0.000129
0.000114
0.000069
0.000069
0.000027
0.000019
0.000016
0.000005
0.000004
0.000010
0.000007
0.000004
0.000003
0.000007
0.000007
0.000005
0.000002
0.005535
0.000003
0.000004
0.000006
0.000010
0.000005
0.000002
0.000003
0.000002
0.000003
0.000005
0.000009
0.000009
0.000018
0.000003
0.000003
0.000036
0.000022
0.000019
0.000024
0.000004
0.000003
0.000003
0.000002
0.000001
0.000001
0.000154
0.000145
0.000138
0.000004
0.000002
0.000002
0.000004
0.000004
0.000001
0.000001
0.000001
0.000003
0.000002
0.000003
0.000002
0.000002
0.000007
0.000008
0.000014
0.000015
0.000003
0.000004
0.000004
0.000006
0.000002
0.000002
0.000007
0.000007
0.000022
0.000035
0.000051
5.299513
5.400542
5.481908
5.495498
5.513503
5.485485
5.471912
5.459396
0.000017
0.000017
0.000022
0.000008
0.000002
0.000017
0.000019
0.000012
0.000006
0.000006
0.000008
0.000012
0.000038
0.000169
0.003495
5.451419
5.405730
5.396383
5.399400
5.394709
5.394477
5.403313
5.389344
5.336436
5.087734
5.027797
5.005003
5.006899
0.002084
0.001661
0.000239
0.000176
0.000158
0.000107
0.000135
0.000104
0.000015
0.000025
0.000063
0.000003
0.000006
0.000011
0.000010
0.000002
0.000008
0.000009
0.000009
0.000017
0.000004
0.000003
0.000003
0.000004
0.000001
0.000001
0.000005
0.000005
0.000002
0.000002
0.000002
0.000001
0.000012
0.000004
0.000001
0.000001
0.000002
0.000001
0.000001
0.000001
0.000003
0.000004
0.000003
0.000006
0.000017
0.000001
0.000003
0.000009
0.000006
0.000002
0.000004
0.000003
0.000002
0.000004
0.000004
0.000020
0.000001
0.000003
0.000009
0.000004
0.000000
0.000001
0.000001
0.000000
0.000001
0.000004
0.000004
0.000012
0.000007
0.000010
4.906486
4.823546
4.689311
0.004922
0.001907
0.001229
0.000989
0.001012
0.000620
0.000580
0.000827
4.506640
4.419367
4.327944
4.124739
3.874793
3.145972
1.393383
0.354979
0.062862
0.003706
0.000001
0.000001
0.000000
0.000000
0.000000
0.000000
0.000000
0.000000
0.000000
0.000000
0.000000
0.000000
0.000000
0.000000
0.000000
0.000000
0.000000
0.000000
0.000000
0.000003
0.000000
0.000000
0.000001
0.000001
0.000077
0.000071
0.000067
0.000060
0.000049
0.000043
0.000001
0.000000
0.000000
0.000000
0.000000
0.000000
0.000000
0.000000
0.000000
0.000000
0.000000
0.000000
0.000000
0.000000
0.000000
0.000000
0.000000
0.000000
0.000000
0.000000
0.000000
0.000000
0.000000
0.000000
0.000000
0.000000
0.000000
0.000000
0.000000
0.000000
0.000000
0.000000
0.000000
0.000000
0.000000
0.000000
0.000000
0.000000
0.000000
0.000000
0.000000
0.000000
0.000000
0.000000
0.000000
0.000000
0.000000
0.000000
0.000000
0.000000
0.000000
0.000000
0.000000
0.000000
0.000000
0.000000
0.000000
0.000000
0.000000
0.000000
0.000000
0.000001
0.000001
0.000002
0.000002
0.000002
0.000000
0.000000
0.000000
0.000000
0.000000
0.000000
0.000000
0.000000
0.000000
0.000000
0.000000
0.000000
0.000000
0.000000
0.000000
0.000000
0.000000
0.000000
0.000000
0.000000
0.000000
0.000000
0.000000
0.000000
0.000017
