0.003320
0.003297
0.003262
0.003211
0.003162
0.003052
0.001763
0.001066
0.000011
0.000007
0.000006
0.000006
0.004791
0.004724
0.004648
0.004577
0.004537
0.004668
0.004741
0.004870
0.004531
0.004174
0.003704
0.003530
0.003534
0.003584
0.008128
0.007951
0.005482
0.011795
0.013771
0.020594
0.059343
0.121401
0.004874
0.004913
0.005365
0.011897
0.015124
5.803218
5.803413
0.008352
0.008346
0.014283
0.030099
0.575985
6.332985
6.701087
6.739904
8.487324
8.618959
8.696072
8.738162
8.798031
8.860461
8.866911
8.842570
8.843443
8.847819
8.840634
8.829149
8.818097
8.808748
8.798542
8.922680
8.941513
8.939584
8.925357
8.624433
8.422587
7.941067
7.403699
6.691941
5.996168
5.228982
0.494784
0.502806
0.201813
0.194243
1.300684
1.789294
4.586398
5.360913
5.703701
6.046288
7.003200
7.609645
7.967045
8.223198
8.462981
8.765805
8.821257
8.881050
8.947215
9.030291
9.033565
9.028642
9.028925
9.030534
0.000308
0.000127
0.000067
0.000042
0.000013
0.000007
0.000003
0.000002
0.000001
0.000004
0.000004
0.000003
0.000006
0.000016
0.000012
0.000004
0.000005
0.000008
0.000010
0.000001
0.000001
0.000001
0.000002
0.000001
0.000001
0.000001
0.000002
0.000001
0.000001
0.000001
0.000001
0.000001
0.000002
0.000002
0.000002
0.000002
0.000004
0.000002
0.000003
0.000003
0.000001
0.000001
0.000002
0.000003
0.000004
0.000006
0.000013
0.000042
0.000245
0.000708
0.000933
0.001341
0.003694
9.676493
9.726120
9.749244
9.746177
9.687407
9.646226
9.601408
9.564819
9.527020
9.485187
9.449730
9.424587
9.384743
9.287147
9.273795
9.270686
9.271986
9.290651
9.301687
9.316643
9.335961
9.334620
9.330436
9.326119
0.016718
0.016220
0.015924
0.040125
9.634908
9.670908
9.737708
9.866451
9.870987
9.885238
9.912024
9.933986
9.932939
9.933160
9.933767
9.936824
9.938397
9.942399
9.948696
9.944869
9.941408
9.938307
9.933665
9.931013
9.930307
9.931782
9.935958
9.941483
9.949771
9.961252
9.981257
9.993383
9.995427
9.994666
9.991359
9.991467
9.993867
9.996684
9.998248
9.998833
9.995471
9.993888
9.993109
9.994936
9.998957
9.999688
9.998831
9.998057
9.995108
9.992395
9.992942
9.993627
9.991499
9.991710
9.994712
9.995340
9.993167
9.993907
9.995810
9.997874
9.997892
9.995080
9.991603
9.991570
9.994397
9.997960
9.998619
9.999126
9.999589
9.999364
9.996681
9.996310
9.997953
9.996660
9.995843
9.997218
9.998700
9.997608
9.991761
9.922576
9.505559
9.503114
9.501684
9.502342
9.501353
9.501228
9.499265
9.497493
9.496668
9.498404
9.502499
9.503131
9.501785
9.500435
9.494364
9.446155
9.292169
9.280378
9.369006
9.422007
9.431775
9.444134
9.448879
9.450354
9.450911
9.451372
9.452513
9.963465
9.996220
9.999228
9.999768
9.999797
9.999795
9.999804
9.999668
9.999623
9.997640
9.997246
9.996801
9.997852
9.997885
9.998521
9.999560
9.999583
9.999506
9.993983
9.987554
9.983457
9.981005
9.977645
9.980739
9.991885
9.994282
9.997161
9.994288
9.990092
9.988283
9.987517
9.987237
9.986145
9.985053
9.983405
9.981958
9.982188
9.977159
9.976418
9.978081
9.980069
9.986292
9.996301
9.997574
9.997880
9.999055
9.998110
9.995588
9.991908
9.988004
9.989327
9.995162
9.996305
9.997434
9.997994
9.998224
9.998535
9.996674
9.996762
9.997951
9.994820
9.993747
9.995433
0.000025
0.000003
0.000002
0.000001
0.000001
0.000001
0.000000
0.000000
0.000000
0.000000
0.000000
0.000000
0.000000
0.000000
0.000000
0.000000
0.000000
0.000000
0.000000
0.000000
0.000000
0.000000
0.000000
0.000000
0.000000
0.000000
0.000000
0.000000
0.000000
0.000000
0.000000
0.000000
0.000000
0.000000
0.000000
0.000000
0.000000
0.000000
0.000000
0.000000
0.000000
0.000000
0.000000
0.000000
0.000000
0.000000
0.000000
0.000000
0.000000
0.000000
0.000000
0.000000
0.000000
0.000000
0.000000
0.000000
0.000000
0.000000
0.000000
0.000000
0.000000
0.000000
0.000000
0.000000
0.000000
0.000000
0.000000
0.000000
0.000000
0.000000
0.000000
0.000000
0.000000
0.000000
0.000000
0.000000
0.000000
0.000000
0.000000
0.000000
0.000001
0.000001
0.000004
0.000009
0.000013
9.818463
9.820480
9.822615
9.824476
9.826177
9.827961
9.828881
9.828659
9.830228
9.831127
9.833166
9.834415
9.827249
9.823355
9.823881
9.820863
9.826041
9.833776
9.840749
9.850810
9.855109
9.857770
9.863680
9.867007
9.869006
9.870196
9.872518
9.874026
9.875663
9.869526
9.869090
9.870630
9.854497
0.059017
0.056897
0.001318
0.000608
0.000294
0.000089
0.000057
0.000052
0.000027
0.000020
0.000020
0.000025
0.000023
0.000021
0.000045
9.476339
9.468393
9.456662
9.382885
9.314448
9.252112
8.988959
8.690026
8.680197
8.691542
8.719326
8.747558
8.798723
8.854000
8.923750
8.985895
9.011676
9.038502
0.001786
0.001746
0.001587
0.001404
0.004852
9.182022
9.187962
9.198357
9.220098
9.233370
9.239220
9.245899
9.251103
9.256397
9.264029
9.269539
9.274699
9.282423
9.293565
9.307001
9.317576
9.319776
9.319462
9.305692
9.300491
9.292446
9.286323
9.264003
9.124411
9.122842
9.125986
9.176222
9.210334
9.214459
9.214299
9.206699
9.194913
9.176299
0.018816
0.019724
9.253836
9.271803
9.199441
8.884523
8.898384
8.928783
8.954506
8.971564
9.040224
9.048974
9.050351
9.049211
9.049069
9.050050
9.050327
9.050954
9.052809
9.288563
9.447963
9.512971
9.537487
9.540606
9.542647
9.545299
9.546032
9.540985
9.529833
9.449582
9.449295
9.449526
9.449791
9.448133
9.448027
9.448106
9.448300
9.448311
9.448055
9.447029
9.446968
9.446727
9.438655
9.434422
9.432793
9.405317
0.025464
0.024366
0.015630
8.998064
9.004758
9.012394
9.013453
9.011219
9.012015
9.012343
0.003455
0.003297
0.003557
0.007031
9.025406
9.039927
9.043128
9.047171
9.047672
9.029380
9.025324
9.072735
9.100398
9.140245
0.005080
0.001697
0.000591
0.000109
0.000046
0.000032
0.000040
0.000034
0.000041
0.000005
0.000001
0.000002
0.000001
0.000000
0.000001
0.000001
0.000000
0.000001
0.000001
0.000001
0.000001
0.000002
0.000001
0.000001
0.000001
0.000001
0.000001
0.000001
0.000000
0.000001
0.000001
0.000004
0.000006
0.000005
0.000005
0.000000
0.000000
0.000001
0.000000
0.000001
0.000006
0.000002
0.000000
0.000000
0.000000
0.000000
0.000000
0.000000
0.000000
0.000000
0.000001
0.000001
0.000001
0.000001
0.000000
0.000000
0.000000
0.000000
0.000000
0.000000
0.000000
0.000000
0.000000
0.000000
0.000000
0.000000
0.000000
0.000000
0.000000
0.000000
0.000000
0.000000
0.000001
0.000001
0.000000
0.000000
0.000000
0.000000
0.000000
0.000000
0.000000
0.000000
0.000000
0.000000
0.000000
0.000001
0.000000
0.000000
0.000000
0.000000
0.000000
0.000000
0.000001
0.000001
8.775648
8.767525
0.010955
0.006876
0.001388
0.001024
0.000491
0.000473
0.000064
0.000081
0.000058
0.000076
0.000007
0.000005
0.000003
0.000003
0.000213
0.000191
0.000037
0.000029
0.000011
0.000002
0.000004
0.000004
0.000003
0.000006
0.000011
0.000001
0.000001
0.000002
0.000003
0.000004
0.000002
0.000004
0.000003
0.000003
0.000001
0.000002
0.000003
0.000007
0.000037
0.000001
0.000001
0.000000
0.000002
0.000001
0.000000
0.000001
0.000001
0.000001
0.000000
0.000002
0.000001
0.000001
0.000001
0.000000
0.000000
0.000000
0.000000
0.000000
0.000001
0.000007
0.000044
0.000044
0.000006
0.000018
0.000017
0.000013
0.000003
0.000002
0.000004
0.000001
0.000000
0.000007
0.000006
0.000007
0.000006
0.000062
0.000001
0.000001
0.000000
0.000001
0.000001
0.000000
0.000000
0.000000
0.000001
0.000001
0.000019
0.000000
0.000000
0.000000
0.000000
0.000000
0.000001
0.000001
0.000001
0.000002
0.000002
0.000002
0.000002
0.000006
0.000001
0.000001
0.000000
0.000000
0.000000
0.000000
0.000000
0.000001
0.000001
0.000002
0.000001
0.000000
0.000000
0.000000
0.000003
0.000003
0.000001
0.000001
0.000002
0.000002
0.000002
0.000001
0.000000
0.000000
0.000000
0.000000
0.000000
0.000001
0.000001
0.000015
0.000014
0.000010
0.000003
0.000000
0.000000
0.000000
0.000003
0.000003
0.000002
0.000004
0.000001
0.000001
0.000002
0.000005
0.000000
0.000000
0.000000
0.000000
0.000000
0.000000
0.000002
0.000002
0.000003
0.000000
0.000000
0.000000
0.000000
0.000000
0.000001
0.000001
0.000001
0.000001
0.000000
0.000000
0.000000
0.000000
0.000000
0.000000
0.000000
0.000000
0.000000
0.000000
0.000000
0.000000
0.000000
0.000000
0.000001
0.000000
0.000000
0.000000
0.000000
0.000000
0.000000
0.000000
0.000000
0.000000
0.000000
0.000000
0.000000
0.000000
0.000000
0.000000
0.000000
0.000000
0.000000
0.000000
0.000000
0.000000
0.000000
0.000000
0.000000
0.000000
0.000000
0.000000
0.000000
0.000000
0.000000
0.000000
0.000001
0.000003
0.000000
0.000000
0.000000
0.000000
0.000000
0.000000
0.000000
0.000000
0.000000
0.000000
0.000000
0.000000
0.000000
0.000000
0.000000
0.000000
0.000000
0.000000
0.000000
0.000000
0.000000
0.000000
0.000000
0.000000
0.000000
0.000000
0.000000
0.000000
0.000000
0.000000
0.000000
0.000000
0.000000
0.000000
0.000000
0.000000
0.000000
0.000000
0.000000
0.000000
0.000000
0.000000
0.000000
0.000000
0.000000
0.000000
0.000000
0.000000
0.000000
0.000000
0.000000
0.000000
0.000000
0.000000
0.000000
0.000000
0.000000
0.000000
0.000000
0.000000
0.000000
0.000000
0.000000
0.000000
0.000000
0.000000
0.000000
0.000000
0.000000
0.000000
0.000000
0.000000
0.000000
0.000000
0.000000
0.000000
0.000000
0.000000
0.000000
0.000000
0.000000
0.000000
0.000000
0.000000
0.000000
0.000000
0.000000
0.000000
0.000000
0.000000
0.000000
0.000000
0.000000
0.000000
0.000000
0.000000
0.000000
0.000000
0.000000
0.000000
0.000000
0.000000
0.000000
0.000000
0.000000
0.000000
0.000000
0.000000
0.000000
0.000000
0.000000
0.000000
0.000000
0.000000
0.000000
0.000000
0.000000
0.000000
0.000000
0.000000
0.000000
0.000000
0.000000
0.000000
0.000000
0.000000
0.000000
0.000000
0.000000
0.000000
0.000000
0.000000
0.000000
0.000000
0.000000
0.000000
0.000000
0.000000
0.000000
0.000000
0.000000
0.000000
0.000000
0.000000
0.000000
0.000000
0.000000
0.000000
0.000000
0.000000
0.000000
0.000000
0.000000
0.000000
0.000000
0.000000
0.000000
0.000000
0.000000
0.000000
0.000000
0.000000
0.000000
0.000000
0.000000
0.000000
0.000000
0.000000
0.000000
0.000000
0.000000
0.000000
0.000000
0.000000
0.000000
0.000000
0.000000
0.000000
0.000000
0.000000
0.000000
0.000000
0.000000
0.000000
0.000000
0.000000
0.000000
0.000000
0.000000
0.000000
0.000000
0.000000
0.000000
0.000000
0.000000
0.000000
0.000000
0.000000
0.000000
0.000000
0.000000
0.000000
0.000000
0.000000
0.000000
0.000000
0.000000
0.000000
0.000000
0.000000
0.000000
0.000000
0.000000
0.000000
0.000000
0.000000
0.000000
0.000000
0.000000
0.000000
0.000000
0.000000
0.000000
0.000000
0.000000
0.000000
0.000000
0.000000
0.000000
0.000000
0.000000
0.000000
0.000000
0.000000
0.000000
0.000000
0.000000
0.000000
0.000000
0.000000
0.000000
0.000000
0.000000
0.000000
0.000000
0.000000
0.000000
0.000000
0.000000
0.000000
0.000000
0.000000
0.000000
0.000000
0.000000
0.000000
0.000000
0.000000
0.000000
0.000000
0.000000
0.000000
0.000000
0.000000
0.000000
0.000000
0.000000
0.000000
0.000000
0.000000
0.000000
0.000000
0.000000
0.000000
0.000000
0.000000
0.000000
0.000000
0.000000
0.000000
0.000000
0.000000
0.000000
0.000000
0.000000
0.000000
0.000000
0.000000
0.000000
0.000000
0.000000
0.000000
0.000000
0.000000
0.000000
0.000000
0.000000
0.000000
0.000000
0.000000
0.000000
0.000000
0.000000
0.000000
0.000000
0.000000
0.000000
0.000000
0.000000
0.000000
0.000000
0.000000
0.000000
0.000000
0.000000
0.000000
0.000000
0.000000
0.000000
0.000000
0.000000
0.000000
0.000000
0.000000
0.000000
0.000000
0.000000
0.000000
0.000000
0.000000
0.000000
0.000000
0.000000
0.000000
0.000000
0.000000
0.000000
0.000000
0.000000
0.000000
0.000000
0.000000
0.000000
0.000000
0.000000
0.000000
0.000000
0.000000
0.000000
0.000000
0.000000
0.000000
0.000000
0.000000
0.000000
0.000000
0.000000
0.000000
0.000000
0.000000
0.000000
0.000000
0.000000
0.000000
0.000000
0.000000
0.000000
0.000000
0.000000
0.000000
0.000000
0.000000
0.000000
0.000000
0.000000
0.000000
0.000000
0.000000
0.000000
0.000000
0.000000
0.000000
0.000000
0.000000
0.000000
0.000000
0.000000
0.000000
0.000000
0.000000
0.000000
0.000000
0.000000
0.000000
0.000000
0.000000
0.000000
0.000000
0.000000
0.000000
0.000000
0.000000
0.000000
0.000000
0.000000
0.000000
0.000000
0.000000
0.000000
0.000000
0.000000
0.000000
0.000000
0.000000
0.000000
0.000000
0.000000
0.000000
0.000000
0.000000
0.000000
0.000000
0.000000
0.000000
0.000000
0.000000
0.000000
0.000000
0.000000
0.000000
0.000000
0.000000
0.000000
0.000000
0.000000
0.000000
0.000000
0.000000
0.000000
0.000000
0.000000
0.000000
0.000000
0.000000
0.000000
0.000000
0.000000
0.000000
0.000000
0.000000
0.000000
0.000000
0.000000
0.000000
0.000000
0.000000
0.000000
0.000000
0.000000
0.000000
0.000000
0.000000
0.000000
0.000000
0.000000
0.000000
0.000000
0.000000
0.000000
0.000000
0.000000
0.000000
0.000000
0.000000
0.000000
0.000000
0.000000
0.000000
0.000000
0.000000
0.000000
0.000000
0.000000
0.000000
0.000000
0.000000
0.000000
0.000000
0.000000
0.000000
0.000000
0.000000
0.000000
0.000000
0.000000
0.000000
0.000000
0.000000
0.000000
0.000000
0.000000
0.000000
0.000000
0.000000
0.000000
0.000000
0.000000
0.000000
0.000000
0.000000
0.000000
0.000000
0.000000
0.000000
0.000000
0.000000
0.000000
0.000000
0.000000
0.000000
0.000000
0.000000
0.000000
0.000000
0.000000
0.000000
0.000000
0.000000
0.000000
0.000000
0.000000
0.000000
0.000000
0.000000
0.000000
0.000000
0.000000
0.000000
0.000000
0.000000
0.000000
8.359880
8.365262
8.368333
0.000000
0.000000
0.000000
0.000000
0.000000
0.000000
0.000000
0.000000
0.000000
0.000000
0.000000
0.000000
0.000000
0.000000
0.000000
0.000000
0.000000
0.000000
0.000000
0.000000
0.000000
0.000000
0.000000
0.000000
0.000000
0.000000
0.000000
0.000000
0.000000
0.000000
0.000000
0.000000
0.000000
0.000000
0.000000
0.000000
0.000000
0.000000
0.000000
0.000000
0.000000
0.000000
0.000000
0.000000
0.000000
0.000000
0.000000
0.000000
0.000000
0.000000
0.000000
0.000000
0.000000
0.000000
0.000000
0.000000
0.000000
0.000000
0.000000
0.000000
0.000000
0.000000
0.000000
0.000000
0.000000
0.000000
0.000000
0.000000
0.000000
0.000000
0.000000
0.000000
0.000000
0.000000
0.000000
0.000000
0.000000
0.000000
0.000000
0.000000
0.000000
0.000000
0.000000
0.000000
0.000000
0.000000
0.000000
0.000000
0.000000
0.000000
0.000000
0.000000
0.000000
0.000000
0.000000
0.000000
0.000000
0.000000
0.000000
0.000000
0.000000
0.000000
0.000000
0.000000
0.000000
0.000000
0.000000
0.000000
0.000000
0.000000
0.000000
0.000000
0.000000
0.000000
0.000000
0.000000
0.000000
0.000000
0.000000
0.000000
0.000000
0.000000
0.000000
0.000000
0.000000
0.000000
0.000000
0.000000
0.000000
0.000000
0.000000
0.000000
0.000000
0.000000
0.000000
0.000000
0.000000
0.000000
0.000000
0.000000
0.000000
0.000000
0.000000
0.000000
0.000000
0.000000
0.000000
0.000000
0.000000
0.000000
0.000000
0.000000
0.000000
0.000000
0.000000
0.000000
0.000000
0.000000
0.000000
0.000000
0.000000
0.000000
0.000000
0.000000
0.000000
0.000000
0.000000
0.000000
0.000000
0.000000
0.000000
0.000000
0.000000
0.000000
0.000000
0.000000
0.000000
0.000000
0.000000
0.000000
0.000000
0.000000
0.000000
0.000000
0.000000
0.000000
0.000000
0.000000
0.000000
0.000000
0.000000
0.000000
0.000000
0.000000
0.000000
0.000000
0.000000
0.000000
0.000000
0.000000
0.000000
0.000000
0.000000
0.000000
0.000000
0.000000
0.000000
0.000000
0.000000
0.000000
0.000000
0.000000
0.000000
0.000000
0.000000
0.000000
0.000000
0.000000
0.000000
0.000000
0.000000
0.000000
0.000000
0.000000
0.000000
0.000000
0.000000
0.000000
0.000000
0.000000
0.000000
0.000000
0.000000
0.000000
0.000000
0.000000
0.000000
0.000000
0.000000
0.000000
0.000000
0.000000
0.000000
0.000000
0.000000
0.000000
0.000000
0.000000
0.000000
0.000000
0.000000
0.000000
0.000000
0.000000
0.000000
0.000000
0.000000
0.000000
0.000000
0.000000
0.000000
0.000000
0.000000
0.000000
0.000000
0.000000
0.000000
0.000000
0.000000
0.000000
0.000000
0.000000
0.000000
0.000000
0.000000
0.000000
0.000000
0.000000
0.000000
0.000000
0.000000
0.000000
0.000000
0.000000
0.000000
0.000000
0.000000
0.000000
0.000000
0.000000
0.000000
0.000000
0.000000
0.000000
0.000000
0.000000
0.000000
0.000000
0.000000
0.000000
0.000000
0.000000
0.000000
0.000000
0.000000
0.000000
0.000000
0.000000
0.000000
0.000000
0.000000
0.000000
0.000000
0.000000
0.000000
0.000000
0.000000
0.000000
0.000000
0.000000
0.000000
0.000000
0.000000
0.000000
0.000000
0.000000
0.000000
0.000000
0.000000
0.000000
0.000000
0.000000
0.000000
0.000000
0.000000
0.000000
0.000000
0.000000
0.000000
0.000000
0.000000
0.000000
0.000000
0.000000
0.000000
0.000000
0.000000
0.000000
0.000000
0.000000
0.000000
0.000000
0.000000
0.000000
0.000000
0.000000
0.000000
0.000000
0.000000
0.000000
0.000000
0.000000
0.000000
0.000000
0.000000
0.000000
0.000000
0.000000
0.000000
0.000000
0.000000
0.000000
0.000000
0.000000
0.000000
0.000000
0.000000
0.000000
0.000000
0.000000
0.000000
