0.388663
0.007643
0.000086
0.000055
0.000019
0.000016
0.000044
0.000085
0.000121
0.000020
0.000013
0.000022
0.000000
0.000000
0.000000
0.000000
0.000000
0.000000
0.000000
0.000000
0.000000
0.000000
0.000000
0.000000
0.000000
0.000000
0.000000
0.000000
0.000000
0.000000
0.000000
0.000000
0.000000
0.000000
0.000000
0.000000
0.000000
0.000000
0.000000
0.000000
0.000000
0.000000
0.000000
0.000000
0.000026
0.000014
0.000026
0.000019
0.000026
0.000040
0.000048
0.000051
0.000049
0.001576
0.003191
0.002838
0.010121
0.046820
0.048194
0.048555
0.048898
0.009278
0.011432
0.130324
0.139589
0.166461
0.221675
0.288079
0.337174
0.469842
0.577441
0.672885
0.696745
0.715660
0.010509
0.000000
0.000000
0.000000
0.000000
0.000000
0.000000
0.000000
0.000000
0.000000
0.000000
0.000000
0.000000
0.000000
0.000000
0.000000
0.000000
0.000000
0.000000
0.027844
0.027226
0.538399
0.497221
0.461433
0.515655
0.562556
0.569428
0.545744
0.524352
0.471956
0.452914
0.232701
0.147117
0.110070
0.005197
0.006702
0.000000
0.000000
0.000000
0.000497
0.000654
0.000000
0.000000
0.000000
0.000000
0.000000
0.000000
0.000000
0.000000
0.000000
0.000000
0.000000
0.000000
0.000000
0.000000
0.000000
0.000000
0.000000
0.000000
0.000000
0.000000
0.000000
0.000000
0.000000
0.000000
0.000000
0.000000
0.000000
0.000000
0.000000
0.000000
0.000000
0.000000
0.000000
0.000000
0.000000
0.000000
0.000000
0.000000
0.000000
0.000000
0.000000
0.000000
0.000000
0.000000
0.000000
0.000000
0.000000
0.000000
0.000000
0.000000
0.000000
0.000000
0.000000
0.000000
0.000000
0.000000
0.000000
0.000000
0.000000
0.000000
0.000000
0.000000
0.000000
0.000000
0.000000
0.000000
0.000000
0.000000
0.000000
0.000000
0.000000
0.000000
0.000000
0.000000
0.000000
0.000000
0.000000
0.000000
0.000000
0.000000
0.000000
0.000000
0.000000
0.000000
0.000000
0.000000
0.000000
0.000000
0.000000
0.000000
0.000000
0.000000
0.000000
0.000000
0.000000
0.000000
0.000000
0.000000
0.000000
0.000000
0.000000
0.000000
0.000000
0.000000
0.000000
0.000000
0.000000
0.000000
0.000000
0.000000
0.000000
0.000000
0.000000
0.000000
0.000000
0.000000
0.000000
0.000000
0.000000
0.000000
0.000000
0.000200
0.000191
0.059545
0.059513
0.058955
0.057320
0.057305
0.054835
0.051428
0.000001
0.000000
0.000000
0.000000
0.000000
0.000000
0.000003
0.000003
0.000003
0.000005
0.040394
0.040698
0.056656
0.058050
0.059090
0.060209
0.060160
0.059835
0.023891
0.000000
0.000000
0.000000
0.000000
0.000000
0.000000
0.000000
0.000000
0.000000
0.000000
0.000000
0.024006
0.024873
0.026017
0.004225
0.003308
0.000000
0.000000
0.000000
0.000000
0.000000
0.000000
0.000000
0.000000
0.000004
0.000004
0.000001
0.000001
0.000002
0.001272
0.003478
0.022788
0.091620
0.244470
0.340102
0.375230
0.406925
0.840030
0.911283
1.088773
1.237017
1.279921
0.031613
1.080475
1.060919
0.129150
0.002674
0.001287
0.005580
0.005807
0.006065
0.007783
0.008046
0.008502
0.008823
0.016625
2.077231
2.406455
2.640651
2.940023
0.010279
0.000005
0.000003
0.000002
0.000001
0.000001
0.000000
0.000000
0.000000
0.000000
0.000001
0.000000
0.000001
0.000000
0.000001
0.000001
0.000001
0.000001
0.000005
0.000000
0.000000
0.000000
0.000000
0.000000
0.000000
0.000000
0.000000
0.000001
0.000003
0.000002
0.000001
0.000001
0.000001
0.000001
0.000002
0.000002
0.000001
0.000001
0.000001
0.000001
0.000002
0.000001
0.000002
0.000001
0.000001
0.000000
0.000001
0.000002
0.000002
0.000001
0.000002
0.000002
0.000002
0.000002
0.000002
0.000002
0.000008
0.000008
0.000013
0.000012
0.000025
0.000022
0.000025
0.000009
0.000009
0.000013
0.000006
0.000159
0.000140
0.000130
0.000030
0.000019
0.000022
0.000012
0.000015
0.000032
0.000044
0.000042
0.000027
0.000012
0.000011
0.000012
0.000014
0.000011
0.000005
0.000014
0.000013
0.000012
0.000014
0.000029
0.000020
0.000014
0.000012
0.000012
0.000016
0.000070
0.000065
0.000085
0.000068
0.000067
0.000204
0.000049
0.000026
0.000064
0.000186
0.000197
0.000754
0.000690
0.000068
0.000042
0.000034
0.000032
0.000082
0.000057
0.000041
0.000038
0.000065
0.000066
0.000084
0.000057
0.000102
0.000175
0.000515
0.013662
0.041791
0.056115
0.064562
4.520268
5.222094
6.146196
7.256047
7.669128
7.947752
8.056522
8.089249
8.296181
8.297994
8.306269
8.314089
8.329012
8.328353
8.320138
8.276164
7.687987
7.688054
7.694788
7.699332
7.703474
7.711233
7.726364
7.734509
7.732956
7.733437
7.736688
7.737822
7.736467
7.736024
7.736510
7.736657
7.736224
8.583411
8.604549
8.611996
8.588223
8.548678
8.528994
8.457958
8.360823
8.280790
0.017684
0.023554
0.024843
0.026449
8.289342
8.435860
8.484333
8.532378
8.573216
8.611803
8.615237
8.615189
8.614343
8.614311
8.614391
8.615136
8.614471
8.612346
8.608706
8.597814
8.596224
8.599980
8.610715
8.609452
8.606943
8.604893
8.605397
8.606461
8.604576
8.603604
8.608022
8.614874
8.614817
8.614456
8.614933
8.615777
8.616756
8.616669
8.616137
8.615941
8.615767
8.615983
8.616261
8.615904
8.616060
8.616395
8.615555
8.611393
8.607469
8.573524
8.556832
8.544689
8.541380
8.508787
8.448612
8.339289
8.169870
0.018617
0.001919
0.001558
0.000725
0.000466
0.000186
0.000052
0.000046
0.000045
0.000179
0.000240
0.000878
0.001021
0.001129
0.001819
7.779205
7.838677
7.921754
7.931199
7.917847
7.925153
7.930162
8.158443
8.278458
8.406732
8.464341
8.499114
8.521680
8.553255
8.580046
8.607281
8.614181
8.615831
8.616628
8.616736
8.616935
8.616861
8.616852
8.616957
8.616971
8.616957
8.616933
8.615368
8.602277
8.580407
8.565007
8.542399
8.250019
8.155802
8.151630
8.529252
8.610562
8.614881
8.610308
8.603008
8.582887
8.534807
8.025674
8.017383
8.010112
8.009306
8.008706
8.008412
8.008208
8.007748
8.007544
8.007662
8.007714
8.007629
8.007496
8.007405
8.006078
8.002284
7.983620
7.832398
7.690211
7.542927
7.214801
6.954235
6.755854
6.551985
0.004734
0.004021
0.004350
0.004496
0.005082
0.003475
0.003660
0.012257
0.014111
7.275696
7.399169
7.465700
7.469817
7.460701
7.451938
7.445198
7.443646
7.440752
7.439590
7.438761
7.423034
7.408587
7.298896
7.023363
5.877346
5.796911
5.558717
7.098845
7.346849
7.367921
7.390782
7.415668
7.748820
8.003873
8.624417
8.616781
8.362374
8.358040
8.350774
8.337331
8.321219
8.307018
8.304212
8.291568
8.278021
8.256672
8.248054
8.172306
8.147717
0.228650
8.217145
8.361262
8.365894
8.373909
8.374349
8.374970
8.376882
8.382135
8.385367
8.387746
8.388957
8.386485
8.386001
8.385010
8.383828
8.378101
8.378269
8.377215
8.375612
8.373984
8.369130
8.358230
8.352812
8.352086
8.355730
8.362432
8.364678
8.359042
8.347670
8.283145
8.218633
8.101745
8.015928
7.746636
0.003094
0.002054
0.000925
0.000500
0.000362
0.000301
0.000267
0.000291
0.000554
0.000780
0.010924
0.280348
0.293616
7.898608
8.300284
8.359448
8.377181
8.378728
8.378311
8.377482
8.377624
8.378214
8.378763
8.378999
8.379007
8.378899
8.377341
8.376975
8.374130
8.368480
8.365868
8.367479
8.370900
8.366833
8.361753
8.343436
8.298206
8.217497
7.719438
7.985139
8.166470
8.254994
8.272562
8.277677
8.187791
8.060116
7.865023
6.658112
3.735598
7.365182
7.972689
8.071853
8.148860
7.760788
7.713753
7.469285
7.434888
7.401556
7.388791
7.379862
7.373148
7.370992
7.367738
7.327714
7.327526
7.334224
7.336099
7.336423
7.337329
7.338678
7.338584
7.338483
7.326091
7.324472
7.323786
7.322288
7.315364
7.299110
7.263116
7.240254
7.212271
7.125990
7.022346
6.923485
6.849243
6.678971
6.368194
5.966813
5.644477
4.780690
4.435186
4.058356
3.450544
2.838113
2.204512
1.637062
1.488392
1.030013
0.813818
0.660511
0.480234
0.277765
0.253218
0.186542
0.129873
0.074112
0.073070
0.071015
0.035091
0.034308
0.000036
0.000025
0.000016
0.000004
0.000006
0.000004
0.000005
0.000006
0.000005
0.000003
0.000003
0.000004
0.000002
0.000001
0.000001
0.000001
0.000000
0.000001
0.000001
0.000001
0.000000
0.000001
0.000001
0.000000
0.000001
0.000001
0.000001
0.000002
0.000005
0.000003
0.000001
0.000001
0.000001
0.000001
0.000001
0.000002
0.000001
0.000000
0.000000
0.000000
0.000000
0.000000
0.000000
0.000000
0.000000
0.000001
0.000000
0.000000
0.000002
0.000001
0.000001
0.000001
0.000001
0.000000
0.000000
0.000000
0.000000
0.000000
0.000000
0.000000
0.000000
0.000000
0.000000
0.000000
0.000000
0.000000
0.000000
0.000000
0.000000
0.000000
0.000000
0.000001
0.000001
0.000000
0.000000
0.000000
0.000000
0.000000
0.000000
0.000000
0.000000
0.000000
0.000000
0.000000
0.000000
0.000000
0.000000
0.000000
0.000000
0.000000
0.000000
0.000000
0.000000
0.000000
0.000000
0.000000
0.000000
0.000000
0.000000
0.000006
0.000000
0.000000
0.000000
0.000000
0.000000
0.000000
0.000000
0.000000
0.000000
0.000000
0.000000
0.000000
0.000000
0.000000
0.000000
0.000000
0.000000
