0.000153
0.000055
0.000025
0.001034
0.001122
0.007661
0.010811
0.022091
0.028169
0.028946
0.027987
0.034906
0.014016
5.139848
5.221511
4.807815
0.012138
0.000350
0.000276
0.000089
0.000048
0.000024
0.000044
0.000122
0.000147
0.000105
0.000328
0.000581
0.017057
1.217995
3.046203
3.251741
3.397301
3.810623
4.150588
4.271188
4.407527
4.546112
4.453598
4.694153
4.835311
4.990958
5.233867
5.408703
5.484711
5.561730
0.002869
0.005272
0.005686
0.007444
5.662313
5.677514
5.665811
5.561648
5.355256
5.328612
5.403591
5.217455
5.046467
4.879691
0.032188
4.884529
5.163547
0.001898
0.001812
0.001113
0.001517
0.004873
0.007403
0.031143
0.077395
5.743077
5.881912
5.987643
6.009503
6.040585
6.053429
6.039139
6.025578
5.999395
5.942937
5.826049
5.721261
5.676449
5.579527
5.527656
5.467155
5.413811
5.377380
5.329322
5.294900
5.050124
5.050571
5.130847
5.233440
5.292457
5.328787
5.358716
5.398350
5.443656
5.493223
5.506358
5.509456
5.523196
5.478226
0.027947
0.003598
0.002875
0.002888
0.020631
5.388017
5.545745
5.408811
5.181943
5.254511
5.892387
6.047753
6.049413
5.998506
5.928771
5.883124
5.833887
5.678431
5.442905
5.201192
4.977263
4.702338
4.469998
4.277434
4.120728
3.942882
3.770834
3.587267
3.270332
0.039830
0.048134
0.042377
0.003938
0.003690
0.003781
0.003359
0.009346
0.009219
0.001648
0.001728
0.003305
0.012763
0.058891
2.720646
2.651682
2.603838
2.559826
2.453235
2.346722
0.035339
0.113812
0.154064
0.192832
2.229462
0.006048
0.000728
0.000484
0.000586
0.000455
0.000452
0.004149
0.039655
0.041810
0.070167
2.609304
2.855650
3.053393
3.285399
3.507805
3.808857
4.145732
4.773899
5.184915
5.352738
5.483269
5.523640
5.545269
5.545369
5.514967
5.410187
5.359410
5.326912
5.309175
5.361287
5.297642
0.005755
0.000823
0.000805
0.000423
0.000323
0.000213
0.000234
0.000206
0.001041
5.210528
5.112198
5.002559
4.917761
4.825416
4.728703
4.644992
4.560988
4.461249
4.319769
4.150411
4.022784
3.870412
3.292256
2.758476
2.334586
1.941872
0.004939
1.288258
1.158016
1.004768
0.611948
0.472987
0.264486
0.126668
0.046192
0.008173
0.000272
0.000242
0.002378
0.008067
0.000204
0.000225
0.000226
0.000223
0.000142
0.000098
0.000331
0.000237
0.000140
0.000114
0.000106
0.000193
0.001990
0.001815
0.001872
0.001391
0.001341
0.001286
0.001105
0.001038
0.000957
0.000074
0.000024
0.000009
0.000048
0.000011
0.000023
0.000070
0.014105
0.018942
0.019231
0.032459
0.047849
0.105757
0.111895
0.111968
0.112175
0.126638
0.158517
0.176313
0.185621
0.196078
0.184506
0.175517
0.158179
0.112683
0.053019
0.034039
0.012302
0.011358
0.011124
0.007082
0.000690
0.003501
0.004397
0.005271
0.022660
0.103695
0.109518
0.114577
0.119034
0.128525
0.138635
0.214237
0.227796
0.210827
0.194647
0.161825
0.022011
0.012638
0.020934
0.002556
0.002418
0.002335
0.002207
0.002062
0.002077
0.023808
0.036571
0.039298
0.040841
0.041174
0.038777
0.037928
0.043390
0.044013
0.044489
0.045502
0.040313
0.039828
0.038223
0.035842
0.035476
0.055043
0.055975
0.058139
0.060875
0.057710
0.038931
0.040206
0.000096
0.000055
0.000094
0.103906
0.112431
0.122689
0.113911
0.152591
0.180287
0.207637
0.220030
0.273895
0.271660
0.246504
0.239402
0.235034
0.224202
0.224859
0.210078
0.204485
0.162736
0.010929
0.008395
0.008394
0.008301
0.008319
0.012652
0.011896
0.010288
0.009178
0.007849
0.006736
0.005665
0.004737
0.000359
0.000437
0.000228
0.000057
0.000051
0.000050
0.000505
0.001079
0.004501
0.005498
0.006486
0.007499
0.007433
0.006751
0.006805
0.007145
0.002789
0.003092
0.002563
0.000081
0.002771
0.003331
0.003394
0.006372
0.019206
0.033308
0.069605
0.077296
0.018771
0.018135
0.013995
0.003542
0.002683
0.002035
0.001829
0.001507
0.000528
0.000663
0.000676
0.003135
0.003635
0.011041
0.014983
0.017904
0.018309
0.105764
0.124355
0.161747
0.238405
0.271438
0.322135
0.598891
0.928376
1.063058
1.247508
1.578888
1.831717
2.137713
2.501043
2.815248
3.128695
3.370829
3.652077
3.745982
3.786328
3.855999
3.950722
3.965642
3.967311
3.963643
3.305089
4.033704
4.231830
4.446597
4.566068
4.570398
0.092468
4.431219
4.548345
4.661941
4.820641
4.978392
5.076004
5.194914
5.274917
5.412123
5.795681
5.868119
5.904222
5.918196
5.909709
5.890975
5.877253
5.844369
5.801159
5.672254
0.028337
0.026865
5.525215
5.360948
5.231197
4.994322
4.641587
4.215816
3.774127
3.369076
0.096528
0.033722
0.000458
0.000872
0.009855
0.009409
0.007603
0.006297
0.005159
0.004197
0.000252
0.000102
0.000084
0.000081
0.000111
0.000069
0.000203
0.000239
0.002824
0.002871
0.007506
0.008905
0.009932
0.011453
2.150528
2.366028
2.758756
2.909510
3.076763
3.194657
3.321595
3.372057
3.426717
3.467093
3.543648
3.525460
3.362262
3.203237
0.027124
0.000474
0.000050
0.000012
0.000012
0.000007
0.000001
0.000001
0.000009
0.000008
0.000001
0.000001
0.000007
0.000006
0.000001
0.000001
0.000001
0.000004
0.000002
0.000002
0.000003
0.000002
0.000001
0.000001
0.000001
0.000000
0.000000
0.000000
0.000000
0.000001
0.000004
0.000001
0.000001
0.000001
0.000001
0.000003
0.000004
0.000001
0.000002
0.000003
0.000002
0.000000
0.000001
0.000003
0.000002
0.000001
0.000001
0.000001
0.000011
0.000001
0.000001
0.000004
0.000002
0.000002
0.000002
0.000022
0.000019
0.000002
0.000003
0.000010
0.000070
0.000005
0.000003
0.000002
0.000001
0.000001
0.000001
0.000004
0.000002
0.000002
0.000001
0.000001
0.000002
0.000001
0.000001
0.000001
0.000002
0.000002
0.000001
0.000002
0.000005
0.000012
0.000004
0.000002
0.000002
0.000002
0.000003
0.000002
0.000007
0.000008
0.000011
0.000013
0.000008
0.000038
0.000058
0.000079
0.000067
0.000848
3.158388
2.918398
1.885721
1.422862
3.310529
3.913861
4.061950
4.372896
4.629302
4.806028
4.924363
4.979774
5.041470
5.025691
4.902546
4.788316
4.673340
4.381707
4.115179
0.027207
0.021970
0.019188
3.790040
3.559222
3.364321
3.228433
3.079593
2.767850
2.363173
2.048596
0.011804
0.004669
0.004751
1.136594
1.115948
0.928891
0.958340
0.971554
0.949728
0.031778
0.051864
0.238297
0.258690
0.296705
0.234631
1.207442
1.615735
1.557595
1.989841
2.231312
0.002924
0.002469
0.001821
0.001935
0.002499
2.542273
3.281739
3.622153
3.814111
3.997303
4.114216
4.039342
3.818733
3.566012
3.118903
0.972960
0.879375
0.782369
0.722547
0.660466
0.497695
0.307813
0.224022
0.203497
0.185098
0.000104
0.000021
0.000047
0.000034
0.000039
0.000015
0.000014
0.000022
0.000020
0.000015
0.158627
0.420950
0.510292
1.104196
1.217845
1.304543
1.328371
1.245072
1.554824
1.655022
1.816380
0.021227
0.028653
0.028132
2.815395
3.208317
3.757937
4.251527
4.819423
5.014216
0.053767
5.012948
5.172464
5.336381
5.409390
5.400287
5.396226
5.368700
5.329434
5.291884
5.254532
5.080820
4.851811
4.404027
3.980132
3.761760
3.460182
1.884327
1.736572
1.351343
0.115799
0.012850
0.002516
0.000590
0.000804
0.000862
0.006012
0.015308
0.052355
0.058693
0.066504
3.435243
4.011044
4.734080
4.877342
5.009106
5.006840
4.953283
4.933115
4.885027
4.613143
4.450392
4.315664
3.975606
3.610320
3.109043
2.821416
1.846224
1.523324
1.348604
0.014551
0.481423
0.288141
0.002992
0.000332
0.000186
0.000170
0.003395
0.017637
0.019242
0.000252
0.011270
0.038289
0.036624
0.036334
0.032790
0.122329
0.134020
0.153446
0.241560
0.283473
0.976581
2.220924
2.503128
3.048256
3.428422
3.896503
4.443815
5.138676
5.926481
6.320866
6.802552
7.133715
7.441512
7.679031
7.940887
8.189638
8.246622
8.258454
8.282381
8.305450
8.295697
8.243235
8.194511
8.145017
8.104809
8.086086
8.088698
0.100685
8.201687
8.277145
8.357258
8.446006
8.545150
8.583288
8.616113
8.566978
8.539352
8.496614
8.420715
8.155668
8.172211
8.164968
8.171622
8.176485
8.285938
8.275250
8.260912
8.127373
7.877232
7.588372
7.287839
0.074285
1.555108
6.461707
7.428268
7.899168
8.011429
8.039011
8.075357
0.000466
0.000318
0.000214
0.000196
0.000122
0.000156
0.000166
0.000170
0.000800
0.000988
0.001528
0.001828
8.184420
8.241416
8.275148
8.283585
8.349213
8.348776
8.343296
8.344904
8.326621
8.288449
8.252298
8.219713
8.197644
8.192102
8.202276
8.210638
8.235816
8.263542
8.284070
8.305570
8.319478
8.333152
8.359250
8.366084
8.381797
8.399607
8.410055
8.419165
8.434922
8.444411
8.439960
8.436273
8.426148
8.419077
8.422630
8.350233
8.283186
8.197001
0.043719
0.041678
8.069425
8.081464
7.977197
7.870146
7.791903
7.395032
7.675773
7.807054
7.883477
7.927787
0.183842
8.179743
8.122451
7.923114
0.218248
7.853677
8.015929
0.078782
7.775594
7.897169
8.054033
8.168305
8.263619
8.339063
8.370417
8.381336
8.388929
8.346640
8.343393
8.340427
8.344679
8.348520
8.350139
8.299341
8.299834
8.259319
8.045750
8.092240
8.142220
8.167083
8.187014
8.209862
8.230846
8.280407
8.330624
8.352499
8.345293
8.323144
8.269325
8.267543
8.261778
8.260020
8.261180
8.262988
8.263108
8.262183
8.263062
8.263351
8.261911
8.253002
8.196696
8.141759
8.046139
8.003816
7.989611
7.991379
8.000412
7.967133
7.925713
7.918002
7.912493
7.909202
7.907249
7.947302
8.048306
7.973229
0.002188
0.001236
0.000332
0.000145
0.000066
0.000034
0.000031
0.000027
0.000014
0.000148
0.000190
0.000810
0.000947
0.001152
0.002554
0.000002
0.000003
0.000002
0.000005
0.000006
0.000006
0.000002
0.000001
0.000002
0.000002
0.000001
0.000001
0.000003
0.000002
0.000002
0.000002
0.000003
0.000001
0.000002
0.000004
0.000008
0.000008
0.000009
0.000010
0.000002
0.000001
0.000004
0.000009
0.000004
0.000003
0.000005
0.000004
0.000003
0.000008
0.000023
0.000149
0.000213
0.000250
0.000434
0.008534
7.760943
7.743429
7.584162
7.511573
7.469234
7.452379
7.373017
7.278428
7.124124
6.976034
6.658666
6.441542
5.911975
5.268123
4.701182
4.161052
3.695606
3.250298
2.136434
1.820956
1.479890
1.327057
0.011878
0.010147
0.011709
0.000530
0.000453
0.001122
0.711901
0.611867
0.494918
0.006956
0.270875
0.255917
0.117278
0.057197
0.001920
0.000138
0.000047
0.000039
0.000035
0.000038
0.000038
0.000048
0.000039
0.000037
0.000039
0.000053
0.000043
0.000039
0.000020
0.000027
0.000029
0.000035
0.000056
0.000077
0.000083
0.000065
0.000053
0.000061
0.000084
0.000083
0.000041
0.000054
0.000077
0.000081
0.000049
0.000048
0.000034
0.000037
0.000082
0.000065
0.000068
0.000053
0.000054
0.000138
0.000094
0.000069
0.000086
0.000102
0.000104
0.000240
0.000245
0.000176
0.000057
0.000145
0.000082
0.000025
0.000043
0.000042
0.000029
0.000027
0.000032
0.000034
0.000040
0.000020
0.000024
0.000021
0.000027
0.000033
0.000066
0.000031
0.000018
0.000017
0.000017
0.000018
0.000016
0.000013
0.000018
0.000038
0.000043
0.000022
0.000131
0.000036
0.000041
0.000044
0.000046
0.000032
0.000045
0.000036
0.000017
0.000021
0.000021
0.000019
0.000008
0.000009
0.000026
0.000036
0.000024
0.000017
0.000015
0.000030
0.000023
0.000029
0.000029
0.000014
0.000016
0.000033
0.000019
0.000022
0.000024
0.000020
0.000017
0.000030
0.000021
0.000030
0.000033
0.000047
0.000072
0.000082
0.031369
0.032361
0.039807
0.039916
0.052813
0.115613
0.133773
0.320962
0.654320
0.994558
1.103529
1.366280
1.734873
2.057050
2.335273
2.683063
2.899229
3.194704
3.611874
4.066695
4.303690
4.472124
4.695942
0.079151
5.497711
5.694527
6.000242
6.285115
6.466511
6.608675
6.709567
6.908884
7.113416
7.170560
7.230532
7.264060
7.296542
7.314229
7.321060
7.341539
7.351025
7.358793
7.360370
7.374728
7.391478
7.409812
7.434979
7.439479
7.442616
7.447999
7.449926
7.451802
7.462309
7.453167
7.442476
7.406860
7.400204
7.398959
7.365082
7.337852
7.338178
7.270345
7.217189
7.173981
7.161068
7.146752
7.132296
7.130342
7.136545
7.147263
7.138846
7.135727
7.149958
7.196215
7.253051
7.325162
7.331398
7.329700
7.475731
7.515853
7.536152
7.549104
7.560977
7.557980
7.497500
7.449654
7.403174
7.210126
6.758900
6.086639
5.445010
4.811269
4.288888
0.751366
0.083910
0.239523
3.722022
4.674576
5.737166
6.352916
6.559767
6.713110
6.876991
7.104394
7.177089
7.230909
7.268994
7.303157
7.303168
7.300341
7.299529
7.265402
7.246148
7.225080
7.204651
7.195748
7.167851
7.229773
7.214264
7.218230
6.919794
7.050332
7.088780
7.170599
7.247401
7.354561
7.402431
7.433521
7.494926
7.514957
7.484018
7.441391
7.372114
7.322712
7.197842
7.198072
7.210407
7.225247
7.234661
0.068347
0.000733
0.000262
0.000206
0.000051
0.000019
0.000018
0.000031
0.000004
0.000004
0.000004
0.000008
0.000005
0.000002
0.000002
0.000004
0.000003
0.000003
0.000002
0.000003
0.000003
0.000005
0.000005
0.000007
0.000008
0.000006
6.945484
6.878863
6.811550
6.802294
6.753223
6.679642
6.429617
6.048743
5.885852
5.338723
5.124292
4.939098
4.682769
0.094516
4.581652
0.003752
0.001000
0.000519
0.000155
0.000047
0.000042
0.000060
0.000056
0.000064
0.000060
0.000051
0.000037
0.000015
0.000010
0.000018
0.000015
0.000055
0.000016
0.000024
0.000007
0.000008
0.000012
0.000021
0.000071
0.000023
0.000021
0.000004
0.000004
0.000005
0.000012
0.000032
0.000042
0.000004
0.000005
0.000009
0.000014
0.000016
0.000017
0.000028
0.000008
0.000008
0.000004
0.000005
0.000006
0.000003
0.000003
0.000002
0.000002
0.000004
0.000005
0.000007
0.000011
0.000015
0.000030
0.000072
0.000122
0.000007
0.000003
0.000003
0.000002
0.000003
0.000003
0.000052
0.000052
0.000004
0.000005
0.000006
0.000005
0.000006
0.000004
0.000028
0.000012
0.000012
0.000009
0.000004
0.000001
0.000001
0.000002
0.000001
0.000001
0.000001
0.000002
0.000002
0.000003
0.001920
4.551482
4.359655
0.000003
0.000002
0.000002
0.000001
0.000003
0.000001
0.000004
0.000001
0.000000
0.000001
0.000001
0.000001
0.000001
0.000001
0.000001
0.000001
0.000011
0.000004
0.000004
0.000001
0.000001
0.000004
0.000002
0.000002
0.000002
0.000002
0.000006
0.000003
0.000001
0.000001
0.000001
0.000000
0.000001
0.000001
0.000001
0.000000
0.000000
0.000000
0.000000
0.000000
0.000000
0.000001
0.000000
0.000001
0.000000
0.000001
0.000001
0.000000
0.000001
0.000002
0.000001
0.000001
0.000000
0.000000
0.000000
0.000000
0.000000
0.000000
0.000001
0.000001
0.000001
0.000000
0.000000
0.000000
0.000000
0.000000
0.000000
0.000000
0.000000
0.000000
0.000000
0.000000
0.000000
0.000000
0.000000
0.000000
0.016052
0.012236
0.011462
0.011828
3.891475
3.715297
3.588235
3.509827
3.438776
3.323459
3.152351
2.961650
0.034565
0.041115
0.032642
2.556164
1.869804
0.039726
0.049566
0.030397
0.021637
0.000175
0.000252
0.000235
0.000102
0.003098
0.992885
0.852675
0.718889
0.443302
0.281386
0.121971
0.075537
0.048245
0.030589
0.004377
0.000581
0.000547
0.000323
0.000584
0.000288
0.002701
0.002696
0.002926
0.003161
0.003273
0.003365
0.009079
0.010146
0.010209
0.009714
0.001142
0.001108
0.001108
0.001075
0.001117
0.001172
0.006704
0.015833
0.017455
0.010938
0.005439
0.003591
0.002868
0.002220
0.000009
0.000003
0.000003
0.000003
0.000016
0.000015
0.000009
0.000010
0.000013
0.000604
0.000698
0.000807
0.001035
