0.002169
0.000235
0.000097
0.000006
0.000034
0.003082
0.000291
0.000044
0.000002
0.000063
0.000025
0.000024
0.000010
0.000057
0.000009
0.000901
0.000912
0.000857
0.000811
0.000839
0.000102
0.000652
0.000677
0.000663
0.003500
0.016124
0.016615
0.017033
0.000128
0.013322
0.021313
0.007579
0.007332
0.007608
0.017249
0.023645
0.035612
0.037139
0.038456
0.040344
1.800477
1.637373
0.051180
0.001888
0.001351
0.001232
0.000976
0.000003
0.000237
0.003408
0.003506
0.003695
0.004283
0.004320
0.004435
0.004489
0.004395
0.004401
0.000211
0.004264
0.001807
0.196796
0.267007
0.342508
0.372794
0.377214
0.461500
0.530389
0.585354
0.693312
0.901219
1.120757
1.372511
1.526774
1.750369
1.893881
1.995427
2.101773
2.229419
2.315796
2.427977
2.563659
2.706184
0.003351
0.002632
0.002611
0.003295
0.003036
0.000147
0.000140
0.000072
0.000035
0.000029
0.000032
0.000029
0.000047
0.000080
0.000177
0.000017
0.000021
0.000024
0.000025
0.000025
0.000028
0.000053
0.000081
0.003753
0.014533
0.062502
3.253485
3.566994
3.923204
0.040922
0.039896
0.038333
0.001248
0.001140
0.013883
0.014910
0.015530
0.016897
0.018060
0.019216
0.000733
0.000964
0.002734
0.002481
0.040558
4.918613
5.440534
6.073045
6.756640
7.881660
8.480931
8.727473
8.763080
8.742825
0.000073
0.000045
0.000028
0.000023
0.000021
0.000002
0.000003
0.000001
0.000004
0.000001
0.000001
0.000002
0.000001
0.000003
0.000001
0.000002
0.000002
0.000001
0.000003
0.000005
0.000173
0.000147
0.000144
0.000142
0.000005
0.000006
0.000006
0.000022
0.000027
0.000016
0.000072
0.000065
0.000152
0.000173
8.413432
8.523022
8.544419
8.557648
8.596947
8.631858
8.781443
8.873565
8.956987
9.012835
9.010291
8.988825
0.002729
0.002138
8.986771
8.960129
8.882117
8.814128
8.824059
8.643851
0.000205
0.000063
0.000059
0.000017
0.000038
0.000022
0.000019
0.000017
0.000015
0.000042
0.000030
0.000097
0.000038
0.000015
0.000011
0.000009
0.000007
0.000007
0.000021
0.000008
0.000007
0.000025
0.000011
0.000007
0.000006
0.000004
0.000024
0.000008
0.000054
0.000096
0.000072
0.000080
0.000071
0.000067
0.000031
0.000017
0.000027
0.000035
0.000248
0.000349
0.000370
0.000493
0.004334
0.005318
0.078697
8.782306
8.769876
8.801864
8.507445
8.628779
0.002922
0.001547
0.000539
0.000307
0.000137
0.000106
0.000089
0.000084
0.000123
0.000381
0.000515
0.001598
8.921835
8.947924
8.969480
9.075783
0.009541
9.103773
9.131329
9.111873
9.107412
9.120361
9.135185
9.135443
9.062029
8.812713
8.582247
0.163885
0.073171
8.586667
8.687085
8.693492
8.778410
0.091852
8.741721
8.978654
9.264811
9.297459
9.323876
9.356100
9.575755
9.596216
9.616005
9.621952
9.626509
9.572498
9.548310
9.529361
9.505770
9.460416
9.317895
9.167213
9.108277
8.871946
9.000288
8.970430
8.954277
0.093202
9.229996
9.393794
9.446700
9.521892
9.652983
9.680366
9.642969
9.373679
9.179955
0.300623
9.642511
9.862342
9.861037
9.839925
9.829249
9.802598
9.787263
9.783487
9.782922
9.789080
9.801322
9.807760
9.809451
9.808115
9.820451
9.834802
9.862393
9.937235
9.946915
9.952809
9.964454
9.983876
9.994359
9.994363
9.993858
9.987703
9.960888
0.133640
9.804719
9.838013
9.874309
9.904732
9.946427
9.972438
9.963750
9.930958
9.687000
9.262389
8.721707
7.747208
7.145966
6.851061
6.722318
6.761983
5.162433
5.088599
5.119508
6.817925
7.064041
6.976351
6.882635
6.638968
6.319323
3.170776
3.150901
0.159644
6.568710
7.333180
7.662592
0.020988
7.807922
7.879136
7.796944
7.896677
7.920484
7.953588
7.890235
0.000631
0.000270
0.000164
0.000099
0.000020
0.000052
0.000084
0.000070
0.000055
0.000080
0.000241
0.000066
0.000080
0.000029
0.000114
0.000040
0.000067
0.000202
0.000003
0.000007
0.000003
0.000002
0.000002
0.000002
0.000005
0.000030
0.000027
0.000024
0.000020
0.000083
0.000026
0.000014
0.000009
0.000007
0.000012
0.000008
0.000018
0.000018
0.000014
0.000008
0.000006
0.000005
0.000007
0.000008
0.000016
0.000015
0.000005
0.000003
0.000003
0.000006
0.000008
0.000008
0.000014
0.000008
0.000029
0.000058
0.000003
0.000003
0.000004
0.000004
0.000039
0.000023
0.000013
0.000010
0.000035
0.000021
0.000005
0.000005
0.000007
0.000015
0.000027
0.000060
0.000083
0.000091
0.000134
0.000166
7.457234
7.007888
6.733778
6.361544
5.381520
0.174121
8.293231
9.078450
9.566038
9.745609
9.888452
9.916557
9.937884
9.940805
9.942490
9.939579
9.933631
9.930572
9.931579
9.932182
9.935968
9.941145
9.939241
9.937516
9.931025
9.921870
9.910912
9.894186
9.800756
9.798702
9.798237
9.796577
9.796308
9.800393
9.801356
9.801480
9.768987
9.704059
9.655560
9.617765
9.581422
9.552452
9.522852
0.022865
9.633480
9.660734
9.702648
0.001219
0.001207
0.001200
0.001198
0.001198
0.001197
0.001197
0.001197
0.001197
0.001197
0.001197
0.001197
0.001197
0.001197
0.001197
0.001197
0.001197
0.001197
0.001197
0.001197
0.001197
0.001197
0.001197
0.001196
0.001196
0.001196
0.001196
0.001196
0.001196
0.001196
0.001196
0.001196
0.001195
0.001192
0.001170
0.001055
0.000965
0.000895
0.000857
0.000837
0.000025
0.000020
0.000018
0.000022
0.000010
0.000004
0.000004
0.000045
0.000046
0.000051
0.000052
0.000046
0.000039
0.000028
0.000000
0.000001
0.000000
0.000000
0.000000
0.000000
0.000000
0.000002
0.000002
0.000003
0.000006
0.000009
0.000000
0.000000
0.000000
0.000000
0.000000
0.000000
0.000000
0.000000
0.000000
0.000000
0.000000
0.000000
0.000000
0.000000
0.000000
0.000000
0.000000
0.000000
0.000000
0.000000
0.000000
0.000000
0.000000
0.000000
0.000001
0.000001
0.000001
0.000007
0.000008
0.000011
0.000035
0.000040
0.000900
0.001012
0.001123
0.001178
0.001191
0.001197
0.001198
0.001198
0.001198
0.001198
0.001198
0.001198
0.001198
0.001198
0.001198
0.001198
0.001198
0.001198
0.001198
0.001198
0.001198
0.001198
0.001198
0.001198
0.001198
0.001198
0.001198
0.001198
0.001198
0.001198
0.001198
0.001198
0.001198
0.001198
0.001198
0.001198
0.001198
0.001198
0.001198
0.001199
0.001199
0.001198
0.001198
0.001198
0.001198
0.001198
0.001198
0.001198
0.001197
0.001196
0.001191
0.001131
0.000937
0.000691
0.000450
0.000011
0.000011
0.000006
0.000005
0.000005
0.000001
0.000001
0.000002
0.000004
0.000005
0.000006
0.000009
0.000454
0.000560
0.000811
0.000843
0.000840
0.000828
0.000729
0.000695
0.000651
0.000513
0.000467
0.000452
0.000420
0.000386
0.000238
0.000010
0.000009
0.000009
0.000010
0.000017
0.000019
0.000039
0.000749
0.000753
0.000748
0.000716
0.000694
0.000693
0.000694
0.000668
0.000631
0.000602
0.000542
0.000451
0.000382
0.000334
0.000320
0.000334
0.000314
0.000017
0.000024
0.000026
0.000029
0.000031
0.000054
0.000065
9.286980
9.341115
9.151470
9.034460
9.281328
9.374519
9.376354
9.379936
9.383382
9.387774
9.393689
9.399636
9.402567
9.407090
9.415651
9.421564
9.424807
9.427930
9.431003
9.434242
9.437762
9.440454
9.435731
9.435108
9.435478
9.440122
9.455734
9.459307
9.459239
9.459408
9.455064
9.448257
9.413210
9.331289
9.198200
8.966644
8.634618
7.760154
7.053912
4.194273
4.133453
3.799921
3.532485
3.320599
3.082358
0.142235
1.850852
2.352229
2.486383
2.835831
2.876404
3.132412
5.602005
6.400752
7.083816
7.625538
8.268792
8.371514
8.481341
8.608737
8.667555
8.702317
8.771889
8.859786
8.891957
8.932274
9.002035
8.992537
8.985906
8.963829
8.946436
8.937563
8.931776
8.881332
8.848010
8.740163
8.504618
8.226146
7.884182
7.794586
7.632180
7.434375
7.281156
7.164582
0.034356
0.028156
0.025229
0.023986
7.029510
6.957938
6.854008
6.735585
0.033114
6.424061
6.659458
6.787751
6.919079
7.051696
7.264613
7.452447
7.519749
7.623621
7.700696
7.733216
7.774498
7.749776
7.773971
7.732395
7.689358
7.655407
7.633724
7.568305
7.447478
7.365947
7.287666
0.060017
0.050421
0.000905
0.000840
0.000646
0.000600
0.000620
0.000773
7.301285
7.296432
7.288771
7.311472
7.291553
7.274208
7.202348
7.127937
6.867945
7.081110
7.206964
7.289469
7.295143
7.295891
7.293961
7.275866
7.252585
7.246365
7.157036
7.073231
6.997649
6.940774
6.847901
6.630537
6.384093
6.168035
0.061462
0.029586
0.117956
6.170460
5.698994
5.252199
4.861437
4.473371
3.115741
6.404103
0.270130
6.711593
7.149316
7.300874
7.476142
7.619417
7.766652
7.807832
7.833179
0.092295
7.822841
7.914340
8.003235
8.022439
8.049469
8.050819
8.049055
8.046962
8.044462
8.042029
8.035313
8.025960
8.023904
8.020106
8.017703
8.020252
8.007139
8.009579
8.025857
8.010600
8.004970
7.977311
7.977539
7.983798
7.993649
8.001942
8.001744
7.990796
7.964265
7.938267
7.899404
7.142026
0.033215
0.030436
0.012140
0.009695
0.010134
6.540463
6.528574
6.497594
6.452761
6.425228
6.408393
6.550392
6.724331
6.742953
6.742971
0.027220
6.746251
6.794353
6.864472
6.934062
6.927031
6.879458
6.833783
6.805130
6.774402
6.738944
6.732461
6.824298
6.786480
6.775369
0.021042
0.015708
6.765797
6.502759
6.486350
6.453681
6.453429
6.427332
6.329168
6.286300
6.062288
5.986542
5.761689
5.613546
5.336408
4.549253
0.005274
0.001439
0.004029
0.000682
0.000142
0.000068
0.000062
0.000131
0.000201
0.000177
0.000186
0.001274
0.001131
0.000820
0.000371
0.001618
0.000538
3.550746
3.130246
0.015023
2.822659
2.417054
2.122605
1.576673
1.439416
0.240515
0.000655
0.021283
