0.006441
0.000205
0.000181
0.000027
0.000007
0.000005
0.000004
0.000006
0.000003
0.000002
0.001083
0.001078
0.001066
0.001011
0.000009
0.000006
0.000005
0.000007
0.000013
0.000031
0.000031
0.000054
0.002040
0.002332
0.003296
0.003229
0.003044
0.005635
0.005645
0.074527
0.072025
0.633619
0.609327
0.588511
0.561349
0.689018
0.650161
0.616606
0.592065
0.552231
0.524786
0.047090
0.026517
0.000002
0.000001
0.000001
0.000001
0.000003
0.000001
0.000008
0.000003
0.000003
0.000002
0.000001
0.000001
0.000002
0.000003
0.000003
0.000021
0.000026
0.000023
0.000025
0.000017
0.000029
0.000045
0.000014
0.000007
0.000006
0.000003
0.011858
0.000003
0.000003
0.000010
0.000009
0.000004
0.000007
0.000003
0.000002
0.000008
0.000020
0.000019
0.000029
0.000028
0.000031
0.000015
0.000010
0.000016
0.000014
0.000032
0.000045
0.000039
0.000016
0.000026
0.000068
0.000098
0.000083
0.000083
0.000030
0.000772
0.000290
0.000366
0.012989
0.016136
0.018798
0.033004
0.280018
0.289681
0.282564
0.272322
0.261626
0.025713
0.012964
0.013013
0.013942
0.015505
0.000431
0.000609
0.000652
0.000491
0.000388
0.000893
0.000691
0.000371
0.000500
0.002251
0.000424
0.000537
0.005256
0.007481
0.006219
0.404619
0.481325
0.478955
0.507282
0.529197
0.545969
0.524688
0.340775
0.257653
0.145842
0.017749
0.015567
0.015447
0.042912
0.076217
0.081422
0.087685
0.083183
0.032286
0.032484
0.035603
0.009405
0.005232
0.006916
0.016741
0.016225
0.014798
0.014108
0.013328
0.068612
0.205794
0.621018
0.682903
0.744665
0.944373
0.971480
1.098989
1.282533
1.284541
1.122235
0.012717
0.021161
2.216326
2.473702
2.846111
3.126653
3.476240
3.687333
3.880518
4.266178
4.659973
5.033508
0.056120
5.889011
6.439713
6.941992
7.253676
7.353877
7.472727
7.641934
7.702164
7.751016
7.766985
7.773284
7.767774
7.760419
7.726946
7.534725
0.015165
0.009149
0.006063
0.004354
0.003044
0.004729
0.004958
0.005021
0.005139
0.005259
0.005368
0.000002
0.005890
0.007785
0.009773
7.580040
7.664173
7.930814
7.954058
7.880215
7.863789
8.414720
8.389028
8.255350
8.131785
8.017427
7.656660
7.395193
7.143963
6.878131
6.149713
5.598995
5.043119
4.105606
3.085972
2.029177
0.126968
0.069361
0.070145
0.071456
0.001709
0.002036
0.002433
0.046756
0.124518
0.140595
5.714303
6.744045
7.622152
8.484361
8.970556
9.260518
9.367707
9.435114
9.487181
9.510425
9.531268
9.542449
9.369154
0.166574
9.611071
9.648567
9.651552
9.652280
9.653961
9.654004
9.648936
9.624474
9.593914
9.551304
9.242876
0.004400
0.001485
0.000875
0.000391
0.000176
0.000107
0.000062
0.000024
0.000013
0.000016
0.000007
0.000012
0.000008
0.000004
0.000012
0.000009
0.000006
0.000008
0.000019
0.000007
0.000018
0.000010
0.000012
0.000012
0.000018
0.000148
0.000161
0.000073
0.000095
0.000626
0.000699
8.539096
8.104681
7.751278
7.439197
0.040070
0.046172
0.091376
7.278311
7.112798
6.956647
0.023759
0.025786
0.027630
0.026826
0.029399
5.878452
7.885302
7.973746
8.583103
9.123329
9.269346
9.320901
9.346570
9.378946
9.322118
9.303059
9.271657
9.487140
9.455713
9.444217
9.451440
9.429636
9.401191
9.391095
9.389683
9.409459
9.620212
9.654253
9.667222
9.672293
9.653917
9.622442
9.701479
9.461001
9.297128
9.127830
8.630979
8.525752
8.478347
8.450830
8.438781
8.429841
8.418842
8.376379
8.325483
8.292359
0.001575
0.000973
0.000854
0.000543
0.000157
0.000125
0.000035
0.000045
0.000092
0.000024
0.000028
0.000038
0.000110
0.000100
0.000148
0.000198
8.196871
8.201763
8.204201
8.202161
8.200357
8.199145
8.196484
8.193790
8.194763
8.200615
8.205971
8.210653
0.002610
0.001420
0.001423
0.001510
8.218017
8.219015
8.221300
8.223139
8.221476
8.223237
8.229776
8.235283
8.237515
8.246891
8.256498
8.253058
8.242322
8.234551
8.228952
8.219190
8.208713
8.191751
8.155756
8.081709
7.979724
7.923955
7.805960
7.783390
7.547470
7.560329
7.667875
7.691498
7.700414
7.704507
7.701360
7.695733
7.683559
7.669098
7.661151
7.655556
7.635922
7.591443
7.540660
0.002681
0.001170
0.000578
0.000242
0.000137
0.000096
0.000076
0.000075
0.000108
0.000122
0.000216
0.000342
0.000715
7.175803
7.481705
7.322170
7.320906
7.321574
7.308668
7.349177
7.405321
7.393016
7.343903
7.242617
7.047679
6.777132
0.045969
6.123814
5.939114
0.229839
6.155712
6.288565
6.458439
6.453923
6.436037
6.434830
6.430280
6.412906
6.425315
6.425827
6.433678
6.413506
0.000367
0.000554
0.000625
0.000445
0.000181
0.000094
0.000159
0.000233
0.000077
0.000119
0.000016
0.000016
0.000046
0.000043
0.000141
0.000240
0.000109
0.000079
0.000083
0.000176
0.000267
0.002376
0.002480
6.504672
6.700468
6.714325
6.735105
6.754965
6.805102
6.855404
6.867001
6.704834
6.729961
6.743332
6.772930
6.828591
6.805692
6.761266
6.724091
6.692839
6.634083
6.584384
6.511671
6.419229
0.428699
5.053289
5.268101
5.567225
5.829691
6.068442
6.167989
0.016354
0.016321
0.018874
6.458069
6.694104
6.810788
6.880087
6.991674
7.038092
7.101466
7.187455
7.278343
7.281703
0.000055
0.000060
0.000043
0.000024
0.000029
0.000054
0.000102
0.000083
0.000185
0.000226
0.000371
0.001023
7.298050
7.307358
7.317351
7.328784
7.341014
7.371397
7.423353
7.434934
7.446265
7.454935
7.457341
7.455213
7.453201
7.452262
7.441547
7.424723
7.377237
7.335375
7.295407
7.253911
6.974141
6.936358
6.896442
5.993221
4.767006
2.450336
0.690282
0.330877
0.245770
0.208783
0.069052
0.013743
0.002883
0.002332
0.001345
0.001460
