0.000566
0.000546
0.000002
0.000000
0.000000
0.000000
0.000000
0.000000
0.000000
0.000000
0.000000
0.000000
0.000000
0.000000
0.000000
0.000000
0.000000
0.000000
0.000000
0.000000
0.000000
0.000000
0.000000
0.000000
0.000000
0.000000
0.000000
0.000000
0.000000
0.000000
0.000000
0.000000
0.000000
0.000000
0.000000
0.000000
0.000000
0.000000
0.000000
0.000000
0.000000
0.000000
0.000000
0.004233
0.004332
0.008800
0.009188
0.009141
0.009131
0.004042
0.003930
0.000013
0.000002
0.000001
0.000000
0.000000
0.000000
0.000000
0.000000
0.000001
0.000001
0.000000
0.000000
0.000000
0.000000
0.000000
0.000000
0.000000
0.000000
0.000000
0.000000
0.000000
0.000000
0.000000
0.000000
0.000000
0.000000
0.000000
0.000000
0.000000
0.000000
0.000000
0.000000
0.000000
0.000000
0.000000
0.000000
0.000000
0.000000
0.000000
0.000000
0.000000
0.000000
0.000000
0.000000
0.000084
0.000023
0.000026
0.000250
0.000246
0.000249
0.000228
0.000220
0.000177
0.000002
0.000002
0.000004
0.000004
0.000006
0.000002
0.000004
0.000002
0.000082
0.000012
0.000008
0.000005
0.000002
0.000005
0.000006
0.000010
0.000010
0.000012
0.000005
0.000002
0.000130
0.000128
0.000000
0.000000
0.000000
0.000000
0.000000
0.000000
0.000000
0.000000
0.000000
0.000000
0.000000
0.000000
0.000000
0.000000
0.000013
0.002880
0.003760
0.003935
0.000000
0.000000
0.000000
0.000000
0.000000
0.000000
0.000000
0.000000
0.000000
0.000000
0.000000
0.000000
0.000000
0.000000
0.000000
0.000000
0.000000
0.000000
0.000000
0.000000
0.000000
0.000000
0.000000
0.000000
0.000000
0.000000
0.000000
0.000000
0.000000
0.000000
0.000000
0.000000
0.000000
0.000000
0.000000
0.000000
0.000000
0.008489
0.180415
0.124995
0.113571
0.074215
0.689861
0.823593
1.341303
1.666768
2.241433
2.578622
3.045683
3.273646
3.495298
3.704180
3.846218
3.894413
3.898585
3.910584
3.880089
3.824229
0.000000
0.000000
0.000000
0.000000
0.000000
0.000000
0.000000
0.000000
0.000000
0.000000
0.000000
0.000000
0.000000
0.000000
0.000000
0.000000
0.000000
0.000000
0.000000
0.000000
0.000000
0.000000
0.000000
0.000000
0.000000
0.000000
0.000000
0.000000
0.000000
0.000000
0.000000
0.000000
0.000000
0.000000
0.000000
0.000000
0.000000
0.000000
0.000000
0.000000
0.000000
0.000000
0.000000
0.000000
0.000000
0.000000
0.000000
0.000000
0.000000
0.000000
0.000000
0.000000
0.000000
0.000000
3.743846
3.687557
3.569758
3.440291
3.247851
3.067946
2.639620
2.369657
2.037453
1.675676
0.805619
0.322582
0.140681
0.107681
0.034817
0.013650
0.013795
0.014459
0.002651
0.012924
0.317555
1.251867
1.992739
2.298876
2.568294
2.943555
0.000246
0.000000
0.000000
0.000000
0.000000
0.000000
0.000000
0.000000
0.000000
0.000000
0.000000
0.000000
0.000000
0.000000
0.000000
0.000000
0.000000
0.000000
0.000000
0.000000
0.000000
0.000000
0.000000
0.000000
0.000000
0.000000
0.000000
0.000000
0.000000
0.000000
0.000000
0.000000
0.000000
0.000000
0.000000
0.000000
0.000000
0.000000
0.000000
0.000000
0.000000
0.000000
0.000000
0.000000
0.000000
0.000000
0.000000
0.000000
0.000000
0.000000
0.000000
0.000000
0.000000
0.000000
0.000000
0.000000
0.000000
0.000000
0.000000
0.000000
0.000000
0.000000
0.000000
0.000000
0.000000
0.000000
0.000000
0.000000
0.000000
0.000000
0.000000
0.000000
0.000000
0.000000
0.000000
0.000000
0.000000
0.000000
0.000000
0.000000
0.000000
0.000000
0.000000
0.000000
0.000000
0.000000
0.000000
0.000000
0.000000
0.000000
0.000000
0.000000
0.000000
0.000000
0.000000
0.000000
0.000000
0.000000
0.000000
0.000000
0.000000
0.000000
0.000000
0.000000
0.000000
0.000000
0.000000
0.000000
0.000000
0.000000
0.000000
0.000000
0.000000
0.000000
0.000000
0.000000
0.000000
0.000000
0.000000
0.000000
0.000000
0.000000
0.000000
0.000000
0.000000
0.000000
0.000000
0.000000
0.000000
0.004366
0.004466
0.000231
0.000000
0.000000
0.000000
0.000000
0.000000
0.000000
0.000000
0.000000
0.000000
0.000000
0.000000
0.000000
0.000000
0.000000
0.000000
0.000000
0.000000
0.000000
0.000000
0.000000
0.000000
0.000000
0.000000
0.000000
0.000000
0.000000
0.000000
0.000000
0.000000
0.000000
0.000000
0.000000
0.000000
0.000000
0.000000
0.000000
0.000000
0.000000
0.000000
0.000000
0.000000
0.000000
0.000000
0.000000
0.000000
0.000000
0.000000
0.000000
0.000000
0.000000
0.000000
0.000000
0.000000
0.000000
0.000000
0.000000
0.000000
0.000000
0.000000
0.000000
0.000000
0.000000
0.000000
0.000000
0.000000
0.000000
0.000000
0.000000
0.000000
0.000000
0.000000
0.000000
0.000000
0.000000
0.000000
0.000000
0.000000
0.000000
0.000000
0.000000
0.000000
0.000000
0.000000
0.000000
0.000000
0.000000
0.000000
0.000000
0.000000
0.000000
0.000000
0.000000
0.000000
0.000000
0.000000
0.000000
0.000000
0.000000
0.000000
0.000000
0.000000
0.000000
0.000000
0.000000
0.000000
0.000000
0.000000
0.000000
0.000000
0.000000
0.000000
0.000000
0.000000
0.000000
0.000000
0.000000
0.000000
0.000000
0.000000
0.000000
0.000000
0.000000
0.000000
0.000000
0.000000
0.000000
0.000000
0.000000
0.000000
0.000000
0.000000
0.000000
0.000000
0.000000
0.000000
0.000000
0.000000
0.000000
0.000000
0.000000
0.000000
0.000000
0.000000
0.000000
0.000000
0.000000
0.000000
0.000000
0.000000
0.000000
0.000000
0.000000
0.000000
0.000000
0.000000
0.000000
0.000000
0.000000
0.000000
0.000000
0.000000
0.000000
0.000000
0.000000
0.000000
0.000000
0.000000
0.000000
0.000000
0.000000
0.000170
0.000189
0.000194
0.000589
0.000756
0.000000
0.000000
0.000000
0.000000
0.000000
0.000000
0.000000
0.000000
0.000000
0.000000
0.000000
0.000000
0.000000
0.000000
0.000000
0.000000
0.000000
0.000000
0.000000
0.000000
0.000000
0.000000
0.000000
0.000000
0.000000
0.000000
0.000000
0.000000
0.000000
0.000000
0.000000
0.000000
0.000000
0.000000
0.000000
0.000000
0.000000
0.000000
0.000000
0.000000
0.000000
0.000000
0.000000
0.000000
0.000000
0.000000
0.000000
0.001028
0.010228
0.021444
3.428634
3.873217
3.964345
4.020312
3.980551
3.911182
0.034906
0.066773
3.610669
3.695549
0.174152
4.106198
4.433766
4.785600
4.860380
4.912568
4.925825
4.836144
4.353790
3.752591
2.455042
0.109627
0.143949
1.675097
1.925532
1.871553
1.871324
3.278911
3.849754
4.341813
4.404349
4.465771
4.521092
4.512172
0.015320
0.012221
0.003801
4.246238
4.107777
3.950673
3.776274
0.069671
3.415209
3.332116
3.287037
3.236372
3.143694
3.036265
2.814768
2.189825
2.007370
1.778113
0.023629
0.146733
0.480866
0.984779
1.856185
2.376949
2.713925
3.101007
3.380741
3.582947
3.898362
4.191423
4.262035
4.428915
4.469728
4.556563
4.658837
4.726329
4.761770
4.786328
4.777964
4.659087
4.433078
4.186726
3.677183
0.039466
0.020848
4.701625
4.924934
5.153065
5.363205
5.580448
5.619796
5.574244
5.326898
5.423896
5.452595
5.483123
5.499359
5.528551
5.584482
5.645149
5.655095
5.662423
5.677512
5.670181
5.664749
5.660866
5.651457
5.589999
5.529242
5.483028
0.171737
5.487157
5.462716
5.479101
5.716731
0.053106
0.053742
0.087319
5.853400
5.911400
5.950758
5.950105
0.128891
5.878696
5.963579
5.970763
5.977923
5.976785
6.019320
5.732991
5.189454
0.087862
0.076727
0.020539
0.014059
0.014055
0.000029
0.000026
0.000013
0.000006
0.000004
0.000005
0.000006
0.000002
0.000002
0.000002
0.000001
0.000002
0.000002
0.000002
0.000002
0.000003
0.000003
0.000002
0.000002
0.000003
0.000005
0.000005
0.000004
0.000004
0.000003
0.000003
0.000004
0.000004
0.000003
0.000003
0.000003
0.000004
0.000002
0.000002
0.000002
0.000002
0.000003
0.000003
0.000012
0.000018
0.000051
0.000081
0.000248
0.000711
2.869233
3.127348
3.384497
3.561692
3.305431
2.838923
3.290348
3.220234
3.287349
0.340683
0.310928
0.295787
0.070764
0.010077
0.013118
0.345138
5.438374
5.729703
5.882557
5.900732
5.920444
5.940654
6.446019
6.442644
6.440757
6.429860
6.422478
6.421519
6.384172
6.364854
6.349317
6.305192
6.265592
6.240198
6.221593
6.160973
6.119140
6.073208
6.008692
5.824661
5.655714
5.517174
0.003579
0.002778
0.002288
0.002648
5.212979
5.033534
4.762096
4.473089
4.103524
3.689047
3.245050
2.895256
2.561464
2.241998
1.732871
1.441334
1.226883
0.657409
0.116083
0.082571
0.061874
0.047406
0.036801
0.001431
0.001417
0.000846
0.008682
0.010427
0.010490
0.010866
0.056972
0.210027
0.237300
2.149038
2.400598
2.957395
3.438383
3.898683
4.146797
4.386374
4.681920
4.857541
0.008315
4.684285
4.138057
3.347329
0.455874
0.000156
0.000103
0.000079
0.000157
0.367995
1.992462
0.229897
1.960300
0.006554
0.001579
0.000845
0.020154
0.043211
1.903913
1.976320
2.079808
0.001826
0.000044
0.000047
0.139917
0.126585
0.014317
0.014159
0.013425
0.016039
0.005237
0.004801
0.005094
0.152512
0.752816
1.266019
1.599898
1.717604
1.728552
1.847548
2.001855
0.000647
0.000664
0.000423
0.000150
0.000136
0.000241
0.000489
0.000757
0.001349
0.004932
0.006153
2.334174
2.377579
2.181949
1.897854
1.498680
0.949534
0.049608
0.003117
0.000318
0.000297
0.000283
0.000140
0.000093
0.000033
0.000020
0.000011
0.000016
0.000024
0.007478
0.000063
0.001483
0.004942
0.060176
0.067137
1.690142
3.173368
3.375637
0.010153
0.010025
0.009987
0.009684
0.009562
0.008577
0.008816
0.007560
0.006806
0.000252
0.001885
0.002251
0.002651
0.002649
0.002637
0.002621
0.002567
0.000391
0.000104
0.000086
0.000076
0.000070
0.000069
0.000035
0.000892
0.001037
0.001624
0.002147
0.002561
0.002659
0.002803
0.003078
0.003075
0.003351
0.002864
0.002821
0.002748
0.002686
0.002735
0.002730
0.002670
0.003032
0.003075
0.003454
0.003259
0.003240
0.003280
0.003384
0.003473
0.011962
0.002721
0.002749
0.004057
0.000538
0.002944
0.003941
0.004912
0.062094
3.627113
3.859646
4.123321
0.023756
0.026175
0.078773
4.779864
4.902837
4.862468
4.689160
4.330678
4.220512
3.965243
3.691659
0.072633
3.090815
3.059675
0.032081
0.030434
0.000285
0.000166
0.000114
0.000099
0.000100
0.000072
0.000130
0.000167
0.000219
2.612364
2.555525
2.516624
2.404424
2.232865
1.692890
0.272936
0.056828
0.011482
0.010014
0.000634
0.000851
0.000007
0.000210
0.000028
0.000019
0.000017
0.006601
0.006209
0.000050
0.000062
0.000014
0.000011
0.000071
0.000046
0.065772
0.002235
0.093444
0.793068
0.931044
0.929144
0.635834
0.569789
0.059342
0.001048
0.000446
0.000031
0.000094
0.000085
0.000023
0.000021
0.000025
0.000025
0.000212
0.000206
0.000186
0.000015
0.000017
0.000026
0.000056
0.000570
0.001409
0.001564
0.033594
0.238691
0.253909
0.379884
0.486003
0.452053
0.015926
0.015738
0.015819
0.015833
0.015757
0.015811
0.015828
0.015811
0.015955
0.016455
0.031234
0.038532
0.176365
0.784468
0.898645
1.102769
1.134980
0.040831
0.040740
3.065131
3.469731
3.825389
3.972332
4.372942
4.263712
4.007606
3.129887
3.030621
2.691432
2.520789
0.045936
0.035274
0.001936
0.002228
0.002236
0.002252
0.029539
1.747429
1.812333
1.904728
2.015056
2.065367
2.513312
2.643097
2.633734
0.126246
0.105728
0.007026
0.001413
0.001106
0.000987
0.076167
1.214805
0.992968
0.026424
0.040968
0.756530
0.995024
0.977903
0.780443
0.503216
0.008149
0.120556
0.121100
0.119541
0.027363
0.026342
0.023355
0.003194
0.002067
0.007320
0.002811
0.009560
0.102461
0.392404
1.105405
1.696997
4.275182
4.948577
6.043819
6.475501
6.756486
6.967458
7.010648
6.983655
6.889457
0.053805
6.650515
6.529850
5.960124
0.042398
0.036169
0.000165
0.000293
0.000168
0.000262
0.000543
0.000563
0.000927
0.002186
0.002210
0.034843
5.278905
4.733133
3.820571
2.206414
0.039904
0.025862
0.272605
0.467515
2.943034
0.000839
0.000906
0.001089
0.001210
0.082608
2.841457
2.921285
2.445006
2.262982
0.003566
0.007506
0.007513
0.007564
0.007701
0.017665
0.025143
0.008502
0.545629
2.407138
2.991985
4.037938
4.404928
4.316527
4.248249
4.206489
4.109763
3.966994
3.761849
3.685151
3.549039
0.124018
0.115197
0.012205
0.008946
0.052313
0.094179
1.896256
2.241814
0.020251
0.007396
0.001444
0.001213
0.001191
0.001208
0.000002
0.016419
2.080354
2.246267
2.348993
2.455354
2.616101
2.693227
0.000004
3.415003
3.435881
0.009441
0.011711
0.022777
2.135289
2.122833
1.777737
0.002736
0.002628
0.002690
0.002797
0.012076
0.013599
0.098566
4.631830
6.173788
7.544753
7.858050
0.026855
8.143779
8.344385
8.410553
8.423463
8.389370
8.306573
8.190153
8.049911
6.661287
0.122455
0.012358
0.050737
4.378429
3.918339
3.297390
1.335528
0.512746
0.383312
0.001460
0.001826
0.000143
0.000130
0.000118
0.000307
0.000117
0.000105
0.000050
0.000107
0.000170
0.000046
0.003278
0.075260
0.110760
0.157239
3.269628
3.467216
3.680005
3.880743
3.876880
1.459668
0.927197
0.305739
0.039095
0.000445
0.000468
0.001053
0.001174
0.001507
0.001498
0.000121
0.000176
0.000404
0.000198
0.000134
0.000200
0.000085
0.000049
0.000056
0.000502
0.006984
0.011044
0.042071
0.044595
0.062838
0.067527
0.172384
0.386408
0.400323
0.381377
0.056643
0.067109
0.301353
0.313101
0.009498
0.609833
0.639577
0.088391
0.005498
1.553816
1.811813
1.356277
3.396795
5.227206
6.587202
7.234488
7.788467
7.954787
7.709903
7.763004
7.988530
8.227984
8.442550
8.673459
8.727457
8.822266
8.915036
9.028339
9.000652
0.176701
0.545192
0.445324
7.614586
7.797011
7.888243
8.038528
8.104990
0.270614
7.384508
8.029853
8.558384
0.287736
9.002160
9.069354
9.044901
9.022778
8.981647
0.059988
9.244579
9.351145
9.362428
9.376683
9.379816
9.380799
9.381989
9.384494
9.385245
9.385135
9.385415
9.385935
9.386039
9.385987
9.385652
9.385149
9.384847
9.384420
9.383723
9.384467
9.385538
9.383719
9.369297
9.343780
9.316206
9.140065
7.510056
8.333584
9.305276
9.381424
9.385007
9.385008
9.384789
9.383825
9.383468
9.383298
9.382561
9.383650
9.385500
9.384466
9.383707
9.365727
9.349591
9.248944
9.050621
9.181212
9.319104
9.333362
9.352126
9.356820
9.371035
9.381541
9.383266
9.378819
9.351038
8.752857
0.023316
7.241660
6.138074
3.169664
0.051034
0.597634
7.889278
8.973712
9.068493
8.969083
8.895645
8.608750
0.000048
0.000040
0.000037
0.000037
0.000031
8.014260
7.790133
0.992189
0.037570
0.222127
1.067171
5.335255
5.346524
0.149017
0.069177
0.057925
5.328517
5.347627
0.042415
5.329834
5.379470
5.529670
5.252833
5.030382
0.025946
0.031060
0.639518
5.318954
5.337674
0.080225
0.083213
4.770364
0.207414
4.806076
1.850574
0.098612
8.014280
8.835349
8.963394
0.031250
0.031178
9.135254
9.323025
9.373546
9.382483
9.384600
9.384832
9.384241
9.385091
9.385783
9.386277
9.385307
9.384656
9.383744
9.382882
9.382011
9.383303
9.385708
9.385421
9.383793
9.380092
9.378415
9.379551
9.373328
9.369560
9.369626
9.370561
9.374568
9.381359
9.384914
9.385362
9.385220
9.385737
9.385586
9.385193
9.384861
9.384725
9.385369
9.386417
9.386557
9.386570
9.386605
9.386628
9.386604
9.386385
9.386337
9.386235
9.383981
9.360429
0.134564
0.132926
0.131444
9.251159
9.347252
9.375279
9.384589
9.385662
9.386404
9.386667
9.386763
9.386630
9.386612
9.386661
9.386670
9.386758
9.386583
9.385959
9.385418
9.385692
9.386582
9.386759
9.386839
9.386746
9.386654
9.386662
9.386802
9.386290
9.386179
9.386540
9.386726
9.386769
9.386646
9.386472
9.386466
9.381672
9.412521
9.158756
9.149180
9.143365
8.835971
8.806863
8.791596
8.754986
8.754240
8.753887
8.753934
8.753895
8.753590
8.753572
8.753720
8.753720
8.753920
8.753753
8.753743
8.753828
8.753899
8.753967
8.754012
8.753992
8.754049
8.754051
0.000063
0.000002
0.000001
0.000000
0.000000
0.000000
0.000000
0.000000
0.000000
0.000000
0.000000
0.000000
0.000000
0.000000
0.000000
0.000000
0.000000
0.000000
0.000000
0.000000
0.000000
0.000000
0.000000
0.000000
0.000000
0.000000
0.000000
0.000000
0.000000
0.000001
0.000000
0.000000
0.000000
0.000000
0.000000
0.000000
0.000000
0.000000
0.000000
0.000000
0.000000
0.000000
0.000000
0.000000
0.000000
0.000000
0.000000
0.000000
0.000000
0.000000
0.000000
0.000000
0.000000
0.000000
0.000000
0.000000
0.000000
0.000000
0.000000
0.000000
0.000000
0.000000
0.000000
0.000000
0.000000
0.000000
0.000000
0.000000
0.000000
0.000000
0.000000
0.000000
0.000000
0.000000
0.000000
0.000000
0.000000
0.000000
0.000000
0.000000
0.000000
0.000000
0.000000
0.000000
0.000000
0.000000
0.000000
0.000000
0.000000
0.000000
0.000000
0.000000
0.000000
0.000000
0.000000
0.000000
0.000000
0.000000
0.000000
0.000000
0.000000
0.000000
0.000000
0.000000
0.000001
0.000001
0.000000
0.000000
0.000000
0.000000
0.000000
0.000000
0.000000
0.000000
0.000000
0.000001
0.000002
0.000002
0.000000
0.000000
0.000000
0.000000
0.000000
0.000000
0.000000
0.000000
0.000000
0.000000
0.000000
0.000000
0.000000
0.000000
0.000000
0.000001
0.000001
0.000000
0.000000
0.000000
0.000000
0.000000
0.000000
0.000000
0.000000
0.000000
0.000000
0.000000
0.000000
0.000000
0.000000
0.000000
0.000000
0.000000
0.000000
0.000000
0.000000
0.000000
0.000000
0.000000
0.000000
0.000000
0.000000
0.000000
0.000000
0.000000
0.000000
0.000000
0.000007
0.000008
8.502614
8.730014
8.783365
8.835818
8.888286
8.899388
8.906228
8.908231
8.909104
8.910466
8.912284
8.913936
8.915317
8.916838
8.918117
8.919515
8.921062
8.922521
8.923941
8.925427
8.926843
8.928225
8.929610
8.930672
8.932111
8.933868
8.935395
8.936866
8.938317
8.939929
9.166926
9.206804
9.216754
9.218999
9.220864
9.222444
9.223977
9.225326
9.226652
9.228085
9.229782
9.231257
9.232695
9.234059
9.235439
9.236896
9.238151
9.239644
9.241388
9.242878
9.271053
9.270772
9.271090
9.271211
9.269002
9.262844
9.217962
8.917847
8.919983
8.922949
8.930076
8.940150
8.949929
8.972699
9.012266
9.117277
9.175252
9.185938
9.188527
9.190354
9.191562
9.192652
9.194194
9.196203
9.197570
9.198922
9.200362
9.201783
9.203801
9.205636
9.207434
9.515750
9.568491
9.578889
9.582151
9.584210
9.585532
9.586906
9.588386
9.589832
9.591211
9.592625
9.593986
9.595367
9.596345
9.597707
9.599399
9.600901
9.602574
9.603890
9.605202
9.606797
9.608558
9.610172
9.611573
9.612818
9.614071
9.615630
9.617338
9.618731
9.619993
9.621104
9.622515
9.624118
9.625607
9.627134
9.628438
9.629945
9.631397
9.632901
9.634812
9.632764
9.607911
9.580762
0.276806
9.550427
9.598017
9.619207
9.640860
9.648725
9.650955
9.653425
9.654969
9.656475
9.657827
9.659128
9.660454
9.661960
9.663353
9.665085
9.667141
9.668667
9.670078
9.670709
9.671960
9.674001
9.676273
9.677741
9.679118
9.680492
9.681862
9.683281
9.684813
9.685956
9.687024
9.688040
9.688675
9.689627
9.692158
9.695009
9.696644
9.697909
9.699350
9.700143
9.700649
9.702028
9.704697
9.706490
9.708110
9.709553
9.710787
9.711570
9.712005
9.712271
9.712756
9.712755
9.712739
9.712657
9.712705
9.712832
9.712680
9.712275
9.712371
9.712848
9.712753
9.712737
9.712523
9.711346
9.710756
9.710089
9.710173
9.707480
9.707972
9.711229
9.712398
9.712357
9.712494
9.711837
9.710665
9.708776
9.709316
9.710039
9.710465
9.711174
9.712049
9.712747
9.712393
9.712220
9.712289
9.712380
9.712101
9.712290
9.713559
9.713246
9.713228
9.713282
9.713197
9.713400
9.713530
9.713068
9.712993
9.713232
9.713325
9.712246
9.711937
9.712149
9.713110
9.713590
9.713653
9.713498
9.712714
9.711438
9.711746
9.713450
9.713509
9.712798
9.711790
9.712076
9.713029
9.712996
9.711657
9.711274
9.712470
9.711612
9.698883
9.659704
9.645552
9.625038
9.560552
9.557955
9.559573
9.662520
9.662847
9.662994
9.663081
9.662795
9.662799
9.663080
9.663087
9.662829
9.662797
9.662892
9.662936
9.662989
9.662636
9.662610
9.662902
9.662969
9.662880
9.662864
9.662894
9.662903
9.662625
9.661796
9.659736
9.659251
9.660823
9.660941
9.660357
9.660403
9.661620
9.661765
9.661852
9.661832
9.661985
9.662630
9.662549
9.662233
9.661864
9.661776
9.661983
9.662194
9.662663
9.662702
9.662688
9.831361
9.831575
9.831630
9.831672
9.830865
9.830617
9.830328
9.829404
9.829336
9.829655
9.830001
9.831026
9.832018
9.831868
9.830827
9.830687
9.831591
9.831791
9.829851
9.828097
9.828534
9.831473
9.831236
9.830737
9.831082
9.831555
9.831705
9.832097
9.832068
9.831827
9.831808
9.832069
9.832228
9.832276
9.832000
9.831499
9.828874
9.815643
9.786086
9.756721
0.015743
0.007949
0.004409
0.001681
0.000785
0.000465
0.000178
0.000046
0.000021
0.000017
0.000020
0.000004
0.000013
0.000008
0.000008
0.000011
0.000006
0.000029
0.000016
0.000011
0.000008
0.000004
0.000003
0.000007
0.000007
0.000054
0.000038
0.000006
0.000012
0.000010
0.000008
0.000004
0.000011
0.000010
0.000004
0.000008
0.000010
0.000007
0.000064
0.000011
0.000005
0.000003
0.000004
0.000008
0.000015
0.000010
0.000043
0.000007
0.000022
0.000014
0.000013
0.000008
0.000007
0.000018
0.000009
0.000010
0.000015
0.000018
0.000004
0.000004
0.000003
0.000004
0.000005
0.000003
0.000004
0.000011
0.000027
0.000054
0.000015
0.000091
0.000020
0.000067
0.000112
9.425561
9.423326
9.423494
9.425535
9.427118
9.429362
0.002887
0.003700
0.004748
0.005798
9.721183
9.763154
9.767403
9.769569
9.773150
9.774686
9.778319
9.780067
9.779481
9.765037
0.075040
9.505271
9.575652
9.609206
9.423015
9.479572
9.492252
9.494104
9.487857
9.490269
9.491996
9.490737
9.412110
9.365064
0.056183
9.303051
9.367570
9.437611
9.436953
9.434190
9.433014
9.432397
9.431377
9.430359
9.430428
9.431691
9.428588
9.423562
9.421708
9.415301
0.002196
0.000298
0.000189
0.000131
0.000091
0.000047
0.000016
0.000003
0.000002
0.000001
0.000001
0.000001
0.000001
0.000001
0.000002
0.000001
0.000001
0.000001
0.000001
0.000001
0.000001
0.000001
0.000006
0.000007
0.000004
0.000003
0.000002
0.000002
0.000014
0.000012
0.000008
0.000007
0.000006
0.000030
0.000176
0.000055
0.000044
0.000023
0.000017
0.000005
0.000004
0.000004
0.000003
0.000005
0.000003
0.000001
0.000001
0.000001
0.000001
0.000001
0.000001
0.000002
0.000001
0.000001
0.000001
0.000001
0.000001
0.000000
0.000000
0.000000
0.000000
0.000001
0.000000
0.000001
0.000000
0.000000
0.000001
0.000005
0.000042
0.000021
0.000020
0.000034
0.000024
0.000003
0.000002
0.000001
0.000002
0.000002
0.000002
0.000001
0.000001
0.000001
0.000001
0.000001
0.000001
0.000001
0.000002
0.000002
0.000003
0.000006
0.000003
0.000000
0.000001
0.000001
0.000001
0.000001
0.000001
0.000004
0.000003
0.000002
0.000001
0.000001
0.000001
0.000001
0.000001
0.000001
0.000004
0.000013
0.000014
0.000012
0.000002
0.000002
0.000003
0.000002
0.000001
0.000002
0.000003
0.000003
0.000002
0.000001
0.000003
0.000002
0.000002
0.000003
0.000095
0.000106
0.000005
0.000003
0.000003
0.000002
0.000003
0.000002
0.000001
0.000001
0.000011
0.000004
0.000001
0.000001
0.000002
0.000009
0.000001
0.000000
0.000000
0.000001
0.000000
0.000000
0.000000
0.000001
0.000001
0.000001
0.000005
0.000011
0.000013
0.000001
0.000001
0.000001
0.000001
0.000002
0.000004
0.000007
0.000007
0.000009
0.000009
0.000022
0.000019
0.000029
0.000005
0.000008
0.000010
0.000013
0.000014
0.000048
0.000078
0.000423
0.000552
9.180078
9.185466
9.196130
9.199603
9.203772
9.205218
9.206386
9.201594
9.189828
0.000434
0.000154
0.000059
0.000032
0.000024
0.000017
0.000017
0.000021
0.000040
0.000057
0.000086
0.000182
9.157278
9.163842
9.168469
0.000158
0.000156
0.000152
0.000218
0.000016
0.000014
0.000007
0.000050
0.000031
0.000011
0.000023
0.000014
0.000008
0.000008
0.000010
0.000009
0.000007
0.000005
0.000003
0.000009
0.000010
0.000008
0.000004
0.000082
0.000096
0.000102
0.000092
0.000115
0.000561
0.000803
0.000995
9.285987
9.302958
9.325700
9.361323
9.427167
9.476096
9.498366
9.523499
9.541190
9.549369
9.556965
9.562162
9.564775
9.564384
9.564672
9.565416
9.565828
9.565824
9.565632
9.565776
9.566008
9.565749
9.565759
9.566056
9.566066
9.566023
9.565904
9.565918
9.566004
9.565951
9.565761
9.565648
9.564910
9.564849
9.565683
9.565790
9.565609
9.565392
9.565502
9.565905
9.565650
9.565681
9.566017
9.565839
9.565187
9.565242
9.565721
9.565678
9.565710
9.565755
9.565977
9.565967
9.565986
9.565639
9.565648
9.566050
9.566041
9.565987
9.565988
9.566033
9.565808
9.565594
9.565004
9.562599
9.534017
9.180289
9.171550
9.133518
0.078234
0.005543
0.002830
0.002169
0.000438
0.000293
0.000028
0.000023
0.000022
0.000008
0.000008
0.000001
0.000001
0.000001
8.774048
8.774264
8.774305
8.774060
8.769548
8.741540
8.254817
8.215358
8.215818
8.223778
8.230758
8.234106
8.240591
8.247295
8.252424
8.258368
8.258521
8.259126
8.259061
8.260065
8.259859
8.258700
8.256149
8.253926
8.221823
8.221194
8.233997
8.244666
8.260886
8.260798
8.261145
8.261088
8.261263
8.260585
8.259072
8.258151
8.251363
8.246402
8.243296
8.240202
8.235900
8.231385
7.892381
7.892063
7.865266
7.865389
7.874548
7.878454
7.881753
7.884052
7.884206
7.884096
7.885031
7.884917
7.883921
7.865959
7.866229
7.869157
7.869474
0.000032
0.000032
0.000000
0.000000
0.000000
0.000000
0.000000
0.000000
0.000000
0.000000
0.000000
0.000000
0.000000
0.000000
0.000000
0.000000
0.000000
0.000000
0.000000
0.000000
0.000000
0.000000
0.000000
0.000000
0.000000
0.000000
0.000000
0.000000
0.000000
0.000000
0.000000
0.000032
0.000032
0.000032
8.247592
8.262310
8.271608
8.268213
0.018082
8.246397
8.247697
8.247040
8.240656
0.000076
0.000049
0.000041
0.000005
0.000003
0.000001
0.000000
0.000000
0.000000
0.000001
0.000001
0.000000
0.000001
0.000001
0.000002
0.000003
0.000016
0.000034
0.000052
0.000141
7.908083
7.905576
7.922653
7.939983
7.957127
7.974184
7.991342
8.008513
8.025694
8.042760
8.060110
8.077635
8.094863
8.113376
8.128676
8.145781
8.163208
8.180813
8.198065
8.215459
8.219688
8.221390
8.221002
8.218034
8.192102
8.105151
8.016983
7.981621
7.878510
7.892426
7.885261
7.884436
7.884607
7.879179
7.874745
7.873722
7.865569
7.865461
7.865470
7.865462
7.865395
7.865426
7.865390
7.865403
7.865461
7.865517
7.865572
7.865651
7.865889
7.885342
7.887097
7.887402
7.886033
7.885629
7.885677
7.884900
7.884972
7.865526
7.865525
7.865457
7.865417
7.865412
7.865405
7.865409
7.865428
7.865509
7.865600
7.865700
7.883440
7.885391
7.885328
7.885122
7.885045
7.884284
7.883239
7.882824
7.882733
7.881133
7.880135
7.865069
7.864433
7.859009
7.796174
0.001406
0.000225
0.000098
0.000013
0.000008
0.000004
0.000002
0.000002
0.000001
0.000001
0.000001
0.000002
0.000007
0.000011
0.000017
0.000028
0.000068
0.043311
7.676144
7.704279
7.747279
7.766837
7.792667
7.831810
7.855197
7.858103
7.856938
7.857199
7.860602
7.863528
7.865013
7.865344
7.865275
7.865184
7.865249
7.865336
7.864912
7.864822
7.865245
7.865318
7.865223
7.864990
7.865017
7.866316
7.866440
7.866225
7.866282
7.866740
7.866435
7.866555
7.867012
7.866997
7.867371
7.867932
7.868364
7.868377
7.868381
7.868401
7.868384
7.868302
7.868500
7.868810
7.868780
7.867400
7.866363
7.864813
7.864081
7.863215
7.863361
7.863820
7.864103
7.864269
7.863957
7.864382
7.864871
7.864606
7.864277
7.864104
7.864354
7.864333
7.860342
7.858860
7.861031
7.862350
7.863217
7.863677
7.864390
7.864312
7.864619
7.865213
7.865360
7.865335
7.865367
7.865444
7.866787
7.866811
7.866722
7.866796
7.866990
7.866993
7.866946
7.867146
7.867380
7.867535
7.867375
7.867047
7.866804
7.866257
7.865958
7.866217
7.866405
7.865316
7.864594
7.864469
7.865218
7.865003
7.864656
7.864162
7.863408
7.861810
7.862175
7.864831
7.865663
7.862622
7.857962
7.850136
7.845991
7.844659
7.845319
7.850845
7.855220
7.857627
7.861403
7.860886
7.861946
7.861546
7.862749
7.863413
7.863386
7.863469
7.864947
7.867196
