0.000000
0.000000
0.000000
0.000000
0.000000
0.000000
0.000000
0.001863
0.001867
0.002673
0.002637
0.002045
0.001584
0.001009
0.000077
0.000034
0.000010
0.000036
0.000057
0.001333
0.001414
0.000640
0.000150
0.000017
0.000017
0.000017
0.000015
0.000019
0.000121
0.002570
0.001344
0.001345
0.001345
0.001272
0.001206
0.000206
0.000170
0.000014
0.001314
0.005500
0.006352
1.445471
0.695050
0.153082
0.101750
0.045217
0.042364
0.040367
0.037343
0.030419
0.029085
0.025811
0.008823
0.008457
0.014748
0.016254
0.013674
0.004189
0.004089
0.004054
0.004003
0.003872
0.002344
0.001750
0.001847
0.003704
0.003791
0.003794
0.003819
0.003875
0.008693
0.008587
0.009051
0.009097
0.009167
0.009140
0.009029
0.008845
0.008800
0.008603
0.008504
0.005480
0.000083
0.000116
0.000121
0.000294
0.005428
0.008300
0.008840
0.055912
0.093072
0.116355
0.120658
0.155955
0.524894
0.578713
0.623432
0.009382
0.002831
0.002770
0.000033
0.000034
0.000103
0.000088
0.000146
0.000302
0.000439
0.008178
0.018050
1.314777
1.486818
1.888043
2.195675
2.562643
0.005137
0.004802
0.000004
0.000000
0.000001
0.000001
0.000002
0.000000
0.000001
0.000001
0.000001
0.000001
0.000001
0.000001
0.000002
0.000002
0.000001
0.000000
0.000001
0.000002
0.000001
0.000001
0.000000
0.000000
0.000000
0.000000
0.000000
0.000001
0.000000
0.000000
0.000001
0.000001
0.000000
0.000000
0.000000
0.000001
0.000004
0.000022
0.000001
0.000006
0.000001
0.000002
0.000003
0.000003
0.000000
0.000000
0.000000
0.000001
0.000000
0.000000
0.000000
0.000001
0.000001
0.000000
0.000001
0.000001
0.000002
0.000002
0.000000
0.000000
0.000001
0.000000
0.000001
0.000001
0.000001
0.000002
0.000003
0.000003
0.000002
0.000005
0.000001
0.000001
0.000001
0.000003
0.000034
0.000001
0.000001
0.000001
0.000000
0.000001
0.000001
0.000001
0.000001
0.000002
0.004931
0.006698
0.007416
0.007568
0.010170
0.004846
3.029134
3.199435
3.385092
4.196010
4.363872
4.637073
4.624065
0.000896
0.000113
0.000107
0.000104
4.585102
4.592919
4.577874
0.000070
0.000050
0.000034
0.000028
4.534707
4.503185
4.474301
4.365286
4.183563
4.062572
3.890031
3.753871
3.621864
3.500614
0.009203
0.000004
0.000001
0.000001
0.000001
0.000000
0.000000
0.000000
0.000000
0.000001
0.000001
0.000000
0.000001
0.000001
0.000025
0.000024
0.006428
0.007956
3.252121
3.024834
0.039007
2.773527
2.851971
2.900841
0.000266
0.000247
0.000202
0.000008
0.000005
0.000005
0.000003
0.000001
0.000001
0.000002
0.000007
0.000001
0.000001
0.000002
0.000003
0.000000
0.000001
0.000001
0.000000
0.000000
0.000000
0.000000
0.000001
0.000006
0.000006
0.000006
0.000006
0.000006
0.000004
0.000003
0.000002
0.000002
0.000004
0.000005
0.000007
0.047851
3.232218
3.316316
3.364942
0.000022
0.000007
0.000017
0.000015
0.000007
0.000013
0.000022
0.000017
0.000007
0.000005
0.000003
0.000007
0.000013
0.000003
0.000003
0.000003
0.000003
0.000004
0.000002
0.000002
0.000002
0.000003
0.000014
0.000009
0.000005
0.000004
0.000007
0.000054
0.016782
0.017505
0.030156
3.729754
3.836209
3.899757
3.972019
3.944831
3.866191
3.798867
3.739307
3.593591
3.080590
2.642363
0.000187
0.000126
0.000023
0.000017
0.000013
0.000009
0.000005
0.000003
0.000003
0.000002
0.000021
0.000016
0.000016
0.000010
0.000006
0.000006
0.006529
0.004815
0.004660
0.004517
1.328948
1.330582
1.319559
1.347761
1.321972
1.203806
0.970256
0.839642
0.001563
0.001693
0.000211
0.000271
0.080213
0.099038
0.217816
1.066866
2.151708
2.672918
3.191251
3.870324
4.088820
4.514633
4.880398
4.974308
5.043433
5.479133
5.490345
5.507505
5.509718
5.514051
5.516807
5.515035
5.512954
5.502986
5.382788
5.396218
5.438979
5.336600
5.406055
5.513976
5.522234
5.525845
5.610198
5.608043
0.002430
0.001926
0.001728
0.001532
0.001381
0.001418
0.001376
0.001627
5.645720
5.738452
5.817911
5.857243
5.869096
5.868794
5.872310
5.871832
5.867315
5.856211
5.829319
5.788506
5.740802
5.500303
5.329793
0.089845
4.743947
4.950233
5.232954
5.421407
5.480745
5.511556
5.541228
5.561502
5.537464
5.524937
5.465395
5.335803
5.090263
4.785205
4.413495
0.000412
3.795033
3.869131
3.813427
3.897330
0.025024
4.241230
4.330043
0.244131
5.043108
5.387547
5.444942
5.443520
5.444324
5.456387
5.443022
5.433674
5.448634
5.511288
5.540789
5.476262
5.418970
5.328266
5.132357
4.812769
4.573887
4.385928
0.184537
3.934571
0.066159
0.018072
0.019720
0.270065
0.349305
5.168410
5.595973
5.735940
5.804079
5.824015
5.851197
5.868472
5.874220
5.858952
5.857425
5.854203
5.825776
5.695452
5.655098
5.337198
4.821648
4.394851
4.050221
3.700062
3.417682
3.191607
0.067634
0.050861
0.008966
0.026200
0.024469
0.028695
0.044228
0.043023
0.042395
0.040999
0.039376
0.034599
0.028202
0.016336
0.017156
0.016391
0.016576
0.016806
0.016863
0.009148
0.009245
0.003298
0.003175
0.000169
0.000128
0.000102
0.000215
0.000197
0.000223
0.000269
0.008721
0.009471
0.008562
0.010314
0.011202
0.012474
0.014192
0.109717
0.230557
0.366670
0.360041
2.387867
2.910987
3.075159
3.309949
3.654038
3.893298
4.167942
4.418016
4.914159
5.048286
5.230889
5.420570
5.490387
0.058885
5.521044
5.630419
5.789639
5.944167
6.104495
6.208797
6.295229
6.317529
6.314328
6.266285
6.259766
6.251096
6.240353
6.224940
6.209200
6.176705
6.098741
0.110926
5.917651
5.927051
5.874304
5.494502
0.216999
5.842004
5.936488
5.940446
5.953330
5.809044
5.907617
5.948042
5.989877
6.019448
0.000432
0.000264
0.000231
0.000201
0.000191
0.000241
0.000257
0.000730
6.027593
6.044976
6.051959
6.058325
6.088320
6.081133
6.072077
6.063056
6.043438
6.041401
6.033107
6.026844
6.022482
6.046555
6.055539
6.068985
6.066328
6.063717
0.015843
0.018597
6.448074
6.471431
6.426997
6.394724
6.365924
6.192985
6.014137
5.798497
5.648089
5.429156
5.691647
5.775650
5.680594
5.384509
5.251222
0.047873
5.888626
6.142497
6.207704
6.271071
6.312197
6.388377
6.443812
6.521476
6.535763
6.548431
6.540658
6.370691
6.222421
5.957624
5.630787
4.888429
4.344103
0.796193
0.251488
0.012041
0.018161
0.018380
4.042164
4.221795
4.331459
0.061298
0.001347
0.000265
0.000094
0.000073
0.000060
0.000050
0.000038
0.000022
0.000004
0.000005
0.000004
0.000007
0.000004
0.000005
0.000011
0.000013
0.000007
0.000004
0.000003
0.000006
0.000011
0.000062
0.000011
0.000002
0.000001
0.000003
0.000005
0.000002
0.000001
0.000003
0.000016
0.000029
0.000018
0.000008
0.000009
0.000008
0.000004
0.000022
0.000244
0.000166
0.000158
0.000158
0.000181
0.000160
0.000136
0.000116
0.000106
0.000009
0.000006
0.000008
0.000009
0.000011
0.000010
0.000021
0.000032
0.000072
0.000020
0.000020
0.000006
0.000089
0.000094
0.000102
0.000223
0.000011
0.000014
0.000015
0.000013
0.000046
0.000028
0.000003
0.000003
0.000010
0.000018
0.000010
0.000012
0.000005
0.000053
0.000082
0.000163
0.000201
0.001105
0.001263
0.001999
0.002898
4.527624
4.641332
4.680949
4.652832
4.650729
4.556560
0.140027
0.267030
5.088016
5.767389
6.234437
6.767849
6.850341
6.936257
7.009233
7.018963
7.025817
7.028118
7.030122
7.029760
7.028189
7.023487
6.988938
6.931400
0.001563
0.000373
0.000076
0.000016
0.000008
0.000006
0.000006
0.000005
0.000001
0.000001
0.000002
0.000000
0.000000
0.000000
0.000000
0.000000
0.000000
0.000064
0.000062
0.000040
0.000032
0.000001
0.000001
0.000021
0.000046
0.000025
0.000021
0.000012
0.000022
0.000052
0.000082
6.758843
6.748556
6.527579
0.059853
0.059940
0.024404
0.058519
0.048917
0.000001
0.000003
0.000004
0.000004
6.285767
6.326920
6.320001
0.000033
0.000047
0.000001
0.000000
0.000000
0.000000
0.000000
0.000000
0.000000
0.000000
0.000001
0.000000
0.000001
0.000000
0.000000
0.000001
0.000001
0.000002
0.000002
0.000002
0.000001
0.000001
0.000001
0.000000
0.000000
0.000000
0.000000
0.000000
0.000000
0.000000
0.000000
0.000000
0.000000
0.000000
0.000001
0.000000
0.000000
0.000000
0.000000
0.000000
0.000000
0.000000
0.000000
0.000000
0.000000
0.000000
0.000000
0.000003
0.000002
0.000001
0.000001
0.000001
0.000000
0.000000
0.000000
0.000000
0.000000
0.000000
0.000000
0.000000
0.000000
0.000000
0.000000
0.000000
0.000000
0.060198
0.000000
0.000000
0.000001
0.000000
0.000001
0.000000
0.000000
0.000000
0.000001
0.000000
0.000000
0.000000
0.000000
0.000000
0.000000
0.000000
0.000000
0.000000
0.000000
0.000000
0.000000
0.000000
0.000000
0.000000
0.000000
0.000000
0.000000
0.000000
0.000000
0.000001
0.000001
0.000001
0.000001
0.000001
0.000000
0.000000
0.000000
0.000000
0.000001
0.000002
0.000000
0.000000
0.000000
0.000000
0.000000
0.000000
0.000000
0.000000
0.000000
0.000002
0.000002
0.000002
0.000001
0.000000
0.000000
0.000000
0.000000
0.000000
0.000000
0.000000
0.000000
0.000001
0.000000
0.000000
0.000000
0.000000
0.000000
0.000001
0.000000
0.000000
0.000000
0.000000
0.000000
0.000000
0.000001
0.000000
0.000000
0.000000
0.000000
0.000000
0.000000
0.000001
0.000002
0.000003
0.000001
0.000000
0.000001
0.000000
0.000000
0.000000
0.000000
0.000000
0.000000
0.000000
0.000001
0.000002
0.000001
0.000001
0.000001
0.000000
0.000000
0.000000
0.000000
0.000000
0.000000
0.000000
0.000001
0.000001
0.000001
0.000001
0.000000
0.000000
0.000001
0.000000
0.000001
0.000001
0.000001
0.000001
0.000000
0.000001
0.000000
0.000000
0.000000
0.000001
0.000000
0.000000
0.000002
0.000001
0.000001
0.000001
0.000001
0.000000
0.000000
0.000000
0.000000
0.000000
0.000000
0.000000
0.000000
0.000000
0.000001
0.000000
0.000000
0.000000
0.000000
0.000000
0.000000
0.000000
0.000000
0.000000
0.000001
0.000000
0.000000
0.000000
0.000000
0.000000
0.000000
0.000000
0.000000
0.000000
0.000001
0.000001
0.000001
0.000001
0.000000
0.000000
0.000000
0.000000
0.000000
0.000000
0.000001
0.000004
0.000002
0.000000
0.000001
0.000000
0.000000
0.000000
0.000001
0.000001
0.000001
0.000001
0.000001
0.000000
0.000000
0.000000
0.000001
0.000005
0.000008
0.000008
0.000001
0.000001
0.000001
0.000001
0.000001
0.000000
0.000000
0.000001
0.000000
0.000000
0.000001
0.000001
0.000001
0.000001
0.000002
0.000001
0.000001
0.000001
0.000002
0.000004
0.000002
0.000002
0.000001
0.000001
0.000004
0.000001
0.000001
0.000001
0.000001
0.000002
0.000001
0.000001
0.000001
0.000002
0.000006
0.000006
0.000009
0.000015
0.000019
0.000035
0.000137
0.000208
6.596252
6.713485
6.737804
6.764124
6.765555
6.763483
6.756616
6.699417
6.752520
6.726513
6.726337
6.799343
6.682800
6.561193
0.000519
0.000542
0.000126
0.000070
0.000020
0.000010
0.000008
0.000003
0.000011
0.000004
0.000009
0.000011
0.000007
0.000018
0.000009
6.698637
6.718388
6.546176
6.392181
6.125975
6.045691
6.007457
0.022553
0.034172
6.097159
6.176038
6.186419
6.366305
6.391598
6.431437
6.479405
6.561152
6.519391
6.463211
6.426584
6.417886
5.938389
5.329586
5.266747
5.932956
6.166490
6.350686
6.472003
6.487899
6.491254
6.493110
6.492781
6.492336
6.726215
0.001995
0.002025
6.741694
6.741054
6.740528
6.704775
6.608771
6.536583
6.485379
6.423870
6.312073
0.075145
6.292850
6.260597
0.012132
0.012992
0.000034
0.000012
0.000010
0.000006
0.000005
0.000028
0.000019
0.000020
0.014260
0.015795
6.442932
6.560273
6.434706
0.313606
0.060683
5.734606
5.996846
6.290914
6.460910
6.425742
6.309822
0.000029
5.799320
5.129289
4.390933
0.112245
0.058804
0.044621
0.022214
0.011351
0.000321
0.000220
0.002882
0.002799
0.002419
0.000265
0.013270
0.077382
0.134126
1.317657
1.780864
2.311710
2.496806
0.175772
0.113960
0.022220
0.008823
0.000502
0.000832
0.000749
0.155636
0.198469
0.290106
0.398594
4.098772
4.888991
5.527641
6.191463
6.732598
6.916523
6.976334
7.038497
7.073987
7.076744
7.068366
0.000106
0.000181
0.000059
0.000049
0.000032
0.000024
0.000037
0.000090
0.000038
0.000017
0.000100
0.000081
0.000055
0.000062
0.000054
0.000004
0.000006
0.000003
0.000008
0.000008
0.000006
0.000018
0.000013
0.000027
0.000009
0.000004
0.000029
0.000045
0.000032
0.000018
0.000088
0.000050
0.000085
0.000030
0.000037
0.000091
0.000125
0.001037
7.070713
7.071083
7.076367
7.082131
7.071006
7.059618
7.053127
7.050435
7.037913
7.029214
7.014169
7.011509
6.966383
6.811109
6.794589
6.776818
0.000560
0.000467
0.000346
0.000092
0.000029
0.000050
0.000042
0.000033
0.000145
0.000141
0.000042
0.000042
6.682070
6.641126
6.579020
6.531924
6.300764
0.153757
0.240567
6.297558
7.032017
7.065572
7.011292
6.896539
0.063750
7.021750
7.137592
7.190875
7.210241
7.231620
7.220902
7.243736
7.237342
7.227029
7.220484
7.221634
7.244997
7.279316
7.307385
7.340114
7.354140
7.457284
7.485636
7.509079
7.509692
7.514908
7.521407
7.540956
0.000674
0.000344
0.000291
0.000251
0.000186
7.537071
7.551466
7.570564
7.595059
7.611988
7.618729
7.633617
7.648415
7.655549
7.659276
7.661257
7.659966
7.966645
7.970932
7.962132
7.958221
7.957870
7.962641
8.252683
8.259014
8.166508
8.037353
7.841328
7.620829
7.492581
6.691345
5.650460
6.628972
7.761662
8.227471
8.191895
8.194469
8.176799
8.093218
8.090951
8.090113
8.088788
8.083681
8.074705
8.068016
8.068865
8.070518
8.076969
8.082645
8.102226
8.107754
8.105082
8.103507
8.102167
8.099664
8.096678
8.083859
8.058985
7.990040
7.855950
0.000015
0.000012
0.000052
0.001847
0.001777
0.001787
0.001900
0.001928
0.002012
0.002271
0.002855
0.003480
0.004933
0.005253
7.464180
7.332113
1.221228
6.506176
6.786548
0.229355
0.064604
0.002217
0.002162
0.002039
0.001708
0.001525
0.001318
0.001944
0.000026
0.000043
0.000087
0.000217
0.000354
0.000701
6.967337
7.389197
7.746129
8.075908
8.248637
8.306836
8.368267
8.298591
0.006130
8.096226
7.863272
7.522492
6.925792
6.209580
4.737282
4.333514
3.643440
3.007030
0.170949
0.120727
0.114010
0.001812
0.000602
0.000566
0.000431
0.002795
0.002775
0.009630
0.009049
0.010544
0.011532
0.010855
0.001472
0.004679
3.627339
4.126430
4.412576
0.000935
0.000239
0.000216
0.000537
0.000595
0.000520
0.047399
5.828052
6.366584
6.645192
7.241279
7.963045
8.137151
8.392853
8.519202
0.000243
0.000097
0.000056
0.000021
0.000019
0.000030
0.000050
0.000027
0.000024
0.000090
0.000099
0.000122
0.000659
0.000817
0.007455
0.010388
8.740144
8.941956
9.179439
8.966322
8.984562
8.992777
8.973038
8.946094
8.887066
8.851539
8.826281
8.745072
8.661265
8.619601
8.584380
8.553004
8.549443
8.555639
8.567400
8.517591
8.472635
8.409002
8.345692
8.060302
7.853192
7.694107
7.156626
6.722843
6.314813
5.980508
0.035312
0.029438
0.009502
0.004633
0.004568
0.004502
0.005739
0.004241
0.004082
0.004068
0.003951
0.003979
0.003993
0.004070
0.010932
0.088955
5.091664
5.214102
0.612483
0.632152
0.649829
0.036630
0.002340
0.002352
0.031146
0.615531
4.294385
4.380069
0.039453
4.614928
4.580660
4.582758
4.192012
0.724481
4.633484
4.997914
5.547163
7.287190
7.949257
8.152054
8.307678
8.339998
8.408647
8.520522
8.590848
8.605578
8.611228
8.607790
8.607462
8.609051
8.643167
8.647470
8.648886
8.648400
8.643957
8.632527
8.620664
8.611399
8.596709
8.483234
8.196011
7.843576
7.536170
0.349644
0.043998
0.097805
7.854219
8.070045
8.230968
8.291785
8.370873
8.487050
8.633250
8.770423
8.823213
8.859485
8.864070
8.865088
8.861394
8.829445
8.777177
8.743624
8.514793
8.571536
8.350631
0.429653
8.446324
8.585271
8.475416
0.077951
8.257046
8.307382
8.381494
8.396279
8.284430
8.236457
8.182327
8.152617
8.117543
8.036994
7.816585
7.625160
7.443887
6.964884
0.053932
0.045922
0.044115
0.023343
6.134437
6.012804
5.824457
5.753038
5.799442
0.024882
0.027198
5.786203
5.744736
5.488563
5.136849
4.842650
4.591567
4.187358
3.777425
3.384718
0.009884
2.771863
2.569685
2.336440
2.083644
1.470188
0.360535
0.017703
0.006505
0.000541
0.000404
0.000268
0.000114
0.000127
0.000113
0.000056
0.000055
0.000105
0.000149
0.000658
0.000350
0.000452
0.000478
0.000348
0.000250
0.000278
0.000562
0.029742
0.145083
0.328018
3.129125
3.284112
3.451746
3.507733
3.479691
0.014850
3.445966
0.001278
3.465691
3.389554
3.348970
0.107587
3.424306
3.552944
3.507695
3.485880
0.022197
0.015776
0.081063
3.842383
4.008024
4.059478
4.746186
5.163935
5.291526
5.482334
5.591103
5.665339
5.670442
5.634890
5.632201
0.045019
0.052907
6.032234
6.109686
6.221486
6.203027
6.396104
6.415479
6.318210
6.445441
0.000545
0.000234
0.000074
0.000098
0.000097
0.000061
0.000058
0.000048
0.000059
0.000023
0.000012
0.000005
0.000007
0.000006
0.000009
0.000023
0.000030
0.000007
0.000004
0.000004
0.000004
0.000005
0.000008
0.000025
0.000058
0.000062
0.000051
0.000043
0.000063
0.000091
0.000205
0.000559
0.000942
0.002605
6.988790
6.999154
7.121395
7.280318
7.345642
7.412473
7.385953
0.016649
0.017215
7.378511
7.358109
7.183602
7.040786
6.748069
6.482784
0.172220
0.135125
0.055245
0.002760
0.003261
0.003336
0.002954
0.003125
0.003301
0.003364
0.003429
0.003443
0.003659
0.003883
0.050136
6.058076
0.105879
5.833181
5.918328
6.029826
0.002097
0.001322
0.000100
0.000178
0.000213
0.000179
0.000159
0.000366
0.000408
0.006245
0.008106
0.007376
0.046838
0.040868
6.353531
6.595269
6.765742
6.831825
6.920305
7.010446
7.034776
7.031581
7.022402
7.020126
0.000326
0.000241
0.000230
0.000088
0.000314
0.000304
0.000108
0.000026
0.009502
0.007738
0.005698
0.005158
0.004966
0.005058
0.005178
0.005343
0.005571
0.005500
0.005024
0.004888
0.004914
0.004901
0.004826
0.004597
0.004525
0.000042
0.000136
0.000107
0.000090
0.000074
0.000172
0.000296
0.007995
0.008196
0.008332
0.008785
0.009212
0.009872
0.011311
0.011722
0.013446
0.018024
7.048741
7.254426
7.337259
7.352041
7.325967
7.116238
6.948354
6.795138
6.582034
0.002834
0.000494
0.000367
0.000105
0.000182
0.000110
0.000077
0.000059
0.000054
0.000069
0.000168
0.000435
0.000483
0.000430
0.000764
6.401437
6.141397
5.791125
5.560586
0.060415
5.337915
5.157828
4.271929
0.063140
0.028517
0.027049
0.104251
5.906087
6.443416
6.633266
6.749789
6.803882
0.004528
0.004659
0.004531
0.005232
0.005156
0.005842
0.007692
6.933542
6.968828
7.043467
7.101047
7.177282
7.211008
7.168818
7.061777
6.905951
6.796060
6.598051
6.343415
6.094049
0.026220
0.027462
0.154150
6.521125
7.119774
7.552731
0.107774
7.688518
7.756424
7.878435
7.913721
7.975268
8.023848
7.828525
7.469024
7.239839
7.121427
6.876803
6.684140
6.494645
6.340518
6.312881
6.171564
6.123694
6.089560
0.012180
0.011893
0.011492
0.016411
0.018009
0.044290
5.910336
6.011503
7.118427
7.118557
7.104997
7.153305
7.202826
7.255181
7.266305
7.299336
7.312496
7.351545
7.417453
7.476254
7.510073
7.563498
7.640638
7.804503
7.903478
8.018465
8.206139
8.416767
8.449608
8.505361
8.564631
8.570551
8.562833
8.544564
8.474786
8.365079
8.287714
8.110159
0.183033
7.674522
7.706117
7.738620
7.763763
0.029772
7.793310
7.716966
7.600959
7.489770
7.301073
6.775770
6.280864
5.805055
5.143307
4.451552
3.801169
3.255364
2.672546
2.165679
2.272766
0.712888
0.177165
0.000387
0.000608
0.000167
0.000193
0.002541
0.002454
0.002433
0.002564
0.002949
0.000028
0.000014
0.000013
0.000027
0.000034
0.000018
0.000021
0.000020
0.000023
0.000028
0.000051
0.000079
0.000030
0.000030
0.000047
0.000114
0.000145
0.000204
0.000475
0.000876
0.001221
0.000228
0.018286
0.052243
0.092636
3.724960
4.246584
4.573548
4.760487
5.008174
5.255237
5.490177
5.563306
5.621598
5.639659
5.615776
5.479864
5.367130
5.148296
0.049082
0.048696
4.577468
4.381916
4.201358
3.729705
4.180618
4.349673
4.641009
4.850338
5.046847
5.363956
5.468771
5.616881
5.721591
5.735591
5.737031
5.689001
5.636662
5.307946
5.047385
4.854358
0.061180
0.019227
4.380172
4.341981
4.300234
4.252715
4.211724
4.124947
0.042757
0.014955
0.013282
3.821577
3.848772
3.768949
3.815929
3.843522
3.883649
0.032082
0.004861
0.006247
0.006981
0.046876
0.061214
4.649986
4.873781
5.140238
5.224826
5.279559
5.304775
5.363355
0.000410
0.000373
0.000416
0.000613
5.322187
5.891273
6.143055
6.416108
6.623233
6.751362
6.837343
6.806700
6.737889
6.617867
6.486086
0.005892
0.001634
0.001126
0.000750
0.000471
0.000386
0.000389
0.000681
0.001429
0.001894
0.023487
6.524012
6.551677
6.558628
6.480176
6.322682
6.147524
0.112325
0.021934
0.000032
0.000020
0.000012
0.000004
0.000004
0.000047
0.000044
0.000041
0.022140
0.023150
6.705877
6.853250
6.886735
6.723944
6.601939
6.396969
6.133881
5.770857
5.305760
0.185190
0.000029
0.000014
0.000007
0.000009
0.000013
0.000012
0.000067
0.000060
0.000049
0.000049
0.062083
5.011915
4.886140
4.802220
0.074608
4.659278
4.645817
4.596001
4.572206
4.547592
0.021157
0.010098
0.007257
4.261340
4.175862
3.992357
3.925745
3.916449
3.883472
3.855625
3.772422
3.653142
3.847875
0.078396
0.002709
0.000271
0.000214
0.000196
0.000183
0.000276
0.000315
0.000428
0.000878
0.073199
0.092248
0.115212
4.619457
4.951069
5.231697
5.399535
5.488227
5.554385
5.667120
5.769650
0.008922
5.747294
5.676570
5.632500
5.578108
0.000117
0.000035
0.000007
0.000007
0.000009
0.000100
0.000078
0.000016
0.000016
0.000027
0.000009
0.000026
0.000030
0.000215
5.491021
5.286140
5.154906
0.022717
4.687539
4.689220
4.700587
4.713503
4.734829
4.734161
4.631377
4.488439
4.400455
3.985290
3.622365
2.072588
1.446333
0.641158
0.360441
0.298629
0.226519
0.129454
0.082603
0.049744
0.047688
0.033253
0.032615
0.000207
0.000018
0.000034
0.000013
0.000003
0.000002
0.000002
0.000005
0.000001
0.000002
0.000002
0.000002
0.000002
0.000011
0.000013
0.000002
0.000001
0.000001
0.000001
0.000001
0.000001
0.000001
0.000001
0.000001
0.000001
0.000001
0.000004
0.000026
0.000010
0.000003
0.000003
0.000005
0.000004
0.000003
0.000001
0.000001
0.000002
0.000003
0.000004
0.000002
0.000002
0.000004
0.000006
0.000002
0.000004
0.000002
0.000004
0.000002
0.000001
0.000001
0.000003
0.000002
0.000001
0.000001
0.000005
0.000002
0.000001
0.000000
0.000001
0.000001
0.000001
0.000001
0.000006
0.000005
0.000007
0.000002
0.000005
0.000005
0.000002
0.000001
0.000002
0.000002
0.000001
0.000001
0.000002
0.000001
0.000001
0.000000
0.000001
0.000001
0.000011
0.000004
0.000003
0.000001
0.000002
0.000001
0.000006
0.000004
0.000003
0.000002
0.000001
0.000001
0.000001
0.000001
0.000001
0.000001
0.000003
0.000002
0.000002
0.000002
0.000021
0.000002
0.000002
0.000003
0.000003
0.000003
0.000003
0.000001
0.000001
0.000002
0.000004
0.000002
0.000001
0.000002
0.000000
0.000000
0.000000
0.000001
0.000000
0.000000
0.000000
0.000000
0.000000
0.000000
0.000000
0.000001
0.000000
0.000000
0.000000
0.000000
0.000000
0.000001
0.000001
0.000000
0.000000
0.000000
0.000001
0.000000
0.000017
0.000014
0.000013
0.000001
0.000001
0.000001
0.000002
0.000003
0.000004
0.000007
0.000018
0.000015
0.000019
0.000002
0.000003
0.000002
0.000001
0.000002
0.000001
0.000001
0.000001
0.000001
0.000002
0.000001
0.000001
0.000002
0.000002
0.000025
0.000001
0.000001
0.000005
0.000001
0.000001
0.000001
0.000001
0.000001
0.000001
0.000001
0.000001
0.000000
0.000003
0.000002
0.000014
0.000013
0.000004
0.000002
0.000003
0.000001
0.000001
0.000000
0.000000
0.000000
0.000000
0.000000
0.000000
0.000000
0.000000
0.000001
0.000001
0.000001
0.000016
0.000010
0.000004
0.000004
0.000007
0.000001
0.000001
0.000000
0.000001
0.000001
0.000000
0.000000
0.000000
0.000000
0.000001
0.000001
0.000000
0.000000
0.000000
0.000000
0.000001
0.000000
0.000000
0.000000
0.000000
0.000000
0.000005
0.000004
0.000001
0.000001
0.000001
0.000001
0.000000
0.000001
0.000003
0.000001
0.000001
0.000007
0.000001
0.000000
0.000001
0.000001
0.000001
0.000000
0.000000
0.000002
0.000002
0.000002
0.000003
0.000002
0.000000
0.000001
0.000000
0.000020
0.000030
0.000000
0.000000
0.000000
0.000000
0.000000
0.000001
0.000001
0.000001
0.000004
0.000001
0.000000
0.000000
0.000000
0.000000
0.000000
0.000000
0.000001
0.000001
0.000000
0.000000
0.000000
0.000000
0.000000
0.000001
0.000001
0.000009
0.000008
0.000001
0.000002
0.000003
0.000000
0.000000
0.000000
0.000000
0.000000
0.000000
0.000000
0.000001
0.000000
0.000000
0.000000
0.000000
0.000000
0.000000
0.000000
0.000000
0.000000
0.000000
0.000000
0.000000
0.000000
0.000000
0.000000
0.000000
0.000000
0.000000
0.000000
0.000000
0.000000
0.000000
0.000000
0.000000
0.000000
0.000000
0.000000
0.000000
0.000000
0.000000
0.000000
0.000000
0.000000
0.000000
0.000000
0.000000
0.000000
0.000000
0.000000
0.000000
0.000000
0.000000
0.000000
0.000000
0.000000
0.000000
0.000000
0.000000
0.000000
0.000000
0.000000
0.000001
0.000000
0.000000
0.000000
0.000000
0.000000
0.000000
0.000000
0.000000
0.000000
0.000000
0.000000
0.000000
0.000000
0.000000
0.000000
0.000000
0.000000
0.000000
0.000000
0.000000
0.000000
0.000000
0.000000
0.000000
0.000000
0.000000
0.000000
0.000000
0.000000
0.000000
0.000000
0.000000
0.000000
0.000000
0.000000
0.000000
0.000000
0.000000
0.000000
0.000000
0.000000
0.000000
0.000000
0.000000
0.000000
0.000000
0.000000
0.000000
0.000000
0.000000
0.000000
0.000000
0.000000
0.000000
0.000000
0.000000
0.000000
0.000000
0.000000
0.000000
0.000000
0.000000
0.000000
0.000000
0.000000
0.000000
0.000000
0.000000
0.000000
0.000000
0.000000
0.000000
0.000000
0.000000
0.000000
0.000000
0.000000
0.000000
0.000000
0.000000
0.000000
0.000000
0.000000
0.000000
0.000000
0.000000
0.000000
0.000000
0.000000
0.000000
0.000000
0.000000
0.000000
0.000000
0.000000
0.000000
0.000000
0.000000
0.000000
0.000000
0.000000
0.000000
0.000000
0.000000
0.000000
0.000000
0.000000
0.000000
0.000000
0.000000
0.000000
0.000000
0.000000
0.000000
0.000000
0.000000
0.000000
0.000000
0.000000
0.000000
0.000000
0.000000
0.000000
0.000000
0.000000
0.000000
0.000000
0.000000
0.000000
0.000000
0.000000
0.000000
0.000000
0.000000
0.000000
0.000000
0.000000
0.000000
0.000000
0.000000
0.000000
0.000000
0.000000
0.000000
0.000000
0.000000
0.000000
0.000000
0.000000
0.000000
0.000000
0.000000
0.000000
0.000000
0.000000
0.000000
0.000000
0.000000
0.000000
0.000000
0.000000
0.000000
0.000000
0.000000
0.000000
0.000000
0.000000
0.000000
0.000000
0.000000
0.000000
0.000000
0.000000
0.000000
0.000000
0.000000
0.000000
0.000000
0.000000
0.000000
0.000000
0.000000
0.000000
0.000000
0.000000
0.000000
0.000000
0.000000
0.000000
0.000000
0.000000
0.000000
0.000000
0.000000
0.000000
0.000000
0.000000
0.000000
0.000000
0.000000
0.000000
0.000000
0.000000
0.000000
0.000000
0.000000
0.000000
0.000000
0.000000
0.000000
0.000000
0.000000
0.000000
0.000000
0.000000
0.000000
0.000000
0.000000
0.000000
0.000000
0.000000
0.000000
0.000000
0.000000
0.000000
0.000000
0.000000
0.000000
0.000000
0.000000
0.000000
0.000000
0.000000
0.000000
0.000000
0.000000
0.000000
0.000000
0.000000
0.000000
0.000000
0.000000
0.000000
0.000000
0.000000
0.000000
0.000000
0.000000
0.000000
0.000000
0.000000
0.000000
0.000000
0.000000
0.000000
0.000000
0.006010
0.003864
0.003757
0.003067
0.001079
0.000001
0.000001
0.000000
0.000000
0.000000
0.000000
0.000000
0.000000
0.000000
0.000000
0.000000
0.000000
0.000000
0.000000
0.000000
0.000000
0.000000
0.000000
0.000000
0.000000
0.000000
0.000000
0.000000
0.000000
0.000000
0.000000
0.000000
0.000000
0.000000
0.000000
0.000000
0.000000
0.000000
0.000000
0.000000
0.000000
0.000000
0.000000
0.000000
0.000000
0.000000
0.000000
0.000000
0.000000
0.000000
0.000000
0.000000
0.000000
0.000000
0.000000
0.000000
0.000000
0.000000
0.000000
0.000000
0.000000
0.000000
0.000000
0.000000
0.000000
0.000000
0.000000
0.000000
0.000000
0.000000
0.000000
0.000000
0.000000
0.000000
0.000000
0.000000
0.000000
0.000000
0.000000
0.000000
0.000000
0.000000
0.000000
0.000000
0.000000
0.000000
0.000000
0.000000
0.000000
0.000000
0.000000
0.000000
0.000000
0.000000
0.000000
0.000000
0.000000
0.000000
0.000000
0.000000
0.000000
0.000000
0.000000
0.000000
0.000000
0.000000
0.000000
0.000000
0.000000
0.000000
0.000000
0.000000
0.000000
0.000000
0.000000
0.000000
0.000000
0.000000
0.000000
0.000000
0.000000
0.000000
0.000000
0.000000
0.000000
0.000000
0.000000
0.000000
0.000000
0.000000
0.000000
0.000000
0.000000
0.000000
0.000000
0.000000
0.000000
0.000000
0.000000
0.000000
0.000000
0.000000
0.000000
0.000000
0.000000
0.000000
0.000000
0.000000
0.000000
0.000000
0.000000
0.000000
0.000000
0.000000
0.000000
0.000000
0.000000
0.000000
0.000000
0.000000
0.000000
0.000000
0.000000
0.000000
0.000000
0.000000
0.000000
0.000000
0.000000
0.000000
0.000000
0.000000
0.000000
0.000000
0.000000
0.000000
0.000000
0.000000
0.000000
0.000000
0.000000
0.000000
0.000000
0.000000
0.000000
0.000000
0.000000
0.000000
0.000000
0.000000
0.000000
0.000000
0.000000
0.000000
0.000000
0.000000
0.000000
0.000000
0.000000
0.000000
0.000000
0.000000
0.000000
0.000000
0.000000
0.000000
0.000000
0.000000
0.000000
0.000000
0.000000
0.000000
0.000000
0.000000
0.000000
0.000000
0.000000
0.000000
0.000000
0.000001
0.000002
0.000001
0.000001
0.000001
0.000004
0.000002
0.000003
0.000003
0.000002
0.000001
0.000001
0.000001
0.000002
0.000001
0.000000
0.000000
0.000000
0.000000
0.000000
0.000000
0.000000
0.000000
0.000000
0.000000
0.000000
0.000000
0.000000
0.000000
0.000000
0.000000
0.000000
0.000000
0.000000
0.000000
0.000000
0.000000
0.000000
0.000000
0.000000
0.000000
0.000000
0.000000
0.000000
0.000000
0.000000
0.000000
0.000000
0.000000
0.000000
0.000000
0.000000
0.000000
0.000000
0.000000
0.000000
0.000000
0.000000
0.000000
0.000000
0.000000
0.000000
0.000000
0.000000
0.000000
0.000000
0.000000
0.000000
0.000000
0.000000
0.000000
0.000000
0.000000
0.000000
0.000000
0.000000
0.000000
0.000000
0.000000
0.000000
0.000000
0.000000
0.000000
0.000000
0.000001
0.000001
0.000001
0.000001
0.000001
0.000001
0.000001
0.000001
0.000000
0.000000
0.000001
0.000001
0.000001
0.000000
0.000000
0.000000
0.000000
0.000000
0.000000
0.000000
0.000000
0.000000
0.000000
0.000000
0.000000
0.000000
0.000000
0.000000
0.000000
0.000000
0.000000
0.000000
0.000000
0.000000
0.000000
0.000000
0.000000
0.000000
0.000000
0.000000
0.000000
0.000000
0.000000
0.000000
0.000000
0.000000
0.000000
0.000000
0.000000
0.000000
0.000000
0.000000
0.000000
0.000000
0.000000
0.000000
0.000000
0.000000
0.000000
0.000000
0.000000
0.000000
0.000000
0.000000
0.000000
0.000000
0.000000
0.000000
0.000000
0.000000
0.000001
0.000001
0.000000
0.000000
0.000000
0.000000
0.000000
0.000000
0.000000
0.000000
0.000000
0.000000
0.000000
0.000000
0.000000
0.000000
0.000000
0.000000
0.000000
0.000000
0.000000
0.000000
0.000000
0.000000
0.000000
0.000000
0.000000
0.000000
0.000000
0.000000
0.000000
0.000000
0.000000
0.000000
0.000000
0.000000
0.000000
0.000000
0.000000
0.000000
0.000000
0.000000
0.000000
0.000000
0.000000
0.000000
0.000000
0.000000
0.000000
0.000000
0.000002
0.000000
0.000000
0.000000
0.000000
0.000000
0.000000
0.000000
0.000000
0.000000
0.000000
0.000000
0.000000
0.000000
0.000000
0.000000
0.000000
0.000000
0.000000
0.000000
0.000000
0.000000
0.000000
0.000000
0.000000
0.000000
0.000000
0.000000
0.000000
0.000000
0.000000
0.000000
0.000000
0.000000
0.000000
0.000000
0.000000
0.000000
0.000000
0.000000
0.000000
0.000000
0.000000
0.000000
0.000000
0.000000
0.000000
0.000000
0.000000
0.000000
0.000000
0.000000
0.000000
0.000000
0.000000
0.000000
0.000000
0.000000
0.000000
0.000000
0.000010
0.000454
0.000451
0.000461
0.000459
0.000476
0.000065
0.000060
0.000056
0.000054
0.000007
0.000382
0.000414
0.000447
0.000418
0.000411
0.000000
0.000000
0.000000
0.000000
