0.000000
0.000000
0.000862
0.000004
0.000001
0.000001
0.000000
0.000000
0.000530
0.000543
0.006359
0.013912
0.016947
0.018789
1.908452
1.135154
0.682362
0.546484
0.000001
0.000001
0.000001
0.000000
0.000000
0.000000
0.002922
0.000000
0.000000
0.000000
0.000000
0.000000
0.000000
0.000000
0.000000
0.000000
0.000000
0.000000
0.000000
0.000000
0.000000
0.000000
0.000000
0.000000
0.000000
0.000000
0.000000
0.000000
0.000000
0.000000
0.000000
0.000000
0.000000
0.000000
0.000000
0.000000
0.000000
0.000000
0.000000
0.000000
0.000000
0.000000
0.000000
0.000000
0.000000
0.000000
0.000000
0.000000
0.000000
0.000000
0.000000
0.000000
0.000000
0.000000
0.000000
0.000000
0.000000
0.000000
0.000000
0.000000
0.000000
0.000000
0.000000
0.000000
0.000000
0.000000
0.000000
0.000000
0.000000
0.000000
0.000000
0.000000
0.000000
0.000000
0.000000
0.000000
0.000000
0.000000
0.000000
0.000000
0.000000
0.000000
0.000000
0.000000
0.000000
0.000000
0.000000
0.000000
0.000000
0.000000
0.000000
0.000000
0.000000
0.000000
0.000000
0.000274
0.000275
0.000171
0.000112
0.000095
0.000000
0.000000
0.000000
0.000000
0.000000
0.000000
0.000000
0.000000
0.000000
0.000000
0.000000
0.000000
0.000000
0.000000
0.000000
0.000000
0.000000
0.000000
0.000000
0.000000
0.000000
0.000000
0.000000
0.000000
0.000000
0.000000
0.000000
0.000000
0.000000
0.000000
0.000000
0.000000
0.000000
0.000000
0.000000
0.000000
0.000000
0.000000
0.000000
0.000000
0.000000
0.000000
0.000000
0.000000
0.000000
0.000000
0.000000
0.000000
0.000000
0.000000
0.000000
0.000000
0.000000
0.000000
0.000000
0.000000
0.000000
0.000000
0.000000
0.000000
0.000000
0.000000
0.000000
0.000000
0.000000
0.000000
0.000000
0.000000
0.000000
0.000000
0.000000
0.000000
0.035495
0.034579
0.033563
0.016488
0.000300
0.000282
0.000056
0.000007
0.000037
0.000055
0.000080
0.000110
0.000114
0.000158
0.000220
0.000171
0.000000
0.000000
0.000000
0.000000
0.000000
0.000000
0.000000
0.000001
0.000000
0.000000
0.000000
0.000000
0.000000
0.000000
0.000000
0.000000
0.000000
0.000000
0.000000
0.000000
0.000000
0.000000
0.000000
0.000000
0.000000
0.000000
0.000000
0.000000
0.000000
0.000001
0.000000
0.000000
0.000000
0.000000
0.000000
0.000000
0.000000
0.000000
0.000000
0.000000
0.000000
0.000000
0.000000
0.000000
0.000000
0.000000
0.000001
0.000000
0.000000
0.000000
0.000000
0.000000
0.000000
0.000000
0.000000
0.000000
0.000002
0.000002
0.000001
0.000002
0.000000
0.000000
0.000000
0.000000
0.000000
0.000000
0.000000
0.000000
0.000000
0.000000
0.000000
0.000000
0.000000
0.000000
0.000000
0.000000
0.000000
0.000000
0.000000
0.000000
0.000000
0.000000
0.000000
0.000000
0.000000
0.000000
0.000000
0.000000
0.000000
0.000000
0.000000
0.000000
0.000000
0.000000
0.000000
0.000000
0.000000
0.000000
0.000000
0.000000
0.000000
0.000000
0.000000
0.000000
0.000000
0.000000
0.000000
0.000000
0.000000
0.000000
0.000000
0.000000
0.000000
0.000000
0.000000
0.000000
0.000000
0.000000
0.000000
0.000000
0.000000
0.000000
0.000000
0.000000
0.000000
0.000000
0.000000
0.000003
0.000003
0.000072
0.000259
0.000251
0.018115
0.016925
0.018546
0.016206
0.015118
0.013464
0.014091
0.003376
0.002362
0.002239
0.000007
0.000003
0.000001
0.000000
0.000001
0.000000
0.000000
0.000000
0.000000
0.000000
0.000001
0.000000
0.000000
0.000000
0.000000
0.000000
0.000006
0.000006
0.000007
0.000007
0.000007
0.000010
0.000008
0.000007
0.000007
0.000009
0.000008
0.000000
0.000000
0.000000
0.000000
0.000000
0.000000
0.000000
0.000000
0.000000
0.000000
0.000000
0.000000
0.000000
0.000000
0.000000
0.000000
0.000000
0.000000
0.000000
0.000000
0.000000
0.000001
0.000001
0.000000
0.000000
0.000003
0.000002
0.000002
0.000001
0.000001
0.000001
0.000002
0.000002
0.000005
0.000001
0.000001
0.000001
0.000001
0.000001
0.000000
0.000001
0.000000
0.000000
0.000000
0.000000
0.000001
0.000002
0.000011
0.000002
0.000002
0.000008
0.000009
0.000001
0.000000
0.000001
0.000001
0.000001
0.000001
0.000002
0.000003
0.000003
0.000004
0.000003
0.000004
0.000095
0.000100
0.000099
0.000100
0.000004
0.000003
0.000004
0.000005
0.000003
0.000003
0.000003
0.000029
0.000002
0.000003
0.000003
0.000002
0.000004
0.000007
0.000007
0.000009
0.000011
0.000008
0.000039
0.000058
0.000067
0.000068
0.000083
0.000071
0.000029
0.000033
0.000038
0.000019
0.000005
0.000004
0.000009
0.000010
0.000010
0.000018
0.000022
0.000026
0.000008
0.000013
0.000019
0.000027
0.000017
0.000023
0.000020
0.000009
0.000005
0.000014
0.015932
0.016139
0.018128
0.036176
0.036768
0.072863
0.075949
0.112659
0.126572
0.001038
0.756763
0.886616
1.267386
1.568758
2.185506
2.459178
3.088103
3.993357
4.529505
5.117588
5.577809
5.974983
6.146643
6.267659
6.308315
6.451464
0.000001
0.000001
0.000000
0.000000
0.000000
0.000000
0.000000
0.000000
0.000000
0.000000
0.000000
0.000000
0.000000
0.000000
0.000000
0.000000
0.000000
0.000000
0.000000
0.000000
0.000000
0.000001
0.000029
0.000007
0.000007
0.000005
0.000003
0.000003
0.000004
0.000010
0.000012
0.000016
0.000871
0.000890
0.000896
0.000912
0.000868
0.000839
0.000726
0.000006
0.000004
0.000002
0.000003
0.000002
0.000001
0.000001
0.000001
0.000000
0.000000
0.000000
0.000000
0.000000
0.000000
0.000000
0.000000
0.000000
0.000000
0.000000
0.000000
0.000000
0.000000
0.000000
0.000000
0.000003
0.000001
0.000001
0.000000
0.000001
0.000004
0.000004
0.000002
0.000002
0.000001
0.000001
0.000001
0.000001
0.000002
0.000001
0.000001
0.000000
0.000000
0.000000
0.000000
0.000000
0.000000
0.000000
0.000001
0.000001
0.000010
0.000018
0.000738
0.000870
0.000951
0.000009
0.000004
0.000003
0.000001
0.000001
0.000000
0.000001
0.000000
0.000000
0.000000
0.000001
0.000008
0.000012
0.000336
0.000393
0.000318
0.000282
0.000016
0.000017
0.000017
0.000010
0.000011
0.000390
0.000471
0.000573
0.000550
0.000068
0.000067
0.000062
0.000342
0.000652
0.001462
0.014180
0.017991
0.000047
0.000015
0.000045
0.000030
0.000024
0.000024
0.000106
0.000055
0.000055
0.000064
0.000227
0.000160
0.000216
0.000315
0.023977
6.721625
6.793144
6.890996
6.902499
6.922252
6.923607
6.923717
6.922946
6.917353
6.916914
6.917054
6.917672
6.916703
6.916706
6.917580
6.916865
6.916735
6.917552
6.917634
6.916740
6.916270
6.917129
6.918010
6.917851
6.917795
6.917272
6.915632
6.909278
6.902315
6.897760
6.873268
6.856221
6.831188
0.000670
0.000488
0.000115
0.000077
0.000058
0.000013
0.000013
0.000004
0.000003
0.000003
0.000002
0.000002
0.000023
0.000016
0.000012
0.000013
0.000027
0.000114
0.000169
0.000204
0.000402
0.001467
0.002430
6.773336
0.000040
7.112827
7.197227
7.474244
7.484785
7.489002
7.490733
0.000000
0.000000
0.000000
0.000000
0.000000
0.000000
0.000000
0.000000
0.000000
0.000000
0.000000
0.000000
0.000000
0.000000
0.000000
0.000000
0.000000
0.000000
0.000000
0.000000
0.000000
0.000000
0.000000
0.000000
0.000000
0.000000
0.000000
0.000000
0.000000
0.000000
0.000000
0.000000
0.000000
0.000000
0.000000
0.000000
0.000000
0.000000
0.000000
0.000000
0.000000
0.000000
0.000000
0.000000
0.000000
7.492220
7.492442
7.492820
7.492807
7.492814
7.492833
7.492730
7.492697
7.492719
7.492642
7.492326
7.491640
7.489316
7.487614
7.486789
7.485765
7.483785
7.484816
7.487029
7.488475
7.490066
7.490996
7.492171
7.492146
7.492592
7.492827
7.492794
7.492647
7.491521
7.489938
7.485661
7.474557
7.468803
7.464959
7.460865
7.449883
7.400056
7.384907
7.322683
7.245316
7.158326
7.072483
0.016123
0.013806
0.013715
6.746200
6.662442
5.694600
4.735322
3.615505
0.132346
5.233120
5.784746
5.732938
0.092360
6.474977
7.008194
7.425631
7.471540
7.482898
7.487545
7.490280
7.491380
7.669205
7.673125
7.674059
7.674086
7.674426
7.675374
7.675374
7.675388
7.675376
7.675421
7.675534
7.675523
7.675510
7.675516
7.675356
7.675348
7.675425
7.674718
7.673728
7.668086
7.664819
7.665756
7.670766
7.671690
7.672997
8.031460
8.036909
8.038369
8.039575
8.038190
8.035865
8.036213
8.038767
8.040541
8.041250
8.042380
8.042396
8.042458
8.042213
8.038862
8.032753
8.030135
8.031906
8.035536
8.037532
8.038001
8.047420
8.047402
8.048004
8.048743
8.050391
8.049403
8.048509
8.048445
8.048720
8.047915
8.404965
8.405060
8.408654
8.411668
8.412761
8.413126
8.413235
8.413439
8.413515
8.413514
8.413436
8.413290
8.413274
8.413416
8.413379
8.413376
8.413488
8.413463
8.413349
8.413040
8.411718
8.410683
8.398166
8.385694
8.378741
8.371704
8.358349
8.346084
8.763124
8.748503
8.733742
8.718229
7.954086
7.745449
7.827613
7.962553
8.098197
0.079252
8.401813
8.636390
8.638052
8.635229
8.626707
8.605075
8.285115
8.283503
8.282733
8.262301
0.003944
0.001049
0.000355
0.000150
0.000089
0.000067
0.000029
0.000015
0.000016
0.000013
0.000004
0.000001
0.000001
0.000000
0.000000
0.000000
0.000000
0.000000
0.000000
0.000000
0.000000
0.000000
0.000000
0.000000
0.000001
0.000000
0.000000
0.000001
0.000001
0.000001
0.000001
0.000001
0.000001
0.000001
0.000001
0.000001
0.000001
0.000001
0.000000
0.000001
0.000000
0.000000
0.000001
0.000001
0.000000
0.000000
0.000000
0.000000
0.000001
0.000001
0.000002
0.000002
0.000001
0.000000
0.000001
0.000003
0.000001
0.000001
0.000001
0.000001
0.000000
0.000001
0.000001
0.000000
0.000000
0.000000
0.000000
0.000000
0.000000
0.000000
0.000000
0.000000
0.000000
0.000001
0.000001
0.000001
0.000001
0.000000
0.000000
0.000001
0.000001
0.000001
0.000000
0.000000
0.000000
0.000000
0.000000
0.000000
0.000000
0.000000
0.000000
0.000000
0.000000
0.000000
0.000002
0.000001
0.000001
0.000003
0.000001
0.000001
0.000001
0.000001
0.000001
0.000000
0.000001
0.000001
0.000000
0.000000
0.000000
0.000000
0.000000
0.000000
0.000001
0.000001
0.000002
0.000000
0.000001
0.000001
0.000001
0.000000
0.000000
0.000001
0.000000
0.000000
0.000001
0.000001
0.000001
0.000000
0.000000
0.000000
0.000000
0.000000
0.000000
0.000001
0.000000
0.000000
0.000000
0.000000
0.000000
0.000000
0.000000
0.000000
0.000000
0.000000
0.000000
0.000002
0.000001
0.000001
0.000001
0.000001
0.000001
0.000001
0.000002
0.000002
0.000001
0.000002
0.000003
0.000000
0.000002
0.000002
0.000001
0.000002
0.000002
0.000001
0.000001
0.000001
0.000001
0.000000
0.000001
0.000002
0.000002
0.000001
0.000003
0.000002
0.000001
0.000003
0.000004
0.000001
0.000001
0.000002
0.000000
0.000000
0.000000
0.000003
0.000001
0.000000
0.000000
0.000000
0.000000
0.000000
0.000000
0.000000
0.000001
0.000000
0.000000
0.000000
0.000000
0.000000
0.000000
0.000000
0.000000
0.000000
0.000000
0.000000
0.000000
0.000000
0.000000
0.000001
0.000002
0.000000
0.000000
0.000001
0.000001
0.000001
0.000002
0.000000
0.000000
0.000000
0.000000
0.000000
0.000000
0.000000
0.000000
0.000000
0.000000
0.000000
0.000000
0.000000
0.000000
0.000000
0.000000
0.000000
0.000001
0.000000
0.000000
0.000000
0.000000
0.000000
0.000001
0.000000
0.000001
0.000000
0.000000
0.000000
0.000000
0.000000
0.000000
0.000000
0.000000
0.000000
0.000000
0.000000
0.000000
0.000000
0.000000
0.000000
0.000000
0.000000
0.000000
0.000000
0.000000
0.000000
0.000001
0.000000
0.000000
0.000001
0.000001
0.000000
0.000000
0.000001
0.000000
0.000000
0.000000
0.000000
0.000000
0.000000
0.000000
0.000000
0.000000
0.000000
0.000000
0.000000
0.000000
0.000000
0.000000
0.000000
0.000001
0.000000
0.000000
0.000000
0.000000
0.000000
0.000000
0.000000
0.000000
0.000001
0.000001
0.000001
0.000000
0.000001
0.000001
0.000000
0.000001
0.000001
0.000000
0.000002
0.000001
0.000001
0.000000
0.000001
0.000001
0.000001
0.000002
0.000004
0.000000
0.000000
0.000000
0.000000
0.000000
0.000000
0.000000
0.000001
0.000001
0.000001
0.000001
0.000001
0.000000
0.000002
0.000002
0.000002
0.000003
0.000000
0.000001
0.000003
0.000001
0.000000
0.000001
0.000000
0.000000
0.000000
0.000000
0.000001
0.000000
0.000000
0.000000
0.000000
0.000000
0.000000
0.000000
0.000000
0.000000
0.000000
0.000001
0.000001
0.000000
0.000000
0.000000
0.000001
0.000000
0.000000
0.000001
0.000002
0.000001
0.000001
0.000002
0.000000
0.000002
0.000004
0.000001
0.000001
0.000001
0.000001
0.000002
0.000001
0.000001
0.000001
0.000001
0.000002
0.000003
0.000001
0.000001
0.000001
0.000001
0.000000
0.000000
0.000004
0.000003
0.000000
0.000000
0.000000
0.000000
0.000000
0.000000
0.000001
0.000001
0.000000
0.000001
0.000000
0.000001
0.000006
0.000001
0.000000
0.000000
0.000001
0.000000
0.000000
0.000000
0.000000
0.000000
0.000000
0.000001
0.000001
0.000000
0.000000
0.000000
0.000000
0.000000
0.000001
0.000001
0.000002
0.000003
0.000007
0.000014
0.000039
0.000089
0.000147
8.053461
8.069047
8.171275
8.177647
8.125148
8.048028
7.587108
0.401414
0.414925
8.038873
8.243638
8.537404
8.579045
8.584871
8.584442
8.584291
8.584667
8.583982
8.579717
8.577572
8.579150
8.581788
8.583341
8.583378
8.583402
8.583935
8.585168
8.585137
8.584466
8.582938
8.577634
8.489909
8.379926
7.910542
7.468058
7.240063
7.028648
6.545510
6.036712
5.567643
4.992739
4.570072
0.181362
0.009857
0.012944
0.002153
0.002125
0.002144
0.002051
0.001993
0.001860
0.001752
0.008731
0.018666
0.020138
0.021672
0.047643
0.124716
0.000561
0.000728
0.001318
0.001951
0.843274
6.237121
7.063298
7.855011
8.376803
8.676500
8.756927
8.862931
8.872146
8.627655
8.624192
8.655574
8.690454
8.696281
8.701057
8.706548
8.711434
8.749992
8.818734
8.877710
8.881963
8.874571
8.866770
8.866321
8.870974
8.797635
8.762628
8.718899
8.684371
8.649787
8.539637
8.341597
7.446301
0.002301
0.001207
0.000411
0.000243
0.000109
0.000041
0.000031
0.000028
0.000025
0.000016
0.000017
0.000020
0.000021
0.000012
0.000035
0.036916
0.028568
0.005948
0.003693
0.003427
0.054807
0.045063
0.040016
1.564226
6.099717
6.881840
7.625068
8.473486
8.631043
8.692885
8.723522
8.750100
8.775229
8.793911
8.807577
8.810426
8.813654
8.815164
8.815581
8.811793
8.800267
8.701656
8.654988
8.575148
8.522596
8.426552
8.121011
8.036277
7.598514
7.240151
6.393929
0.187790
5.024711
5.133395
0.162106
0.133950
4.979297
4.974446
4.919543
4.918058
0.340531
0.390520
0.520415
5.593424
5.996266
6.402145
6.887701
7.023278
7.190237
7.363040
7.418579
7.392710
7.756869
7.805225
8.191893
8.276009
8.293460
8.308843
8.237759
7.922492
7.671629
7.463051
6.988095
6.620608
6.311927
5.591014
5.166225
4.859776
4.401180
0.048823
0.046808
3.904581
3.858734
0.297598
0.262786
0.172276
0.107497
0.110893
0.033117
0.051968
5.644498
6.333136
7.046711
8.354283
9.329483
9.498776
9.536844
9.549527
9.550561
9.550430
9.546285
9.539080
9.514817
9.175660
7.719023
8.310259
9.094321
9.167858
9.224045
9.308910
9.344066
9.347349
9.357560
9.378406
9.311763
0.096091
9.487305
9.471398
9.456073
9.433035
9.407144
0.014553
9.408901
9.416095
9.422350
9.418283
9.416359
9.333435
9.327687
9.317812
9.273615
9.220415
9.092311
8.964678
8.775915
8.526017
8.128933
7.635109
6.673805
5.847597
5.199062
4.642410
0.012088
0.009657
0.000405
0.000225
0.000178
0.000113
0.004691
0.002917
0.001989
0.001531
0.000044
0.000070
0.000063
0.000063
0.000092
0.000142
0.000225
0.000920
3.932975
3.552703
0.008604
3.042137
2.817373
0.267497
0.015567
0.008325
0.003268
0.015896
0.022852
0.023512
1.841625
1.771676
1.660390
1.475886
0.008725
0.004108
0.007674
0.030502
0.127295
1.604095
1.781980
1.937299
2.063841
0.286602
2.708789
2.953751
0.004873
0.001873
0.002108
0.002008
0.005108
0.005337
0.003629
0.014006
0.014765
0.001266
0.005418
0.006010
3.303637
0.037631
3.673585
4.037638
4.331074
4.489727
4.672389
4.946319
5.172189
5.550212
5.913156
6.125185
6.319040
6.427043
6.433744
6.332156
6.015895
5.628819
5.239898
5.179833
4.666020
4.210737
3.537950
2.529596
2.221557
1.807017
1.953331
6.322849
7.079229
7.387985
7.716873
7.904115
7.949067
7.990698
8.038711
8.076095
8.158089
8.190861
8.253373
8.317002
8.330474
8.331269
8.331183
8.350722
8.340867
8.161945
0.133742
8.353495
8.374488
8.399238
8.419329
8.425940
8.423591
8.412107
8.375207
8.344594
8.322935
8.287653
8.177369
8.055922
7.910799
7.787777
7.424269
7.172672
6.852139
6.614189
6.402039
6.177716
5.987391
5.582134
5.155617
4.778540
4.222418
3.647056
3.142737
0.003052
0.002830
0.002817
0.001882
0.001219
0.000676
0.000471
0.000086
0.000073
0.000054
0.000057
0.000100
0.000243
0.000837
0.000832
0.006545
0.041181
0.063422
0.059792
0.005553
0.000056
0.000023
0.000027
0.000017
0.000020
0.000023
0.000006
0.000009
0.000006
0.000008
0.000009
0.000009
0.000014
0.000018
0.000028
0.000046
0.000070
0.000176
0.000387
0.013603
0.035688
2.547499
2.452138
1.424624
0.043032
2.443286
2.736023
2.657577
2.365119
2.259314
0.034435
0.035247
2.364474
2.279643
2.242746
2.101899
2.041085
1.958996
1.832772
1.697260
1.617588
1.540738
1.334750
1.258748
0.078215
0.073112
0.229905
0.257069
0.752996
1.165537
1.267265
0.000477
0.000112
0.000083
0.000057
0.000083
0.000062
0.000372
0.000719
0.002027
0.001818
0.001808
0.001412
0.001355
0.001236
0.000263
1.385084
1.495233
1.734918
1.836854
1.865890
1.885003
1.901916
1.888023
1.824273
0.002181
0.001152
0.001256
0.005357
0.825251
0.745338
0.702237
0.005286
0.005724
0.000822
0.004264
0.004642
0.004787
0.014932
1.516623
1.617978
1.649408
1.528886
1.362442
1.290382
1.185963
1.022238
0.899476
0.009709
0.001244
0.569906
0.733294
0.695503
0.672169
0.578069
0.548498
0.493671
0.339491
0.062266
0.000608
0.000891
0.000072
0.000076
0.001508
0.002935
0.004470
0.020136
0.051527
0.121651
0.127224
0.156938
0.723964
0.808482
0.836716
0.875046
0.860838
0.835807
0.651544
0.620726
0.587937
0.022296
0.006431
0.007147
0.031658
0.097131
0.551416
0.768061
0.573369
0.460632
0.338378
0.152277
0.039574
0.029601
0.028351
0.024220
0.011577
0.011500
0.011541
0.013890
0.062868
0.093473
0.111894
1.637180
1.803710
1.929132
1.923900
0.021605
0.007619
0.000103
1.824282
0.047020
0.016514
0.070608
1.581385
1.078226
0.923674
0.102779
0.094168
0.000646
0.005133
0.078182
0.087427
0.112861
0.147853
0.180304
0.224931
0.332280
0.601687
0.603635
0.147745
0.795822
0.791774
0.046037
0.038739
0.001317
0.000088
0.000349
0.000241
0.000140
0.000492
0.000290
0.000247
0.000152
0.000223
0.000254
0.000742
0.000480
0.000137
0.001469
0.022016
0.077892
0.081730
0.082606
0.141019
0.389913
0.771742
0.755788
0.569495
0.130646
0.116303
0.050894
0.045701
0.019683
0.000169
0.000131
0.000018
0.000010
0.000015
0.000018
0.000048
0.000017
0.000020
0.000026
0.000026
0.000032
0.000028
0.000032
0.000032
0.000033
0.000013
0.000015
0.000009
0.000006
0.000043
0.000227
0.000301
0.008350
0.000145
0.000179
0.000011
0.000022
0.000078
0.000077
0.000103
0.000083
0.000036
0.000029
0.000061
0.000079
0.000054
0.000223
0.007493
0.015322
0.726177
0.802570
0.000035
0.000016
0.000010
0.000010
0.000011
0.000027
0.000029
0.000003
0.000003
0.000010
0.000005
0.000004
0.000005
0.000007
0.000006
0.000008
0.000009
0.000008
0.000006
0.000005
0.000028
0.000020
0.000031
0.000002
0.000003
0.000005
0.000004
0.000004
0.000007
0.000014
0.000011
0.000015
0.000020
0.000067
0.943450
0.877537
0.711108
0.015161
0.007012
0.006706
0.005653
0.006038
0.005922
0.002959
0.004169
0.181452
0.709784
0.730544
0.013178
0.008732
0.002495
0.000038
0.000034
0.000023
0.000006
0.000002
0.000002
0.000005
0.000008
0.000009
0.000017
0.000012
0.000025
0.003185
0.004011
0.004099
0.004619
0.004070
0.003596
0.003269
0.001386
0.000015
0.000010
0.000022
0.771955
0.752172
0.010300
0.000501
0.000144
0.000155
0.000163
0.000860
0.047897
0.053609
0.088401
0.794468
0.768697
0.707400
0.041098
0.013470
0.006288
0.005492
0.000001
0.000002
0.000001
0.000001
0.000000
0.000000
0.000001
0.000001
0.000000
0.000001
0.000001
0.000001
0.000001
0.000000
0.000000
0.000000
0.000000
0.000000
0.000000
0.000000
0.000001
0.000001
0.000001
0.000002
0.000000
0.000000
0.000000
0.000000
0.000000
0.000000
0.000000
0.000001
0.000001
0.000000
0.000001
0.000001
0.000000
0.000000
0.000000
0.000000
0.000000
0.000000
0.000000
0.000000
0.000000
0.000000
0.000000
0.000000
0.000000
0.000000
0.000000
0.000000
0.000000
0.000000
0.000000
0.000000
0.000000
0.000000
0.000000
0.000000
0.000000
0.000000
0.000001
0.000000
0.000000
0.000000
0.000000
0.000000
0.000000
0.000000
0.000000
0.000000
0.000000
0.000000
0.000000
0.000000
0.000000
0.000000
0.000000
0.000000
0.000000
0.000000
0.000000
0.000000
0.000000
0.000000
0.000000
0.000000
0.000000
0.000000
0.000000
0.000000
0.000000
0.000000
0.000000
0.000000
0.000000
0.000000
0.000000
0.000000
0.000000
0.000000
0.000000
0.000000
0.000000
0.000000
0.000000
0.000000
0.000000
0.000000
0.000000
0.000000
0.000000
0.000000
0.000000
0.000000
0.000000
0.000000
0.000000
0.000000
0.000000
0.000000
0.000000
0.000000
0.000247
0.371016
0.338096
0.137778
0.110902
0.012844
0.005681
0.000000
0.000001
0.000000
0.000000
0.000000
0.000000
0.000000
0.000000
0.000000
0.000000
0.000000
0.000000
0.000000
0.000000
0.000000
0.000000
0.000000
0.000000
0.000000
0.000000
0.000000
0.000000
0.000000
0.000000
0.000000
0.000000
0.000000
0.000000
0.000000
0.000000
0.000000
0.000000
0.000000
0.000000
0.000000
0.000000
0.000000
0.000000
0.000000
0.005368
0.005839
0.005223
0.431045
0.473336
0.507370
0.500505
0.079618
0.002732
0.000000
0.000000
0.000000
0.000000
0.000000
0.000000
0.000000
0.000000
0.000000
0.000000
0.000000
0.000000
0.000000
0.000000
0.000000
0.000000
0.000000
0.000000
0.000000
0.000000
0.000000
0.000000
0.000000
0.000000
0.000000
0.000000
0.000000
0.000000
0.000000
0.000000
0.000000
0.000000
0.000000
0.000000
0.000000
0.000000
0.000000
0.000000
0.000000
0.000000
0.000000
0.000000
0.000000
0.000000
0.000000
0.000000
0.000000
0.000000
0.000000
0.000000
0.000000
0.000000
0.000000
0.000000
0.000000
0.000000
0.000000
0.000000
0.000000
0.000000
0.000000
0.000000
0.000000
0.000000
0.000000
0.000000
0.000000
0.000000
0.000000
0.000000
0.000000
0.000000
0.000000
0.000000
0.000000
0.000000
0.000000
0.000000
0.000000
0.000000
0.000000
0.000000
0.000000
0.000000
0.000000
0.000000
0.000000
0.000000
0.000000
0.000000
0.000000
0.000000
0.000000
0.000000
0.000000
0.000000
0.000000
0.000000
0.000000
0.000000
0.000000
0.000000
0.000000
0.000000
0.000000
0.000000
0.000000
0.000000
0.000000
0.000000
0.000000
0.000000
0.000000
0.000000
0.000000
0.000000
0.000000
0.000000
0.000000
0.000000
0.000000
0.000000
0.000000
0.000000
0.000000
0.000000
0.000000
0.000000
0.000000
0.000000
0.000000
0.000000
0.000000
0.000000
0.000000
0.000000
0.000000
0.000000
0.000000
0.000000
0.000000
0.000000
0.000000
0.000000
0.000000
0.000000
0.000000
0.000000
0.000000
0.000000
0.000000
0.000000
0.000000
0.000000
0.000000
0.000000
0.000000
0.000000
0.000000
0.000000
0.000000
0.000000
0.000000
0.000000
0.000000
0.000000
0.000000
0.000000
0.000000
0.000000
0.000000
0.000000
0.000000
0.000000
0.000000
0.000000
0.000000
0.000000
0.000000
0.000000
0.000000
0.000000
0.000000
0.000000
0.000000
0.000000
0.000000
0.000000
0.000000
0.000000
0.000000
0.000000
0.000000
0.000000
0.000000
0.000000
0.000000
0.000000
0.000000
0.000000
0.000000
0.000000
0.000000
0.000000
0.000000
0.000000
0.000000
0.000000
0.000000
0.000000
0.000000
0.000000
0.000000
0.000000
0.000000
0.000000
0.000000
0.000000
0.000000
0.000000
0.000000
0.000000
0.000000
0.000000
0.000000
0.000000
0.000000
0.000000
0.000000
0.000000
0.000000
0.000000
0.000000
0.000000
0.000000
0.000000
0.000000
0.000000
0.000000
0.000000
0.000000
0.000000
0.000000
0.000000
0.000000
0.000000
0.000000
0.000000
0.000000
0.000000
0.000000
0.000000
0.000000
0.000000
0.000000
0.000000
0.000955
0.001029
0.002383
0.000000
0.000000
0.000000
0.000000
0.000000
0.000000
0.000000
0.000000
0.266118
0.344447
0.365644
0.000052
0.000449
0.014556
0.532919
0.579274
0.642191
0.003088
0.000563
0.000000
0.002654
0.000000
0.000000
0.000000
0.000000
0.000000
0.000000
0.000000
0.000000
0.000000
0.000000
0.000000
0.000000
0.000000
0.000000
0.000000
0.000000
0.000000
0.000000
0.000000
0.000000
0.000000
0.000000
0.000000
0.000000
0.000000
0.000000
0.000000
0.000000
0.000000
0.000000
0.000000
0.000000
0.000000
0.000000
0.000000
0.000000
0.000000
0.000000
0.000000
0.000000
0.000000
0.000000
0.000000
0.000000
0.000000
0.000000
0.000000
0.000000
0.000000
0.000000
0.000000
0.000000
0.000000
0.000000
0.000000
0.000000
0.000000
0.000000
0.000000
0.000000
0.000000
0.000000
0.000000
0.000000
0.000000
0.000000
0.000000
0.000000
0.000000
0.000000
0.000000
0.000000
0.000000
0.000000
0.000000
0.000000
0.000000
0.000000
0.000000
0.000000
0.000000
0.000000
0.000000
0.000000
0.000000
0.000000
0.000000
0.000000
0.000455
0.000818
0.000000
0.000000
0.000162
0.000142
0.000000
0.811997
0.881837
0.963350
1.039544
1.075726
0.975713
0.901630
0.822579
0.043737
0.002368
0.000150
0.003438
0.002760
0.001220
0.001338
0.741144
0.694964
0.664048
0.634639
0.607660
0.589321
0.002709
0.447553
0.430113
0.404199
0.320329
0.295959
0.075266
0.037318
0.006890
0.006673
0.006652
0.003066
0.003364
0.034126
0.057688
0.322658
0.400245
0.531444
0.558793
0.590665
0.576164
0.003227
0.003263
0.000000
0.000000
0.000253
0.000600
0.000756
0.000643
0.000423
0.023626
0.082736
0.627429
0.650028
0.674311
0.674483
0.670586
0.634363
0.298100
0.038505
0.008316
0.002231
0.000031
0.000018
0.000011
0.000004
0.000003
0.000002
0.000003
0.000005
0.000004
0.000004
0.000004
0.000004
0.000003
0.000003
0.000002
0.000002
0.000003
0.000006
0.000005
0.000004
0.000005
0.000005
0.000119
0.000144
0.000006
0.000009
0.000005
0.000005
0.000004
0.000001
0.000002
0.000001
0.000001
0.000001
0.000001
0.000002
0.000002
0.000002
0.000004
0.000008
0.000005
0.000012
0.000013
0.000019
0.000023
0.000019
0.000023
0.000593
0.001787
0.002052
0.001724
0.001627
0.031896
0.408575
0.416520
0.409876
0.053014
0.008570
0.008381
0.000304
0.000592
0.000765
0.000901
0.001047
0.001247
0.001280
0.003123
0.003064
0.003004
0.002883
0.002888
0.002719
0.001262
0.001263
0.001274
0.001337
0.001388
0.001455
0.010625
0.021041
0.650334
0.682578
0.565757
0.540299
0.457095
0.423594
0.330668
0.310536
0.286295
0.261574
0.199544
0.153997
0.124355
0.117505
0.042745
0.036447
0.036525
0.036063
0.051580
0.041490
0.037463
0.035122
0.000566
0.002339
0.002777
0.003196
0.003078
0.003052
0.005118
0.044498
0.044459
0.044900
0.044396
0.044185
0.000316
0.000363
0.007238
0.029363
0.031368
0.433198
0.461694
0.486537
0.486185
0.500919
0.517644
0.548017
0.599123
0.641207
0.644755
0.656564
0.679848
0.638274
0.146841
0.118808
0.038081
0.031667
0.000000
0.000000
0.000004
0.000004
0.000004
0.000004
0.000005
0.000010
0.000525
0.003847
0.003895
0.003921
0.003755
0.001835
1.044078
1.146698
1.184914
1.217904
0.039159
1.168541
1.425944
1.472318
1.543576
1.587498
0.069913
1.456417
1.448435
0.037715
0.025400
0.002319
0.002364
0.004125
0.005218
0.005190
0.004704
0.008972
0.028622
1.410713
1.552619
0.008478
0.011239
0.010905
0.000229
0.000157
0.000033
0.000016
0.000014
0.000022
0.000019
0.000034
0.000094
0.000028
0.000023
0.000057
0.000188
0.000040
0.000521
1.867756
1.897866
1.703420
1.137598
0.658609
0.103175
0.091950
0.000912
0.003613
0.005329
0.087962
1.078356
0.976346
0.714024
0.144454
0.031380
0.002422
0.002600
0.003565
0.004039
0.004146
0.018752
0.139184
0.250670
1.760678
1.810171
1.726568
1.664521
1.466677
0.326260
0.000087
0.000014
0.000026
0.000023
0.000136
0.015350
