0.010073
0.000089
0.004324
0.002952
0.002634
0.003410
0.003839
0.003911
0.014400
3.191373
2.670086
2.177914
0.207923
0.117341
0.103115
0.000077
0.000314
0.000016
0.000019
0.000010
0.000019
0.000022
0.000541
0.001155
0.000505
0.000369
0.000282
0.000210
0.004659
0.051744
0.042364
0.041759
0.052893
0.065501
1.443805
1.705030
1.903789
1.991188
2.076143
0.031121
0.030238
0.000294
0.029784
2.090956
2.235396
2.277499
2.094529
2.135078
2.066678
1.977171
1.925841
0.799759
0.856254
3.075621
3.439754
3.976934
4.662021
5.218863
5.324367
5.348556
0.000867
0.000697
0.000645
0.000642
0.000724
0.000687
0.001072
5.330771
5.304932
5.293694
5.288809
5.553021
5.547371
5.542111
5.732305
0.000454
0.000155
0.000094
0.000045
0.000030
0.000026
0.000012
0.000010
0.000010
0.000009
0.000011
0.000011
0.000025
0.000013
0.000009
0.000009
0.000013
0.000035
0.000045
0.000074
0.000118
0.000684
0.002699
0.004054
0.009153
6.564510
6.654067
6.676727
6.678526
6.574883
6.575046
6.575103
6.674844
6.703334
6.707646
6.712905
6.709097
6.706262
6.701709
6.697091
7.237844
7.255583
7.276332
7.274748
7.283424
7.280040
7.203494
7.248997
7.339682
7.353632
7.357501
7.351176
7.344063
7.298569
7.272670
0.006594
0.004193
0.004051
0.004127
0.007247
7.159231
7.158761
7.164003
7.180993
7.162908
6.704522
6.687441
0.001839
0.001326
0.001434
0.001855
0.001691
0.001935
0.002701
0.008035
7.014324
7.215133
7.362275
7.400964
7.445323
7.478354
7.490473
0.503885
7.291547
7.725814
7.864676
7.934966
8.015746
8.013939
8.239190
8.224169
8.220738
8.228475
8.200829
8.181044
8.175948
8.158277
8.125308
8.082857
7.892973
7.726384
7.665097
0.013915
0.013513
0.009490
0.000693
0.000554
0.000783
0.001355
0.002538
0.005671
0.008394
7.522426
7.541412
7.547453
7.549754
7.554525
7.560085
7.577076
7.575557
7.568919
7.559982
7.528019
7.506386
7.488009
7.479288
7.462591
7.441866
0.000419
0.000202
0.000136
0.000061
0.000015
0.000011
0.000011
0.000554
0.000743
0.000678
0.000186
0.000004
0.000002
0.000006
0.000001
0.000006
0.000008
0.000002
0.000003
0.000002
0.000009
0.000006
0.000004
0.000015
0.000003
0.000005
0.000015
0.000027
0.000081
0.000161
0.000257
7.261034
7.401761
0.000604
0.001449
0.001450
0.001229
0.001499
0.002437
0.003286
0.005340
0.017057
7.685933
7.729081
7.735914
7.731862
7.719130
7.715347
7.700904
7.676398
7.642772
7.625002
7.607294
7.592095
7.565438
7.553324
7.552828
7.548598
7.547718
7.552850
7.552526
7.558181
7.561416
7.572276
7.567846
7.555558
7.455942
6.832048
7.216788
7.516293
7.630245
7.711257
7.772506
7.795941
7.779580
7.424184
7.417913
7.379562
7.385658
7.389458
7.393306
7.395901
7.414045
7.433094
7.451113
7.461134
7.462844
7.466479
7.470975
7.471670
7.474909
7.478330
7.481397
7.483944
7.490800
7.497847
7.489908
7.481443
7.469387
0.038602
0.040531
0.074841
0.100108
7.790903
7.819412
7.825041
7.826467
7.826554
7.826553
7.826664
7.826788
7.826638
7.826523
7.826569
7.826702
7.826701
7.826691
7.826677
7.826414
7.822125
7.790412
7.720449
0.504045
7.565165
7.763107
7.766697
7.766633
7.768333
7.726794
7.701013
0.013524
0.012433
0.012352
0.012425
0.012231
0.012227
0.012222
0.012202
0.012201
0.012222
0.012221
0.012207
0.012206
0.012234
0.012206
0.012203
0.012208
0.012208
0.012204
0.012204
0.012205
0.012207
0.012208
0.012202
0.012190
0.012110
0.011110
0.000071
0.000031
0.000018
0.000013
0.000003
0.000002
0.000002
0.000001
0.000001
0.000005
0.000001
0.000001
0.000002
0.000001
0.000001
0.000001
0.000001
0.000001
0.000002
0.000000
0.000000
0.000001
0.000001
0.000002
0.000002
0.000001
0.000004
0.000009
0.000801
0.000867
0.000880
0.000772
0.000730
0.000015
0.000010
0.000003
0.000002
0.000004
0.000002
0.000002
0.000006
0.000005
0.000004
0.000006
0.000008
0.000022
0.000054
0.000962
0.001395
0.001893
0.002385
0.002543
0.002878
0.002917
0.003044
0.000013
0.000012
0.000010
0.000006
0.000002
0.000002
0.000001
0.000001
0.000000
0.000000
0.000000
0.000001
0.000002
0.000001
0.000001
0.000001
0.000001
0.000002
0.000001
0.000001
0.000001
0.000000
0.000000
0.000000
0.000000
0.000000
0.000000
0.000000
0.000000
0.000001
0.000002
0.000001
0.000001
0.000003
0.000000
0.000000
0.000001
0.000001
0.000000
0.000001
0.000002
0.000001
0.000001
0.000001
0.000001
0.000004
0.000005
0.000001
0.000001
0.000001
0.000003
0.000001
0.000001
0.000001
0.000002
0.000001
0.000001
0.000001
0.000001
0.000001
0.000002
0.000007
0.000002
0.000003
0.000003
0.000002
0.000004
0.000007
0.000016
0.000026
0.000046
0.000144
0.000252
7.315656
7.520776
7.618473
7.714549
7.756081
7.851383
7.898904
7.939517
7.962746
7.992464
8.015604
8.027366
8.040254
8.051418
8.062387
8.073421
8.085857
8.102179
8.116318
8.129431
8.142035
8.154447
8.171954
8.188107
8.203948
8.216614
8.230849
8.233384
7.986093
6.870849
6.815292
7.168882
7.494358
8.035475
0.000017
0.000006
0.000002
0.000001
0.000001
0.000000
0.000000
0.000001
0.000000
0.000000
0.000000
0.000000
0.000003
0.000004
0.000002
0.000001
0.000001
0.000001
0.000001
0.000001
0.000000
0.000000
0.000000
0.000000
0.000002
0.000002
0.000044
0.000043
0.000050
0.000053
0.000031
0.000070
0.000137
0.000297
0.001291
7.989879
8.043947
8.060806
8.064801
8.068714
8.071269
8.071470
8.071444
8.067484
8.065123
8.064365
8.063561
8.066963
8.070266
8.073776
8.076460
8.090586
8.084047
8.081260
8.083304
8.082529
7.993066
0.002078
0.000328
0.000185
0.000084
0.000042
0.000032
0.000021
0.000009
0.000004
0.000003
0.000011
0.000013
0.000020
0.000041
0.000076
0.000198
0.000301
0.000822
0.001800
8.375109
8.422462
8.444887
8.459587
8.463488
8.466184
8.467876
8.467888
8.467316
8.467688
8.468124
8.468031
8.467680
8.467555
8.466944
8.465971
8.466136
8.469029
8.468607
8.468394
8.468612
8.471826
8.474184
8.475110
8.810679
8.835218
8.864244
8.918088
8.951084
8.983569
9.054501
9.181245
9.212701
9.221713
9.224099
9.222621
9.212585
9.207914
9.206873
9.211120
9.218012
9.193845
9.086192
8.705645
8.326810
0.526614
7.340839
7.068583
0.901223
6.860842
7.312991
7.832103
8.283351
8.571828
8.694581
8.827245
8.974281
9.046161
9.085249
9.150387
9.211051
9.218452
9.220311
9.222765
9.223404
9.223225
9.223315
9.218878
9.213601
9.212582
9.215762
9.220073
9.220193
9.219555
9.212680
9.187649
9.156356
9.107164
9.083464
8.994233
8.951180
8.895327
8.374246
8.396103
8.410098
8.434179
8.471873
8.484310
8.496292
8.498285
8.498530
8.498574
8.498626
8.498628
8.498482
8.498264
8.498393
8.498686
8.498672
8.498555
8.498477
8.498282
8.498332
8.498193
8.498380
8.498670
8.498647
8.498204
8.498041
8.498228
8.498521
8.498145
8.495142
8.494929
8.497589
8.498723
8.495197
8.494999
8.497978
8.497822
8.496041
8.496184
8.497670
8.497544
8.497228
8.497511
8.496982
8.496708
8.496976
8.496327
8.495891
8.496597
8.497797
8.497155
8.496460
8.497122
8.498274
8.498337
8.498477
8.498596
8.498328
8.498123
8.496795
8.493657
8.493666
8.496268
8.498145
8.493856
8.492625
8.492302
8.484921
8.474545
8.466213
8.468290
8.483456
8.488573
8.493877
8.559969
8.531824
8.514550
8.500584
8.493319
8.508623
8.511247
8.506558
8.376478
8.107804
8.374548
8.423288
8.509299
8.528801
8.542966
8.569750
8.593554
8.624163
8.624227
8.622922
8.607196
8.581350
8.559761
8.462986
8.463250
8.475508
8.482531
8.492717
8.505499
8.511892
8.512968
8.511768
8.511669
8.512697
8.512260
8.511207
8.511364
8.512110
8.511105
8.510883
8.506814
8.501900
8.496507
8.492145
8.490185
8.478391
8.475231
8.473383
8.453935
8.426995
8.409719
8.328029
8.155949
0.114058
0.110389
7.295580
7.232333
7.380520
7.406399
7.352728
7.315342
7.292598
7.274325
0.000504
0.000392
0.000291
0.000066
0.000026
0.000027
0.000008
0.000009
0.000013
0.000003
0.000005
0.000002
0.000003
0.000021
0.000012
0.000003
0.000004
0.000006
0.000011
0.000004
0.000002
0.000004
0.000002
0.000005
0.000004
0.000003
0.000004
0.000003
0.000008
0.000007
0.000006
0.000006
0.000006
0.000008
0.000010
0.000014
0.000016
0.000003
0.000003
0.000004
0.000004
0.000005
0.000006
0.000014
0.000014
0.000112
0.000132
0.001120
0.001119
0.001280
7.141948
7.176618
7.045837
7.291563
7.419402
7.482666
7.546545
7.595846
7.649276
7.672409
7.711147
7.754149
7.802814
7.773255
7.736790
7.705923
7.639910
7.594177
7.558915
7.537922
7.534139
7.542869
7.561080
7.585119
7.633175
7.667447
7.731245
7.728552
7.701766
7.680761
7.667812
7.669710
7.685289
7.716591
7.761690
7.793858
7.827413
7.837278
7.837154
7.838118
7.839146
7.841464
7.841787
7.841918
7.841612
7.840748
7.839976
7.839899
7.840461
7.841899
7.841869
7.841537
7.841577
7.842073
7.841910
7.841547
7.841216
7.841187
7.841180
7.841501
7.841598
7.840557
7.838415
7.838052
7.831425
7.829332
7.819693
7.818489
7.819406
7.818105
7.813961
7.809929
7.807626
7.792957
7.744285
7.723250
7.709470
7.660819
7.639356
7.624496
7.602096
7.581732
7.569270
7.555681
7.529640
7.488493
7.447619
7.423323
7.389403
7.329947
7.295530
7.272535
7.251580
7.233575
7.219104
7.181344
7.147564
7.131380
7.073775
7.000234
6.947363
6.857121
6.773802
6.714307
6.629010
6.390070
6.083114
5.757292
5.084875
4.430354
3.763516
0.639869
0.625692
0.602000
0.505301
0.424227
0.582101
2.170757
6.456866
7.419730
7.627238
7.751721
7.737921
7.666194
7.554823
7.416104
0.017115
0.016267
0.019281
7.238221
7.126188
0.097031
7.461381
7.599389
7.658916
7.735989
7.803676
7.833825
7.817275
7.802270
7.760374
7.440849
7.440205
7.442460
7.442987
7.443394
7.435855
7.428935
7.409039
7.383716
7.353181
7.333215
7.234372
6.963191
6.935323
6.934210
6.948115
6.997899
7.015878
7.248678
7.319760
7.395164
7.418188
7.427874
7.445109
7.451014
7.450535
7.452229
7.455216
7.454315
7.452710
7.452932
7.454482
7.454532
7.450632
7.449872
7.450878
7.451254
7.452156
7.398040
7.319014
7.268845
7.237380
7.205544
7.189667
7.173826
7.165207
7.117881
7.067680
7.037598
7.021082
7.005462
6.969377
6.906236
7.144835
7.246152
7.343341
7.422659
7.428812
7.424969
7.418355
7.402303
7.380068
7.368126
7.367458
7.353310
7.345426
7.339240
7.330889
7.325401
7.315788
7.310685
7.255373
7.225848
7.167429
7.144318
7.046285
6.957422
6.842766
6.838147
6.832320
6.810718
6.724349
6.636897
6.624633
6.476609
6.481296
6.914787
7.011925
7.049482
7.055324
7.058928
7.061910
7.064043
7.065228
7.065035
7.064872
7.064124
7.063812
7.063575
7.063517
7.064168
7.064831
7.065129
7.064951
7.064447
7.064434
7.064466
7.063260
7.063185
7.064662
7.063426
7.062668
7.061425
7.059236
7.058547
7.058507
7.058784
7.056818
7.057028
7.058297
7.060165
7.061062
7.062272
7.064411
7.069994
7.313953
7.379431
7.429366
7.445387
7.451723
7.455161
7.455578
7.455473
7.455490
7.455531
7.453250
7.442763
7.436231
0.001550
0.000341
0.000269
0.000166
0.000109
0.000103
0.000027
0.000023
0.000025
0.000017
0.000022
7.146009
7.153802
7.168048
7.200857
7.212746
7.221428
7.257502
7.278653
7.294444
7.308307
7.318086
7.360535
7.439761
7.433990
0.031538
0.030688
0.030285
0.028536
0.028354
7.253611
7.363358
7.389753
7.405263
7.418492
7.427956
7.447407
7.448338
7.445287
7.443622
7.446999
7.443238
7.366555
7.283423
7.069250
7.067231
7.064142
7.060360
7.044020
7.015540
6.598631
5.461211
5.680425
5.177504
5.047860
4.972647
5.044530
0.070389
0.067367
0.063026
0.059960
0.056607
0.033574
0.017303
0.028184
0.031098
0.034387
0.004816
4.897959
5.547414
5.912334
6.216438
6.537227
6.751104
0.001546
6.803817
6.877921
6.890936
6.895741
6.896467
6.897980
6.899561
6.900924
6.901225
6.900941
6.900310
6.901363
6.902122
6.901803
6.891910
6.892460
6.892260
6.892162
6.936417
6.938120
6.938581
6.938938
6.938865
6.938548
6.938046
6.937604
6.937062
6.934625
6.934119
6.934589
6.933308
6.933529
6.920486
6.874272
6.562956
6.562881
6.562560
6.562211
6.562396
6.562906
6.569057
6.569081
6.568680
6.568711
6.568384
6.563679
6.732223
6.767931
6.906578
6.933863
6.936854
6.936254
6.935336
6.935333
6.935838
6.937393
6.937723
6.937732
6.938361
6.938379
6.934855
6.934427
6.935809
6.937211
6.939112
6.939676
6.940099
6.940151
6.939653
6.939251
6.939465
6.939085
6.937627
6.935393
6.934954
6.917025
6.897684
6.880637
6.867271
6.865619
6.856800
6.861665
6.900158
6.929782
6.937462
6.938657
6.938577
6.937114
6.937100
6.938385
6.937879
6.937641
6.938101
6.938626
6.938749
6.938742
6.938635
6.938588
6.938658
6.938757
