1.495926
0.510102
0.218195
0.004771
0.005391
0.000018
0.000005
0.000047
0.000046
0.000266
0.000241
0.000180
0.000158
0.000145
0.000146
0.000159
0.000178
0.000153
0.000123
0.000160
0.000047
0.000048
0.000053
0.000000
0.000000
0.000000
0.000000
0.000000
0.000000
0.000000
0.000000
0.000000
0.000000
0.000000
0.000000
0.000000
0.000001
0.000000
0.000004
0.000004
0.000000
0.000000
0.000000
0.000001
0.000002
0.000004
0.000004
0.000014
0.000005
0.000001
0.000001
0.000000
0.000000
0.000001
0.000002
0.000000
0.000000
0.000000
0.000000
0.000001
0.000002
0.000000
0.000000
0.000000
0.000000
0.000001
0.000000
0.000000
0.000000
0.000000
0.000000
0.000002
0.000033
0.000035
0.001023
0.001032
0.001057
0.001107
0.001146
0.001172
0.001185
0.001171
0.001124
0.001090
0.000940
0.000947
0.000942
0.000938
0.000913
0.000914
0.000912
0.000996
0.001490
0.001512
0.001555
0.003716
0.003724
0.003699
0.004088
0.000005
0.000005
0.000004
0.000010
0.000008
0.000009
0.000020
0.000005
0.000011
0.000013
0.000011
0.000011
0.000005
0.000499
0.008299
0.008361
0.008368
0.008266
0.000888
0.004468
0.006329
0.006738
0.021273
0.023435
0.042111
0.042886
0.047173
0.046656
0.042037
0.041049
0.000042
0.000000
0.000000
0.000001
0.000000
0.000001
0.000001
0.000000
0.000000
0.000003
0.000002
0.000001
0.000002
0.000002
0.000033
0.000041
0.000549
0.000831
0.000548
0.000069
0.000038
0.000040
0.013637
0.014395
0.014571
0.014120
0.013412
0.009504
0.008796
0.009243
0.008864
0.000714
0.000348
0.000255
0.000227
0.004791
0.005181
0.009194
0.011339
0.012393
0.015237
0.015965
0.025648
0.027135
0.029237
0.031975
0.033400
0.034356
0.035130
0.035598
0.035826
0.036477
0.006953
0.006321
0.000935
0.000990
0.000978
0.000001
0.000001
0.000001
0.000001
0.000000
0.000000
0.000000
0.000000
0.000000
0.000515
0.005191
0.006545
0.006942
0.007350
0.008924
0.009200
0.008540
0.007994
0.007702
0.006866
0.006635
0.002557
0.017498
0.019857
0.024079
0.025421
0.010448
0.010444
0.000000
0.000001
0.000000
0.000000
0.000000
0.000000
0.010844
0.010766
0.010595
0.010503
0.000171
0.000192
0.000073
0.000072
0.000072
0.000073
0.000071
0.000071
0.000048
0.000001
0.000004
0.000006
0.000002
0.000002
0.000001
0.000001
0.000001
0.000007
0.000007
0.000008
0.000008
0.000000
0.000001
0.000001
0.000000
0.000001
0.000000
0.000001
0.000002
0.000000
0.000001
0.000001
0.000001
0.000004
0.012778
0.012208
0.012061
0.012111
0.011794
0.011549
0.011454
0.011458
0.012085
0.016841
0.062657
0.067885
0.086420
0.093754
0.102989
0.117833
0.175232
0.386404
0.419578
0.455595
0.714936
0.882842
0.984604
1.109544
0.000000
0.000001
0.000001
0.000000
0.000000
0.000002
0.000002
0.000002
0.000002
0.000003
0.000005
0.000008
0.000002
0.000006
0.000015
0.000007
0.000008
0.000003
0.000002
0.000001
0.000001
0.000002
0.000003
0.000008
0.000011
0.000024
3.752801
4.217450
5.376385
6.225746
6.548507
6.905426
7.178444
7.289868
7.393152
0.000054
0.000025
0.000010
0.000006
0.000007
0.000009
0.000011
0.000003
0.000009
0.000005
0.000004
0.000005
0.000006
0.000004
0.000012
0.000002
0.000002
0.000001
0.000002
0.000003
0.000002
0.000005
0.000002
0.000002
0.000013
0.000004
0.000001
0.000001
0.000001
0.000002
0.000004
0.000002
0.000002
0.000011
0.000009
0.000015
0.000003
0.000001
0.000013
0.000017
0.000012
0.000009
0.000005
0.000014
0.000021
0.000048
0.000018
0.000034
0.000025
0.000012
0.000011
0.000017
0.000006
0.000012
0.000017
0.000010
0.000009
0.000011
0.000022
0.000012
0.000100
0.000077
0.000065
0.000071
0.000030
0.000014
0.000041
0.000058
0.000052
0.000068
0.000029
0.000045
0.000025
0.000030
0.000013
0.000031
0.000039
0.000037
0.000063
0.000073
0.000082
0.000100
0.000515
0.001103
0.006382
0.013492
7.620561
7.898155
8.025318
8.032258
8.028710
8.022798
8.010307
8.001796
8.018295
8.017820
0.000030
0.000017
0.000005
0.000004
0.000004
0.000005
0.000002
0.000001
0.000001
0.000000
0.000001
0.000001
0.000001
0.000001
0.000001
0.000001
0.000002
0.000001
0.000001
0.000001
0.000001
0.004892
0.004983
0.004654
0.000429
0.000270
0.000183
0.000128
0.000127
0.000115
0.000011
0.000011
0.000011
0.000012
0.000022
0.000219
0.000921
0.000796
0.000002
0.000001
0.000001
0.000001
0.000000
0.000000
0.000000
0.000000
0.000001
0.000002
0.000003
0.000004
0.000007
0.000011
0.000009
0.000011
0.000009
0.000007
0.000001
0.000002
0.000001
0.000002
0.000002
0.000001
0.000002
0.000002
0.000004
0.000002
0.000001
0.000001
0.000002
0.000016
0.000016
0.000032
0.000011
0.000112
0.000078
0.000026
0.000004
0.000003
0.000003
0.000002
0.000002
0.000002
0.000002
0.000005
0.000009
0.000032
0.000174
0.001765
0.002675
8.021514
7.959832
7.928724
7.882239
7.866003
0.001374
0.000217
0.000132
0.000075
0.000076
0.000037
0.000020
0.000014
0.000004
0.000004
0.000012
0.000007
0.000014
0.000013
0.000013
0.000012
0.000008
0.000010
0.001967
0.002077
0.000608
0.000622
0.000626
0.000615
0.000672
0.000417
0.000823
7.718083
7.699436
7.704917
7.765649
7.705935
7.392546
0.069233
0.000061
0.000052
0.000024
0.000014
0.000024
0.000045
0.000123
0.000172
0.000233
0.000096
0.000028
0.000035
0.000811
0.000064
0.000042
0.000033
0.000078
0.000076
0.000059
0.000232
0.000121
0.000090
0.000111
0.000142
0.000224
4.206472
5.695085
6.451444
7.209325
7.583800
8.426022
8.687854
8.929259
8.978315
8.988433
8.986832
8.988431
8.987966
8.984224
0.000536
0.000331
0.000131
0.000042
0.000022
0.000010
0.000007
0.000004
0.000002
0.000002
0.000001
0.000009
0.000005
0.000002
0.000002
0.000006
0.000004
0.000003
0.000002
0.000002
0.000004
0.000004
0.000002
0.000008
0.000010
0.000002
0.000035
0.000025
0.000016
0.000023
0.000017
0.000010
0.000009
0.000129
0.000114
0.000026
0.000044
0.000042
0.000071
0.000008
0.000006
0.000022
0.000032
0.000016
0.000018
0.000015
0.000012
0.000013
0.000022
0.000010
0.000086
0.000048
0.000025
0.000090
0.000054
0.000031
0.000024
0.000022
0.000040
0.000028
0.000033
0.000043
0.000064
0.000084
0.000244
0.000642
0.000758
0.002052
0.002477
0.006750
9.080122
9.136282
9.187979
9.210539
9.439686
9.536755
9.648253
9.652136
9.651186
0.139212
0.138421
0.138956
9.611682
9.643576
9.665510
9.682141
9.691455
9.695247
9.686991
9.686558
9.693514
9.701931
9.715557
9.719246
9.719263
9.718968
9.719477
9.719182
9.717297
9.717644
9.997177
9.997785
9.997638
9.998777
9.998852
9.996095
9.991877
9.989201
9.989335
9.985871
9.986992
9.993223
9.995436
9.994058
9.992599
9.990779
9.958247
9.763098
9.437888
8.992201
8.344800
7.520948
0.828892
0.160368
0.089751
0.055204
0.048779
0.021879
0.027106
0.062897
0.062882
1.312899
1.407361
5.461186
6.129946
6.977299
7.875832
8.787713
9.638375
9.910485
9.952883
9.970377
9.983405
9.996813
9.997222
9.998044
9.997704
9.996813
9.997407
9.997485
9.977867
9.899458
9.874508
9.848243
9.470571
9.031590
8.407920
8.474911
6.906521
0.090358
0.041262
0.054765
0.061392
0.061621
1.707358
2.911939
6.972611
7.941611
8.637674
9.508515
9.879637
9.913088
9.921913
9.937696
9.936742
9.939546
9.948505
9.967141
9.985945
9.984833
9.988898
9.996912
9.999191
9.999183
9.997816
9.997255
9.995255
9.994926
9.997536
9.999428
9.999277
9.998887
9.997452
9.997068
9.998191
9.998699
9.996504
9.987466
9.969944
9.776174
9.128214
1.486797
7.269949
8.024795
8.834794
9.375261
9.311049
9.234053
9.183312
9.010553
8.912659
8.480311
0.033741
0.004868
0.002461
0.001695
0.000734
0.000196
0.000087
0.000047
0.000042
0.000026
0.000025
0.000014
0.000016
0.000023
0.000046
0.000034
0.000020
0.000009
0.000009
0.000007
0.000012
0.000015
0.000020
0.000026
0.000010
0.000014
0.007228
0.003213
0.001925
0.001371
0.001233
0.001133
0.001095
0.001057
0.001058
0.001058
0.001074
0.000925
0.000019
0.000012
0.000009
0.000004
0.000002
0.000003
0.000003
0.000001
0.000002
0.000002
0.000002
0.000003
0.000005
0.000011
0.000014
0.000016
0.000027
0.000003
0.000003
0.000004
0.000006
0.000010
0.000003
0.000003
0.000192
0.000248
0.000284
0.000336
0.000447
0.000587
0.000779
0.000940
0.000959
0.000978
0.000981
0.000968
0.000953
0.000800
0.000706
0.000009
0.000003
0.000002
0.000001
0.000000
0.000000
0.000000
0.000000
0.000000
0.000000
0.000002
0.000001
0.000001
0.000000
0.000000
0.000000
0.000000
0.000000
0.000000
0.000000
0.000001
0.000001
0.000002
0.000006
0.000006
0.000007
0.000011
0.000016
0.001641
0.001703
0.001783
0.001790
0.001806
0.001872
0.001916
0.001970
0.002174
0.002417
0.002773
0.003068
0.003075
0.003064
0.003066
0.003067
0.003063
0.003060
0.003021
0.002975
0.002966
0.002978
0.002982
0.002999
0.003015
0.003049
0.003089
0.003102
0.003092
0.003092
0.003092
0.003100
0.003093
0.003092
0.003094
0.003095
0.003095
0.003095
0.003096
0.003097
0.003098
0.003098
0.003099
0.003099
0.003099
0.003100
0.003100
0.003103
0.003107
0.003100
0.003101
0.003101
0.003101
0.003101
0.003101
0.003101
0.003100
0.003101
0.003100
0.003100
0.003101
0.003101
0.003101
0.003101
0.003101
0.003101
0.003101
0.003101
0.003100
0.003100
0.003100
0.003100
0.003098
0.003098
0.003099
0.003100
0.003100
0.003100
0.003101
0.003101
0.003101
0.003101
0.003101
0.003101
0.003100
0.003099
0.003095
0.003093
0.003092
0.003092
0.003093
0.003097
0.003092
0.003093
0.003101
0.003100
0.003100
0.003100
0.003100
0.003101
0.003100
0.003100
0.003100
0.003100
0.003101
0.003101
0.003100
0.003100
0.003099
0.003099
0.003100
0.003100
0.003100
0.003099
0.003100
0.003100
0.003100
0.003100
0.003100
0.003100
0.003101
0.003101
7.472801
6.592930
0.485082
0.003101
0.003101
0.003100
0.003099
0.003100
0.003100
0.003100
0.003100
0.003100
0.003100
0.003101
0.003101
0.003101
0.003100
0.003100
0.003100
0.003100
0.003100
0.003100
0.003101
0.003101
0.003100
0.003100
0.003100
0.003099
0.003098
0.003098
0.003099
0.003100
0.003101
0.003101
0.003101
0.003101
0.003101
0.003101
0.003100
0.003100
0.003100
0.003100
0.003100
0.003099
0.003099
0.003100
0.003100
0.003100
0.003100
0.003099
0.003099
0.003099
0.003099
0.003100
0.003100
0.003100
0.003100
0.003100
0.003100
0.003100
0.003101
0.003098
0.003098
0.003099
0.003100
0.003101
0.003100
0.003100
0.003100
0.003099
0.003098
0.003098
0.003097
0.003098
0.003100
0.003101
0.003100
0.003100
0.003100
0.003100
0.003100
0.003100
0.003100
0.003100
0.003100
0.003100
0.003101
0.003101
0.003100
0.003100
0.003101
0.003101
0.003101
0.003101
0.003101
0.003101
0.003101
0.003101
0.003101
0.003101
0.003101
0.003101
0.003101
0.003101
0.003101
0.016826
0.217600
0.326066
4.665854
0.123558
0.022460
0.004868
0.006417
0.004820
0.003100
0.003100
0.003100
0.003100
0.003100
0.003101
0.003101
0.003100
0.003100
0.003100
0.003100
0.003100
0.003100
0.003100
0.003100
0.003100
0.003100
0.003100
0.003100
0.003100
0.003100
0.003100
0.003100
0.003100
0.004350
0.015286
0.003100
0.003098
0.003098
4.965532
5.191575
5.499146
5.525178
5.522894
5.539337
5.560327
5.349100
5.203326
5.113402
4.782552
0.003100
0.003100
0.003100
0.003101
0.003101
0.003101
0.003100
0.003100
0.003100
0.003101
0.003100
0.003100
0.003100
0.003100
0.003100
0.003100
0.003100
0.003100
0.003100
0.003100
0.003100
0.003101
0.003101
0.003101
0.003101
0.003101
0.003101
0.003100
0.003100
0.003099
0.003091
0.003001
0.002685
0.000009
0.000006
0.000005
0.000001
0.000000
0.000000
0.000000
0.000000
0.000000
0.000000
0.000000
0.000000
0.000000
0.000000
0.000000
0.000000
0.000000
0.000000
0.000000
0.000000
0.000000
0.000000
0.000000
0.000000
0.000000
0.000000
0.000000
0.000000
0.000000
0.000000
0.000000
0.000000
0.000001
0.000002
0.000009
0.000964
0.001002
0.001087
0.001095
0.000337
0.000585
0.000820
0.001116
0.001558
0.002200
0.002898
0.003087
0.003098
0.003100
0.003100
0.003100
0.003100
0.003100
0.003101
0.003101
0.003101
0.003101
0.003101
0.003101
0.003101
0.003100
0.003100
0.003100
0.003100
0.003100
0.003100
0.003100
0.003100
0.003101
0.003100
0.003100
0.003100
0.003101
0.003101
0.003101
0.003100
0.003100
0.003101
0.003101
0.003100
0.003100
4.451398
4.025810
3.771411
3.460970
2.901553
2.542713
2.046391
1.272509
0.571904
0.247741
0.160586
0.083279
0.068553
0.063931
0.058230
0.030431
0.009988
0.003101
0.003101
0.003101
0.003101
0.003101
0.003101
0.003101
0.003101
0.003101
0.003100
0.003100
0.003100
0.003100
0.003100
0.003100
0.003100
0.003456
0.003170
0.003274
0.003101
0.003101
0.003100
0.003100
0.003100
0.003100
0.003100
0.003100
0.003100
0.003101
0.003101
0.003136
0.003145
0.003121
0.003185
0.003100
0.003099
0.003097
0.003096
0.003098
0.003100
0.003100
0.003100
0.003098
0.003096
0.003095
0.003096
0.003096
0.003097
0.003098
0.003100
0.003100
0.003100
0.003100
0.003100
0.003100
0.003100
0.003100
0.003100
0.003100
0.003100
0.003101
0.003101
0.003100
0.003100
0.003099
0.003100
0.003100
0.003100
0.003116
0.003113
0.003112
0.003107
0.003113
0.003110
0.003103
0.003105
0.003107
0.003100
0.003100
0.003100
0.003100
0.003100
0.003104
0.003102
0.003105
0.003102
0.003102
0.003102
0.003102
0.003100
0.003101
0.003101
0.003101
0.003193
0.003164
0.003100
0.003100
0.003100
0.003110
0.003108
0.003100
0.003109
0.003093
0.002950
0.002647
0.002434
0.011348
0.011078
0.010419
0.010022
0.009732
0.000236
0.000266
0.000392
0.000418
0.010432
0.011379
0.011691
0.011683
0.010629
0.003319
0.003974
0.038181
0.015764
0.015454
0.001490
0.000102
0.000081
0.000091
0.000094
0.000095
0.000771
0.000861
0.000856
0.000618
0.000288
0.000330
0.000369
0.002796
0.002930
0.003038
0.003046
0.003047
0.003048
0.003048
0.003048
0.003047
0.003044
0.003042
0.003025
0.003000
0.002928
0.002398
0.001898
0.000017
0.000010
0.000007
0.000001
0.000000
0.000000
0.000000
0.000000
0.000000
0.000000
0.000000
0.000000
0.000000
0.000000
0.000000
0.000000
0.000000
0.000000
0.000001
0.000001
0.000000
0.000000
0.000000
0.000000
0.000000
0.000000
0.000000
0.000001
0.000001
0.000085
0.000113
0.000150
0.000178
0.000184
0.000113
0.000074
0.000001
0.000001
0.000000
0.000000
0.000000
0.000000
0.000000
0.000000
0.000000
0.000001
0.000000
0.000000
0.000000
0.000000
0.000000
0.000000
0.000001
0.000000
0.000000
0.000000
0.000000
0.000000
0.000001
0.000000
0.000000
0.000000
0.000000
0.000000
0.000000
0.000000
0.000000
0.000001
0.000000
0.000000
0.000000
0.000000
0.000000
0.000000
0.000000
0.000000
0.000000
0.000000
0.000000
0.000000
0.000000
0.000000
0.000000
0.000000
0.000000
0.000000
0.000000
0.000000
0.000000
0.000000
0.000000
0.000000
0.000000
0.000000
0.000000
0.000000
0.000000
0.000000
0.000000
0.000000
0.000000
0.000000
0.000000
0.000000
0.000000
0.000000
0.000000
0.000000
0.000000
0.000000
0.000000
0.000000
0.000000
0.000000
0.000000
0.000000
0.000000
0.000000
0.000000
0.000000
0.000000
0.000000
0.000000
0.000000
0.000000
0.000000
0.000000
0.000000
0.000000
0.000000
0.000000
0.000000
0.000000
0.000000
0.000000
0.000000
0.000000
0.000000
0.000000
0.000000
0.000000
0.000000
0.000000
0.000000
0.000000
0.000000
0.000000
0.000000
0.000000
0.000000
0.000000
0.000000
0.000000
0.000000
0.000000
0.000000
0.000000
0.000000
0.000000
0.000000
0.000000
0.000000
0.000000
0.000000
0.000000
0.000000
0.000000
0.000000
0.000000
0.000000
0.000000
0.000000
0.000000
0.000000
0.000000
0.000000
0.000000
0.000000
0.000001
0.000002
0.000003
0.000005
0.000011
0.001439
0.001557
0.001591
0.001746
0.001961
0.002101
0.002270
0.002366
0.002388
0.002392
0.002397
0.002399
0.002399
0.002399
0.002399
0.002399
0.002399
0.002400
0.002400
0.002399
0.002399
0.002397
0.002395
0.002392
0.002387
0.002383
0.002370
0.002300
0.000821
0.000414
0.000403
0.000658
0.000697
0.000725
0.000750
0.000788
0.000834
0.000878
0.000926
0.000434
0.000850
0.001060
0.001214
0.001239
0.001284
0.001340
0.001396
0.001459
0.001637
0.001732
0.001754
0.001757
0.001779
0.001732
0.001712
0.001705
0.000101
0.000118
0.000133
0.000144
0.000762
0.000803
0.000810
0.000825
0.000791
0.000783
0.000805
0.000855
0.000870
0.000864
0.000218
0.000207
0.000221
0.000975
0.001361
0.001417
0.001491
0.001605
0.001725
0.001872
0.001171
0.000842
0.002374
0.002453
0.002619
0.002745
0.002850
0.002867
0.002885
0.002887
0.002891
0.002892
0.002878
0.002859
0.002721
0.002509
0.002437
0.002311
0.000059
0.000052
0.000058
0.000038
0.000037
0.000152
0.000168
0.000204
0.000242
0.000225
0.000209
0.000207
0.000175
0.000024
0.000029
0.000030
0.000039
0.000054
0.001836
0.002279
0.002916
0.003025
0.003069
0.003076
0.003078
0.003078
0.003077
0.003075
0.003073
0.003075
0.003075
0.003076
0.003078
0.003078
0.003077
0.003077
0.003077
0.003078
0.003077
0.003077
0.003078
0.003078
0.003077
0.003077
0.003078
0.003078
0.003078
0.003077
0.003076
0.003073
0.003049
0.003012
0.002976
0.002950
0.002905
0.002708
0.002601
0.000000
0.000000
0.000000
0.000000
0.000000
0.000000
0.000000
0.000000
