0.097525
0.039656
0.013474
0.000982
0.000986
0.002124
0.001025
0.000046
0.000007
0.000009
0.000008
0.000004
0.000004
0.000004
0.000001
0.000005
0.000005
0.000009
0.000011
0.000026
0.000033
0.000006
0.000002
0.000230
0.000165
0.000044
0.000041
0.000039
0.000040
0.000048
0.000060
0.000039
0.000001
0.000001
0.000001
0.000001
0.000002
0.000006
0.000007
0.000013
0.000320
0.001099
0.002461
0.000085
0.000001
0.000001
0.000000
0.000000
0.000000
0.000000
0.000000
0.000000
0.000000
0.000000
0.000000
0.000001
0.000002
0.000001
0.000001
0.000001
0.000001
0.000000
0.000000
0.000000
0.000001
0.000001
0.000001
0.000001
0.000001
0.000002
0.000001
0.000003
0.000003
0.000001
0.000012
0.000001
0.000001
0.000001
0.000001
0.000002
0.000002
0.000002
0.000001
0.000001
0.000001
0.000002
0.000001
0.000001
0.000001
0.000002
0.000002
0.000002
0.000002
0.000002
0.000004
0.000011
0.000014
0.000179
0.000007
0.000008
0.000009
0.000005
0.000003
0.000004
0.001129
0.000020
0.000016
0.000009
0.000007
0.000008
0.000008
0.000007
0.000012
0.000013
0.000005
0.000012
0.000014
0.000011
0.000006
0.000002
0.000004
0.000004
0.000005
0.000006
0.000011
0.000102
0.000110
0.000180
0.003756
0.006605
0.018611
0.021573
0.021962
0.026480
0.033083
0.034193
0.016929
0.017180
0.017012
0.011320
0.010503
0.002156
0.001074
0.001108
0.001283
0.001361
0.001369
0.000003
0.000002
0.000002
0.000010
0.000016
0.000006
0.000002
0.000007
0.000012
0.000004
0.000005
0.000006
0.000004
0.000004
0.000003
0.000010
0.000014
0.000010
0.000006
0.000005
0.000005
0.000010
0.000004
0.000003
0.000003
0.000003
0.000003
0.000020
0.000051
0.000052
0.000016
0.000022
0.000017
0.000017
0.000045
0.000027
0.000029
0.000011
0.000009
0.000055
0.000148
0.000098
0.003311
0.023461
0.026468
0.067938
0.079336
0.113619
0.129655
0.204021
3.713261
3.706612
3.557436
3.347898
3.085429
2.713370
0.029504
0.014801
0.004969
0.004408
0.004039
0.003740
0.003345
0.003184
0.003079
0.003076
0.003383
0.011790
0.021893
2.063615
1.884171
1.668264
1.174242
0.998593
0.792589
0.533643
0.065931
0.034537
0.013696
0.009694
0.006396
0.000018
0.009981
0.000405
0.000207
0.000169
0.000036
0.000047
0.000033
0.000029
0.000042
0.000046
0.000060
0.000063
0.000042
0.000070
0.000063
0.000114
0.000164
0.001334
0.026585
0.122333
0.154739
0.405287
0.408840
0.414023
0.412302
0.408363
0.405681
0.404977
0.000386
0.000341
0.000115
0.000039
0.000041
0.000051
0.000090
0.000027
0.000019
0.000028
0.000033
0.000033
0.001382
0.004751
0.004592
0.000123
0.000056
0.007198
0.007838
0.007785
0.014602
0.244450
0.389109
0.409618
0.476392
0.489925
0.487159
0.478283
0.161003
0.143075
0.096638
0.007920
0.001171
0.000122
0.000163
0.000077
0.000067
0.000096
0.000114
0.000118
0.000103
0.000037
0.000037
0.000022
0.000021
0.000034
0.000043
0.000104
0.000135
0.000068
0.000039
0.000040
0.000115
0.000112
0.000010
0.000017
0.000024
0.000332
0.000476
0.006664
0.006809
0.007513
0.008274
0.023242
0.057918
0.563946
0.632914
0.665589
0.782192
0.835307
0.910447
0.943116
0.399209
0.002128
0.000036
0.000019
0.000008
0.000009
0.000018
0.000019
0.000018
0.000021
0.000009
0.000006
0.000008
0.000013
0.000016
0.000014
0.000020
0.000022
0.000033
0.000061
0.000140
0.000270
0.000342
0.009197
0.011692
2.255447
2.709210
3.033434
3.394491
3.735256
4.108532
4.667200
4.768985
4.788940
4.819180
4.864491
4.886995
4.702778
3.888712
3.267382
0.376396
0.321840
0.052099
0.021053
0.014009
0.001372
0.001226
1.736090
1.641417
1.555705
1.459181
0.089695
0.029514
0.008251
0.964340
0.929560
0.920006
0.847747
0.777748
0.705818
0.605160
0.536348
0.503402
0.429334
0.207864
0.054447
0.004081
0.002824
0.004136
0.003988
0.003414
0.061500
0.078731
0.140123
0.146230
0.172254
0.187171
0.329064
0.434933
0.453126
0.465743
0.018633
0.007841
0.000068
0.000043
0.000062
0.000046
0.000026
0.000029
0.000107
0.002611
0.002699
0.002717
0.002763
0.000015
0.000013
0.000062
0.000123
0.000156
0.000183
0.000229
0.000284
0.000252
0.000191
0.705657
0.734259
0.764742
0.784657
0.751990
0.745554
0.723691
0.697070
0.003848
0.003772
0.004164
0.001847
0.001537
0.001547
0.001504
0.001545
0.000072
0.000086
0.000109
0.000084
0.000071
0.000185
0.002326
0.002972
0.003591
0.004046
0.166751
0.275879
0.327111
0.490515
0.563980
0.629530
0.793119
1.178534
2.669393
3.100893
3.635503
4.312020
0.013001
5.173694
5.957892
6.845265
0.014519
0.013925
7.431014
7.861497
7.732498
7.654354
7.392257
7.267277
7.112143
6.835396
0.060387
6.293561
6.376708
6.459727
6.594149
6.726664
6.701341
6.481388
6.392508
6.448664
6.468071
6.427959
6.642988
6.739022
6.795930
6.834305
6.695974
6.267929
6.059497
0.024359
5.282205
5.895063
6.117354
6.162589
6.377202
7.041448
7.365375
7.505920
7.612543
7.774226
7.932088
7.980617
8.022764
8.065818
8.112006
8.235256
8.412034
8.409852
8.346982
8.225740
8.172318
8.061363
7.982672
7.881263
0.364952
7.964934
8.405054
8.473010
8.515798
7.886571
6.752302
5.853521
4.908824
4.229117
3.690949
2.358478
1.671819
1.476220
1.165303
0.724645
0.523120
0.140320
0.054438
0.026327
0.002386
0.000676
0.000778
0.000908
0.001146
0.001631
0.001942
0.001685
0.001511
0.005806
0.020343
0.044821
0.068122
0.086336
0.122604
0.135533
0.166113
0.264427
1.565716
1.879123
2.179351
2.495022
3.102652
3.802576
4.248550
4.800296
5.629463
5.840080
0.002892
0.003183
0.001447
0.003170
0.003492
0.004394
0.006044
0.008021
6.027813
6.108096
6.180340
6.185903
6.136869
6.009285
5.827331
0.041200
5.363379
4.979487
0.053963
0.012135
2.331572
6.114547
6.573956
7.045007
7.633656
7.735278
7.743350
7.762226
7.796075
7.845800
7.838582
7.830360
7.808076
7.752632
7.682538
7.681309
7.830418
7.820492
7.815727
7.691706
7.795896
7.807011
7.810793
7.842083
7.854224
7.803250
0.094057
0.000214
0.000109
0.000061
0.000041
0.000041
0.000031
0.000018
0.000022
0.000023
0.000021
0.000018
0.000013
0.000010
0.000005
0.000005
0.000012
0.000011
0.000007
0.000008
0.000006
0.000007
0.000010
0.000010
0.000009
0.000007
0.000007
0.000013
0.000017
0.000015
0.000023
0.000014
0.000013
0.000006
0.000018
0.000006
0.000008
0.000008
0.000010
0.000010
0.000005
0.000014
0.000008
0.000012
0.000011
0.000008
0.000022
0.000015
0.000038
0.000035
0.000027
0.000018
0.000023
0.000025
0.000021
0.000020
0.000019
0.000025
0.000056
0.000038
0.000034
0.000019
0.000013
0.000011
0.000009
0.000009
0.000014
0.000016
0.000025
0.000019
0.000014
0.000014
0.000017
0.000013
0.000037
0.000055
0.000049
0.000089
0.000275
0.000046
0.000027
0.000022
0.000020
0.000053
0.000028
0.000035
0.000017
0.000014
0.000009
0.000011
0.000025
0.000023
0.000059
0.000021
0.000005
0.000009
0.000008
0.000013
0.000012
0.000019
0.000027
0.000012
0.000020
0.000024
0.000016
0.000014
0.000018
0.000006
0.000007
0.000016
0.000022
0.000021
0.000029
0.000088
0.000113
0.000469
0.000702
0.002023
0.002772
8.248139
8.584544
8.860712
9.008284
9.191130
9.289764
9.352063
9.362163
9.361083
9.355661
9.351615
9.347430
9.343795
9.338132
9.339551
9.332930
9.320059
9.279252
9.158183
9.053436
8.850053
9.050409
9.106339
9.242930
9.282697
0.021934
0.039309
9.510493
9.462135
9.316708
9.290306
9.278784
9.270764
9.260027
9.262633
9.265578
9.273364
9.288238
9.290853
9.289198
9.285931
9.282772
9.284021
9.347993
9.363106
9.378824
9.381324
9.380986
9.373441
9.368720
9.369604
9.366577
9.362496
9.322661
0.064810
9.066959
9.117109
9.188651
9.239767
9.257934
9.236092
9.182688
0.007830
0.007318
9.101759
8.972928
8.890591
0.086171
8.706927
0.036312
8.670645
8.714022
0.040159
0.000245
0.000071
0.000067
0.000046
0.000004
0.000004
0.000003
0.000002
0.000003
0.000002
0.000001
0.000001
0.000000
0.000001
0.000001
0.000001
0.000001
0.000001
0.000001
0.000002
0.000003
0.000003
0.000001
0.000001
0.000003
0.000003
0.000002
0.000001
0.000001
0.000001
0.000001
0.000000
0.000000
0.000000
0.000000
0.000001
0.000001
0.000002
0.000005
0.000004
0.000006
0.000006
0.000006
0.000009
0.000001
0.000001
0.000000
0.000001
0.000001
0.000002
0.000001
0.000001
0.000001
0.000001
0.000002
0.000002
0.000001
0.000001
0.000001
0.000001
0.000001
0.000001
0.000001
0.000002
0.000001
0.000001
0.000002
0.000001
0.000002
0.000002
0.000002
0.000004
0.000005
0.000008
0.000010
0.000023
0.000034
0.000101
8.748654
8.883794
8.952683
9.017646
9.109882
9.154093
9.144194
9.096637
9.063944
9.036210
9.008526
8.983612
8.969933
8.966425
8.897365
8.725208
8.546408
8.447586
8.328399
8.110259
0.043462
0.045167
7.668133
0.163887
7.500258
7.882922
8.189443
8.385621
8.565850
8.645057
8.695453
8.736295
8.688732
8.710682
8.698630
8.542005
8.517295
8.548539
9.128062
9.239751
9.292113
9.302922
9.310496
9.287979
9.245248
9.171033
9.066281
9.066638
9.000626
8.854694
8.767768
8.710461
8.493032
8.508014
8.474395
8.461909
8.614997
8.676967
8.475520
8.461833
8.535989
8.488356
8.462313
8.461252
8.440084
8.421202
8.406442
8.387418
8.387793
8.549072
8.508708
8.479274
8.456242
8.470143
8.486860
8.317881
8.150433
8.128395
7.013815
7.592994
7.923584
8.223108
8.252722
8.440515
8.502595
8.601208
8.640722
8.803807
8.979241
9.010332
9.052388
9.084151
9.123542
9.157331
9.124090
8.954056
0.213327
8.237885
8.355262
8.245579
8.387238
8.532605
8.564769
8.590498
8.612924
8.636773
8.639418
8.640825
8.631543
8.626582
8.591844
8.558608
8.480021
8.412436
8.375610
8.220117
8.067921
7.908383
7.750273
7.625821
6.867758
6.828342
7.779438
8.070283
8.288293
8.395494
8.425590
8.416485
8.419555
0.000023
0.000022
0.000017
0.000003
0.000002
0.000001
0.000000
0.000000
0.000000
0.000000
0.000000
0.000000
0.000000
0.000000
0.000000
0.000000
0.000000
0.000000
0.000000
0.000000
0.000000
0.000001
0.000001
0.000001
0.000000
0.000000
0.000000
0.000006
0.000007
0.000010
0.000000
0.000001
0.000000
0.000000
0.000002
0.000001
0.000001
0.000002
0.000007
0.000026
0.000023
0.000012
0.000002
0.000001
0.000002
0.000001
0.000001
0.000001
0.000000
0.000000
0.000000
0.000001
0.000001
0.000002
0.000002
0.000005
0.000014
0.000000
0.000000
0.000000
0.000000
0.000000
0.000000
0.000000
0.000000
0.000000
0.000000
0.000000
0.000000
0.000000
0.000000
0.000000
0.000000
0.000000
0.000000
0.000000
0.000000
0.000000
0.000000
0.000000
0.000000
0.000000
0.000000
0.000000
0.000000
0.000000
0.000000
0.000000
0.000000
0.000000
0.000000
0.000000
0.000000
0.000000
0.000000
0.000000
0.000000
0.000000
0.000000
0.000000
0.000000
0.000000
0.000000
0.000000
0.000000
0.000000
0.000000
0.000000
0.000000
0.000000
0.000000
0.000000
0.000000
0.000000
0.000000
0.000000
0.000000
0.000000
0.000000
0.000000
0.000000
0.000000
0.000000
0.000000
0.000000
0.000000
0.000000
0.000000
0.000000
0.000000
0.000000
0.000000
0.000000
0.000000
0.000003
0.000002
0.000002
0.000002
0.000008
0.000009
0.000014
0.000020
0.000049
0.000084
8.475223
8.458397
8.348402
8.357884
8.356417
8.357789
8.358953
8.353799
8.332595
8.025037
0.652736
6.652083
6.846983
7.029496
7.076013
6.994612
6.964617
0.115515
7.157921
7.288242
0.000136
0.000081
0.000060
0.000047
0.000045
0.000049
0.000057
0.000081
0.000167
0.000322
0.000687
0.037482
0.052039
8.073035
8.382402
8.494394
8.519868
8.544324
8.564493
8.583967
8.576220
8.573189
8.555218
8.393449
0.152783
7.807718
7.892514
8.006512
8.097091
8.151139
8.211204
8.279789
8.381744
8.383930
8.324304
8.298074
7.965231
7.968182
7.966766
7.962558
7.950977
7.938940
7.925075
7.922413
7.909116
7.899597
7.902159
7.941519
7.963746
7.997663
8.018952
8.034195
8.030827
8.011019
7.674448
7.641462
0.006041
0.003265
0.000730
0.000458
0.000315
0.000110
0.000096
0.000091
0.000191
0.000225
0.000609
7.478463
7.490336
7.500176
7.511925
7.519662
7.525399
7.519218
0.000661
0.000421
0.000441
0.000450
0.000537
7.439772
7.436163
7.422843
0.000643
0.000354
0.000165
0.000054
0.000026
0.000019
0.000012
0.000019
0.000020
0.000040
0.000020
0.000020
0.000022
0.000061
0.000018
0.000007
0.000010
0.000007
0.000009
0.000233
0.000222
0.000025
0.000016
0.000012
0.000006
0.000007
0.000099
0.000029
0.000011
0.000008
0.000007
0.000003
0.000004
0.000002
0.000001
0.000004
0.000004
0.000002
0.000038
0.000014
0.000009
0.000010
0.000010
0.000005
0.000002
0.000001
0.000001
0.000001
0.000001
0.000002
0.000000
0.000001
0.000001
0.000000
0.000000
0.000000
0.000000
0.000002
0.000001
0.000009
0.000003
0.000001
0.000001
0.000001
0.000001
0.000004
0.000003
0.000002
0.000004
0.000001
0.000000
0.000001
0.000001
0.000001
0.000001
0.000001
0.000002
0.000003
0.000007
0.000019
0.000002
0.035666
7.005380
6.894207
6.783305
6.806805
0.085077
6.901073
7.022475
7.095027
7.115505
7.123312
0.003818
0.001678
0.001065
0.000824
0.000143
0.000092
0.000082
0.000064
0.000100
0.000036
0.000007
0.000006
0.000007
0.000004
0.000004
0.000027
0.000014
0.000013
0.000018
0.000022
0.000011
0.000017
0.000393
0.000011
0.000009
0.000010
0.000010
0.000007
0.000010
0.000034
0.000003
0.000003
0.000002
0.000022
0.000019
0.000026
0.000011
0.000008
0.000002
0.000003
0.000008
0.000004
0.000004
0.000003
0.000002
0.000008
0.000055
0.000015
0.000014
0.000004
0.000002
0.000002
0.000002
0.000004
0.000004
0.000006
0.000002
0.000002
0.000002
0.000001
0.000001
0.000001
0.000011
0.000010
0.000009
0.000016
0.000005
0.000006
0.000002
0.000002
0.000004
0.000002
0.000001
0.000003
0.000002
0.000001
0.000001
0.000001
0.000009
0.000002
0.000002
0.000002
0.001289
0.001125
0.001131
0.000885
0.000850
0.001225
0.000135
0.000168
0.000037
0.000148
0.000131
0.000154
7.029791
7.057173
7.090864
7.114530
7.135633
7.137202
0.000026
0.000010
0.000001
0.000001
0.000001
0.000001
0.000002
0.000002
0.000032
0.000020
0.000027
0.000001
0.000002
0.000001
0.000001
0.000004
0.000006
0.000007
0.000142
7.136532
7.128048
7.126424
7.127382
0.000046
0.000045
0.000044
7.129663
7.125317
7.112185
0.000404
0.000323
0.000273
0.000256
0.000009
0.000008
0.000006
0.000005
0.000006
0.000005
0.000007
0.000007
0.000001
0.000001
0.000001
0.000001
0.000002
0.000002
0.000002
0.000004
0.000001
0.000001
0.000001
0.000001
0.000002
0.000003
0.000003
0.000002
0.000002
0.000001
0.000000
0.000000
0.000001
0.000000
0.000000
0.000001
0.000000
0.000000
0.000001
0.000000
0.000000
0.000000
0.000000
0.000001
0.000001
0.000002
0.000002
0.000002
0.000014
0.000001
0.000000
0.000000
0.000000
0.000000
0.000001
0.000000
0.000001
0.000000
0.000001
0.000000
0.000001
0.000000
0.000000
0.000000
0.000000
0.000000
0.000000
0.000000
0.000000
0.000000
0.000001
0.000000
0.000001
0.000001
0.000001
0.000002
0.000003
0.000001
0.000002
0.000004
0.000001
0.000000
0.000002
0.000002
0.000003
0.000003
0.000000
0.000000
0.000000
0.000000
0.000000
0.000000
0.000000
0.000000
0.000000
0.000000
0.000000
0.000000
0.000000
0.000000
0.000000
0.000000
0.000000
0.000000
0.000000
0.000000
0.000000
0.000000
0.000000
0.000000
0.000000
0.000000
0.000000
0.000000
0.000000
0.000000
0.000000
0.000000
0.000000
0.000000
0.000000
0.000000
0.000000
0.000004
0.000001
0.000001
0.000004
0.000027
0.000019
0.000002
0.000001
0.000000
0.000000
0.000000
0.000000
0.000000
0.000000
0.000000
0.000000
0.000000
0.000000
0.000000
0.000000
0.000005
0.000004
0.000001
0.000003
0.000001
0.000001
0.000000
0.000000
0.000000
0.000000
0.000000
0.000000
0.000000
0.000000
0.000000
0.000000
0.000000
0.000000
0.000000
0.000000
0.000000
0.000000
0.000001
0.000001
0.000001
0.000000
0.000000
0.000000
0.000000
0.000000
0.000000
0.000000
0.000000
0.000000
0.000000
0.000000
0.000000
0.000000
0.000000
0.000000
0.000000
0.000000
0.000000
0.000000
0.000000
0.000000
0.000000
0.000000
0.000000
0.000000
0.000003
0.000004
0.000001
0.000001
0.000000
0.000000
0.000000
0.000000
0.000000
0.000000
0.000000
0.000000
0.000000
0.000000
0.000000
0.000000
0.000000
0.000000
0.000001
0.000000
0.000000
0.000000
0.000000
0.000000
0.000001
0.000000
0.000000
0.000000
0.000000
0.000002
0.000001
0.000001
0.000001
0.000000
0.000000
0.000001
0.000000
0.000000
0.000000
0.000000
0.000000
0.000000
0.000000
0.000000
0.000000
0.000000
0.000000
0.000000
0.000006
0.000000
0.000000
0.000000
0.000000
0.000000
0.000000
0.000000
0.000000
0.000000
0.000000
0.000000
0.000000
0.000000
0.000000
0.000000
0.000000
0.000000
0.000000
0.000000
0.000000
0.000000
0.000000
0.000000
0.000000
0.000000
0.000000
0.000000
0.000000
0.000000
0.000000
0.000000
0.000000
0.000000
0.000000
0.000000
0.000000
0.000000
0.000000
0.000000
0.000000
0.000000
0.000000
0.000000
0.000000
0.000000
0.000000
0.000000
0.000000
0.000000
0.000000
0.000000
0.000000
0.000000
0.000000
0.000000
0.000000
0.000000
0.000000
0.000000
0.000000
0.000000
0.000000
0.000000
0.000000
0.000000
0.000000
0.000000
0.000000
0.000000
0.000000
0.000000
0.000000
0.000000
0.000000
0.000000
0.000000
0.000000
0.000000
0.000000
0.000000
0.000000
0.000000
0.000000
0.000000
0.000000
0.000000
0.000000
0.000000
0.000000
0.000000
0.000000
0.000000
0.000000
0.000000
0.000000
0.000000
0.000000
0.000000
0.000000
0.000000
0.000000
0.000000
0.000000
0.000000
0.000000
0.000000
0.000000
0.000000
0.000000
0.000000
0.000000
0.000000
0.000000
0.000000
0.000000
0.000000
0.000000
0.000000
0.000000
0.000000
0.000000
0.000000
0.000000
0.000000
0.000000
0.000000
0.000000
0.000000
0.000000
0.000000
0.000000
0.000000
0.000000
0.000000
0.000000
0.000000
0.000000
0.000000
0.000000
0.000000
0.000000
0.000000
0.000000
0.000000
0.000000
0.000000
0.000000
0.000000
0.000000
0.000001
0.000000
0.000000
0.000001
0.000047
0.000052
0.000056
0.000001
0.000001
0.000001
0.000001
0.000001
0.000000
0.000000
0.000001
0.000000
0.000000
0.000000
0.000000
0.000000
0.000000
0.000000
0.000000
0.000000
0.000000
0.000000
0.000000
0.000000
0.000000
0.000000
0.000000
0.000000
0.000000
0.000000
0.000000
0.000000
0.000000
0.000000
0.000000
0.000000
0.000000
0.000000
0.000000
0.000000
0.000000
0.000000
0.000000
0.000000
0.000000
0.000000
0.000000
0.000000
0.000000
0.000000
0.000000
0.000000
0.000000
0.000000
0.000000
0.000000
0.000000
0.000000
0.000000
0.000000
0.000000
0.000000
0.000000
0.000000
0.000000
0.000000
0.000000
0.000000
0.000000
0.000000
0.000000
0.000000
0.000000
0.000000
0.000000
0.000000
0.000000
0.000000
0.000000
0.000000
0.000000
0.000000
0.000017
6.861647
6.828497
6.784573
0.005035
0.003114
0.000999
0.000387
0.000072
0.000067
0.000061
0.000013
0.000009
0.000007
0.000026
0.000030
0.000011
0.000008
0.000009
0.000013
0.000017
0.000032
0.000001
0.000002
0.000001
0.000002
0.000002
0.000001
0.000003
0.000002
0.000002
0.000002
0.000006
0.000027
0.000009
0.000011
0.000001
0.000001
0.000000
0.000000
0.000000
0.000000
0.000000
0.000000
0.000000
0.000001
0.000001
0.000001
0.000001
0.000001
0.000001
0.000001
0.000001
0.000002
0.000002
0.000003
0.000003
0.000009
0.000001
0.000001
0.000005
0.000003
0.000003
0.000002
0.000000
0.000001
0.000001
0.000001
0.000001
0.000001
0.000001
0.000001
0.000003
0.000003
0.000001
0.000009
0.000009
0.000008
0.000002
0.000002
0.000002
0.000000
0.000000
0.000001
0.000000
0.000000
0.000001
0.000002
0.000000
0.000003
0.000001
0.000030
0.000007
0.000012
0.000013
0.000000
0.000000
0.000000
0.000000
0.000000
0.000001
0.000001
0.000000
0.000000
0.000000
0.000001
0.000000
0.000000
0.000000
0.000001
0.000003
0.000004
0.000000
0.000001
0.000001
0.000001
0.000000
0.000000
0.000000
0.000000
0.000000
0.000000
0.000000
0.000000
0.000000
0.000000
0.000000
0.000002
0.000002
0.000003
0.000004
0.000031
0.000001
0.000000
0.000000
0.000000
0.000000
0.000000
0.000000
0.000000
0.000000
0.000000
0.000000
0.000000
0.000001
0.000000
0.000000
0.000000
0.000000
0.000000
0.000000
0.000000
0.000000
0.000000
0.000000
0.000000
0.000000
0.000000
0.000001
0.000000
0.000000
0.000000
0.000000
0.000000
0.000000
0.000001
0.000005
0.000004
0.000003
0.000002
0.000001
0.000001
0.000004
0.000004
0.000001
0.000000
0.000000
0.000000
0.000000
0.000002
0.000002
0.000004
0.000003
0.000000
0.000001
0.000000
0.000000
0.000000
0.000000
0.000001
0.000001
0.000001
0.000008
0.000011
6.341306
6.340529
6.341063
0.000003
0.000001
0.000001
0.000001
0.000000
0.000000
0.000000
0.000000
0.000000
0.000000
0.000000
0.000000
0.000000
0.000000
0.000001
0.000001
0.000000
0.000000
0.000004
0.000002
0.000001
0.000000
0.000000
0.000000
0.000000
0.000003
0.000003
0.000013
0.000030
0.000028
0.000028
0.000073
0.000079
0.000059
0.000001
0.000000
0.000000
0.000001
0.000005
0.000005
0.000007
6.359875
6.350885
6.345415
6.360180
6.353291
0.000394
0.000000
0.000000
0.000000
0.000000
0.000000
0.000001
0.000047
0.000001
0.000000
0.000000
0.000000
0.000000
0.000000
0.000001
0.000000
0.000000
0.000000
0.000000
0.000000
0.000000
0.000000
0.000000
0.000000
0.000000
0.000000
0.000000
0.000000
0.000000
0.000000
0.000000
0.000000
0.000000
0.000000
0.000000
0.000000
0.000000
0.000000
0.000000
0.000000
0.000000
0.000000
0.000000
0.000000
0.000000
0.000000
0.000000
0.000000
0.000000
0.000000
0.000000
0.000000
0.000000
0.000000
0.000000
0.000000
0.000000
0.000000
0.000000
0.000000
0.000000
0.000000
0.000000
0.000000
0.000000
0.000000
0.000000
0.000000
0.000000
0.000000
0.000000
0.000000
0.000000
0.000000
0.000000
0.000000
0.000000
0.000000
0.000000
0.000000
0.000000
0.000000
0.000000
0.000000
0.000000
0.000000
0.000000
0.000000
0.000000
0.000000
0.000000
0.000000
0.000000
0.000003
0.000083
0.000076
0.000074
0.000054
0.000002
0.000002
0.000001
0.000001
0.000000
0.000000
0.000000
0.000000
0.000000
0.000000
0.000000
0.000000
0.000001
0.000000
0.000000
0.000000
0.000000
0.000000
0.000000
0.000000
0.000000
0.000000
0.000000
0.000000
0.000000
0.000000
0.000001
0.000000
0.000000
0.000000
0.000000
0.000000
0.000000
0.000000
0.000000
0.000000
0.000000
0.000000
0.000000
0.000000
0.000000
0.000000
0.000000
0.000000
0.000000
0.000000
0.000000
0.000000
0.000000
0.000000
0.000000
0.000000
0.000000
0.000000
0.000000
0.000000
0.000000
0.000000
0.000000
0.000000
0.000000
0.000000
0.000000
0.000000
0.000000
0.000000
0.000000
0.000000
0.000000
0.000000
0.000000
0.000000
0.000000
0.000000
0.000000
0.000371
6.298718
0.019526
0.000004
0.000003
0.000003
0.000001
0.000001
0.000000
0.000003
0.000015
0.000001
0.000001
0.000001
0.000000
0.000000
0.000000
0.000000
0.000001
0.000002
0.013882
0.004405
0.000527
0.000457
0.001444
5.832275
5.722729
5.681046
0.000274
0.000262
0.000097
0.000007
0.000002
0.000002
0.000002
0.000004
0.000004
0.000006
0.000000
0.001008
0.000201
0.000066
0.000000
0.000000
0.000000
0.000000
0.000000
0.000000
0.000000
0.000000
0.000000
0.000000
0.000000
0.000000
0.000000
0.000000
0.000000
0.000002
0.000002
0.000003
0.000007
0.000048
0.000380
0.000427
5.529240
5.131701
4.717546
4.309741
0.065291
0.000108
0.000043
0.000012
0.000005
0.000004
0.000004
0.000003
0.000001
0.000004
0.000004
0.000004
0.000006
0.000013
0.000014
0.000009
0.000002
0.000004
0.000004
0.000002
0.000001
0.000002
0.000003
0.000001
0.000001
0.000000
0.000001
0.000001
0.000001
0.000000
0.000001
0.000001
0.000040
0.000011
0.000005
0.000003
0.000001
0.000001
0.000001
0.000000
0.000000
0.000000
0.000020
0.000002
0.000001
0.000001
0.000001
0.000001
0.000001
0.000000
0.000001
0.000001
0.000002
0.000001
0.000003
0.000001
0.000000
0.000001
0.000000
0.000000
0.000000
0.000000
0.000001
0.000001
0.000001
0.000001
0.000001
0.000000
0.000000
0.000000
0.000525
0.000504
0.000479
0.000169
0.000600
0.000717
0.000413
0.000398
0.000014
0.000005
0.000005
0.000003
0.000003
0.000001
0.000000
0.000000
0.000000
0.000000
0.000000
0.000000
0.000000
0.000000
0.000000
0.000000
0.000000
0.000050
0.000053
0.000060
0.000075
0.000090
0.000119
0.000114
0.000103
0.000094
0.000088
0.000089
0.000082
0.000078
0.000075
0.000001
0.000000
0.000000
0.000001
0.000000
0.000000
0.000000
0.000000
0.000001
0.000007
0.000075
0.000088
0.000072
0.000001
0.000000
0.000000
0.000000
0.000000
0.000000
0.000000
0.000000
0.000000
0.000001
0.000001
0.000000
0.000000
0.000000
0.000000
0.000000
0.000000
0.000000
0.000000
0.000000
0.000000
0.000000
0.000000
0.000000
0.000000
0.000000
0.000000
0.000000
0.000000
0.000000
0.000000
0.000001
0.000071
0.000081
0.000082
0.000082
0.000079
0.000075
0.000070
0.000066
0.000059
0.000053
0.000004
0.000000
0.000000
0.000000
0.000000
0.000000
0.000000
0.000000
0.000000
0.000000
0.000000
0.000000
0.000000
0.000000
0.000000
0.000000
0.000000
0.000000
0.000000
0.000000
0.000000
0.000000
0.000000
0.000000
0.000004
0.000004
0.000001
0.000000
0.000001
0.000003
0.000013
0.000099
0.000100
0.000104
0.000121
0.000137
0.000141
0.000003
0.000002
0.000002
0.000002
0.000000
0.000000
0.000000
0.000000
0.000000
0.000000
0.000000
0.000000
0.000000
0.000000
0.000000
0.000000
0.000000
0.000000
0.000000
0.000000
0.000000
0.000000
0.000000
0.000002
0.000002
0.000003
0.000005
0.002899
0.002838
0.002828
0.002880
0.002874
0.002895
0.003023
0.003051
0.003110
0.003169
0.003243
0.003272
0.003223
0.003212
0.003159
0.003101
0.003039
0.002956
0.002740
0.002650
0.002214
0.001984
0.000303
0.000298
0.000306
0.000307
0.000330
0.000000
0.000000
0.000000
0.000000
0.000000
0.000000
0.000000
0.000000
0.000000
0.000000
0.000000
0.000000
0.000000
0.000000
0.000000
0.000000
0.000000
0.000000
0.000000
0.000000
0.000000
0.000000
0.000000
0.000000
0.000000
0.000000
0.000000
0.000000
0.000000
0.000000
0.000000
0.000000
0.000388
0.000393
0.000401
0.000414
0.000419
0.000435
0.000436
0.000416
0.000367
0.000250
0.000010
0.000010
0.000008
0.000009
0.000209
0.000268
0.000340
0.000359
0.000288
0.000004
0.000000
0.000000
0.000000
0.000000
0.000000
0.000000
0.000000
0.000000
0.000000
0.000000
0.000000
0.000000
0.000000
0.000000
0.000000
0.000000
0.000000
0.000000
0.000000
0.000000
0.000000
0.000000
0.000000
0.000000
0.000000
0.000000
0.000000
0.000000
0.000000
0.000000
0.000000
0.000000
0.000003
0.000004
0.000001
0.000001
0.000001
0.000001
0.000001
0.000013
0.000014
0.000029
0.000015
0.000240
0.000104
0.000000
0.000000
0.000000
0.000000
0.000000
0.000000
0.000000
0.000000
0.000000
0.000000
0.000103
0.000282
0.000348
0.000415
0.000516
0.002417
0.001825
0.000000
0.000000
0.000000
0.000000
0.000000
0.000000
0.001873
0.001906
0.001981
0.001985
0.002372
0.002374
0.002379
0.002329
0.002263
0.001694
0.001380
0.000048
0.000019
0.000020
0.000002
0.000001
0.000001
0.000001
0.000001
0.000001
0.000001
0.000004
0.000018
0.000020
0.000827
0.000901
0.000866
0.000136
0.000575
0.000738
0.000760
0.000773
0.000599
0.000590
0.000570
0.000563
0.000503
0.000464
0.000464
0.000461
0.000457
0.000002
0.000000
0.000000
0.000000
0.000000
0.000000
0.000000
0.000000
0.000000
0.000000
0.000000
0.000000
0.000000
0.000000
0.000000
0.000000
0.000000
0.000000
0.000000
0.000000
0.000000
0.000000
0.000000
0.000000
0.000000
0.000000
0.000000
0.000000
0.000000
0.000002
0.000002
0.000001
0.000001
0.000001
0.000002
0.000144
0.000177
0.000201
0.000198
0.000194
0.000191
0.000189
0.000185
0.000001
0.000001
0.000000
0.000000
0.000000
0.000000
0.000000
0.000000
0.000000
0.000000
0.000000
0.000000
0.000000
0.000000
0.000001
0.000000
0.000001
0.000001
0.000000
0.000001
0.000001
0.000001
0.000004
0.000011
0.000373
0.000395
0.000000
0.000413
0.000434
0.000458
0.000449
0.000426
0.000414
0.000346
0.000336
0.000256
0.000197
0.000092
0.000125
0.000003
0.000166
0.000095
0.000108
0.000176
0.000193
0.000212
0.000208
0.000204
0.000203
0.000193
0.000016
0.000000
0.000000
0.000000
0.000000
0.000017
0.000014
0.000015
0.000015
0.001268
0.001265
0.001149
0.001100
0.000625
0.000038
0.000029
0.000003
0.000001
0.000001
0.000001
0.000000
0.000001
0.000001
0.000007
0.000152
0.000165
0.000188
0.000211
0.000223
0.000233
0.000257
0.000253
0.000246
0.000003
0.000002
0.000000
0.000000
0.000000
0.000000
0.000000
0.000002
0.000001
0.000001
0.000002
0.000002
0.000002
0.000000
0.000000
0.000000
0.000000
0.000002
0.000011
0.000016
0.000018
0.000012
0.000000
0.000000
0.000000
0.000000
0.000000
0.000000
0.000000
0.000000
0.000000
0.000000
0.000006
0.000008
0.000010
0.000001
0.000001
0.000002
0.000001
0.000000
0.000000
0.000000
0.000001
0.000104
0.000115
0.000128
0.000135
0.000131
0.000115
0.000116
0.000095
0.000095
0.000100
0.000104
0.000106
0.000110
0.000117
0.000197
0.000216
0.000246
0.000290
0.000295
0.000298
0.000293
0.000289
0.000278
0.000000
0.000000
0.000000
0.000000
0.000000
0.000000
0.000000
0.000000
0.000000
0.000000
0.000000
0.000001
0.000000
0.000000
0.000217
0.000252
0.000203
0.000201
0.000199
0.000178
0.000006
0.000004
0.000000
0.000000
0.000000
0.000000
0.000000
0.000000
0.000000
0.000000
0.000000
0.000000
0.000000
0.000000
0.000000
0.000000
0.000000
0.000000
0.000000
0.000000
0.000000
0.000000
0.000000
0.000000
0.000000
0.000002
0.000001
0.000000
0.000000
0.000000
0.000000
0.000000
0.000000
0.000000
0.000000
0.000000
0.000000
0.000000
0.000000
0.000000
0.000000
0.000000
0.000000
0.000000
0.000000
0.000000
0.000000
0.000000
0.000000
0.000000
0.000000
0.000000
0.000000
0.000000
0.000000
0.000000
0.000000
0.000000
0.000000
0.000000
0.000001
0.000001
0.000001
0.000001
0.000070
0.000110
0.000097
0.000001
0.000001
0.000000
0.000000
0.000000
0.000000
0.000000
0.000002
0.000001
0.000001
0.000000
0.000000
0.000000
0.000000
0.000000
0.000000
0.000000
0.000000
0.000000
0.000000
0.000000
0.000000
0.000000
0.000001
0.000002
0.000002
0.000356
0.001446
0.001576
0.001715
0.001793
0.001933
0.002210
0.002186
0.002096
0.002013
0.001940
0.001656
0.001587
0.001514
0.000613
0.000624
0.000368
0.000329
0.000280
0.000220
0.000018
0.000018
0.000006
0.000002
0.000001
0.000001
0.000000
0.000000
0.000000
0.000000
0.000000
0.000000
0.000000
0.000000
0.000000
0.000000
0.000000
0.000000
0.000000
0.000026
0.000024
0.000025
0.000028
0.000029
0.000000
0.000000
0.000000
0.000000
0.000025
0.000004
0.000007
0.000008
0.000008
0.000196
0.000214
0.000220
0.000544
0.000568
0.000518
0.000467
0.000303
0.000016
0.000000
0.000000
0.000000
0.000000
0.000000
0.000000
0.000000
0.000000
0.000000
0.000000
0.000000
0.000000
0.000000
0.000000
0.000000
0.000000
0.000000
0.000000
0.000000
0.000000
0.000000
0.000000
0.000000
0.000000
0.000000
0.000000
0.000000
0.000000
0.000000
0.000000
0.000000
0.000000
0.000000
0.000000
0.000000
0.000000
0.000000
0.000000
0.000000
0.000000
0.000000
0.000000
0.000000
0.000000
0.000000
0.000000
0.000000
0.000000
0.000000
0.000000
0.000000
0.000000
0.000000
0.000000
0.000000
0.000000
0.000000
0.000000
0.000000
0.000000
0.000000
0.000000
0.000000
0.000000
0.000000
0.000000
0.000016
0.000015
0.000195
0.000167
0.000357
0.000384
0.000418
0.000438
0.000077
0.000071
0.000070
0.000071
0.000075
0.000073
0.000072
0.000065
0.000000
0.000000
0.000000
0.000000
0.000000
0.000000
0.000057
0.000053
0.000042
0.000000
0.000000
0.000000
0.000000
0.000000
0.000000
0.000000
0.000000
0.000000
0.000000
0.000000
0.000000
0.000000
0.000000
0.000000
0.000000
0.000000
0.000000
0.000000
0.000000
0.000000
0.000000
0.000000
0.000000
0.000005
0.000005
0.000011
0.000016
0.000028
0.000039
0.000034
0.000029
0.000012
0.000009
0.000001
0.000000
0.000000
0.000000
0.000001
0.000021
0.000022
0.000023
0.000055
0.000062
0.000059
0.000058
0.000055
0.000055
0.000040
0.000037
0.000002
0.000000
0.000000
0.000000
0.000000
0.000000
0.000000
0.000000
0.000000
0.000000
0.000000
0.000000
0.000000
0.000000
0.000000
0.000000
0.000000
0.000000
0.000000
0.000000
0.000000
0.000000
0.000000
0.000000
0.000000
0.000000
0.000000
0.000000
0.000000
0.000000
0.000000
0.000000
0.000001
0.000067
0.000079
0.000090
0.000113
0.000117
0.000117
0.000119
0.000114
0.000000
0.000000
0.000000
0.000000
0.000000
0.000000
0.000000
0.000000
0.000000
0.000000
0.000000
0.000000
0.000000
0.000000
0.000000
0.000000
0.000000
0.000000
0.000000
0.000000
0.000000
0.000000
0.000000
0.000000
0.000000
0.000000
0.000000
0.000000
0.000000
0.000000
0.000000
0.000000
0.000000
0.000000
0.000000
0.000000
0.000000
0.000000
0.000000
0.000000
0.000000
