0.000000
0.000000
0.000000
0.000000
0.000000
0.000000
0.000000
0.000000
0.000000
0.000000
0.000000
0.000000
0.000000
0.000000
0.000000
0.000000
0.000000
0.000000
0.000000
0.000000
0.000000
0.000000
0.000000
0.000000
0.000000
0.000000
0.000000
0.000000
0.000000
0.000000
0.000000
0.000000
0.000000
0.000000
0.000000
0.000000
0.000000
0.000000
0.000000
0.000000
0.000000
0.000000
0.000000
0.000000
0.000000
0.000000
0.000000
0.000000
0.000000
0.000000
0.000000
0.000000
0.000000
0.000000
0.000000
0.000000
0.000000
0.000000
0.000000
0.000000
0.000000
0.000000
0.000000
0.000000
0.000000
0.000000
0.000000
0.000000
0.000000
0.000000
0.000000
0.000000
0.000000
0.000000
0.000000
0.000000
0.000000
0.000000
0.000000
0.000000
0.000000
0.000000
0.000000
0.000000
0.000000
0.000000
0.000000
0.000000
0.000000
0.000000
0.000000
0.000000
0.000000
0.000000
0.000000
0.000000
0.000000
0.000000
0.000000
0.000000
0.000000
0.000000
0.000000
0.000000
0.000000
0.000000
0.000000
0.000433
0.000435
0.000401
0.000397
0.000366
0.000010
0.000009
0.000007
0.000003
0.000002
0.000000
0.000000
0.000000
0.000000
0.000000
0.000001
0.000001
0.000001
0.000001
0.000000
0.000000
0.000000
0.000000
0.000000
0.000000
0.000000
0.000000
0.000000
0.000000
0.000000
0.000000
0.000000
0.000000
0.000007
0.000011
0.000014
0.000015
0.000015
0.000015
0.000016
0.000017
0.000021
0.000025
0.000025
0.000026
0.000024
0.005718
0.005926
0.000085
0.000031
0.000028
0.000016
0.000014
0.000014
0.000010
0.000001
0.000001
0.000001
0.000026
0.000086
0.000110
0.001282
0.000000
0.000000
0.000000
0.000000
0.000000
0.000000
0.000000
0.000000
0.000000
0.000000
0.000000
0.000000
0.000000
0.000000
0.000000
0.000000
0.000000
0.000000
0.000000
0.000000
0.000000
0.000001
0.000017
0.000000
0.000000
0.000000
0.000030
0.003539
0.000000
0.000000
0.000361
0.000298
0.892985
0.313149
0.218361
0.197708
0.072171
0.054323
0.009741
0.009243
0.009021
0.000000
0.000000
0.000000
0.000000
0.000000
0.000000
0.000000
0.000000
0.000000
0.000000
0.000000
0.000000
0.000000
0.000000
0.000000
0.000000
0.000000
0.000000
0.000000
0.000000
0.000000
0.000000
0.000000
0.000000
0.000000
0.000002
0.000000
0.000000
0.000000
0.000000
0.000000
0.000000
0.000000
0.000000
0.000000
0.000000
0.000000
0.000000
0.000000
0.000000
0.000000
0.000000
0.000000
0.000000
0.000000
0.000000
0.000000
0.000000
0.000000
0.000000
0.000000
0.000000
0.000000
0.000000
0.000000
0.000000
0.000001
0.000001
0.000000
0.000000
0.000000
0.000001
0.000001
0.000001
0.000001
0.000000
0.000000
0.000000
0.000000
0.000000
0.000000
0.000000
0.000000
0.000000
0.000000
0.000000
0.000000
0.000000
0.000000
0.000000
0.000000
0.000002
0.000002
0.000002
0.000002
0.000001
0.000001
0.000000
0.000000
0.000000
0.000000
0.000000
0.000001
0.000001
0.000002
0.000002
0.000001
0.000001
0.000001
0.000001
0.000002
0.000004
0.000008
0.000015
0.000001
0.000003
0.000002
0.000002
0.000001
0.000001
0.000002
0.000002
0.000002
0.000004
0.000005
0.000242
0.000238
0.000210
0.000003
0.000003
0.000004
0.000005
0.000032
0.000045
0.000056
0.000007
0.000166
0.000145
0.039397
0.181194
0.217288
0.187816
0.210732
0.222617
0.232300
0.234677
0.241360
0.251828
0.047511
0.047822
0.049011
0.039517
0.039532
0.006760
0.000004
0.000006
0.000006
0.000004
0.000004
0.000003
0.000004
0.000007
0.000008
0.000004
0.000007
0.000009
0.000028
0.000111
0.000017
0.000017
0.000031
0.000026
0.000005
0.000003
0.000012
0.000005
0.000004
0.000004
0.000005
0.000004
0.000008
0.000010
0.000007
0.000007
0.000008
0.000008
0.000009
0.000011
0.000004
0.000013
0.000012
0.000125
0.000107
0.000019
0.000012
0.000004
0.000012
0.000012
0.000016
0.000004
0.000007
0.000014
0.000046
0.000069
0.000021
0.000015
0.000019
0.000017
0.000009
0.000017
0.000032
0.000012
0.000023
0.000094
0.000071
0.000030
0.000039
0.000142
0.000061
0.000032
0.000051
0.000052
0.000067
0.000103
0.000768
0.003358
0.033115
0.002806
0.001813
0.001388
0.000022
0.000031
0.000033
0.000024
0.000042
0.000135
0.000219
0.005957
0.023889
0.024970
0.051530
0.071765
0.062540
0.016392
0.011683
0.008131
0.003074
0.000239
0.000263
0.000299
0.007728
0.007490
0.007403
0.006567
0.010241
0.017712
0.018803
0.019214
0.006613
0.000147
0.000391
0.006531
0.007740
0.039381
0.102303
0.218644
0.237419
0.713115
0.789122
0.867454
0.960256
0.961372
0.756928
0.763997
0.701337
0.016295
0.014909
0.012996
0.012497
0.004183
0.000099
0.000072
0.000110
0.003051
0.001444
0.001131
0.001146
0.000078
0.000612
0.000562
0.000029
0.000035
0.000032
0.009754
0.026382
0.925557
0.962242
1.021443
1.048240
1.124064
1.243954
1.351427
1.555578
1.762548
2.009376
0.000946
0.000886
0.001291
0.001571
0.002161
0.002830
0.015381
0.018125
0.000806
0.000660
0.001790
0.000446
0.000625
0.006831
0.033494
2.932509
3.382719
3.950112
4.443996
4.703416
4.942642
5.046253
5.093800
5.091387
5.067797
4.994384
4.694682
4.370437
4.004455
3.609245
3.301955
3.040753
2.613451
2.387077
0.007049
0.240213
3.221479
3.345874
3.489846
3.704743
3.832573
3.932992
3.868497
3.825068
3.798015
3.703120
3.632999
3.564475
0.001705
0.011983
0.010442
0.007304
0.002633
0.006758
3.424450
3.400402
2.524836
2.022881
1.556478
1.104611
0.014355
0.011726
0.037503
0.034750
0.031327
0.020748
0.019846
0.018798
0.017444
0.016679
0.016989
0.017454
0.017749
0.016727
0.015769
0.000163
0.000129
0.000295
0.000231
0.000251
0.000124
0.000032
0.000032
0.000050
0.000029
0.000027
0.000031
0.000024
0.000039
0.000019
0.000016
0.000019
0.000070
0.000086
0.000051
0.000112
0.000189
0.000322
0.012630
0.012745
0.013001
0.093701
0.108103
0.111234
0.192620
0.243436
0.396962
0.481559
0.728193
1.421340
1.674144
1.911104
2.282920
2.572783
2.927086
3.396671
3.931320
4.554379
4.770954
4.967719
5.242699
5.384764
5.436745
5.438201
5.451756
5.459071
0.009268
5.579911
5.613304
5.623334
5.621724
5.527369
5.326340
5.159512
4.872294
4.665026
4.439110
4.346186
4.234429
4.000368
3.722417
3.640373
3.600124
3.295922
3.184262
3.065712
2.985378
2.958942
2.894490
2.819947
2.692679
2.640458
0.008615
0.006635
0.003981
0.003432
0.003558
0.007790
0.011614
2.626115
2.520662
2.425793
2.406275
2.423156
0.001723
0.000002
0.002246
0.001987
0.001247
0.001133
0.000435
2.835161
0.017181
2.870252
3.019783
3.131248
3.239100
3.346890
3.512517
0.000076
0.000055
0.000025
0.000017
0.000049
0.000034
0.000032
0.000363
0.000263
0.000054
0.000026
0.000024
0.000039
0.000026
0.000028
0.000026
0.000037
0.000020
0.000016
0.000021
0.000015
0.000022
0.000059
0.000152
0.000237
0.000680
0.012934
0.015746
3.875165
4.108455
4.355396
4.482797
4.688381
4.899437
5.189418
5.470914
5.773127
6.293808
6.502956
6.634697
6.688025
6.719862
6.720220
6.741727
6.766134
6.768614
6.745668
6.736335
6.717932
6.767285
6.694775
6.752093
6.807031
6.824080
6.828501
6.841343
6.856993
6.857944
6.829112
6.813363
7.000983
6.972416
6.906146
6.877280
6.849345
6.692588
6.373796
6.135078
5.786413
5.386740
5.204467
5.035710
4.720333
4.506388
0.010433
4.234534
3.959099
3.829205
3.729341
3.653694
3.543377
3.432397
3.272459
0.010997
3.141320
2.840694
2.508636
2.191356
0.300625
0.005128
0.002467
0.001784
0.000047
0.000021
0.000035
0.000039
0.000039
0.000138
0.000023
0.000027
0.000024
0.000030
0.000226
0.000163
0.000123
0.000165
0.000239
0.000061
0.000043
0.000128
0.000046
0.000050
0.001291
0.033589
0.257872
1.250370
2.144120
2.525089
0.050727
0.000540
0.000363
0.000184
0.000538
0.001419
0.000919
0.001156
0.000244
0.000745
2.512390
2.626131
2.699226
2.926747
2.917199
0.002855
0.000213
0.000444
0.000752
0.000319
0.000250
0.000269
0.000280
0.000102
0.000089
0.002994
0.003393
0.003331
0.003483
0.003618
0.003396
0.003436
0.003485
0.003231
0.000031
0.000010
0.000014
0.000046
0.000028
0.000034
0.000070
0.000067
0.000392
0.000276
0.002844
0.002466
0.002294
0.001740
0.000313
0.000883
0.002231
0.002320
0.044978
3.407780
3.612504
3.828580
3.953197
3.916772
0.001134
0.009228
0.009257
0.009382
0.010421
0.011015
0.008644
0.009382
0.102275
0.136364
0.209241
0.000024
0.008683
0.010625
0.258183
5.175967
5.519173
5.807448
5.792614
5.755513
5.672298
5.551583
5.377895
5.168598
4.595115
3.781477
3.074946
2.600731
2.088770
1.467687
1.184249
0.167236
0.144653
0.174384
0.006300
0.003607
0.002313
0.001163
0.001045
0.000923
0.001136
0.000917
0.000214
0.000254
0.000364
0.000464
0.002194
0.010540
0.011315
0.011866
0.011566
0.002670
0.007789
0.015729
0.088757
0.090916
0.160701
0.183276
0.179208
0.231883
0.263892
0.354211
0.369184
0.421351
0.027260
0.000691
0.000540
0.000507
0.375381
0.643710
0.680257
0.708398
0.747937
0.038013
0.039663
1.109647
1.254521
0.013089
1.729843
1.888810
1.988384
2.101347
0.009741
2.615157
3.076997
3.513684
3.953014
4.419072
4.928741
5.252200
5.610139
5.783765
5.966606
6.133776
6.414155
6.556404
6.601805
6.649426
6.645677
6.615195
6.600982
6.599543
6.583941
6.532223
6.431590
6.217886
5.986608
5.671409
5.152174
4.361185
3.930022
3.302100
2.987947
0.108380
0.095259
0.069492
0.062574
0.059937
0.027139
0.023803
0.002189
0.002109
0.001777
0.001658
0.001903
0.006575
0.007101
0.006110
0.008164
0.010027
0.012568
3.354196
3.558276
3.750506
0.067733
0.031919
0.043075
0.013993
0.015581
0.034570
4.353002
4.399215
4.319258
4.224007
3.821169
3.369287
0.533684
2.092833
2.697878
2.884611
0.078511
0.010037
3.037984
3.047740
3.004174
2.848451
2.504218
2.173716
1.904638
0.381818
0.345262
0.219200
0.171865
0.118969
0.083702
0.044974
0.035434
0.015235
0.002531
0.001566
0.001505
0.001485
0.022580
0.024258
0.025771
1.042674
0.996118
0.906617
0.886674
0.569458
2.321777
2.360567
2.325363
2.276568
2.241056
2.220834
2.188977
2.066102
0.048670
0.042655
0.008225
0.007917
0.007563
0.007487
0.008209
0.007471
0.000144
0.000689
0.000680
0.011760
0.008766
0.021951
1.612102
1.552528
1.416867
1.319141
1.194369
1.076661
0.982865
0.902178
0.827092
0.725102
0.019354
0.016146
0.014785
0.000465
0.058461
0.000046
0.000029
0.000019
0.000028
0.000017
0.000022
0.000029
0.000033
0.000027
0.000115
0.000021
0.000015
0.000041
0.000042
0.000152
0.000031
0.000031
0.000060
0.000014
0.000017
0.000022
0.000013
0.000030
0.000018
0.000020
0.000011
0.000053
0.000034
0.000023
0.000026
0.000868
0.006365
0.006797
0.036673
0.161655
0.162219
0.205534
0.001361
0.007164
0.007559
0.023696
0.109361
0.185259
0.177538
0.004166
0.000638
0.000093
0.000035
0.000039
0.002318
0.277629
0.288199
0.288993
0.276504
0.278702
0.445116
0.450946
0.459157
0.228959
0.324530
0.332261
0.327131
0.325663
0.319038
0.318796
0.008694
0.007992
0.007152
0.005414
0.004918
0.003552
0.000220
0.000234
0.000221
0.000399
0.000346
0.006565
0.006533
0.006477
0.006735
0.006583
0.006619
0.000342
0.003417
0.007092
0.224315
0.371757
0.385583
0.396565
0.384507
0.373558
0.358602
0.299966
0.016473
0.000081
0.000086
0.000181
0.054592
0.068043
0.106509
0.118573
0.381065
0.412821
0.409862
0.407496
0.501915
0.515057
0.529548
0.451393
0.417068
0.473809
0.496826
0.001566
0.001116
0.000628
0.000687
0.002426
0.004233
0.009427
1.615095
1.819480
2.078645
2.366845
2.724799
3.168252
3.355428
3.494756
3.642767
3.654567
3.625248
0.000095
0.000064
0.000072
0.000032
0.000080
0.000107
0.000113
0.000165
0.006256
0.006683
3.660246
3.656590
3.587235
3.380546
3.129500
2.975580
2.775332
2.541855
0.073914
0.012510
0.030120
1.179193
1.391284
1.363002
0.901843
1.408934
1.498597
1.529279
1.519011
1.466631
1.564357
1.565760
0.008658
0.008422
0.014694
0.008838
0.000077
0.000055
0.000045
0.000598
0.000519
0.000519
0.000976
0.003747
0.006547
1.710270
1.804674
1.989456
2.077047
2.218357
2.301059
2.437093
0.000130
0.000097
0.000103
0.000249
0.000201
0.001825
0.001747
0.000085
0.000075
0.000054
0.000034
0.000098
0.000110
0.000064
0.000644
0.000670
0.000069
0.000030
0.000046
0.000038
0.000070
0.000162
0.000227
0.001159
0.013855
0.033911
0.053286
0.063558
3.613276
3.887680
4.159086
4.463927
4.747027
5.092817
5.590312
5.516665
5.460352
5.414220
5.359512
5.267451
5.202037
5.139076
4.976315
4.667886
4.345811
4.163940
3.872456
0.053346
0.006890
0.001029
0.000153
0.000108
0.000086
0.000172
0.000116
0.000050
0.000042
0.000029
0.000052
0.000052
0.000020
0.000010
0.000007
0.000009
0.000050
0.000028
0.000039
0.000084
0.000448
0.000443
0.000143
0.000125
0.000151
0.000085
2.486948
2.227061
2.013785
1.824535
1.662490
1.429919
0.362101
0.037929
0.005401
0.001909
0.000084
0.000031
0.000052
0.000061
0.000453
0.000321
0.000179
0.000359
0.000255
0.000183
0.000169
0.000333
0.000668
0.000495
0.000288
0.000247
0.000339
0.000085
0.000181
0.000149
0.000059
0.000050
0.000047
0.000042
0.000108
0.000122
0.000131
0.000133
0.000080
0.000066
0.000240
0.000285
0.000271
0.000177
0.000440
0.000878
0.000079
0.000078
0.000076
0.000380
0.000387
0.002229
0.001967
0.015097
0.017119
0.052495
0.054041
0.462424
0.501724
1.764394
1.948155
2.223515
2.543022
2.906239
3.370616
3.801328
4.088448
4.528479
4.860417
5.418652
5.740471
5.917198
6.105661
6.408430
6.898659
7.452528
7.605018
7.659828
7.651217
7.884139
7.937464
7.862385
7.751092
7.767214
7.780828
7.790937
7.794314
7.803523
7.802504
7.803677
7.824363
7.839619
7.834862
7.833367
7.835101
7.838608
7.834017
7.828048
7.823338
7.821016
7.808126
7.794437
7.787046
7.774131
7.780174
7.778357
7.991624
8.043093
8.102930
8.109779
8.123783
8.134196
8.132210
8.129315
8.133166
8.156970
8.151844
8.151692
8.163136
8.183080
8.190675
8.197415
8.191477
8.178271
8.167642
8.145053
8.142576
8.143615
8.128504
8.120588
8.118714
8.115089
8.073569
8.032879
8.001777
7.914627
7.821619
7.723202
7.229023
7.019961
6.918808
6.808814
6.745349
6.968929
6.989329
7.000256
7.006756
7.000258
6.985639
6.980352
7.008157
7.000008
6.975843
6.903858
6.829840
6.769028
6.710651
6.529527
6.395279
6.255545
0.051297
0.020822
0.017052
0.015331
0.045188
5.717545
5.669826
4.919793
4.329148
3.840261
2.414611
1.936654
1.690829
1.479464
0.992504
0.847329
0.489604
0.366284
0.000933
0.000337
0.000199
0.000186
0.000084
0.000081
0.000067
0.000138
0.000101
0.000163
0.028588
0.041561
0.040153
0.088603
0.089321
0.091685
0.090431
0.009935
0.000099
0.000057
0.000043
0.000023
0.000012
0.000047
0.000037
0.000052
0.000025
0.000046
0.000039
0.000051
0.000074
0.003774
0.003212
0.002746
0.000067
0.000070
0.000053
0.000040
0.000074
0.000080
0.000087
0.000029
0.000076
0.000051
0.000041
0.000057
0.000044
0.000026
0.000027
0.000038
0.000022
0.000016
0.000047
0.000081
0.000104
0.020896
0.087878
0.171180
0.825402
0.962764
1.414086
1.600212
1.852528
2.138546
0.000295
0.000099
0.000043
0.000021
0.000010
0.000011
0.000010
0.000011
0.000012
0.000017
0.000035
0.000051
0.000105
0.000030
0.000023
0.000020
0.000062
0.000090
0.000094
0.000174
0.000241
2.509415
4.943516
5.696889
6.568380
0.060876
0.057796
6.645514
6.796795
6.856605
6.930139
7.007793
7.094405
0.000100
0.000104
0.000091
0.000078
0.000070
0.000188
0.000023
0.000014
0.000020
0.000019
0.000014
0.000010
0.000036
0.000042
0.000021
0.000017
0.000018
0.000027
0.000029
0.000010
0.000007
0.000007
0.000015
0.000008
0.000005
0.000003
0.000004
0.000004
0.000023
0.000019
0.000006
0.000005
0.000005
0.000055
0.000017
0.000017
0.000014
0.000058
0.000056
0.000161
0.000268
0.001629
0.001297
7.245357
7.409347
7.582560
7.673875
7.689937
7.713497
7.723869
7.692129
7.659619
7.632234
7.592687
7.651217
7.684316
7.697451
7.713586
7.700780
7.695033
7.497988
7.342439
7.125115
6.981971
6.875809
0.001123
6.613103
6.139204
5.825425
5.736079
5.480344
3.978856
4.094948
4.134811
5.735409
6.108367
0.043256
0.043800
6.561899
6.933826
0.191045
6.894549
6.312231
5.828257
5.421382
0.133149
0.029962
0.003444
0.002763
0.001200
4.393777
4.122580
3.749043
0.091567
3.133796
3.133120
2.930072
2.576632
2.231135
1.896752
1.612584
1.298313
1.134274
0.004585
0.004352
0.004194
0.003884
0.002934
0.810654
0.727585
0.624235
0.568787
0.516477
0.293640
0.164383
0.001911
0.001298
0.000032
0.000065
0.000027
0.000032
0.000020
0.000032
0.000029
0.000042
0.000023
0.000033
0.000217
0.000330
0.000017
0.000018
0.000025
0.000037
0.000028
0.000114
0.000096
0.000896
0.000031
0.000034
0.000025
0.000039
0.000561
0.051556
0.062330
0.063722
0.059755
0.055872
0.044447
0.039646
0.057570
0.062192
0.066735
0.068970
0.084306
0.101200
0.299901
0.321887
0.313206
0.218955
0.197733
0.177720
0.002945
0.013343
0.009737
0.009653
0.009399
0.009788
0.055099
0.048827
0.062031
0.062159
0.062988
0.069841
0.068866
0.068762
0.068195
0.052419
0.048175
0.036862
0.035963
0.025920
0.000015
0.000014
0.000018
0.000015
0.000011
0.000029
0.000041
0.000024
0.000058
0.000066
0.000046
0.000024
0.000018
0.000016
0.000023
0.000021
0.000015
0.000040
0.000042
0.000043
0.000028
0.000024
0.000034
0.000022
0.000015
0.000028
0.000026
0.000027
0.000051
0.000012
0.000022
0.000020
0.000020
0.025466
0.033720
0.055814
0.076008
0.079317
0.135277
0.140050
0.197824
0.220766
0.224871
0.227688
0.230331
0.233760
0.222920
0.220773
0.024170
0.000978
0.000022
0.000012
0.000005
0.000004
0.000008
0.000009
0.000008
0.000056
0.000070
0.000069
0.024976
0.035353
0.269330
0.281346
0.293551
0.308364
0.319236
0.319591
0.320395
0.320352
0.318875
0.314290
0.068909
0.044462
0.000544
0.044175
0.084205
0.199759
0.215332
0.237792
0.246942
0.252762
0.084268
0.089940
0.085217
0.083288
0.083167
0.082568
0.085967
0.081748
0.077488
0.068630
0.035563
0.034122
0.033161
0.032933
0.031945
0.031547
0.030184
0.011146
0.023675
0.023473
0.024060
0.024202
0.023842
0.023843
0.024071
0.001936
0.002157
0.002068
0.004944
0.001875
0.001292
0.001281
0.001271
0.001264
0.001260
0.001074
0.000913
0.000889
0.000875
0.019057
0.030674
0.030808
0.035493
0.035846
0.042489
0.043041
0.109517
0.114799
0.201978
0.455330
0.465114
0.459495
0.439943
0.402310
0.183734
0.171528
0.164905
0.147923
0.105852
0.078399
0.075517
0.067551
0.050873
0.050559
0.000309
0.000211
0.000196
0.000168
0.000071
0.000045
0.000327
0.000072
0.000069
0.000034
0.000018
0.000019
0.000014
0.000037
0.000034
0.000035
0.000035
0.000031
0.000058
0.000115
0.001651
0.003340
0.000331
0.000045
0.000037
0.000041
0.000060
0.000108
0.003871
0.004072
0.002406
0.000008
0.000013
0.000014
0.000022
0.001365
0.001846
0.002162
0.002080
0.002253
0.002420
0.004827
0.005032
0.005067
0.005059
0.056845
0.056162
0.055860
0.056363
0.052942
0.052965
0.059294
0.063628
0.075826
0.069843
0.042514
0.032889
0.032455
0.032122
0.030422
0.062263
0.075185
0.084461
0.096820
0.105028
0.112472
0.126479
0.134528
0.136171
0.142667
0.143658
0.159993
0.155066
0.149184
0.128761
0.239950
0.251558
0.263131
0.277986
0.291646
0.304284
0.309529
0.310002
0.313285
0.317517
0.318367
0.296887
0.288551
0.274997
0.211814
0.170316
0.138481
0.116247
0.096631
0.075978
0.030100
0.001596
0.000058
0.000062
0.000084
0.000094
0.000019
0.000021
0.000039
0.000038
0.000055
0.000035
0.000025
0.000021
0.000017
0.000013
0.000018
0.000028
0.000046
0.016065
0.001684
0.000098
0.000202
0.009950
0.033164
0.039517
0.042690
0.044853
0.045476
0.045465
0.001168
0.000050
0.000243
0.000184
0.000116
0.000125
0.000089
0.000034
0.000038
0.000027
0.000363
0.000104
0.000063
0.000064
0.000063
0.000063
0.000094
0.012452
0.013258
0.089201
0.096751
0.103980
0.125256
0.157379
0.288129
0.319075
0.371410
0.518621
0.586927
0.609265
0.623663
0.638532
0.017000
0.000017
0.000024
0.000066
0.008003
0.017920
0.757893
0.814082
0.879130
0.903864
0.087334
0.000215
0.000011
0.000031
0.000030
0.000048
0.000020
0.000018
0.000043
0.000017
0.000008
0.000027
0.000008
0.000008
0.000073
0.000079
0.000003
0.000005
0.000009
0.000018
0.000013
0.000012
0.000004
0.000008
0.000010
0.000012
0.000017
0.000013
0.000015
0.099904
1.393453
1.489218
1.632216
1.843227
1.874259
1.901256
1.930302
1.972338
2.015965
2.063514
2.048263
0.000153
0.000143
0.000301
0.021973
1.999372
2.071044
2.117652
2.231911
2.276288
2.351251
0.036058
0.000222
0.165842
3.734846
4.278065
4.708508
4.819461
4.946708
0.000080
0.000058
0.000027
0.000048
0.000030
0.000033
0.000068
0.000121
0.000039
0.000034
0.000007
0.000012
0.000029
0.000042
0.000005
0.000002
0.000002
0.000001
0.000003
0.000002
5.222754
5.364239
5.638165
5.725546
5.636334
5.656309
5.781037
6.013810
6.238467
6.341564
6.362805
6.387113
6.404967
6.442583
6.235681
0.000497
0.000331
0.002436
0.002715
0.003002
0.003296
0.004247
0.005404
0.005629
0.005743
0.005799
0.005891
0.006172
0.006302
0.000042
0.055606
0.046926
1.043259
4.785356
5.553133
5.959614
6.309372
6.450953
6.455835
6.432017
6.398993
6.229971
0.236272
6.460030
6.544206
6.574016
0.003394
0.000118
0.000086
0.000057
0.000032
0.000017
0.000006
0.000005
0.000003
0.000003
0.000006
0.000009
0.000001
0.000001
0.000002
0.000002
0.000004
0.000005
0.000009
0.000003
0.000009
0.000011
0.000008
0.000029
0.000037
0.000197
0.000031
0.000031
6.632198
6.639443
6.612308
6.416700
6.120440
5.459476
4.584683
3.745006
3.174301
2.429761
2.015074
1.439498
1.117309
0.640483
0.458990
0.381623
0.142563
0.134408
0.129221
0.138793
0.129434
0.110591
0.112654
0.112656
0.120669
0.130264
0.306601
0.339864
0.367589
0.392074
0.440033
0.459558
0.485113
0.069798
0.040039
0.026772
0.000076
0.000085
0.000256
0.000007
0.000013
0.000106
0.000113
0.000236
0.000064
0.000071
0.013442
0.000507
0.000104
0.000117
0.000306
0.000332
0.000421
0.004830
0.005784
0.034030
0.152827
0.224727
0.261144
0.294802
1.544854
1.671908
1.816140
1.552198
1.257297
1.155515
1.073782
1.000756
0.818176
0.618283
0.542578
0.473284
0.338943
0.034510
0.014291
0.014859
0.004525
0.003812
0.000154
0.000040
0.000093
0.000106
0.009926
0.023873
0.127384
0.126693
0.167873
0.173179
0.185371
0.186009
0.021770
0.022399
0.039578
0.044363
0.249207
0.264298
0.266548
0.267422
0.268834
0.262875
0.256133
0.250055
0.244111
0.240113
0.236437
0.229593
0.224155
0.221033
0.196350
0.194170
0.189958
0.185161
0.176187
0.169390
0.158826
0.010813
0.010512
0.153548
0.157783
0.154090
0.139638
0.104202
0.075454
0.072803
0.089807
0.086854
0.086096
0.049104
0.048050
0.002519
0.042796
0.045586
0.048866
0.054301
0.135689
0.221046
0.782820
0.924457
1.004995
1.116796
1.218728
1.371260
1.547323
1.723469
1.915912
2.486777
3.185021
3.753929
4.483484
0.000317
0.000289
0.000066
0.000007
0.000013
0.000006
0.000014
5.184961
5.714670
5.908498
6.067936
6.105472
6.125942
6.117259
6.120480
6.121169
6.120080
6.121431
6.118027
6.115750
0.000003
0.000004
0.000030
0.000035
0.000001
0.000003
0.000002
0.000003
0.000002
0.000002
0.000002
0.000676
0.000199
0.000002
0.000005
0.000005
0.000003
0.000004
0.000007
0.000013
0.000208
6.125242
6.104210
6.091052
5.847448
5.819487
5.771604
5.723842
5.665473
5.632526
5.621947
5.601185
5.559451
5.525249
5.461480
5.006228
4.776444
0.080914
0.037471
4.632443
4.712462
4.913440
4.867598
5.066579
5.195607
5.135144
5.007200
4.830826
0.200182
5.065675
5.206792
5.303361
5.373987
5.440461
5.617117
5.744569
5.768834
5.774012
5.769334
5.717278
5.573182
5.444621
5.338824
4.731905
4.116158
0.394228
0.067785
0.424448
3.238762
3.146891
0.032355
0.000524
0.006221
0.005876
0.011734
0.010371
0.011215
0.000103
0.000088
0.000091
0.000116
0.000586
0.000679
0.006259
0.129231
3.308806
3.582048
3.625112
3.701855
0.240370
5.126562
5.627470
5.820273
5.851280
5.860241
5.874952
5.858489
5.831744
5.817651
5.742863
5.703108
5.640909
0.302352
5.183511
4.912895
4.653362
4.614717
0.079873
0.000760
0.000069
0.000076
0.000065
0.000177
0.000066
0.000004
0.000003
0.000006
0.000006
0.000003
0.000001
0.000002
0.000002
0.000002
0.000003
0.000009
0.000029
0.000239
0.000003
0.000001
0.000002
0.000002
0.000001
0.000000
0.000000
0.000004
0.000004
0.000003
0.000006
0.000002
0.000005
0.000004
0.000024
0.000204
0.000195
4.745169
4.754704
4.740729
4.739315
4.700000
4.652392
4.565336
4.493486
0.003797
0.003101
0.002422
0.002337
0.000385
0.000195
0.000081
0.000017
0.000010
0.000012
0.000017
0.000027
0.000009
0.000011
0.000021
0.000056
0.000008
0.000003
0.000003
0.000002
0.000003
0.000003
0.000002
0.000003
0.000003
0.000008
0.000008
0.000021
0.000024
0.000012
0.000035
0.000235
0.000278
0.000872
4.073876
3.783877
3.388723
3.081509
0.231151
0.036221
0.019981
0.012704
0.010636
2.680626
2.865688
2.960368
3.067999
3.118579
3.099562
2.978098
2.845413
2.575957
1.489674
0.059922
3.099996
3.439072
3.775513
4.194708
4.319280
4.490220
0.000054
0.000024
0.000031
0.000007
0.000006
0.000007
4.527015
4.541811
4.534863
4.475899
4.646113
4.684218
4.751241
4.788211
4.818750
4.847305
4.850455
4.822480
4.697247
4.651806
0.000071
0.000025
0.000023
0.000015
0.000015
0.000037
0.000433
0.000035
0.000079
0.000131
0.000041
0.000017
0.000032
0.000014
0.000017
0.000015
0.000013
0.000917
0.000757
0.000592
4.433885
4.227202
4.167921
3.967702
3.785661
3.605374
3.466787
3.231162
2.806278
2.867721
2.816593
2.759320
0.064530
0.001046
0.000497
0.000283
0.000095
0.000086
0.000246
0.000267
0.000393
0.000327
0.000499
2.272905
2.339566
2.414003
2.523372
2.785366
2.872284
2.953584
3.073148
3.130433
3.136359
0.000320
0.000355
0.000377
0.006811
3.311047
3.252815
3.117314
2.976950
2.716570
2.467313
1.938811
1.319158
0.862301
0.004767
0.005296
0.004649
0.004532
0.061834
0.048258
0.415018
0.402405
0.388598
0.321722
0.206222
0.166012
0.105349
0.085523
0.060855
0.049901
0.000002
0.000001
0.000001
0.000001
0.000001
0.000001
0.000002
0.000001
0.000001
0.000001
0.000001
0.000001
0.000002
0.000084
0.000013
0.000009
0.000026
0.000018
0.000013
0.000009
0.000009
0.000013
0.000027
0.000014
0.000010
0.000003
0.000007
0.000006
0.000001
0.000002
0.000008
0.000387
0.000568
0.000591
0.000122
0.000006
0.000011
0.000031
0.000015
0.000007
0.054570
0.040376
0.000004
0.000003
0.000011
0.000008
0.000005
0.000002
0.000002
0.000001
0.000001
0.000001
0.000001
0.000000
0.000001
0.000001
0.000001
0.000002
0.000001
0.000001
0.000013
0.040545
0.041229
0.000000
0.000000
0.000000
0.000000
0.000000
0.000001
0.000001
0.000001
0.000003
0.000004
0.000184
0.000191
0.000201
0.000228
0.000255
0.000263
0.000264
0.000268
0.000000
0.000000
0.000000
0.000000
0.000000
0.000000
0.000000
0.000000
0.000000
0.000000
0.000000
0.000000
0.000000
0.000000
0.001327
