0.000000
0.000001
0.000001
0.000001
0.002227
0.002309
0.002407
0.002419
0.002384
0.002384
0.002428
0.002402
0.002202
0.000055
0.000009
0.000008
0.000008
0.005641
0.006364
0.006609
1.506383
1.327556
0.902182
0.809996
0.016381
0.001924
0.000855
0.000760
0.000716
0.000166
0.000041
0.000022
0.000000
0.000000
0.000000
0.000000
0.000000
0.000000
0.000000
0.000000
0.000000
0.000000
0.000000
0.000000
0.000000
0.000000
0.000000
0.000000
0.000000
0.000000
0.000000
0.000000
0.000000
0.000000
0.000001
0.000000
0.000000
0.000000
0.000000
0.000000
0.000000
0.000000
0.000000
0.000000
0.000000
0.000000
0.000000
0.000000
0.000000
0.000000
0.000000
0.000000
0.000000
0.000000
0.000000
0.000000
0.000000
0.000000
0.000000
0.000000
0.000000
0.000000
0.000000
0.000000
0.000000
0.000000
0.000000
0.000000
0.000044
0.000087
0.000092
0.091734
0.088065
0.083289
0.123590
0.172602
0.151551
0.015604
0.006814
0.000719
0.000133
0.000027
0.000005
0.000004
0.000003
0.000003
0.000002
0.000004
0.000008
0.000008
0.000004
0.000068
0.000117
0.000351
0.000424
0.000040
0.000005
0.000004
0.000003
0.000049
0.000032
0.000030
0.000080
0.000286
0.003231
0.002546
0.002481
0.018443
0.024329
0.025681
0.059769
0.198630
0.222705
0.263437
0.274028
0.322207
0.325362
0.318377
0.310518
0.173791
0.149248
0.127597
0.042902
0.024307
0.000012
0.000170
0.000013
0.000005
0.000003
0.000010
0.000014
0.000014
0.000186
0.000286
0.000008
0.000019
0.000039
0.000188
0.134053
0.134313
0.097489
0.097381
0.078464
0.054993
0.000115
0.000000
0.000000
0.000000
0.000000
0.000000
0.000000
0.000000
0.000000
0.000000
0.000000
0.000000
0.000000
0.000000
0.000000
0.000000
0.000000
0.000000
0.000000
0.000000
0.000000
0.000000
0.000000
0.000005
0.000000
0.000000
0.000000
0.000000
0.000000
0.000000
0.000000
0.000000
0.000000
0.000000
0.000000
0.000000
0.000000
0.000000
0.000000
0.000000
0.000000
0.000000
0.000141
0.000255
0.001277
0.001557
0.007580
0.027292
0.030791
0.220193
0.228360
0.235649
0.250021
0.271348
0.267645
0.175907
0.167747
0.160097
0.132868
0.069630
0.000155
0.000072
0.000054
0.000043
0.000000
0.000000
0.000000
0.000000
0.000000
0.000000
0.000000
0.000000
0.000000
0.000000
0.000000
0.000000
0.000000
0.000043
0.000029
0.000044
0.002750
0.003028
0.038110
0.004664
0.000071
0.000000
0.000000
0.000000
0.000000
0.000000
0.000000
0.000000
0.000000
0.000000
0.000000
0.000000
0.000000
0.000000
0.000000
0.000000
0.000000
0.000000
0.000000
0.000000
0.000000
0.000000
0.000000
0.000000
0.000000
0.000000
0.000000
0.000000
0.000000
0.000000
0.000000
0.000000
0.000000
0.000000
0.000000
0.000000
0.000020
0.000001
0.000000
0.000000
0.000000
0.000000
0.000000
0.000000
0.000000
0.000000
0.000000
0.000000
0.000000
0.000000
0.000002
0.000000
0.000000
0.000000
0.000000
0.000000
0.000000
0.000000
0.000000
0.000001
0.000000
0.000000
0.000000
0.000000
0.000000
0.000000
0.000000
0.000000
0.000000
0.000002
0.000001
0.000001
0.000001
0.000001
0.000000
0.000001
0.000001
0.000001
0.000001
0.000001
0.000001
0.000001
0.000001
0.000001
0.000001
0.000001
0.000003
0.000002
0.000001
0.000003
0.000004
0.000084
0.024824
0.027480
0.029712
0.047709
0.051682
0.035193
0.012323
0.012336
0.000004
0.000002
0.000002
0.000002
0.000001
0.000002
0.000002
0.000002
0.000003
0.000003
0.000003
0.000001
0.000001
0.000001
0.000000
0.000001
0.000009
0.000002
0.000001
0.000002
0.000001
0.000001
0.000026
0.000030
0.000047
0.000005
0.000004
0.000005
0.000007
0.000010
0.000016
0.000011
0.000006
0.000009
0.000006
0.000010
0.000022
0.000012
0.000015
0.000008
0.000010
0.000009
0.000051
0.000026
0.000011
0.000060
0.000047
0.000047
0.000043
0.000025
0.000020
0.000078
0.000055
0.000028
0.000037
0.000028
0.000016
0.000019
0.000029
0.000020
0.000026
0.000032
0.000030
0.000048
0.000026
0.000024
0.000035
0.000128
0.000151
0.000249
0.000243
0.000211
0.000290
0.000126
0.000190
0.000399
0.000707
0.001005
0.001742
0.578176
0.648681
0.777409
0.904329
1.134198
1.351564
1.533273
1.797915
2.168318
2.435140
2.748362
3.113795
3.379318
3.726411
4.276841
4.319279
0.000175
0.000116
0.000039
0.000025
0.000010
0.000009
0.000006
0.000004
0.000033
0.000035
0.000041
0.000060
0.000022
0.000016
0.000055
0.000029
0.000013
0.000051
0.000018
0.000010
0.000007
0.000003
0.000003
0.000004
0.000028
0.000079
0.000108
0.000117
0.000068
0.000054
0.000249
0.000272
0.000333
0.000435
0.000789
0.005932
0.161966
4.729246
4.923819
4.999086
5.005759
5.229745
5.419022
5.466694
6.267209
6.331578
6.388829
6.423053
6.425236
6.427502
6.432340
6.713861
6.745038
6.759727
6.762202
6.762843
6.762907
6.762655
6.762428
6.760940
6.760450
6.760946
6.760636
6.760750
6.761818
6.762778
6.762210
6.758708
6.756653
6.747719
6.744773
6.736811
6.680798
0.115922
6.584806
6.632971
6.649589
6.667948
6.689559
6.702939
6.692936
6.684620
6.681820
6.677193
6.677656
6.681559
6.678015
6.666457
6.649931
6.634919
0.432797
0.358581
5.417159
5.604146
5.855531
6.067780
6.195368
6.169641
6.240780
6.661074
6.675829
6.675454
6.677077
6.678558
6.666361
6.635052
6.597924
6.573143
6.448139
6.330805
0.162797
6.526677
6.582120
6.628766
6.662532
6.709554
6.844361
6.856893
6.759777
0.004060
0.002247
0.000728
0.000638
0.000160
0.000073
0.000042
0.000035
0.000012
0.000019
0.000024
0.000040
0.000097
0.000117
0.001052
0.001221
0.002352
6.875770
7.095301
7.194994
7.108020
7.129581
7.422010
7.421031
7.381137
7.361752
7.351192
7.343358
7.335162
7.329809
7.323958
7.312562
7.314542
7.306789
7.305246
7.305384
7.304571
7.277035
7.227639
7.144817
7.073210
6.816527
6.489095
6.458675
5.812622
5.360485
5.024841
3.983160
4.019191
6.492026
6.968592
7.130897
7.088012
7.119340
7.189941
7.375297
7.429451
7.453060
7.469502
7.467474
7.464002
7.465823
7.463580
7.462819
7.460996
7.448118
0.000385
0.000269
0.000220
0.000049
0.000040
0.000013
0.000003
0.000003
0.000001
0.000000
0.000000
0.000000
0.000000
0.000000
0.000002
0.000000
0.000001
0.000000
0.000000
0.000000
0.000001
0.000001
0.000000
0.000000
0.000000
0.000000
0.000001
0.000001
0.000001
0.000000
0.000001
0.000000
0.000001
0.000001
0.000001
0.000001
0.000000
0.000001
0.000001
0.000000
0.000001
0.000001
0.000001
0.000014
0.000000
0.000000
0.000000
0.000001
0.000001
0.000001
0.000001
0.000000
0.000001
0.000001
0.000001
0.000007
0.000006
0.000006
0.000016
0.000010
7.348769
7.350971
7.358293
7.359756
7.345974
7.336653
7.321376
7.303306
7.312051
7.247396
6.960346
6.685742
6.683990
6.685678
6.688442
6.678972
6.604400
6.425307
6.248784
6.334253
6.461318
6.547594
6.576053
6.573224
6.563571
6.562825
6.277341
6.426874
0.000664
0.000704
0.001080
0.001538
0.002560
0.004089
6.620910
6.684913
6.706954
6.645839
6.573075
6.552679
6.388115
6.391344
6.393070
6.394089
6.393555
6.393048
6.391023
6.394439
6.395177
6.394843
6.396249
6.607790
6.682114
6.846185
6.972267
7.038472
7.099922
0.073838
0.074943
7.410769
7.450370
7.509736
7.519980
7.518684
7.520736
7.526245
7.512994
7.513921
7.514125
7.563161
7.566559
7.560866
7.549878
7.246224
7.258402
7.359336
7.438620
7.462192
7.428130
7.392984
7.335806
7.266345
7.160910
7.064351
0.036804
0.029650
0.032802
0.031742
7.177450
7.530382
7.706068
7.807929
7.844212
7.820193
7.788106
7.761422
7.762831
7.765460
8.140091
8.141031
8.135740
8.102577
7.995876
7.942514
7.888987
7.746631
7.818133
7.815550
7.817894
7.839711
7.888537
7.804728
7.727162
7.582466
7.501939
7.497723
7.501661
7.511263
7.530848
7.965913
8.000997
8.033812
8.079082
8.070340
8.055283
8.040409
7.861738
7.755385
7.674445
7.512212
7.143457
0.016501
0.014557
7.336012
7.398484
7.482506
7.593104
7.744849
8.008213
8.144602
8.202440
8.243105
8.303357
8.324694
8.325863
8.325214
8.329405
8.335295
8.335224
8.335667
8.337462
8.312464
8.270164
8.228548
8.182946
7.924486
7.717224
7.396912
6.327857
5.423700
0.030673
2.170871
3.293705
6.528488
7.434707
7.588738
7.778820
7.945381
8.135532
8.205313
8.247700
8.316073
8.334886
8.335452
8.335313
8.330583
8.335517
8.305529
8.257035
8.065507
8.041263
7.893615
7.710455
7.270794
6.977111
6.639749
0.372235
0.060863
0.047104
0.042877
0.035558
0.044569
0.046228
0.047814
0.049741
0.051819
0.056020
6.228205
6.493470
6.649454
6.792851
7.006793
7.213541
7.417609
7.593030
7.681402
7.809185
7.999341
8.046044
8.070157
8.012715
7.866448
0.077441
8.080285
8.327819
0.000257
0.000162
0.000104
0.000076
0.000051
0.000046
0.000047
0.000050
0.000069
0.000120
0.000180
0.000393
0.000704
0.001802
8.352806
8.813989
8.908450
8.967207
8.971242
8.992931
8.995437
8.996002
8.995698
8.997684
9.000938
9.003840
9.011813
9.017915
9.043522
9.079834
9.103073
9.133299
9.164059
9.177449
9.183299
9.183953
9.184104
9.184131
9.184176
9.183818
9.180865
9.162758
8.870612
8.787336
8.554088
8.551152
8.545761
8.537558
8.528796
8.517923
8.503783
8.515751
8.464755
8.273050
8.108539
7.606030
7.140068
6.718481
6.250505
5.649607
5.071518
4.362061
3.968562
0.005660
0.004408
0.002776
0.002378
0.002201
0.000711
0.001864
0.001547
2.423328
1.886367
1.755028
1.547191
0.004229
0.004969
0.005076
0.005303
0.004227
0.406640
1.620960
2.428052
3.077601
3.437788
4.334547
4.859873
5.462738
6.336085
7.221621
7.755376
8.137033
8.435070
8.558416
8.651784
8.731989
8.823897
8.854628
8.871266
8.895206
8.932801
8.951162
8.979420
9.016835
9.070675
9.097362
9.133561
9.199718
9.212827
9.228224
9.262720
9.298579
9.277932
9.256842
9.245472
9.245279
9.259835
9.276512
9.303807
9.297491
9.305223
9.289845
9.290021
9.634608
9.675186
9.730406
9.770936
9.832581
9.884619
9.908014
9.924232
9.914468
9.916083
9.921498
9.893960
9.842539
9.795986
9.756486
9.576898
9.583013
9.678664
9.676574
9.629443
9.442146
9.429663
9.417035
0.012180
0.012028
0.015616
0.017099
9.587062
9.601101
9.599406
9.608900
9.295137
0.002055
0.000885
0.000459
0.000172
0.000089
0.000030
0.000013
0.000008
0.000007
0.000005
0.000004
0.000011
0.000006
0.000002
0.000002
0.000005
0.000005
0.000005
0.000004
0.000003
0.000002
0.000002
0.000001
0.000002
0.000007
0.000010
0.000003
0.000003
0.000007
0.000015
0.000048
0.000007
0.000008
0.000012
0.000022
0.000014
0.000014
0.000029
0.000026
0.000005
0.000001
0.000001
0.000001
0.000001
0.000002
0.000002
0.000002
0.000001
0.000002
0.000002
0.000002
0.000002
0.000005
0.000003
0.000002
0.000001
0.000003
0.000002
0.000002
0.000002
0.000003
0.000019
0.000006
0.000007
0.000010
0.000006
0.000004
0.000005
0.000009
0.000028
0.000002
0.000001
0.000003
0.000002
0.000002
0.000002
0.000004
0.000004
0.000017
0.000012
0.000021
0.000005
0.000002
0.000001
0.000001
0.000001
0.000001
0.000001
0.000001
0.000002
0.000004
0.000007
0.000002
0.000004
0.000005
0.000003
0.000002
0.000002
0.000002
0.000001
0.000002
0.000001
0.000002
0.000001
0.000002
0.000001
0.000001
0.000002
0.000002
0.000002
0.000001
0.000001
0.000002
0.000002
0.000001
0.000001
0.000001
0.000001
0.000001
0.000001
0.000002
0.000003
0.000005
0.000029
0.000002
0.000001
0.000004
0.000002
0.000001
0.000002
0.000003
0.000004
0.000002
0.000008
0.000007
0.000002
0.000001
0.000006
0.000003
0.000008
0.000004
0.000002
0.000002
0.000002
0.000003
0.000004
0.000006
0.000002
0.000001
0.000004
0.000003
0.000003
0.000003
0.000005
0.000007
0.000001
0.000001
0.000001
0.000003
0.000003
0.000003
0.000001
0.000001
0.000002
0.000002
0.000001
0.000001
0.000002
0.000002
0.000012
0.000004
0.000002
0.000001
0.000001
0.000002
0.000003
0.000039
0.000046
0.000074
0.000194
0.000414
0.000715
0.001047
9.181502
9.194024
9.169605
9.152697
9.066750
8.986144
0.078630
8.880816
8.918774
0.003409
0.003702
0.004328
0.003943
8.982924
9.064945
9.150423
9.259911
9.312007
9.326367
9.335206
9.339649
9.350666
9.358381
9.372477
9.394331
9.418495
9.434629
9.452464
9.454778
9.452229
9.433577
9.413949
9.375781
9.288361
9.332924
9.322138
9.237375
9.218897
9.177159
9.153318
9.123186
8.991934
0.055334
8.823274
8.811269
8.790533
8.778902
8.771611
8.725085
0.140018
0.057682
7.825423
7.651840
7.477389
7.299582
0.130738
7.164479
7.470458
0.029273
0.015135
0.027442
8.021135
8.232839
8.443430
8.660293
8.782418
8.826072
8.887211
8.972299
9.034364
9.061979
9.091938
9.119849
9.143796
9.163700
9.203247
9.322714
9.319544
9.312877
9.311024
9.306378
9.304199
9.302284
9.297401
9.285788
9.263577
9.017217
0.001850
0.000665
0.000463
0.000328
0.000274
0.000264
0.000261
0.000262
0.000276
0.000310
0.000467
0.001219
8.952693
8.712195
8.271623
8.268436
8.267352
8.263506
8.200932
8.175501
8.074742
8.011920
7.965971
7.871619
7.782053
7.478215
7.137458
6.716886
6.472180
6.295850
1.703337
5.589056
5.943278
6.431180
7.051333
7.673464
7.845836
7.885159
7.906341
7.910976
7.915424
7.928140
7.924867
7.924611
7.927574
7.927197
7.924990
7.923459
7.924379
7.932605
7.932857
7.931918
7.927952
7.921374
7.876872
0.162206
7.301428
7.461331
7.544803
7.606353
7.549934
7.258074
7.064847
6.799375
0.480099
7.599226
7.855400
7.869614
7.887908
7.900463
7.906312
7.912571
7.929217
7.939696
7.940745
7.940935
7.937020
7.936876
7.936110
7.921402
7.913265
7.900613
7.896768
7.894627
7.895221
7.905662
7.917344
7.906531
7.892808
7.881906
7.857664
7.834045
7.803964
7.185330
6.567236
4.925655
0.017160
0.012105
0.001453
0.001085
0.000875
0.000242
0.000248
0.000251
0.000026
0.000021
0.000046
0.000048
0.000036
0.000026
0.000022
0.000011
0.000008
0.000008
0.000016
0.000022
0.000018
0.000042
0.000069
0.000012
0.000015
0.000095
0.000097
0.000010
0.000029
0.000037
0.000049
0.000050
0.000068
0.000172
0.000028
0.000016
0.000009
0.000005
0.000003
0.000005
0.000015
0.000001
0.000001
0.000004
0.000004
0.000001
0.000002
0.000002
0.000001
0.000004
0.000007
0.000021
0.000007
0.000012
0.000002
0.000002
0.000005
0.000001
0.000001
0.000003
0.000002
0.000001
0.000007
0.000008
0.000002
0.000000
0.000001
0.000001
0.000000
0.000000
0.000000
0.000000
0.000000
0.000001
0.000000
0.000000
0.000000
0.000001
0.000002
0.000002
0.000004
0.000008
6.242614
6.627261
6.833513
7.036178
7.205119
7.391848
0.000028
0.000027
0.000003
0.000007
0.000005
0.000002
0.000004
0.000002
0.000001
0.000001
0.000001
0.000000
0.000000
0.000000
0.000000
0.000000
0.000000
0.000000
0.000000
0.000000
0.000000
0.000000
0.000000
0.000000
0.000000
0.000000
0.000000
0.000000
0.000000
0.000000
0.000000
0.000000
0.000000
0.000000
0.000000
0.000000
0.000000
0.000000
0.000000
0.000000
0.000000
0.000000
0.000000
0.000000
0.000000
0.000000
0.000000
0.000000
0.000000
0.000000
0.000000
0.000000
0.000000
0.000000
0.000000
0.000000
0.000000
0.000000
0.000000
0.000000
0.000000
0.000000
0.000000
0.000000
0.000000
0.000000
0.000000
0.000000
0.000000
0.000000
0.000000
0.000000
0.000000
0.000000
0.000000
0.000000
0.000000
0.000000
0.000000
0.000000
0.000000
0.000000
0.000000
0.000000
0.000000
0.000000
0.000000
0.000000
0.000000
0.000000
0.000000
0.000000
0.000000
0.000000
0.000000
0.000000
0.000000
0.000000
0.000000
0.000000
0.000000
0.000000
0.000000
0.000000
0.000000
0.000000
0.000000
0.000000
0.000000
0.000000
0.000000
0.000000
0.000000
0.000000
0.000000
0.000000
0.000000
0.000000
0.000000
0.000000
0.000000
0.000000
0.000000
0.000000
0.000000
0.000000
0.000000
0.000000
0.000000
0.000000
0.000000
0.000000
0.000000
0.000000
0.000000
0.000000
0.000000
0.000000
0.000000
0.000000
0.000000
0.000000
0.000000
0.000000
0.000000
0.000000
0.000000
0.000000
0.000000
0.000000
0.000000
0.000000
0.000000
0.000000
0.000000
0.000000
0.000000
0.000000
0.000000
0.000000
0.000000
0.000000
0.000000
0.000000
0.000000
0.000000
0.000000
0.000000
0.000000
0.000000
0.000000
0.000000
0.000000
0.000000
0.000000
0.000000
0.000000
0.000000
0.000000
0.000000
0.000000
0.000000
0.000000
0.000000
0.000000
0.000000
0.000000
0.000000
0.000000
0.000000
0.000000
0.000000
0.000000
0.000000
0.000000
0.000000
0.000000
0.000000
0.000000
0.000000
0.000000
0.000000
0.000000
0.000000
0.000000
0.000000
0.000000
0.000000
0.000000
0.000000
0.000000
0.000000
0.000000
0.000001
0.000000
0.000000
0.000000
0.000000
0.000000
0.000000
0.000000
0.000000
0.000000
0.000000
0.000001
0.000000
0.000000
0.000000
0.000000
0.000000
0.000001
0.000000
0.000000
0.000000
0.000000
0.000000
0.000000
0.000000
0.000000
0.000000
0.000000
0.000001
0.000001
0.000000
0.000000
0.000000
0.000000
0.000000
0.000000
0.000000
0.000000
0.000000
0.000000
0.000000
0.000000
0.000000
0.000000
0.000000
0.000000
0.000000
0.000000
0.000000
0.000000
0.000000
0.000000
0.000000
0.000000
0.000000
0.000000
0.000000
0.000000
0.000000
0.000000
0.000000
0.000000
0.000000
0.000000
0.000000
0.000000
0.000000
0.000000
0.000000
0.000000
0.000000
0.000000
0.000000
0.000000
0.000000
0.000000
0.000000
0.000000
0.000000
0.000000
0.000000
0.000000
0.000000
0.000000
0.000000
0.000000
0.000000
0.000000
0.000000
0.000000
0.000000
0.000000
0.000000
0.000000
0.000000
0.000000
0.000000
0.000000
0.000000
0.000000
0.000000
0.000000
0.000000
0.000000
0.000000
0.000000
0.000000
0.000000
0.000000
0.000000
0.000000
0.000000
0.000000
0.000000
0.000000
0.000000
0.000000
0.000000
0.000000
0.000000
0.000000
0.000000
0.000000
0.000000
0.000000
0.000001
0.000001
0.000000
0.000000
0.000000
0.000000
0.000000
0.000000
0.000000
0.000002
0.000000
0.000000
0.000000
0.000002
0.000001
0.000001
0.000000
0.000000
0.000000
0.000000
0.000001
0.000001
0.000000
0.000000
0.000000
0.000000
7.397854
7.394176
7.385907
7.383399
7.366956
7.362570
7.363808
7.367697
7.372191
7.376865
7.347351
7.261346
0.017685
0.003153
0.002575
0.002217
0.000289
0.000193
0.000038
0.000194
0.000124
0.000107
0.000095
0.000118
0.000140
0.000026
0.000008
0.000012
0.000012
0.000021
0.000018
0.000001
0.000002
0.000003
0.000012
0.000013
0.000015
0.000022
0.000036
0.000021
0.000003
0.000003
0.000000
0.000000
0.000013
0.000004
0.000006
0.000008
0.000011
0.000003
0.000008
0.000002
0.000013
0.000013
0.000025
0.000027
0.000001
0.000002
0.000002
0.000019
0.000004
0.000002
0.000003
0.000008
0.000011
0.000019
0.000002
0.000001
0.000002
0.000001
0.000003
0.000002
0.000001
0.000002
0.000002
0.000006
0.000002
0.000001
0.000001
0.000003
0.000001
0.000002
0.000002
0.000003
0.000004
0.000000
0.000000
0.000006
6.983590
6.952906
6.797319
0.000030
0.000020
0.000015
0.000003
0.000001
0.000001
0.000001
0.000002
0.000001
0.000002
0.000002
0.000006
0.000041
0.000027
0.000027
0.000004
0.000003
0.000003
0.000001
0.000001
0.000001
0.000000
0.000000
0.000001
0.000001
0.000001
0.000001
0.000001
0.000000
0.000000
0.000000
0.000000
0.000000
0.000001
0.000002
0.000002
0.000001
0.000002
0.000001
0.000000
0.000000
0.000000
0.000000
0.000002
0.000001
0.000000
0.000000
0.000000
0.000000
0.000000
0.000000
0.000000
0.000000
0.000001
0.000001
0.000000
0.000000
0.000001
0.000001
0.000000
0.000000
0.000002
0.000000
0.000000
0.000000
0.000000
0.000000
0.000000
0.000000
0.000000
0.000000
0.000000
0.000000
0.000000
0.000000
0.000000
0.000000
0.000000
0.000000
0.000000
0.000000
0.000000
0.000000
0.000000
0.000000
0.000000
0.000000
0.000000
0.000000
0.000000
0.000000
0.000002
0.000001
0.000000
0.000000
0.000000
0.000000
0.000000
0.000000
0.000000
0.000000
0.000000
0.000000
0.000000
0.000000
0.000000
0.000000
0.000000
0.000000
0.000000
0.000000
0.000000
0.000000
0.000000
0.000000
0.000000
0.000001
0.000000
0.000001
0.000001
0.000000
0.000000
0.000000
0.000000
0.000000
0.000000
0.000000
0.000000
0.000000
0.000000
0.000000
0.000000
0.000000
0.000000
0.000000
0.000000
0.000003
0.000003
0.000001
0.000001
0.000000
0.000000
0.000000
0.000000
0.000000
0.000000
0.000000
0.000000
0.000000
0.000000
0.000000
0.000000
0.000000
0.000000
0.000000
0.000000
0.000000
0.000000
0.000000
0.000000
0.000000
0.000000
0.000000
0.000000
0.000000
0.000000
0.000001
0.000001
0.000000
0.000000
0.000000
0.000004
0.000000
0.000000
0.000000
0.000000
0.000005
0.000005
0.000006
0.000005
0.000000
0.000000
0.000000
0.000001
0.000000
0.000000
0.000000
0.000000
0.000000
0.000000
0.000000
0.000000
0.000000
0.000000
0.000000
0.000000
0.000000
0.000000
0.000000
0.000000
0.000001
0.000000
0.000000
0.000001
6.436632
5.509985
5.112154
4.200504
3.808680
0.000000
0.000000
0.000000
0.000000
0.000000
0.000000
0.000000
0.000000
0.000000
0.000000
0.000000
0.000000
0.000000
0.000000
0.000000
0.000000
0.000000
0.000000
0.000000
0.000000
0.000000
0.000000
0.000000
0.000000
0.000000
0.000000
0.000000
0.000000
0.000000
0.000000
0.000000
0.000000
0.000000
0.000000
0.000000
0.000000
0.000000
0.000000
0.000000
0.000000
0.000000
0.000000
0.000000
0.000000
0.000000
0.000000
0.000000
0.000000
0.000000
0.000000
0.000000
0.000000
0.000000
0.000000
0.000000
0.000000
0.000000
0.000000
0.000000
0.000000
0.000000
0.000000
0.000000
0.000000
0.000000
0.000000
0.000000
0.000000
0.000000
0.000000
0.000000
0.000000
0.000000
0.000000
0.000000
0.000000
0.000000
0.000000
0.000000
0.000000
0.000000
0.000000
0.000000
0.000000
0.000000
0.000000
0.000000
0.000000
0.000000
0.000000
0.000000
0.000000
0.000000
0.000000
0.000000
0.000000
0.000000
0.000000
0.000000
0.000000
0.000000
0.000000
0.000000
0.000000
0.000000
0.000000
0.000000
0.000000
0.000000
0.000000
0.000000
0.000000
0.000000
0.000000
0.000000
0.000000
0.000000
0.000000
0.000000
0.000000
0.000000
0.000000
0.000000
0.000000
0.000000
0.000000
0.000000
0.000000
0.000000
0.000000
0.000000
0.000000
0.000000
0.000000
0.000000
0.000000
0.000000
0.000000
0.000000
0.000000
0.000000
0.000000
0.000000
0.000000
0.000000
0.000000
0.000000
0.000000
0.000000
0.000000
0.000000
0.000000
0.000000
0.007607
0.035042
0.026319
0.000000
0.000000
0.000000
0.000000
0.000000
0.000000
0.000000
0.000000
0.000000
0.000000
0.000000
0.000000
0.000000
0.000000
0.000000
0.000000
0.000000
0.000000
0.000000
0.000000
0.000000
0.000000
0.000000
0.000000
0.000000
0.000000
0.000000
0.000000
0.000000
0.000000
0.000000
0.000000
0.000000
0.000000
0.000000
0.000000
0.000000
0.000000
0.000000
0.000000
0.000000
0.000000
0.000001
0.000001
3.456337
2.375675
0.499205
0.412438
0.356437
0.294317
0.000017
0.000000
0.000000
0.000000
0.000000
0.000000
0.000000
0.000001
0.000001
0.000020
0.000014
0.000012
0.000012
0.000011
0.000007
0.000005
0.000005
0.000004
0.000004
0.000000
0.000000
0.000000
0.000000
0.000000
0.000000
0.000000
0.000000
0.000000
0.000000
0.000000
0.000000
0.000000
0.000000
0.000000
0.000001
0.000000
0.000002
0.000002
0.000000
0.000000
0.000000
0.000000
0.000000
0.000000
0.000000
0.000000
0.000000
0.000000
0.000000
0.000000
0.000000
0.000000
0.000000
0.000000
0.000000
0.000000
0.000000
0.000003
0.000000
0.000000
0.000000
0.000000
0.000000
0.000000
0.000000
0.000000
0.000000
0.000001
0.000000
0.000000
0.000000
0.000000
0.000000
0.000000
0.000000
0.000000
0.000000
0.000000
0.000000
0.000000
0.000000
0.000000
0.000000
0.000000
0.000000
0.000000
0.000000
0.000001
0.000000
0.000000
0.000000
0.000001
0.000001
0.000001
0.000001
0.000001
0.000003
0.000008
0.000003
0.000000
0.000000
0.000000
0.000000
0.000000
0.000000
0.000000
0.000000
0.000000
0.000000
0.000000
0.000000
0.000000
0.000000
0.000000
0.000000
0.000000
0.000000
0.000000
0.000000
0.000000
0.000000
0.000000
0.000000
0.000000
0.000000
0.000000
0.000000
0.000000
0.000000
0.000000
0.000000
0.000000
0.000000
0.000000
0.000000
0.000000
0.000000
0.000000
0.000000
0.000000
0.000000
0.000000
0.000000
0.000000
0.000000
0.000000
0.000000
0.000000
0.000000
0.000004
0.000001
0.000000
0.000001
0.000002
0.000002
0.000002
0.000004
0.000003
0.000000
0.000000
0.000000
0.000000
0.000000
0.000000
0.000000
0.000000
0.000000
0.000000
0.000000
0.000000
0.000000
0.000000
0.000000
0.000000
0.000000
0.000000
0.000000
0.000000
0.000000
0.000000
0.000000
0.000000
0.000000
0.000000
0.000000
0.000000
0.000000
0.000000
0.000000
0.000000
0.000000
0.000000
0.000000
0.000000
0.000000
0.000000
0.000000
0.000000
0.000000
0.000000
0.000000
0.000000
0.000000
0.000000
0.000000
0.000000
0.000000
0.000024
0.000029
0.000037
0.000035
0.000034
0.000035
0.000001
0.000000
0.000000
0.000000
0.000000
0.000000
0.000000
0.000000
0.000000
0.000000
0.000000
0.000000
0.000000
0.000000
0.000000
0.000000
0.000000
0.000000
0.000000
0.000000
0.000000
0.000000
0.000000
0.000000
0.000000
0.000000
0.000000
0.000000
0.000000
0.000000
0.000000
0.000000
0.000000
0.000000
0.000000
0.000000
0.000000
0.000000
0.000000
0.000000
0.000000
0.000000
0.000000
0.000000
0.000000
0.000000
0.000000
0.000000
0.000000
0.000000
0.000000
0.000000
0.000000
0.000000
0.000000
0.000000
0.000000
0.000000
0.000000
0.000000
0.000000
0.000000
0.000000
0.000000
0.000000
0.000000
0.000000
0.000000
0.000000
0.000000
0.000000
0.000000
0.000000
0.000000
0.000000
0.000000
0.000000
0.000000
0.000000
0.000000
0.000000
0.000000
0.000000
0.000000
0.000011
0.000012
0.000013
0.000014
0.000030
0.000031
0.000017
0.000011
0.000000
0.000000
0.000000
0.000000
0.000000
0.000000
0.000000
0.000000
0.000000
0.000001
0.000001
0.000000
0.000000
0.000000
0.000001
0.000001
0.000001
0.000001
0.000000
0.000000
0.000000
0.000000
0.000000
0.000000
0.000000
0.000000
0.000000
0.000000
0.000000
0.000000
0.000000
0.000000
0.000000
0.000000
0.000000
0.000000
0.000000
0.000000
0.000000
0.000000
0.000000
0.000000
0.000000
0.000000
0.000000
0.000000
0.000000
0.000000
0.000000
0.000000
0.000000
0.000000
0.000000
0.000000
0.000005
0.000006
0.000008
0.000007
0.000007
0.000007
0.000007
0.000007
0.000000
0.000000
0.000000
0.000000
0.000000
0.000000
0.000000
0.000000
0.000000
0.000010
0.000012
0.000014
0.000014
0.000014
0.000012
0.000012
0.000011
0.000011
0.000011
0.000011
0.000010
0.000009
0.000001
0.000000
0.000000
0.000000
0.000000
0.000000
0.000000
0.000000
0.000000
0.000000
0.000000
0.000000
0.000000
0.000000
0.000000
0.000000
0.000000
0.000000
0.000000
0.000000
0.000000
0.000000
0.000000
0.000000
0.000000
0.000000
0.000000
0.000000
0.000000
0.000000
0.000000
0.000000
0.000000
0.000000
0.000000
0.000000
0.000010
0.000010
0.000010
0.000011
0.000010
0.000008
0.000006
0.000005
0.000004
0.000003
0.000002
0.000000
0.000000
0.000000
0.000000
0.000000
0.000000
0.000000
0.000000
0.000000
0.000000
0.000000
0.000000
0.000000
0.000000
0.000000
0.000000
0.000000
0.000000
0.000000
0.000000
0.000000
0.000000
0.000000
0.000000
0.000000
0.000000
0.000000
0.000000
0.000000
0.000000
0.000000
0.000000
0.000000
0.000000
0.000000
0.000001
0.000051
0.000097
0.000060
0.000046
0.000023
0.000022
0.000032
0.000048
0.001202
0.001637
0.001792
0.001790
0.001809
0.001838
0.001801
0.001766
0.000017
0.000002
0.000001
0.000001
0.000000
0.000000
0.000000
0.000000
0.000000
0.000000
0.000000
0.000000
0.000000
0.000000
0.000000
0.000000
0.000000
0.000000
0.000000
0.000000
0.000000
0.000004
0.000002
0.000001
0.000001
0.000001
0.000001
0.000000
0.000000
0.000000
0.000000
0.000000
0.000000
0.000000
0.000000
0.000000
0.000000
0.000000
0.000000
0.000000
0.000000
0.000000
0.000000
0.000001
0.000000
0.000000
0.000000
0.000000
0.000000
0.000000
0.000000
0.000000
0.000000
0.000001
0.000000
0.000000
0.000000
0.000000
0.000000
0.000000
0.000000
0.000000
0.000000
0.000000
0.000000
0.000000
0.000000
0.000000
0.000001
0.000000
0.000000
0.000000
0.000000
0.000000
0.000000
0.000000
0.000000
0.000000
0.000000
0.000004
0.000001
0.000001
0.000001
0.000002
0.000002
0.000003
0.000008
0.000023
0.000000
0.000001
0.000000
0.000000
0.000000
0.000000
0.000000
0.000000
0.000000
0.000000
0.000000
0.000000
0.000000
0.000000
0.000000
0.000000
0.000001
0.000000
0.000000
0.000000
0.000000
0.000000
0.000000
0.000001
0.000001
0.000000
0.000000
0.000000
0.000000
0.000000
0.000000
0.000000
0.000000
0.000000
0.000000
0.000000
0.000000
0.000000
0.000000
0.000000
0.000000
0.000000
0.000000
0.000000
0.000000
0.000000
0.000000
0.000000
0.000000
0.000000
0.000000
0.000000
0.000000
0.000000
0.000000
0.000000
0.000000
0.000000
0.000000
0.000000
0.000000
0.000000
0.000000
0.000000
0.000000
0.000000
0.000000
0.000000
0.000000
0.000000
0.000000
0.000005
0.000006
0.000078
0.000089
0.000089
0.000090
0.000090
0.000001
0.000001
0.000001
0.000000
0.000000
0.000000
0.000000
0.000000
0.000000
0.000000
0.000000
0.000000
0.000000
0.000000
0.000004
0.000003
0.000001
0.000001
0.000001
0.000000
0.000000
0.000000
0.000000
0.000000
0.000000
0.000000
0.000000
0.000000
0.000000
0.000000
0.000000
0.000000
0.000000
0.000000
0.000000
0.000000
0.000000
0.000000
0.000000
0.000000
0.000002
0.000001
0.000000
0.000000
0.000000
0.000000
0.000000
0.000000
0.000000
0.000001
0.000001
0.000000
0.000000
0.000000
0.000000
0.000000
0.000000
0.000000
0.000000
0.000000
0.000000
0.000000
0.000000
0.000000
0.000000
0.000000
0.000000
0.000000
0.000000
0.000000
0.000000
0.000000
0.000000
0.000000
0.000000
0.000000
0.000000
0.000000
0.000000
0.000000
0.000000
0.000000
0.000000
0.000000
0.000000
0.000000
0.000000
0.000000
0.000000
0.000000
0.000000
0.000000
0.000000
0.000000
0.000000
0.000000
0.000000
0.000000
0.000000
0.000000
0.000000
0.000000
0.000000
0.000000
0.000000
0.000000
0.000000
0.000000
0.000000
0.000000
0.000000
0.000000
0.000000
0.000000
0.000000
0.000000
0.000000
0.000000
0.000000
0.000000
0.000000
0.000000
0.000000
0.000000
0.000000
0.000000
0.000000
0.000000
0.000000
0.000000
0.000000
0.000000
0.000000
0.000000
0.000000
0.000000
0.000000
0.000000
0.000000
0.000000
0.000000
0.000000
0.000000
0.000000
0.000000
0.000000
0.000000
0.000000
0.000000
0.000000
0.000000
0.000000
0.000000
0.000000
0.000000
0.000000
0.000000
0.000000
0.000000
0.000000
0.000000
0.000000
0.000000
0.000000
0.000000
0.000000
0.000000
0.000000
0.000000
0.000000
0.000000
0.000000
0.000000
0.000000
0.000000
0.000000
0.000000
0.000000
0.000000
0.000000
0.000000
0.000000
0.000000
0.000000
0.000000
0.000000
0.000000
0.000000
0.000000
0.000000
0.000000
0.000000
0.000000
0.000000
0.000000
0.000000
0.000000
0.000000
0.000000
0.000000
0.000000
0.000000
0.000000
0.000000
0.000000
0.000000
0.000000
0.000000
0.000000
0.000000
0.000000
0.000000
0.000000
0.000000
0.000000
0.000000
0.000000
0.000000
0.000000
0.000000
0.000000
0.000000
0.000000
0.000000
0.000000
0.000000
0.000000
0.000000
0.000000
0.000000
0.000000
0.000000
0.000000
0.000000
0.000000
0.000000
0.000000
0.000000
0.000000
0.000000
0.000000
0.000000
0.000000
0.000000
0.000000
0.000000
0.000000
0.000000
0.000000
0.000000
0.000000
0.000000
0.000000
0.000000
0.000000
0.000000
0.000000
0.000000
0.000000
0.000000
0.000000
0.000000
0.000000
0.000000
0.000000
0.000000
0.000000
0.000000
0.000000
0.000000
0.000000
0.000000
0.000000
0.000000
0.000000
0.000000
0.000000
0.000000
0.000000
0.000000
0.000000
0.000000
0.000000
0.000000
0.000000
0.000000
0.000000
0.000000
0.000000
0.000000
0.000000
0.000000
0.000000
0.000000
0.000000
0.000000
0.000000
0.000000
0.000000
0.000000
0.000000
0.000000
0.000000
0.000000
0.000000
0.000000
0.000000
0.000000
0.000000
0.000000
0.000000
0.000000
0.000000
0.000000
0.000000
0.000000
0.000000
0.000000
0.000000
0.000000
0.000000
0.000000
0.000000
0.000000
0.000000
0.000000
0.000000
0.000000
0.000000
0.000000
0.000000
0.000000
0.000000
0.000000
0.000000
0.000000
0.000000
0.000000
0.000000
0.000000
0.000000
0.000000
0.000000
0.000000
0.000000
0.000000
0.000000
0.000000
0.000000
0.000000
0.000000
0.000000
0.000000
0.000000
0.000000
0.000000
0.000000
0.000000
0.000000
0.000000
0.000000
0.000000
0.000000
0.000000
0.000000
0.000000
0.000000
0.000000
0.000000
0.000000
0.000000
0.000000
0.000000
0.000000
0.000000
0.000000
0.000000
0.000000
0.000000
0.000000
0.000000
0.000000
0.000000
0.000000
0.000000
0.000000
0.000000
0.000000
0.000000
0.000000
0.000000
0.000000
0.000000
0.000000
0.000000
0.000000
0.000000
0.000000
0.000000
0.000000
0.000000
0.000000
0.000000
0.000000
0.000000
0.000000
0.000000
0.000000
0.000000
0.000000
0.000000
0.000000
0.000000
0.000000
0.000000
0.000000
0.000000
0.000000
0.000000
0.000000
0.000000
0.000000
0.000000
0.000000
0.000000
0.000000
0.000000
0.000000
0.000000
0.000000
0.000000
0.000000
0.000000
0.000000
0.000000
0.000000
0.000000
0.000000
0.000000
0.000000
0.000000
0.000000
0.000000
0.000000
0.000000
0.000000
0.000000
0.000000
0.000000
0.000000
0.000000
0.000000
0.000000
0.000000
0.000000
0.000000
0.000000
0.000000
0.000000
0.000000
0.000000
0.000000
0.000000
0.000000
0.000000
0.000000
0.000000
0.000000
0.000000
0.000000
0.000000
0.000000
0.000000
0.000000
0.000000
0.000000
0.000000
0.000000
0.000000
0.000000
0.000000
0.000000
0.000000
0.000000
0.000000
0.000000
0.000000
0.000000
0.000000
0.000000
0.000000
0.000000
0.000000
0.000000
0.000000
0.000000
0.000000
0.000000
0.000000
0.000000
0.000000
0.000000
0.000000
0.000000
0.000000
0.000000
0.000000
0.000000
0.000000
0.000000
0.000000
0.000000
0.000000
0.000000
0.000000
0.000000
0.000000
0.000000
0.000000
0.000000
0.000000
0.000000
0.000000
0.000000
0.000000
0.000000
0.000000
0.000000
0.000000
0.000000
0.000000
0.000000
0.000000
0.000000
0.000000
0.000000
0.000000
0.000000
0.000000
0.000000
0.000000
0.000000
0.000000
0.000000
0.000000
0.000000
0.000000
0.000000
0.000000
0.000000
0.000000
0.000000
0.000000
0.000000
0.000000
0.000000
0.000000
0.000000
0.000000
0.000000
0.000000
0.000000
0.000000
0.000000
0.000000
0.000000
0.000000
0.000000
0.000000
0.000000
0.000000
0.000000
0.000000
0.000000
0.000000
0.000000
0.000000
0.000000
0.000000
0.000000
0.000000
0.000000
0.000000
0.000000
0.000000
0.000000
0.000000
0.000000
0.000000
0.000000
0.000000
0.000000
0.000000
0.000000
0.000000
0.000000
0.000000
0.000000
0.000000
0.000000
0.000000
0.000000
0.000000
0.000000
0.000000
0.000000
0.000000
0.000000
0.000000
0.000001
0.000001
0.000001
0.000001
0.000001
0.000001
0.000001
0.000000
0.000000
0.000000
0.000000
0.000000
0.000000
0.000000
0.000000
0.000000
0.000000
0.000000
0.000000
0.000000
0.000000
0.000000
0.000000
0.000000
0.000000
0.000000
0.000000
0.000000
0.000000
0.000000
0.000000
0.000000
0.000000
0.000000
0.000000
0.000000
0.000000
0.000000
0.000000
0.000000
0.000000
0.000000
0.000000
0.000000
0.000000
0.000000
0.000000
0.000000
0.000000
0.000000
0.000000
0.000000
0.000000
0.000000
0.000001
0.000001
0.000001
0.000001
0.000001
0.000001
0.000001
0.000000
0.000000
0.000000
0.000000
0.000000
0.000000
0.000000
0.000000
0.000000
0.000000
0.000000
0.000000
0.000000
0.000000
0.000000
0.000000
0.000000
