0.000000
0.000000
0.000000
0.000000
0.000000
0.000000
0.000000
0.000000
0.000000
0.000000
0.000000
0.000000
0.000000
0.000000
0.000000
0.000000
0.000000
0.000000
0.000000
0.000000
0.000000
0.000000
0.000000
0.000000
0.000003
0.000003
0.000003
0.000000
0.000000
0.000000
0.000000
0.000000
0.000014
0.000015
0.000016
0.000023
0.000018
0.000020
0.002545
0.002553
0.002573
0.002611
0.002607
0.002572
0.002589
0.002512
0.000010
0.000010
0.000005
0.000006
0.000010
0.000013
0.000011
0.000016
0.002724
0.002740
0.002629
0.006578
0.006531
0.006210
0.000171
0.006128
0.014377
0.014863
0.011773
0.011430
0.010761
0.006040
0.006254
0.006124
0.006013
0.005931
0.005864
0.001739
0.001756
0.001306
0.001213
0.000036
0.000030
0.000028
0.000001
0.000001
0.000000
0.000000
0.000000
0.000000
0.000004
0.000002
0.000002
0.000001
0.000006
0.000001
0.000000
0.000000
0.000000
0.000000
0.000000
0.000000
0.000356
0.000384
0.000382
0.000379
0.000380
0.000396
0.000438
0.000416
0.000372
0.000381
0.000049
0.000049
0.000047
0.000047
0.000710
0.000724
0.000742
0.000398
0.000381
0.000373
0.000362
0.000354
0.000329
0.000667
0.003188
0.010925
0.010992
0.011057
0.010521
0.010382
0.010175
0.010030
0.010011
0.009877
0.000022
0.028162
0.029454
0.032418
0.035237
0.039278
0.034181
0.011540
0.000111
0.000068
0.000018
0.000010
0.000008
0.000008
0.000007
0.000007
0.000008
0.000013
0.000020
0.000045
0.000066
0.000083
0.008703
0.011843
0.012997
0.027666
0.049595
0.000059
0.000172
0.000029
0.000018
0.000031
0.000025
0.000028
0.000030
0.000011
0.000008
0.000010
0.000012
0.000010
0.000011
0.000059
0.005997
0.006272
0.006604
0.006947
0.011202
0.013276
0.031762
0.204374
0.225719
0.250461
0.300701
0.435882
8.439173
9.087999
9.374560
9.411073
9.477812
9.524806
9.591703
9.642165
9.715208
9.793659
9.831212
9.850416
9.875696
9.879759
9.878787
9.880097
9.882541
9.882819
9.883409
9.884471
9.884986
9.884498
9.870593
9.740111
9.027624
9.103739
9.319999
9.864882
9.751648
9.755047
9.760070
9.760792
9.760948
9.760566
9.760388
9.758959
9.757903
9.758966
9.760433
9.760938
9.761348
9.875381
9.881731
9.881600
9.881944
9.882971
9.883181
9.881609
9.881212
9.882804
9.883698
9.884830
9.885261
9.885192
9.885111
9.885021
9.884793
9.884271
9.884099
9.883645
9.883934
9.885033
9.994854
9.998857
9.999787
9.999780
9.999895
9.999920
9.999972
9.999592
9.971445
9.964577
9.962987
9.971492
9.973828
9.982870
9.995364
9.999613
9.999883
9.999907
9.999777
9.999734
9.999769
9.999545
9.996902
9.969199
9.900936
9.810143
9.748025
9.716889
9.691212
0.031455
0.032983
0.040320
9.797836
9.861064
9.919880
9.991044
9.997984
9.999295
9.999525
9.999684
9.999905
9.999842
9.999850
9.999899
9.999919
9.999874
9.999794
9.999775
9.999856
9.999931
9.999957
9.999941
9.999692
9.999675
9.999886
9.999936
9.999964
9.999904
9.999863
9.999902
9.999960
9.999973
9.999960
9.999949
9.999784
9.999360
9.991651
9.972340
9.921437
9.902795
9.880141
9.855168
0.017476
0.013162
0.012428
0.012756
0.013694
0.014066
9.700637
9.452073
9.440369
0.091984
9.409129
9.443746
9.467857
9.486265
9.481675
9.321538
9.319656
9.302743
9.283627
9.083093
8.568094
8.586674
8.610754
8.613721
8.605611
8.595146
8.562690
8.533099
8.512053
8.500847
8.497252
8.494655
8.483494
8.447630
8.398228
8.296466
8.233099
7.965172
7.458140
6.532450
5.756889
4.589250
3.283549
2.530352
1.406413
0.437017
0.184899
0.073321
0.047977
0.016092
0.015039
0.013952
0.006673
0.005739
0.000006
0.000766
0.000610
0.000453
0.000375
0.000329
0.000000
0.000000
