0.002454
0.002160
0.000021
0.000010
0.000011
0.000000
0.000000
0.000000
0.000000
0.000000
0.000000
0.000000
0.000000
0.000001
0.000002
0.000007
0.000621
0.000636
0.000666
0.000690
0.000705
0.000715
0.000726
0.000730
0.000735
0.000734
0.000731
0.000730
0.000718
0.000701
0.000696
0.000673
0.000658
0.000651
0.000647
0.000645
0.000644
0.000637
0.000637
0.000630
0.000603
0.000561
0.000551
0.000518
0.000502
0.000475
0.000427
0.000386
0.000357
0.000322
0.000282
0.000252
0.000225
0.004796
0.004792
0.004730
0.000110
0.000065
0.000041
0.000004
0.000038
0.000039
0.000041
0.000044
0.000046
0.000049
0.000047
0.000044
0.000002
0.000002
0.000000
0.000000
0.000000
0.000000
0.000000
0.000000
0.000000
0.000000
0.000000
0.000000
0.000001
0.000001
0.000028
0.000148
0.000150
0.000149
0.000143
0.000140
0.000134
0.000132
0.000003
0.000003
0.000013
0.000017
0.000022
0.000026
0.000032
0.000035
0.000038
0.000040
0.000043
0.000045
0.000045
0.000040
0.000036
0.000034
0.000032
0.000031
0.000028
0.000026
0.000025
0.000025
0.000023
0.000021
0.000017
0.000000
0.000000
0.000000
0.000000
0.000000
0.000000
0.000000
0.000000
0.000000
0.000000
0.000000
0.000000
0.000000
0.000000
0.000000
0.000000
0.000000
0.000001
0.000013
0.000016
0.000018
0.000020
0.000021
0.000022
0.000022
0.000022
0.000022
0.000022
0.000022
0.000022
0.000000
0.000000
0.000000
0.000000
0.000000
0.000000
0.000000
0.000000
0.000000
0.000000
0.000006
0.000009
0.000011
0.000012
0.000014
0.000016
0.000017
0.000017
0.000017
0.000017
0.000017
0.000016
0.000016
0.000000
0.000000
0.000000
0.000000
0.000000
0.000000
0.000000
0.000000
0.000000
0.000010
0.000009
0.000009
0.000011
0.001204
0.000927
0.000831
0.000420
0.000475
0.000325
0.000227
0.000186
0.000131
0.000086
0.000003
0.000000
0.000000
0.000000
0.000000
0.000000
0.000000
0.000000
0.000000
0.000000
0.000000
0.000000
0.000000
0.000000
0.000000
0.000011
0.000013
0.000014
0.000015
0.000015
0.000016
0.000016
0.000016
0.000018
0.000017
0.000016
0.000018
0.000005
0.000005
0.000000
0.000000
0.000000
0.000000
0.000000
0.000000
0.000000
0.000000
0.000001
0.000001
0.000002
0.000002
0.000002
0.000002
0.000002
0.000002
0.000002
0.000003
0.000003
0.000003
0.000002
0.000002
0.000002
0.000002
0.000000
0.000000
0.000000
0.000000
0.000001
0.000001
0.000002
0.000002
0.000002
0.000002
0.000003
0.000003
0.000004
0.000004
0.000004
0.000004
0.000000
0.000000
0.000000
0.000000
0.000000
0.000000
0.000000
0.000000
0.000000
0.000000
0.000003
0.000004
0.000006
0.000008
0.000008
0.000000
0.000000
0.000000
0.000000
0.000000
0.000000
0.000000
0.000000
0.000000
0.000000
0.000000
0.000000
0.000000
0.000000
0.000000
0.000000
0.000000
0.000000
0.000000
0.000000
0.000000
0.000000
0.000000
0.000001
0.000003
0.000028
0.000038
0.001320
0.001965
0.003016
0.003497
0.003648
0.003685
0.003755
0.003857
0.003844
0.003827
0.003799
0.003602
0.000484
0.000387
0.000217
0.000409
0.000455
0.000497
0.000585
0.000516
0.000270
0.000822
0.000978
0.001095
0.001090
0.001006
0.000930
0.000088
0.000094
0.000105
0.000107
0.000954
0.001076
0.001269
0.001347
0.001358
0.001378
0.001485
0.001474
0.001327
0.001212
0.000078
0.000061
0.000052
0.000049
0.000453
0.000646
0.000783
0.000844
0.000895
0.001003
0.001003
0.000999
0.000936
0.000895
0.000873
0.000811
0.000773
0.000743
0.000724
0.000714
0.000711
0.000778
0.000934
0.001086
0.001203
0.001190
0.001157
0.001132
0.001109
0.001053
0.000172
0.000180
0.001654
0.001755
0.001933
0.002132
0.002255
0.002530
0.002797
0.002993
0.003235
0.003192
0.003478
0.003581
0.003717
0.003745
0.003624
0.002919
0.002474
0.000493
0.001131
0.001161
0.001269
0.000019
0.000018
0.000011
0.000009
0.000011
0.000012
0.000020
0.000045
0.000161
0.002322
0.002621
0.002792
0.002868
0.002829
0.002771
0.002734
0.002425
0.002109
0.001657
0.001362
0.001227
0.001105
0.001058
0.001026
0.000940
0.000869
0.000009
0.000004
0.000002
0.000002
0.000002
0.000002
0.000011
0.000011
0.000014
0.000019
0.001755
0.001884
0.002069
0.002210
0.002373
0.002403
0.002402
0.002402
0.002374
0.002362
0.002342
0.002353
0.002258
0.002146
0.001818
0.000523
0.000502
0.000567
0.000545
0.000673
0.000800
0.000905
0.000758
0.000661
0.000295
0.000269
0.000230
0.000015
0.000022
0.000025
0.000654
0.000654
0.000654
0.000682
0.000688
0.000688
0.000667
0.000007
0.000005
0.000002
0.000001
0.000002
0.000001
0.000001
0.000001
0.000001
0.000001
0.000001
0.000001
0.000002
0.000003
0.000006
0.000624
0.000689
0.000779
0.000753
0.000739
0.000741
0.000747
0.000767
0.000801
0.000867
0.000898
0.000910
0.000976
0.001116
0.001137
0.001072
0.001017
0.000983
0.000945
0.000948
0.000907
0.000893
0.000889
0.000896
0.000901
0.000916
0.000888
0.000854
0.000822
0.000788
0.000771
0.000769
0.000715
0.000003
0.000002
0.000002
0.000002
0.000002
0.000004
0.000004
0.000003
0.000006
0.000288
0.000369
0.000395
0.000401
0.001671
0.001786
0.001378
0.000005
0.000003
0.000003
0.000003
0.000001
0.000004
0.000003
0.000005
0.000007
0.000009
0.000018
0.000079
0.000111
0.000110
0.000023
0.000083
0.000123
0.000122
0.000125
0.000126
0.000119
0.000131
0.000061
0.000536
0.000585
0.000640
0.005979
0.006991
0.030526
0.034397
0.116610
0.130189
0.183313
0.253675
0.284818
0.332905
5.396006
5.408884
5.432788
5.442397
5.445991
5.571921
5.753872
5.785939
5.812153
5.821988
5.857613
6.375137
6.694419
6.711673
6.923618
6.995736
7.011985
7.020987
7.023091
7.023107
7.032822
7.033376
7.034430
7.034062
7.023912
7.024003
7.024117
7.023960
7.023752
7.023889
7.024119
7.024060
7.023706
7.023600
7.023977
7.024346
7.024419
7.024017
7.024154
7.024206
7.025881
7.228349
7.233450
7.240320
7.264190
7.284681
7.280292
7.277593
7.277180
7.276996
7.281152
7.289640
7.293053
7.604238
7.615184
7.621677
7.628281
7.634721
7.641551
7.647588
7.652717
7.654599
7.653874
7.653252
7.653693
7.653612
7.651841
7.649568
7.648074
7.649297
7.652870
7.655328
7.858546
7.859161
8.142500
8.164354
8.171675
8.179581
8.546473
8.558358
8.562014
8.563314
8.563044
8.563086
8.563469
8.564406
8.564513
8.563923
8.563976
8.977071
8.976265
8.975737
8.976445
8.978517
8.978946
8.979250
8.978033
8.976807
8.972629
8.961943
8.949182
8.938009
8.925276
8.916037
8.871239
8.767137
0.049895
8.576122
8.433352
8.087013
7.535876
6.957276
6.295926
5.732499
5.249832
0.010986
0.008240
4.787188
0.123779
0.039577
0.225638
0.608600
3.047725
3.310655
4.042706
4.332214
4.724252
5.098569
5.574171
5.882809
6.200499
6.605313
7.122210
7.693073
8.093561
8.247407
8.261508
0.080637
8.417966
8.481149
8.568126
8.640773
8.707639
8.734725
8.751623
8.592842
8.589197
8.601364
8.602498
8.604514
8.605990
8.606365
8.607026
9.005615
9.013460
9.016292
9.021254
9.027462
9.026131
9.023606
9.020342
9.009341
9.009084
9.008530
9.008369
9.006824
9.006475
9.008420
9.008718
9.009007
9.009788
9.085817
9.100489
9.102308
9.108313
9.103091
9.101655
9.105779
9.110113
9.393851
9.401635
9.405814
9.410603
9.413047
9.413092
9.411386
9.412414
9.414786
9.414233
9.407610
9.403263
9.400188
9.388250
9.377634
9.374471
9.373299
9.361531
9.356838
9.359742
9.354329
9.351508
9.357501
9.357958
9.346326
9.341982
9.339773
9.340425
9.349584
9.367209
9.389315
9.407152
9.411971
9.414145
9.414076
9.414627
9.416487
9.417092
9.416567
9.416706
9.417087
9.414910
9.414907
9.417251
9.417450
9.415388
9.412498
9.410686
9.409993
9.411416
9.415532
9.417415
9.417518
9.417434
9.415545
9.415272
9.416792
9.417662
9.417756
9.416811
9.416619
9.416792
9.416748
9.417446
9.419652
9.455822
9.683425
9.690717
9.693921
9.694302
9.694282
9.694246
9.694251
9.693884
9.693693
9.693632
9.692582
9.690437
9.690505
9.691293
9.687206
9.685064
9.685723
9.689447
9.686400
9.686158
9.689178
9.687258
9.686634
9.687683
9.687446
9.686625
9.681728
9.679689
9.674624
9.672210
9.669484
9.652812
9.601897
9.562788
9.539471
9.502714
9.453765
9.415756
9.386656
9.361736
9.296138
9.257067
9.185833
9.074729
8.943093
8.699754
8.464746
0.005630
0.002743
0.002345
0.001449
0.000525
0.000321
0.000282
0.000306
0.000364
0.000560
0.000680
8.314567
8.145428
7.993692
7.804322
7.619009
7.275426
7.308611
7.215735
7.132258
6.796828
6.357386
5.788908
5.607796
5.463617
5.257375
5.095455
4.816192
4.476443
4.206984
3.862938
3.491940
1.979786
0.050846
0.035098
0.031953
0.022936
0.019340
0.006593
0.008347
0.000441
0.001360
0.001701
1.889609
1.739833
1.542691
1.486284
1.404849
1.224208
1.115257
0.033118
0.001604
0.001357
0.000712
0.005970
0.004660
0.006025
0.006495
0.009205
0.009047
0.194325
0.132573
0.128671
0.016486
0.016421
0.012562
0.028198
0.033359
0.649091
0.916583
0.864062
0.946468
0.946528
0.935290
0.900465
0.007758
0.009458
0.010699
0.007921
0.005952
0.006615
0.005878
0.006302
0.011105
0.013774
0.020019
0.015337
0.137904
0.220701
0.330208
0.400361
0.463651
0.593326
0.651546
0.022011
0.006288
0.009800
0.010077
0.000938
0.001170
1.049764
0.002196
1.161700
1.142269
1.058520
0.950679
0.850191
0.007760
0.004307
0.000151
0.000088
0.000101
0.000125
0.000166
0.002261
0.007546
0.005916
0.011895
0.010769
0.242487
0.245429
0.000975
0.316164
0.306841
0.020503
0.046285
0.005681
0.008895
0.010849
0.087481
0.126590
0.569934
0.680129
0.693694
0.534368
0.488701
0.400218
0.048483
0.018422
0.000314
0.000176
0.000285
0.004972
0.011243
0.011132
0.015853
0.003766
0.004068
0.121018
0.358372
0.031224
0.000135
0.000248
0.002012
0.022365
0.052574
1.936298
2.258190
2.711113
3.206474
3.761969
4.184430
4.401218
4.582625
0.003398
0.000256
0.001670
4.550599
4.511131
0.012119
3.904777
3.664893
0.026217
0.138714
2.134404
1.969052
0.017547
0.010960
0.001144
0.000794
0.000690
0.000408
0.049101
1.796698
1.818760
1.832894
1.646759
0.002890
0.000488
0.000289
0.000187
0.000145
0.000111
0.000157
0.002054
0.002280
0.002792
0.003177
0.000064
0.020649
1.833532
1.776543
1.827720
0.028462
1.889854
2.206732
2.341552
2.310297
0.012052
2.193145
2.086916
1.858627
0.013006
1.059700
0.006367
1.698940
1.650136
1.477039
1.364796
0.293321
0.195948
0.071317
0.007409
0.007986
0.000052
0.000509
0.000951
0.000035
0.000024
0.000316
0.000322
0.000212
0.000093
0.016620
0.043036
0.066842
0.074239
0.081289
1.153036
1.105638
0.006353
0.000156
0.000052
0.000147
0.000137
0.000194
0.000137
0.000167
0.001117
0.001725
1.127850
1.088875
0.004727
0.000663
0.000560
0.000546
0.000547
0.000537
0.000536
0.000557
0.002174
0.124802
0.166269
0.006835
0.522369
0.707065
0.689133
0.152816
0.138907
0.002588
0.000036
0.000019
0.000019
0.000019
0.000008
0.000004
0.000003
0.000006
0.000007
0.000009
0.000027
0.000058
0.120518
0.370427
0.484580
0.002137
0.011059
0.760088
0.809946
0.760381
0.768584
0.720386
0.695795
0.685948
0.658025
0.004495
0.003898
0.002095
0.001276
0.003489
0.000000
0.000047
0.000020
0.000032
0.000014
0.000013
0.000015
0.000004
0.000007
0.000000
0.000000
0.000000
0.000000
0.000000
0.000000
0.000000
0.000000
0.000000
0.000000
0.000000
0.000000
0.000006
0.000240
0.205692
0.206004
0.185249
0.139268
0.070961
0.052138
0.000104
0.000279
0.000307
0.000000
0.000000
0.000000
0.000000
0.000000
0.000000
0.000000
0.000936
0.000976
0.000000
0.000000
0.000000
0.000000
0.000000
0.000000
0.000000
0.000000
0.000000
0.000000
0.000000
0.000000
0.001316
0.000000
0.000000
0.000000
0.000000
0.000000
0.000000
0.000000
0.000391
0.000403
0.000415
0.248643
0.256361
0.277183
0.268645
0.292755
0.271919
0.271588
0.040801
1.313176
1.830858
2.129641
2.452193
2.904610
3.336263
0.000363
0.000311
0.000246
0.001079
0.002620
0.000000
0.000000
0.001346
0.001187
0.000000
0.000000
0.000000
0.000000
0.000000
0.000000
0.000000
0.000000
0.000000
0.000000
0.000000
0.000000
0.000000
0.000000
0.000000
0.000000
0.000000
0.000000
0.000000
0.000000
0.000000
0.000000
0.000000
0.000000
0.000000
0.000000
0.000000
0.000000
0.000000
0.000000
0.000000
0.000000
0.000372
0.000381
0.000295
0.000091
0.000033
0.000128
0.000174
0.000034
0.000000
0.000000
0.000000
0.000000
0.000000
0.000000
0.000000
0.000000
0.000000
0.000000
0.000000
0.000000
0.000000
0.000000
0.000000
0.000000
0.000000
0.000000
0.000000
0.000000
0.000000
0.000000
0.000000
0.000000
0.000000
0.001740
0.003482
0.008602
0.137059
0.000008
0.000007
0.000007
0.000009
0.000014
0.000000
0.000000
0.000000
0.000000
0.000000
0.000000
0.000000
0.000000
0.000000
0.000000
0.000000
0.000000
0.000000
0.000000
0.000000
0.000000
0.000000
0.000000
0.000000
0.000000
0.000000
0.000012
0.000003
0.000002
0.000002
0.000016
0.000019
0.000040
0.000000
0.000000
0.000000
0.000000
0.000000
0.000000
0.000000
0.000000
0.000000
0.000000
0.000000
0.000000
0.000000
0.000000
0.000000
0.000000
0.000000
0.000000
0.000000
0.000000
0.000000
0.000000
0.000000
0.000000
0.000000
0.000000
0.000000
0.000000
0.000000
0.000000
0.000000
0.000000
0.000000
0.000000
0.000000
0.000000
0.000000
0.000000
0.000000
0.000000
0.000000
0.000000
0.000000
0.000000
0.000000
0.000000
0.000000
0.000000
0.000000
0.000000
0.000000
0.000000
0.000000
0.000000
0.000000
0.000000
0.000000
0.000000
0.000000
0.000000
0.000000
0.000000
0.000000
0.000000
0.000000
0.000000
0.000000
0.000000
0.000000
0.000000
0.000000
0.000000
0.000000
0.000000
0.000000
0.000000
0.000000
0.000000
0.000000
0.000000
0.000000
0.000000
0.000000
0.000000
0.000000
0.000000
0.000000
0.000000
0.000000
0.000000
0.000000
0.000000
0.000000
0.000000
0.000000
0.000000
0.000000
0.000000
0.000000
0.000000
0.000000
0.000039
0.000006
0.000004
0.000004
0.000006
0.000006
0.000014
0.000006
0.000010
0.000017
0.000026
0.000006
0.000004
0.000003
0.000002
0.000007
0.000000
0.000000
0.000000
0.000000
0.000000
0.000000
0.000000
0.000000
0.000000
0.000000
0.000000
0.000000
0.000002
0.000002
0.000007
0.000000
0.000000
0.000000
0.000000
0.000000
0.000009
0.000005
0.000013
0.000016
0.000019
0.000036
0.000049
0.000053
0.000000
0.000000
0.000000
0.000000
0.000000
0.000000
0.000000
0.000055
0.000100
0.000000
0.000000
0.000000
0.000000
0.000000
0.000000
0.000000
0.000000
0.000000
0.000000
0.000000
0.000000
0.000000
0.000000
0.000000
0.000000
0.000000
0.000000
0.000000
0.000000
0.000000
0.000000
0.000000
0.000000
0.000000
0.000000
0.000000
0.000000
0.000000
0.000000
0.000000
0.000000
0.000000
0.000000
0.000000
0.000000
0.000000
0.000000
0.000000
0.000000
0.000000
0.000000
0.000000
0.000000
0.000000
0.000000
0.000000
0.000000
0.000000
0.000000
0.000000
0.000000
0.000000
0.000000
0.000000
0.000000
0.000000
0.000000
0.000000
0.000000
0.000000
0.000000
0.000000
0.000000
0.000000
0.000000
0.000000
0.000000
0.000000
0.000000
0.000000
0.000000
0.000000
0.000000
0.000000
0.000000
0.000000
0.000000
0.000000
0.000000
0.000000
0.000000
0.000000
0.000000
0.000000
0.000000
0.000000
0.000000
0.000000
0.000000
0.000000
0.000000
0.000000
0.000000
0.000000
0.000000
0.000000
0.000000
0.000000
0.000000
0.000000
0.000000
0.000000
0.000000
0.000000
0.000000
0.000000
0.000000
0.000000
0.000000
0.000000
0.000000
0.000000
0.000000
0.000000
0.000000
0.000000
0.000000
0.000000
0.000000
0.004447
0.009128
0.026100
0.016309
0.000000
0.000000
0.000000
0.000000
0.000000
0.000000
0.000000
0.000000
0.000000
0.000000
0.000000
0.000000
0.000000
0.000000
0.000000
0.000000
0.000000
0.000000
0.000000
0.000000
0.000000
0.000000
0.000000
0.000000
0.000000
0.000000
0.000000
0.000000
0.000000
0.000000
0.000000
0.000000
0.000000
0.000000
0.000000
0.000000
0.000000
0.000000
0.000000
0.000000
0.000000
0.000000
0.000000
0.000000
0.000000
0.000000
0.000000
0.000000
0.000000
0.000000
0.000000
0.000000
0.000000
0.000000
0.000000
0.000000
0.000000
0.000000
0.000000
0.000000
0.000000
0.000000
0.000000
0.000000
0.000000
0.000000
0.000000
0.000000
0.000000
0.000000
0.000000
0.000000
0.000000
0.000000
0.000000
0.000000
0.000000
0.000000
0.000000
0.000000
0.000000
0.000000
0.000000
0.000000
0.000000
0.000000
0.000000
0.000000
0.000000
0.000000
0.000000
0.000000
0.000000
0.000000
0.000000
0.000000
0.000000
0.000000
0.000000
0.000000
0.000000
0.000000
0.000000
0.000000
0.000000
0.000000
0.000000
0.000000
0.000000
0.000000
0.000000
0.000000
0.000000
0.000000
0.000000
0.000000
0.000000
0.000000
0.000000
0.000000
0.000000
0.000000
0.000000
0.000000
0.000000
0.000000
0.000000
0.000000
0.000000
0.000000
0.000000
0.000000
0.000000
0.000000
0.000000
0.000000
0.000000
0.000000
0.000000
0.000000
0.000000
0.000000
0.000000
0.000000
0.000000
0.000000
0.000000
0.000000
0.000000
0.000000
0.000000
0.000000
0.000000
0.000000
0.000000
0.000000
0.000000
0.000000
0.000000
0.000000
0.000000
0.000000
0.000000
0.000000
0.000000
0.000000
0.000000
0.000000
0.000000
0.000000
0.000000
0.000000
0.000000
0.000000
0.000000
0.000000
0.000000
0.000000
0.000000
0.000000
0.000000
0.000000
0.000000
0.000000
0.000000
0.000000
0.000000
0.000000
0.000000
0.000000
0.000000
0.000000
0.000000
0.000000
0.000000
0.000000
0.000000
0.000000
0.000000
0.000000
0.000000
0.000000
0.000000
0.000000
0.000000
0.000000
0.000000
0.000000
0.000000
0.000000
0.000000
0.000000
0.000000
0.000000
0.000000
0.000000
0.000000
0.000000
0.000000
0.000000
0.000000
0.000000
0.000000
0.000000
0.000000
0.000000
0.000000
0.000000
0.000000
0.000000
0.000000
0.000000
0.000000
0.000000
0.000000
0.000000
0.000000
0.000000
0.000000
0.000000
0.000000
0.000000
0.000000
0.000000
0.000000
0.000000
0.000000
0.000000
0.000000
0.000000
0.000000
0.000000
0.000000
0.000000
0.000000
0.000000
0.000000
0.000000
0.000000
0.000000
0.000000
0.000000
0.000000
0.000000
0.000000
0.000000
0.000000
0.000000
0.000000
0.000000
0.000000
0.000000
0.000000
0.000000
0.000000
0.000000
0.000000
0.000000
0.000000
0.000000
0.000000
0.000000
0.000000
0.000000
0.000000
0.000000
0.000000
0.000000
0.000000
0.000000
0.000000
0.000000
0.000000
0.000000
0.000000
0.000000
0.000000
0.000000
0.000000
0.000000
0.000000
0.000000
0.000000
0.000000
0.000000
0.000000
0.000000
0.000000
0.000000
0.000000
0.000000
0.000000
0.000000
0.000000
0.000000
0.000000
0.000000
0.000000
0.000000
0.000000
0.000000
0.000000
0.000000
0.000000
0.000000
0.000000
0.000000
0.000000
0.000000
0.000000
0.000000
0.000000
0.000000
0.000000
0.000000
0.000000
0.000000
0.000000
0.000000
0.000000
0.000000
0.000000
0.000000
0.000000
0.000000
0.000000
0.000000
0.000000
0.000000
0.000000
0.000000
0.000000
0.000000
0.000000
0.000000
0.000000
0.000000
0.000000
0.000000
0.000000
0.000000
0.000000
0.000000
0.000000
0.000000
0.000000
0.000000
0.000000
0.000000
0.000000
0.000000
0.000000
0.000000
0.000000
0.000000
0.000000
0.000000
0.000000
0.000000
0.000000
0.000000
0.000000
0.000000
0.000000
0.000000
0.000000
0.000000
0.000000
0.000000
0.000000
0.000000
0.000000
0.000000
0.000000
0.000000
0.000000
0.000000
0.000000
0.000000
0.000000
0.000000
0.000000
0.000000
0.000000
0.000000
0.000000
0.000000
0.000000
0.000000
0.000000
0.000000
0.000000
0.000000
0.000000
0.000000
0.000000
0.000000
0.000000
0.000000
0.000000
0.000000
0.000000
0.000000
0.000000
0.000000
0.000000
0.000000
0.000000
0.000000
0.000000
0.000000
0.000000
0.000000
0.000000
0.000000
0.000000
0.000000
0.000000
0.000000
0.001239
0.012194
4.736153
5.311219
5.651716
6.196091
6.449844
0.000000
0.000000
0.000000
0.000000
0.000000
0.000000
0.000000
0.000001
0.000000
0.000000
0.000000
0.000000
0.000000
0.000001
0.000002
0.000003
0.000000
0.000000
0.000001
0.000000
0.000001
0.000033
0.000009
0.000005
0.000002
0.000002
0.000002
0.000012
0.000012
0.000001
0.000001
0.000002
0.000008
0.000008
0.000019
0.000054
0.005105
0.005907
0.006623
0.007187
0.007728
0.008183
0.008273
0.008120
0.005047
0.005202
0.005298
0.005326
0.005301
0.005141
0.005102
0.005080
0.004876
0.004715
0.004564
0.004394
0.006508
0.006078
0.000692
0.000685
0.004672
0.005346
0.005231
0.004949
0.005283
0.005177
0.004842
0.004735
0.004615
0.001478
0.001462
0.003085
0.004729
0.004798
0.004937
0.005216
0.005466
0.005798
0.006290
0.006309
0.006201
0.006227
0.006271
0.006266
0.006333
0.006332
0.006259
0.006163
0.006060
0.006065
0.006027
0.005949
0.005799
0.005472
0.005242
0.004970
0.004634
0.004997
0.001090
0.000955
0.001635
0.001890
0.001219
0.001229
0.001221
0.001238
0.001177
0.001092
0.001051
0.000383
0.000241
0.000261
0.000488
0.004315
0.005407
0.006132
0.006111
0.005974
0.005672
0.005313
0.004451
0.003766
0.000365
0.000302
0.000186
0.000605
0.000701
0.000769
0.000000
0.000000
0.000000
0.000000
0.000000
0.000000
