0.291543
0.054463
0.048396
0.036562
0.012432
0.007578
0.000003
0.000002
0.000002
0.000001
0.000001
0.000000
0.000000
0.000000
0.000000
0.000000
0.000000
0.000000
0.000003
0.000001
0.000010
0.000000
0.000000
0.000000
0.000000
0.000000
0.000000
0.000000
0.000000
0.000000
0.000000
0.000000
0.000000
0.000000
0.000000
0.000000
0.000000
0.000000
0.000000
0.000273
0.000212
0.000102
0.000000
0.000000
0.000000
0.000000
0.000000
0.000000
0.000000
0.000000
0.000057
0.004977
0.006404
0.005120
0.013731
0.025101
0.026200
0.025571
0.025014
0.007882
0.007936
0.007102
0.004664
0.002787
0.002337
0.000423
0.000220
0.000196
0.000177
0.000160
0.000146
0.000134
0.000012
0.000013
0.000015
0.000016
0.000000
0.000000
0.000000
0.000008
0.000007
0.000000
0.000000
0.000000
0.000000
0.000000
0.000000
0.000000
0.000000
0.000000
0.000000
0.000000
0.000000
0.000000
0.000000
0.000000
0.000000
0.000000
0.000000
0.000000
0.000000
0.000000
0.000000
0.000019
0.000706
0.000000
0.000000
0.000000
0.000000
0.000000
0.000000
0.000000
0.000000
0.000000
0.000000
0.000000
0.000000
0.000000
0.000000
0.000000
0.000000
0.000000
0.000000
0.000000
0.000000
0.000000
0.000000
0.000000
0.000000
0.000000
0.000000
0.000000
0.000000
0.000000
0.000000
0.000000
0.006710
0.006664
0.000000
0.000000
0.000000
0.000000
0.000000
0.000000
0.000005
0.006049
0.006068
0.005740
0.000260
0.000935
0.000980
0.000007
0.000005
0.000004
0.000002
0.000002
0.000001
0.000001
0.000001
0.000001
0.000004
0.000011
0.000020
0.000445
0.000781
0.018615
0.013063
0.013093
0.005601
0.004367
0.000114
0.000096
0.000053
0.000414
0.000346
0.000366
0.000394
0.000437
0.000416
0.000517
0.003172
0.009742
0.009888
0.010061
0.010167
0.010339
0.009842
0.006335
0.003147
0.007876
0.008215
0.008547
0.008859
0.009079
0.009524
0.009813
0.009793
0.009165
0.008840
0.008494
0.009406
0.000382
0.000322
0.000174
0.000355
0.000444
0.000495
0.000519
0.000503
0.000034
0.002648
0.002678
0.000007
0.000018
0.000025
0.000025
0.000026
0.000028
0.000512
0.000535
0.000578
0.010167
0.011071
0.013158
0.011522
0.011692
0.011627
0.011467
0.010857
0.004865
0.000000
0.000000
0.000000
0.000000
0.000000
0.000000
0.000000
0.000000
0.000000
0.000000
0.000000
0.000000
0.000000
0.000000
0.000000
0.000000
0.000000
0.000000
0.000000
0.000000
0.000000
0.000000
0.000000
0.000000
0.000000
0.000000
0.000000
0.000000
0.000000
0.000000
0.000000
0.000000
0.000000
0.000000
0.000000
0.000000
0.000000
0.000000
0.000000
0.000000
0.000000
0.000000
0.000000
0.000000
0.000000
0.000000
0.000000
0.000000
0.000000
0.004501
0.006177
0.000001
0.000000
0.000000
0.006691
0.006727
0.007465
0.000000
0.000000
0.000000
0.000000
0.007787
0.008519
0.009057
0.008981
0.002263
0.003665
0.003916
0.000001
0.000000
0.000000
0.000000
0.000000
0.000000
0.000000
0.004087
0.004238
0.004272
0.005739
0.006729
0.006666
0.003604
0.005969
0.000000
0.000000
0.000000
0.000000
0.000000
0.000000
0.000000
0.000000
0.000000
0.000000
0.000001
0.000001
0.000000
0.000000
0.000000
0.000000
0.000000
0.000000
0.000000
0.000000
0.000000
0.000000
0.000000
0.000000
0.000000
0.000000
0.000000
0.000000
0.000000
0.000000
0.000000
0.000000
0.000000
0.000000
0.000000
0.000000
0.000000
0.000000
0.006754
0.007022
0.007289
0.008595
0.012221
0.012561
0.012806
0.000000
0.000000
0.000000
0.000000
0.000000
0.000000
0.000000
0.000000
0.000000
0.000000
0.000000
0.000000
0.000000
0.000000
0.000000
0.000000
0.000000
0.012897
0.012909
0.000002
0.000001
0.000000
0.000000
0.000000
0.000000
0.000000
0.000000
0.000000
0.000000
0.000001
0.000000
0.000000
0.000000
0.000001
0.000001
0.000000
0.000000
0.000000
0.000000
0.000000
0.000000
0.000000
0.000000
0.000000
0.000000
0.000000
0.000000
0.000000
0.000000
0.000000
0.000000
0.000000
0.000000
0.000000
0.000000
0.000000
0.000000
0.000000
0.000000
0.000000
0.000000
0.000000
0.000000
0.000000
0.000000
0.000000
0.000000
0.000000
0.000000
0.000000
0.000000
0.000000
0.000000
0.000000
0.000000
0.000000
0.000000
0.000000
0.000000
0.000000
0.000000
0.000000
0.000000
0.000000
0.000000
0.000000
0.000000
0.000000
0.000000
0.000000
0.000000
0.000000
0.000000
0.000000
0.000000
0.000000
0.000000
0.000000
0.000000
0.000000
0.000000
0.000000
0.000000
0.000000
0.000000
0.000000
0.000000
0.000000
0.000000
0.000000
0.000001
0.000006
0.000000
0.000000
0.000000
0.000000
0.000000
0.000000
0.000000
0.000000
0.000000
0.000000
0.000000
0.000000
0.000000
0.000000
0.000000
0.000000
0.012903
0.012903
0.012856
0.012813
0.012749
0.000000
0.000000
0.000000
0.000000
0.000000
0.000000
0.000000
0.000000
0.000000
0.000000
0.000000
0.000000
0.000000
0.000000
0.000000
0.000000
0.000000
0.000000
0.000000
0.000000
0.000000
0.000000
0.000000
0.000000
0.000000
0.000000
0.000000
0.000000
0.000000
0.000000
0.000000
0.000000
0.000000
0.000000
0.000000
0.000000
0.000000
0.000000
0.000000
0.000000
0.000000
0.000000
0.000000
0.000000
0.000000
0.000000
0.000000
0.000000
0.000000
0.000000
0.000000
0.000000
0.000004
0.000003
0.000002
0.000003
0.000001
0.000000
0.000000
0.000002
0.000002
0.000000
0.000000
0.000000
0.000000
0.000000
0.000000
0.003349
0.003471
0.004207
0.000004
0.000001
0.000001
0.000000
0.000000
0.000000
0.000000
0.000000
0.000000
0.000000
0.000000
0.000002
0.000004
0.000008
0.000002
0.000002
0.000003
0.000000
0.000000
0.000000
0.000001
0.000001
0.000001
0.000001
0.000001
0.000000
0.000000
0.000000
0.000000
0.000000
0.000001
0.000002
0.000003
0.003250
0.003744
0.003604
0.000141
0.000002
0.000003
0.000005
0.000006
0.000004
0.000003
0.000015
0.000006
0.000005
0.000004
0.000001
0.000001
0.000001
0.000003
0.000003
0.000004
0.000001
0.000001
0.000002
0.000001
0.000001
0.000002
0.000002
0.000007
0.000012
0.000055
0.000056
0.000006
0.000001
0.000001
0.000003
0.000003
0.000001
0.000002
0.000002
0.000002
0.000002
0.000002
0.000005
0.000006
0.000003
0.000004
0.000006
0.000005
0.000006
0.000010
0.000006
0.000007
0.000013
0.000014
0.000021
0.000867
0.001254
0.001374
0.001420
0.001318
0.002100
0.001904
0.000017
0.000020
0.000023
0.000033
0.000041
0.000027
0.000061
0.000072
0.000167
0.000214
0.000265
0.034665
0.038909
0.641355
1.425753
1.561662
1.659397
1.324132
0.012991
0.000238
0.000333
0.000384
0.000048
0.000061
0.009488
0.010292
0.000599
0.003621
0.003845
0.017215
0.024614
0.251058
2.657165
4.243519
4.874620
5.666248
6.548648
0.000006
0.000006
0.000006
0.000001
0.000001
0.000000
0.000000
0.000000
0.000000
0.000000
0.000000
0.000000
0.000001
0.000000
0.000002
0.000001
0.000001
0.000000
0.000000
0.000000
0.000000
0.000000
0.000000
0.000001
0.000000
0.000000
0.000000
0.000000
0.000000
0.000000
0.000000
0.000001
0.000001
0.000003
0.000002
0.000001
0.000001
0.000001
0.000002
0.000001
0.000000
0.000002
0.000006
0.000008
0.000007
0.000006
0.000004
0.000005
0.000003
0.000003
0.000003
0.000001
0.000001
0.000001
0.000001
0.000001
0.000005
0.000009
0.000007
0.000010
0.000021
0.000034
0.000116
0.000217
0.000465
0.001612
0.016110
7.916808
8.507367
8.874267
9.046771
9.192149
9.935009
9.960009
9.986235
9.994220
9.998720
9.999402
9.999245
9.997174
9.992351
9.985971
9.969228
9.958422
9.947609
9.934624
9.910535
9.908022
9.914779
9.935532
9.950505
9.957466
9.979306
9.993658
9.993729
9.994696
9.998486
9.999721
9.999702
9.999758
9.999873
9.999916
9.999864
9.999859
9.999859
9.999612
9.993886
9.961681
9.820529
8.966884
9.176639
9.539470
9.843578
9.952838
9.993552
9.999351
9.999786
9.999811
9.999849
9.999863
9.999651
9.996351
9.992909
9.990673
9.990049
9.991978
9.995832
9.996568
9.994393
9.992703
9.993093
9.992399
9.991669
9.991923
9.994618
9.996138
9.995331
9.978665
9.954567
9.945015
9.923752
9.863933
9.827072
9.801437
0.083759
9.923844
9.967711
9.967952
9.934795
9.907722
9.901324
9.861039
9.821532
9.713502
9.620414
9.189695
7.917700
6.860225
5.815044
4.887946
3.981198
2.952892
2.574625
0.588715
0.008008
0.001712
0.013189
0.484829
0.514018
0.635320
0.538156
0.507866
0.184848
0.069003
0.004350
0.042314
0.006889
0.000155
0.000122
0.000116
0.000217
0.006657
0.007042
0.299533
0.300135
0.319357
0.286232
0.023687
0.006194
0.004455
0.000113
0.000060
0.000050
0.000026
0.000025
0.000015
0.000017
0.000009
0.000005
0.000004
0.000007
0.000005
0.000002
0.000003
0.000001
0.000002
0.000005
0.000006
0.000006
0.000010
0.000006
0.000006
0.000010
0.000008
0.004265
0.000231
0.029212
0.022291
0.022845
0.023531
0.002038
0.360369
0.402352
0.014878
0.580156
0.664963
0.714802
0.464174
0.104876
0.010622
0.000849
0.000551
0.000530
0.001182
0.000085
0.000031
0.000099
0.000082
0.000101
0.000168
0.000156
0.000059
0.000058
0.000075
0.000260
0.000817
0.000439
0.000296
0.000147
0.000177
0.009760
0.011250
0.348334
0.383327
0.409206
0.926725
1.014269
0.073919
0.912653
0.925250
0.890623
0.000743
0.029633
0.019062
0.030806
0.814370
0.263530
0.191163
0.058240
0.019222
0.000731
0.001893
0.001277
0.001709
0.002218
0.002434
0.010506
0.801132
0.888122
0.969679
1.119839
1.143951
1.147955
1.111397
1.048123
0.003256
0.004264
0.003986
0.003963
0.004917
0.005605
0.047952
0.239571
0.499726
0.543153
0.055446
0.027934
0.010065
0.008764
0.007462
0.004238
0.003258
0.002955
0.002973
0.014442
0.531571
0.573300
0.091753
0.074955
0.000418
0.005739
0.011159
0.016554
0.719188
0.755461
0.751041
0.016106
0.029947
0.026412
0.022350
0.007601
0.006259
0.003621
0.000819
0.000063
0.000086
0.000104
0.000083
0.000129
0.000160
0.000127
0.000087
0.000145
0.000100
0.000804
0.011034
0.010508
0.010990
0.011308
0.012399
0.058171
0.068582
0.683559
0.695792
0.647121
0.632884
0.557986
0.527665
0.491415
0.150327
0.139101
0.128106
0.093549
0.006840
0.023383
0.084420
0.138420
0.143514
0.149534
0.154094
0.013274
0.006703
0.000180
0.000092
0.004283
0.004107
0.001767
0.078775
0.088592
0.182586
0.350438
0.410508
0.618133
0.737485
0.753086
0.740759
0.002477
0.835872
0.845512
0.824145
0.064462
0.072175
0.274469
0.267799
0.249453
0.233914
0.228916
0.159853
0.029404
0.001211
0.000058
0.000085
0.000558
0.000644
0.000694
0.000328
0.001431
0.001059
0.014866
0.015215
0.009757
0.015669
0.016610
0.016911
0.000687
0.000606
0.000742
0.000049
0.000095
0.015342
0.031075
0.043750
0.442680
0.525861
0.585000
0.605956
0.624413
0.630639
0.612357
0.081870
0.078484
0.021664
0.014764
0.014639
0.000068
0.000095
0.014724
0.024228
0.024285
0.023980
0.024030
0.028379
0.060494
0.593537
0.567292
0.552711
0.506345
0.457501
0.398444
0.332775
0.311019
0.279765
0.134158
0.060782
0.053743
0.003508
0.003282
0.001568
0.001446
0.001258
0.000744
0.000111
0.000354
0.000312
0.000978
0.004477
0.005826
0.005601
0.009160
0.013690
0.014123
0.014562
0.042211
0.104243
0.108603
0.120286
0.575527
0.625320
0.650796
0.658765
0.009933
0.656333
0.663212
0.582087
0.366190
0.344312
0.029721
0.010234
0.001714
0.001799
0.160196
0.184027
0.203817
0.200909
0.010287
0.009752
0.000402
0.000416
0.000292
0.000283
0.226104
0.004364
0.000130
0.000122
0.000072
0.000181
0.000692
0.301751
0.013099
0.339064
0.026198
0.013345
0.013110
0.000015
0.000094
0.000082
0.000049
0.000037
0.000029
0.000022
0.000749
0.001541
0.001612
0.004245
0.211982
0.234058
0.247301
0.243282
0.243535
0.241780
0.114609
0.080061
0.079721
0.032001
0.019428
0.061905
0.062414
0.062225
0.033004
0.031883
0.001478
0.020366
0.020427
0.000670
0.001271
0.001008
0.000843
0.004739
0.004378
0.003813
0.029396
0.030310
0.031385
0.029678
0.029141
0.033462
0.106748
0.123151
0.222143
0.315245
0.336722
0.341351
0.351291
0.321509
0.251656
0.233599
0.211405
0.151878
0.138219
0.093612
0.069074
0.052924
0.025185
0.019702
0.018953
0.018062
0.016296
0.010744
0.010452
0.000733
0.000430
0.000439
0.000458
0.000465
0.000528
0.000557
0.000017
0.000018
0.000009
0.000002
0.000150
0.000099
0.000001
0.000002
0.000006
0.000006
0.000011
0.000128
0.000121
0.000006
0.000000
0.000000
0.000001
0.000000
0.000001
0.000000
0.000000
0.000000
0.000000
0.000000
0.000000
0.000000
0.000000
0.000001
0.000002
0.000007
0.007377
