0.007090
0.000739
0.000716
0.000000
0.000000
0.000000
0.000000
0.000032
0.001098
0.000042
0.000040
0.000000
0.000000
0.000000
0.000000
0.000000
0.000000
0.000000
0.000000
0.000000
0.000000
0.000000
0.000000
0.000000
0.000000
0.000000
0.000000
0.000000
0.000000
0.000000
0.000000
0.000000
0.000000
0.000000
0.000000
0.000000
0.000000
0.000000
0.000000
0.000000
0.000000
0.000000
0.000000
0.000000
0.000000
0.000000
0.000000
0.000000
0.000000
0.000000
0.000000
0.000000
0.000000
0.000000
0.000000
0.000000
0.000000
0.000000
0.000000
0.000000
0.000000
0.000000
0.000000
0.000000
0.000000
0.000000
0.000000
0.000000
0.000000
0.000000
0.000000
0.000000
0.000000
0.000000
0.000000
0.000000
0.000000
0.000000
0.000000
0.000000
0.000000
0.000000
0.000000
0.000000
0.000000
0.000000
0.000018
0.000024
0.000010
0.000014
0.000489
0.004159
0.004288
0.005819
0.006044
0.006111
0.010476
0.005712
0.008222
0.008271
0.056952
0.055874
0.000048
0.000031
0.000000
0.000000
0.000000
0.000000
0.000000
0.000000
0.000000
0.000000
0.000000
0.000000
0.000000
0.000000
0.000000
0.000000
0.000000
0.000000
0.000000
0.000000
0.000000
0.000000
0.000000
0.000000
0.000000
0.000000
0.000000
0.000000
0.000000
0.000051
0.000007
0.000085
0.000048
0.000049
0.000034
0.000014
0.000030
0.000027
0.000018
0.000000
0.000000
0.000000
0.000000
0.000000
0.000000
0.000000
0.000046
0.000024
0.000014
0.000000
0.000000
0.000000
0.000000
0.000000
0.000000
0.000000
0.000000
0.000095
0.000104
0.000040
0.000043
0.001128
0.001269
0.001359
0.001480
0.001677
0.001827
0.002768
0.005773
0.001921
0.000058
0.000034
0.000044
0.000404
0.003022
0.008010
0.012245
2.346137
2.220506
1.989374
1.560666
0.858835
0.417041
0.006341
0.005707
0.004038
0.000653
0.000596
0.000569
0.000544
0.000000
0.000000
0.000000
0.000000
0.000000
0.000000
0.000000
0.000000
0.000000
0.000000
0.000000
0.000000
0.000000
0.000000
0.000000
0.000000
0.000000
0.000000
0.000000
0.000000
0.000000
0.000000
0.000000
0.000000
0.000000
0.000000
0.000000
0.000000
0.000000
0.000000
0.000000
0.000000
0.000000
0.000000
0.000000
0.000000
0.000000
0.000000
0.000000
0.000000
0.000000
0.000000
0.000000
0.000000
0.000000
0.000000
0.000000
0.000000
0.000000
0.000000
0.000000
0.000000
0.000000
0.000000
0.000000
0.000000
0.000000
0.000000
0.000000
0.000000
0.000000
0.000000
0.000000
0.000000
0.000000
0.000000
0.000000
0.000000
0.000000
0.000000
0.000000
0.000000
0.000000
0.000000
0.000000
0.000000
0.000000
0.000000
0.000000
0.000000
0.000000
0.000000
0.000000
0.000000
0.000000
0.000000
0.000000
0.000000
0.000000
0.000000
0.000000
0.000000
0.000000
0.000000
0.000000
0.000000
0.000000
0.000000
0.000000
0.000000
0.000000
0.000000
0.000000
0.000000
0.000000
0.000000
0.000000
0.000000
0.000000
0.000000
0.000000
0.000000
0.000000
0.000000
0.000000
0.000000
0.000000
0.000442
0.003618
0.003399
0.000127
0.000052
0.000032
0.000026
0.000037
0.000181
0.000114
0.000000
0.000000
0.000000
0.000000
0.000000
0.000000
0.000000
0.000000
0.000000
0.000000
0.000000
0.000000
0.000000
0.000000
0.000000
0.000000
0.000000
0.000000
0.000000
0.000000
0.000000
0.000000
0.000000
0.004833
0.005337
0.004894
0.002373
0.002297
0.003763
0.002961
0.002179
0.002171
0.002194
0.002139
0.000000
0.000000
0.000000
0.000000
0.000000
0.000000
0.000000
0.000000
0.000000
0.000000
0.000000
0.000000
0.000000
0.000000
0.000000
0.000000
0.000000
0.000000
0.000000
0.000000
0.000000
0.000000
0.000000
0.000000
0.000000
0.000000
0.000000
0.000000
0.000000
0.000000
0.000000
0.000001
0.000000
0.000000
0.000000
0.000000
0.000000
0.000001
0.000001
0.000000
0.000000
0.000000
0.000000
0.000000
0.000001
0.000002
0.000002
0.000003
0.000000
0.000000
0.000001
0.000001
0.000001
0.000000
0.000001
0.000001
0.000004
0.000001
0.000013
0.000002
0.000001
0.000001
0.000001
0.000001
0.000004
0.000005
0.000009
0.000001
0.000001
0.000001
0.000004
0.000014
0.000007
0.000009
0.000003
0.000001
0.000004
0.000005
0.000002
0.000003
0.000004
0.000005
0.000006
0.000007
0.000001
0.000000
0.000001
0.000001
0.000001
0.000001
0.000006
0.000007
0.000009
0.000010
0.000008
0.000011
0.000002
0.000002
0.000003
0.000001
0.000001
0.000002
0.000003
0.000083
0.000184
0.000226
0.002599
0.067056
0.063933
0.061599
0.023735
0.046314
0.516818
0.694741
0.922688
0.838901
0.001799
0.000008
0.000007
0.000010
0.000003
0.000005
0.000004
0.000010
0.000010
0.000015
0.000009
0.000056
0.013066
0.000829
0.000030
0.000024
0.000017
0.000033
0.000015
0.000014
0.000018
0.000609
0.023623
0.020201
0.027662
0.026510
0.018083
0.000141
0.000094
0.001487
0.017324
0.586647
0.573345
0.010998
0.675435
0.652807
0.585643
0.318392
0.172583
0.046569
0.014173
0.000113
0.000101
0.000126
0.000153
0.000065
0.000025
0.000017
0.000035
0.000059
0.000060
0.000059
0.000030
0.000028
0.000043
0.000105
0.013694
0.066528
0.074190
0.818424
0.856788
0.887752
0.922197
0.904613
0.358561
0.125542
0.059900
0.000025
0.000016
0.000027
0.000021
0.000021
0.000018
0.000019
0.000022
0.000022
0.000012
0.000021
0.000049
0.000053
0.000088
0.000076
0.000121
0.000222
0.001664
0.002325
0.069979
0.049577
1.057358
1.274682
1.457478
1.657828
1.822488
2.012097
2.219709
2.471693
2.896764
3.372106
3.960130
4.544076
5.214092
5.843110
6.325009
6.826226
7.047051
7.233324
7.346970
7.456992
7.484932
7.514288
7.534738
7.544415
7.545515
7.546144
0.000001
0.000000
0.000000
0.000000
0.000000
0.000000
0.000000
0.000000
0.000000
0.000000
0.000000
0.000000
0.000000
0.000000
0.000000
0.000000
0.000000
0.000000
0.000000
0.000000
0.000000
0.000000
0.000000
0.000000
0.000000
0.000000
0.000000
0.000000
0.000000
0.000000
0.000000
0.000000
0.000000
0.000000
0.000000
0.000000
0.000000
0.000000
0.000000
0.000000
0.000000
0.000000
0.000000
0.000000
0.000000
0.000000
0.000000
0.000000
0.000000
0.000000
0.000000
0.000000
0.000000
0.000000
0.000000
0.000000
0.000000
0.000000
0.000000
0.000000
0.000000
0.000000
0.000000
0.000000
0.000000
0.000000
0.000000
0.000000
0.000000
0.000000
0.000000
0.000000
0.000000
0.000000
0.000000
0.000000
0.000000
0.000000
0.000000
0.000000
0.000000
0.000000
0.000000
0.000000
0.000000
0.000000
0.000000
0.000000
0.000000
0.000000
0.000000
0.000000
0.000000
0.000000
0.000000
0.000000
0.000000
0.000000
0.000000
0.000000
0.000000
0.000000
0.000000
0.000000
0.000000
0.000000
0.000000
0.000000
0.000000
0.000000
0.000000
0.000000
0.000000
0.000000
0.000000
0.000000
0.000000
0.000000
0.000000
0.000000
0.000000
0.000000
0.000000
0.000000
0.000000
0.000000
0.000000
0.000000
0.000000
0.000000
0.000000
0.000000
0.000000
0.000000
0.000000
0.000000
0.000000
0.000000
0.000000
0.000000
0.000000
0.000000
0.000000
0.000000
0.000000
0.000000
0.000000
0.000000
0.000000
0.000000
0.000000
0.000000
0.000000
0.000000
0.000000
0.000000
0.000000
0.000000
0.000000
0.000000
0.000000
0.000000
0.000000
0.000000
0.000000
0.000000
0.000000
0.000000
0.000000
0.000000
0.000000
0.000000
0.000000
0.000000
0.000000
0.000000
0.000000
0.000000
0.000000
0.000000
0.000000
0.000000
0.000000
0.000000
0.000000
0.000000
0.000000
0.000000
0.000000
0.000000
0.000000
0.000000
0.000000
0.000000
0.000000
0.000000
0.000000
0.000000
0.000000
0.000000
0.000000
0.000000
0.000000
0.000000
0.000000
0.000000
0.000000
0.000000
0.000000
0.000000
0.000000
0.000000
0.000000
0.000000
0.000000
0.000000
0.000000
0.000000
0.000000
0.000000
0.000000
0.000000
0.000000
0.000000
0.000000
0.000000
0.000000
0.000000
0.000000
0.000000
0.000000
0.000000
0.000000
0.000000
0.000000
0.000000
0.000000
0.000000
0.000000
0.000000
0.000000
0.000000
0.000000
0.000000
0.000000
0.000000
0.000000
0.000000
0.000000
0.000000
0.000000
0.000000
0.000000
0.000000
0.000000
0.000000
0.000000
0.000000
0.000000
0.000000
0.000000
0.000000
0.000000
0.000000
0.000000
0.000000
0.000000
0.000000
0.000000
0.000000
0.000000
0.000000
0.000000
0.000000
0.000000
0.000000
0.000000
0.000000
0.000000
0.000000
0.000000
0.000000
0.000000
0.000000
0.000000
0.000000
0.000000
0.000000
0.000000
0.000000
0.000000
0.000000
0.000000
0.000000
0.000000
0.000000
0.000000
0.000000
0.000000
0.000000
0.000000
0.000000
0.000000
0.000000
0.000000
0.000000
0.000000
0.000000
0.000000
0.000000
0.000000
0.000000
0.000000
0.000000
0.000000
0.000000
0.000000
0.000000
0.000000
0.000000
0.000000
0.000000
0.000000
0.000000
0.000000
0.000000
0.000000
0.000000
0.000000
0.000000
0.000000
0.000000
0.000000
0.000000
0.000000
0.000000
0.000000
0.000000
0.000000
0.000000
0.000000
0.000000
0.000000
0.000000
0.000000
0.000000
0.000000
0.000000
0.000000
0.000000
0.000000
0.000000
0.000000
0.000000
0.000000
0.000000
0.000000
0.000000
0.000000
0.000000
0.000000
0.000000
0.000000
0.000000
0.000000
0.000000
0.000000
0.000000
0.000000
0.000000
0.000000
0.000000
0.000000
0.000000
0.000000
0.000000
0.000000
0.000000
0.000000
0.000000
0.000000
0.000000
0.000000
0.000000
0.000000
0.000000
0.000000
0.000000
0.000000
0.000000
0.000000
0.000000
0.000000
0.000000
0.000000
0.000000
0.000000
0.000000
0.000000
0.000000
0.000000
0.000000
0.000000
0.000000
0.000000
0.000000
0.000000
0.000000
0.000000
0.000000
0.000000
0.000000
0.000000
0.000000
0.000000
0.000000
0.000000
7.421317
7.421300
7.421259
7.421393
7.421397
7.421312
7.679677
7.680471
7.681948
7.677797
7.670280
7.665127
7.629230
7.629955
7.638185
7.638444
7.740281
7.991012
7.992211
7.994119
7.993536
7.993202
7.992837
7.993013
7.993930
7.992006
7.992366
7.992305
8.257795
8.260688
8.262815
8.266155
8.266762
8.267733
8.433137
8.438429
8.439278
8.439849
8.439856
8.439818
8.439866
8.439895
8.439658
8.438724
8.437950
8.436697
8.436129
8.668039
8.668981
8.676155
8.682594
8.682730
8.681186
8.681276
8.684663
8.686602
8.687581
8.688199
8.688639
8.688973
8.689018
8.688926
8.688710
8.687881
8.687430
8.687472
8.688241
8.688676
8.688440
8.688413
8.687316
8.687143
8.687789
8.687298
8.687176
8.687377
8.688088
8.688683
8.689019
8.689030
8.688912
8.688775
8.878883
8.881702
8.883960
8.884289
8.884302
8.884269
8.884248
8.884048
8.883717
8.881869
8.881515
8.883154
8.883312
8.883087
8.883323
8.884021
8.884163
8.884169
8.884013
8.884054
8.884342
8.882973
8.879318
8.821253
8.734758
8.683928
8.629622
8.805970
8.812882
8.783353
8.759488
8.742198
8.696319
8.671618
8.590045
8.776476
8.846727
8.854471
8.854369
8.855878
8.858456
8.856342
8.827601
0.005590
0.003423
0.001656
0.000200
0.000072
0.000055
0.000041
0.000038
0.000005
0.000003
0.000003
0.000004
0.000004
0.000004
0.000001
0.000001
0.000001
0.000001
0.000001
0.000002
0.000012
0.000001
0.000001
0.000001
0.000001
0.000001
0.000001
0.000001
0.000001
0.000001
0.000001
0.000001
0.000001
0.000001
0.000002
0.000003
0.000003
0.000005
0.000008
0.000015
0.000028
8.538652
8.543184
8.545782
8.548889
8.548400
8.549288
8.549360
8.548027
8.542859
8.540621
0.000640
0.000550
0.000524
0.000441
0.000033
0.000026
0.000026
0.000015
0.000028
0.000041
0.000059
0.000063
0.000047
0.000039
0.000014
0.000012
0.000008
0.000013
0.000024
0.000005
0.000027
0.000047
0.000144
0.000006
0.000009
0.000039
0.000016
0.000024
0.000012
0.000009
0.000016
0.000024
0.000034
0.000008
0.000010
0.000004
0.000004
0.000002
0.000001
0.000001
0.000001
0.000002
0.000001
0.000001
0.000006
0.000008
0.000006
0.000007
0.000007
0.000023
0.000009
0.000003
0.000004
0.000005
0.000008
0.000002
0.000006
0.000001
0.000003
0.000004
0.000004
0.000025
0.000007
0.000006
0.000009
0.000024
8.542910
8.542936
8.539954
8.535198
0.000667
0.000027
0.000015
0.000010
0.000007
0.000007
0.000004
0.000005
0.000002
0.000005
0.000006
0.000017
0.000026
0.000050
0.000072
0.000303
0.000424
8.577335
8.584484
8.582641
8.583635
8.587738
8.584205
8.581122
8.577795
8.775369
8.776540
8.760796
8.752528
8.742806
0.000886
0.000735
0.000740
0.000822
0.000742
0.001059
0.001676
0.000406
8.743428
8.750727
8.757861
8.767800
8.788179
8.791857
8.811359
8.815260
8.829706
8.823387
8.705410
0.005102
0.003423
8.431169
8.244420
8.032174
0.332308
0.002147
0.000890
0.000572
0.000154
0.000073
0.000069
0.000079
0.000096
0.000135
0.000301
0.000033
0.000027
0.000039
0.000063
0.000108
0.000291
0.000452
0.000466
7.571458
0.228612
0.087323
8.047655
8.395778
8.581109
8.642290
8.676091
8.693372
8.702971
8.685400
8.682032
8.636277
8.636455
8.635836
8.635872
8.635853
8.635884
8.635829
8.635903
8.671421
8.673457
8.682450
8.684584
8.684269
8.681938
8.680609
8.680934
8.681643
8.675708
8.673418
8.668316
8.661965
8.631497
8.637545
8.640187
8.813026
8.824318
8.846240
8.865352
8.885117
8.889996
8.891043
8.891609
8.891978
8.892123
8.892111
8.892012
8.891451
8.888769
8.527864
8.526448
8.526382
8.527823
8.527959
8.527552
8.523227
0.000050
0.000011
0.000004
0.000001
0.000001
0.000000
0.000001
0.000000
0.000001
0.000001
0.000000
0.000002
0.000000
0.000000
0.000000
0.000000
0.000000
0.000000
0.000000
0.000000
0.000000
0.000000
0.000000
0.000000
0.000001
0.000005
0.000008
0.000000
0.000000
0.000000
0.000000
0.000000
0.000001
0.000000
0.000000
0.000000
0.000000
0.000000
0.000000
0.000001
0.000001
0.000000
0.000003
0.000001
0.000001
0.000001
0.000001
0.000001
0.000001
0.000000
0.000000
0.000001
0.000001
0.000016
0.000015
0.000015
0.000017
0.000018
0.000019
0.000003
0.000000
0.000000
0.000000
0.000000
0.000000
0.000000
0.000000
0.000000
0.000000
0.000000
0.000000
0.000000
0.000000
0.000000
0.000000
0.000000
0.000000
0.000000
0.000000
0.000000
0.000000
0.000000
0.000000
0.000000
0.000000
0.000000
0.000000
0.000000
0.000000
0.000000
0.000000
0.000000
0.000000
0.000000
0.000000
0.000000
0.000000
0.000000
0.000000
0.000000
0.000000
0.000000
0.000000
0.000000
0.000000
0.000000
0.000000
0.000000
0.000000
0.000000
0.000000
0.000000
0.000000
0.000000
0.000000
0.000000
0.000000
0.000000
0.000000
0.000000
0.000000
0.000000
0.000000
0.000000
0.000000
0.000000
0.000000
0.000000
0.000000
0.000000
0.000000
0.000000
0.000000
0.000000
0.000000
0.000000
0.000000
0.000000
0.000000
0.000000
0.000000
0.000000
0.000000
0.000000
0.000000
0.000000
0.000000
0.000000
0.000000
0.000000
0.000000
0.000000
0.000000
0.000000
0.000000
0.000000
0.000000
0.000000
0.000000
0.000000
0.000000
0.000000
0.000000
0.000000
0.000000
0.000000
0.000000
0.000000
0.000000
0.000000
0.000000
0.000000
0.000000
0.000000
0.000000
0.000000
0.000000
0.000000
0.000000
0.000000
0.000000
0.000000
0.000000
0.000000
0.000000
0.000000
0.000000
0.000000
0.000000
0.000000
0.000000
0.000000
0.000000
0.000000
0.000000
0.000000
0.000000
0.000000
0.000000
0.000000
0.000000
0.000000
0.000000
0.000000
0.000000
0.000000
0.000000
0.000000
0.000000
0.000000
0.000000
0.000000
0.000000
0.000000
0.000000
0.000000
0.000000
0.000000
0.000000
0.000000
0.000000
0.000000
0.000000
0.000000
0.000000
0.000000
0.000000
0.000000
0.000000
0.000000
0.000000
0.000000
0.000000
0.000000
0.000000
0.000000
0.000000
0.000000
0.000000
0.000000
0.000000
0.000000
0.000000
0.000000
0.000000
0.000000
0.000000
0.000000
0.000000
0.000000
0.000000
0.000000
0.000000
0.000000
0.000000
0.000000
0.000000
0.000000
0.000000
0.000000
0.000000
0.000000
0.000000
0.000000
0.000000
0.000000
0.000000
0.000000
0.000000
0.000000
0.000000
0.000000
0.000000
0.000000
0.000000
0.000000
0.000000
0.000000
0.000000
0.000000
0.000000
0.000000
0.000000
0.000000
0.000000
0.000000
0.000000
0.000000
0.000000
0.000000
0.000000
0.000000
0.000000
0.000000
0.000000
0.000000
0.000000
0.000000
0.000000
0.000000
0.000000
0.000000
0.000000
0.000000
0.000000
0.000000
0.000000
0.000000
0.000000
0.000000
0.000000
0.000000
0.000000
0.000000
0.000000
0.000000
0.000000
0.000000
0.000000
0.000000
0.000000
0.000000
0.000000
0.000000
0.000000
0.000000
0.000000
0.000000
0.000000
0.000000
0.000000
0.000000
0.000000
0.000000
0.000000
0.000000
0.000000
0.000000
0.000000
0.000000
0.000000
0.000000
0.000000
0.000000
0.000000
0.000000
0.000000
0.000000
0.000000
0.000000
0.000000
0.000000
0.000000
0.000000
0.000000
0.000000
0.000000
0.000000
0.000000
0.000000
0.000000
0.000001
0.000001
0.000000
0.000000
0.000000
0.000000
0.000000
0.000000
0.000000
0.000000
0.000000
0.000000
0.000000
0.000000
0.000000
0.000000
0.000000
0.000000
0.000000
0.000000
0.000000
0.000000
0.000000
0.000000
0.000001
0.000001
0.000003
0.000048
0.000057
0.000088
8.505679
8.505181
8.502070
8.504298
8.515258
8.517298
8.517596
8.518010
8.519358
8.520067
8.543508
8.542751
8.540588
8.538291
8.537164
8.536303
8.522026
8.522297
8.522485
8.522663
8.522425
8.522460
8.522680
8.520970
8.517844
8.508059
8.343257
8.339326
8.333106
8.054062
8.054659
8.054560
8.053423
8.053738
8.054895
8.056690
8.056965
8.056682
8.056776
8.057767
8.058660
8.059567
8.061233
8.061701
8.458400
8.472239
8.474129
8.474768
8.474982
8.474801
8.474766
8.474883
8.474890
8.474556
8.473450
8.472741
8.472766
8.473259
8.472476
8.470629
8.469935
8.471323
8.473546
8.473823
8.472984
8.475656
8.512681
8.773341
8.841194
8.877545
8.903913
8.903425
8.902852
8.896279
8.887758
8.880180
8.877925
8.881200
8.598402
8.592556
8.584829
8.573099
8.554597
8.530114
8.510961
8.454757
8.135040
0.313974
7.944278
8.181149
8.193424
8.193952
8.209672
8.187056
8.161316
8.131128
8.130961
8.181362
8.229864
8.584061
8.596780
8.599100
8.596726
8.592528
8.582707
8.562879
8.492757
8.414286
8.349491
7.847425
0.111550
6.852500
6.320898
6.459435
0.000387
0.000335
0.000189
0.000137
0.000057
0.000039
0.000041
0.000045
0.000060
0.000108
0.000224
0.000582
0.001468
7.446622
7.964327
8.254661
8.499845
8.591524
8.594466
8.597053
8.598203
8.599119
8.599226
8.599362
8.599316
8.599050
8.599101
8.599787
8.599395
8.599251
8.599529
8.599778
8.599689
8.599522
8.598929
8.593524
8.592874
8.594643
8.596939
8.599731
8.599604
8.597718
8.593674
8.582378
8.451298
8.383352
8.354241
0.006486
0.002387
0.000536
0.000302
0.000140
0.000072
0.000020
0.000014
0.000005
0.000003
0.000002
0.000001
0.000001
0.000004
0.000005
0.000014
0.000024
0.000016
0.000034
0.000018
0.000014
0.000005
0.000005
0.000002
0.000004
0.000009
0.000011
0.000017
0.000009
0.000008
0.000002
0.000002
0.000002
0.000002
0.000002
0.000003
0.000002
0.000002
0.000003
0.000002
0.000001
0.000001
0.000002
0.000002
0.000005
0.000006
0.000010
0.000008
0.000021
0.000018
0.000013
0.000013
0.000015
0.000021
0.000010
0.000025
0.000009
0.000014
0.000025
0.000010
0.000004
0.000019
0.000025
0.000030
0.000002
0.000001
0.000001
0.000001
0.000001
0.000005
0.000024
0.000272
0.000179
0.000163
0.000151
0.000089
0.000092
0.000019
0.000006
0.000009
0.000012
0.000025
0.000018
0.000078
0.000174
0.000047
0.000066
0.000153
0.000189
8.158822
8.158379
8.158569
8.161603
8.161439
8.157464
8.157040
8.151366
8.149174
8.151208
8.149326
8.141111
8.098170
8.064311
0.000355
0.000259
0.000232
0.000036
0.000021
0.000012
0.000010
0.000007
0.000178
0.000203
0.000008
0.000016
0.000004
0.000007
0.000011
0.000007
0.000004
0.000003
0.000003
0.000007
0.000002
0.000002
0.000002
0.000002
0.000006
0.000013
0.000026
0.000009
0.000010
0.000012
0.000001
0.000002
0.000007
0.000007
0.000006
0.000013
0.000006
0.000002
0.000002
0.000001
0.000000
0.000002
0.000002
0.000001
0.000001
0.000001
0.000003
0.000004
0.000002
0.000002
0.000003
0.000000
0.000000
0.000000
0.000000
0.000000
0.000000
0.000000
0.000000
0.000000
0.000000
0.000001
0.000001
0.000001
0.000001
0.000000
0.000000
0.000000
0.000000
0.000001
0.000000
0.000000
0.000000
0.000000
0.000000
0.000000
0.000002
0.000002
0.000002
0.000003
0.000003
0.000000
0.000000
0.000000
0.000000
0.000001
0.000002
0.000002
0.000001
0.000001
0.000002
8.000266
7.900455
7.566688
7.319936
6.766174
4.246664
0.376079
0.045535
0.000000
0.000000
0.000000
0.000000
0.000000
0.000001
0.000001
0.000001
0.000001
0.000000
0.000000
0.000000
0.000000
0.000000
0.000000
0.000000
0.000000
0.000000
0.000000
0.000000
0.000000
0.000000
0.000000
0.000000
0.000000
0.000000
0.000000
0.000000
0.000000
0.000000
0.000000
0.000000
0.000000
0.000000
0.000000
0.000000
0.000000
0.000000
0.000000
0.000000
0.000000
0.000000
0.000000
0.000000
0.000000
0.000000
0.000000
0.000000
0.000000
