0.000136
0.000066
0.000004
0.000004
0.000005
0.000007
0.000009
0.000010
0.000108
0.000898
0.001098
0.001153
0.001284
0.001280
0.001254
0.001244
0.001243
0.001211
0.001185
0.001170
0.000091
0.000091
0.000091
0.001001
0.001151
0.000439
0.000455
0.000466
0.000492
0.000554
0.000566
0.000561
0.000566
0.000578
0.000581
0.000573
0.003893
0.000007
0.000006
0.000003
0.000002
0.000000
0.000000
0.000000
0.000000
0.000000
0.000001
0.000000
0.000000
0.000002
0.000001
0.000000
0.000000
0.000000
0.000000
0.000000
0.000000
0.000001
0.000000
0.000000
0.000000
0.000001
0.000002
0.000003
0.000008
0.000026
0.000004
0.000004
0.000000
0.000001
0.000035
0.000002
0.000002
0.000002
0.000001
0.000001
0.000000
0.000001
0.000002
0.000002
0.000003
0.000011
0.000018
0.000025
0.005230
0.005246
0.005258
0.005284
0.005298
0.005274
0.008715
0.008751
0.000034
0.000029
0.000017
0.000012
0.003729
0.004145
0.007751
0.008116
0.008778
0.752505
0.534624
0.314938
0.281411
0.033745
0.032514
0.000015
0.000010
0.000012
0.000004
0.000003
0.000002
0.000006
0.001212
0.000013
0.000012
0.000012
0.000588
0.000534
0.000497
0.000583
0.000004
0.000004
0.000010
0.000070
0.000061
0.000064
0.000106
0.000173
0.004840
0.005215
0.029245
0.085742
0.130258
0.135695
0.017127
0.015240
0.007035
0.007631
0.007914
0.008266
0.008494
0.008468
0.008089
0.008267
0.008508
0.008819
0.000019
0.000012
0.000013
0.000013
0.000015
0.000036
0.000035
0.000033
0.000034
0.000046
0.000009
0.000008
0.000006
0.000013
0.000007
0.000005
0.000012
0.000006
0.000008
0.000009
0.000007
0.000009
0.000007
0.000012
0.000011
0.000018
0.000069
0.000096
0.000025
0.000010
0.000011
0.000005
0.000005
0.000007
0.000005
0.000024
0.000015
0.000005
0.000010
0.000013
0.000012
0.000021
0.000019
0.000022
0.000015
0.000017
0.000018
0.000020
0.000066
0.000053
0.000017
0.000027
0.000035
0.000055
0.000180
0.000149
0.000437
0.000454
0.000707
0.035683
0.828632
1.212000
1.596769
2.542386
3.041087
4.783380
5.648465
6.368195
6.938987
7.142047
7.232843
7.299397
7.325067
7.359389
7.410075
7.412969
7.429212
7.428491
7.427379
7.424889
7.411762
7.337377
7.243818
7.160782
7.108793
6.976661
6.700243
6.438779
6.206231
5.488633
4.810369
4.052872
2.716837
1.811013
0.227214
0.202375
0.033283
0.000139
0.000291
0.000057
0.000040
0.000040
0.000018
0.000016
0.000011
0.000012
0.000046
0.000032
0.000028
0.005309
0.005625
0.005603
0.006000
0.006675
0.000197
0.000217
0.000158
0.000137
0.000036
0.000051
0.000036
0.000269
0.000140
0.000259
0.000313
0.000443
0.000101
0.000147
0.000039
0.000059
0.000043
0.000035
0.000092
0.000068
0.000051
0.000030
0.000058
0.000048
0.000055
0.000045
0.000066
0.000089
0.000097
0.000196
0.000385
0.000349
0.000705
0.000881
0.010638
0.695192
5.294639
6.797665
7.380188
7.830976
8.040810
8.217117
8.383765
8.402752
8.430543
8.387511
8.319493
8.270465
8.153876
8.091520
8.076416
7.866346
7.383586
6.795803
6.351989
5.980065
5.651375
0.779211
0.173439
0.014249
0.007460
0.007215
0.007060
0.007028
0.006916
0.006972
0.007020
0.008285
0.007144
0.007187
0.007271
0.007277
0.007725
0.008035
0.032851
0.038560
0.440137
1.180182
5.856050
6.957710
7.582232
0.086562
8.547520
8.924280
9.080037
9.214583
9.228820
9.252348
9.259403
9.245803
0.007854
0.002652
0.001346
0.000765
0.000384
0.000257
0.000232
0.000216
0.000200
0.000189
0.000189
0.000228
7.627229
7.589414
8.757159
8.550784
8.367434
7.703114
8.460199
8.713572
8.906703
9.080713
9.104816
9.113258
9.097976
9.056659
8.825329
8.801122
8.789298
8.783940
8.781215
8.781220
8.788193
9.100709
9.114305
9.128498
9.137719
9.139691
9.139750
9.139681
9.139705
9.139761
9.139696
9.139563
9.139432
9.139312
9.137728
9.132509
9.128146
9.125304
9.046358
8.954191
0.079232
0.083900
0.088479
9.051110
9.102789
9.107525
9.120828
9.811190
9.950960
9.962801
9.976901
9.994965
9.986870
9.963492
0.034069
0.026472
0.014561
0.013195
0.009227
0.008897
0.007102
0.007068
0.006851
0.006774
0.006762
0.006769
0.006767
0.006768
0.006777
0.006786
0.006802
0.006821
0.006857
9.210961
9.308512
0.190245
9.336818
9.738184
9.955074
9.973940
9.979299
9.986102
9.995313
9.998448
9.999362
9.999832
9.999814
9.999453
9.999079
9.999316
9.998394
9.958288
9.950566
9.941645
9.930352
9.928744
9.891612
9.857258
9.837677
9.785355
9.642534
9.325410
9.283124
8.912843
0.422582
8.771242
9.251079
9.430137
9.492099
9.517700
9.568621
9.673698
9.693052
9.719110
9.725201
9.720587
9.720869
9.718382
9.716347
9.717595
9.717593
9.716740
9.705579
9.636437
9.388290
9.284467
9.154020
0.038769
9.021547
8.989692
8.873662
8.742467
8.543385
8.314737
8.155411
8.000992
7.743280
0.004526
0.003394
0.001002
0.000864
0.000816
0.000582
0.000381
0.000316
0.000231
0.000057
0.000023
0.000179
0.000540
0.000490
0.000211
0.000089
0.008247
0.008244
0.007759
7.034411
6.611598
6.323171
5.834974
5.430884
0.000208
0.000197
0.000142
0.000097
0.000229
0.000193
0.000067
0.000044
0.000041
0.000143
0.000093
0.000044
0.000040
0.000094
0.000049
0.000045
0.000015
0.000033
0.000052
0.000028
0.000028
0.000148
0.000139
0.000210
0.000014
0.000029
0.000039
0.000038
0.000033
0.000033
0.000016
0.000035
0.000022
0.000020
0.000527
0.002535
4.978889
4.656119
0.010304
0.003612
0.002143
0.000498
0.000013
0.000016
0.000016
0.000007
0.000013
0.000033
0.000024
0.000010
0.000006
0.000014
0.000012
0.000012
0.000014
0.000013
0.000010
0.000008
0.000003
0.000004
0.000004
0.000004
0.000008
0.000057
0.000006
0.000004
0.000031
0.000017
0.000006
0.000004
0.000010
0.000012
0.000008
0.000018
0.000021
0.000031
0.000003
0.000006
0.000003
0.000001
0.001672
0.001919
0.000640
0.000001
0.000001
0.000003
0.000007
0.000003
0.000001
0.000001
0.000002
0.000002
0.000001
0.000001
0.000002
0.000001
0.000001
0.000003
0.000003
0.000001
0.000001
0.000001
0.000000
0.000000
0.000001
0.000916
0.001314
3.474725
2.399482
1.731919
0.030880
0.007421
0.000469
0.000223
0.000153
0.000072
0.000105
0.000089
0.000069
0.000064
0.000094
0.000083
0.000059
0.007585
0.007457
0.007418
0.000000
0.000000
0.000000
0.000000
0.000000
0.000000
0.000000
0.000000
0.000000
0.000000
0.000000
0.000000
0.000000
0.000000
0.000000
0.000000
0.000000
0.000000
0.000000
0.000000
0.000000
0.000000
0.000000
0.000000
0.000000
0.000000
0.000000
0.000000
0.000000
0.000000
0.000000
0.000000
0.000000
0.000000
0.000000
0.000000
0.000000
0.000000
0.000000
0.000000
0.000000
0.000000
0.000000
0.000001
0.000002
0.015937
0.007282
0.006829
0.006809
0.006740
0.006737
0.006470
0.005978
0.005539
0.005127
0.004852
0.000130
0.000079
0.000055
0.000005
0.000005
0.000046
0.000051
0.000065
0.000085
0.000138
0.000140
0.000142
0.000152
0.000164
0.000155
0.000146
0.000151
0.000147
0.000146
0.000148
0.000152
0.000055
0.000066
0.000072
0.000620
0.000833
0.001214
0.001288
0.001384
0.001370
0.001376
0.001378
0.001423
0.001410
0.001347
0.001283
0.001180
0.001071
0.001052
0.000992
0.000971
0.000948
0.000918
0.000067
0.000075
0.000069
0.000077
0.000051
0.000027
0.000019
0.000001
0.000001
0.000001
0.000001
0.000002
0.000002
0.000069
0.000073
0.000057
0.000047
0.000040
0.000038
0.000035
0.000034
0.000027
0.000026
0.000023
0.000023
0.000019
0.000016
0.000012
0.000011
0.000009
0.000009
0.000007
0.000000
0.000000
0.000000
0.000000
0.000012
0.000023
0.000039
0.000032
0.000052
0.000057
0.000021
0.000014
0.000071
0.000050
0.000000
0.000000
0.000001
0.000033
0.000041
0.000054
0.000055
0.000048
0.000039
0.000237
0.000213
0.000563
0.000691
0.000752
0.000808
0.000725
0.000001
0.000001
0.000000
0.000000
0.000000
0.000000
0.000000
0.000000
0.000000
0.000000
0.000000
0.000000
0.000000
0.000000
0.000000
0.000000
0.000000
0.000000
0.000001
0.000000
0.000003
0.000001
0.000000
0.000000
0.000001
0.000000
0.000000
0.000000
0.000000
0.000001
0.000001
0.000001
0.000000
0.000000
0.000000
0.000003
0.000001
0.000000
0.000000
0.000000
0.000000
0.000000
0.000000
0.000000
0.000000
0.000000
0.000000
0.000000
0.000000
0.000000
0.000000
0.000000
0.000001
0.000000
0.000000
0.000000
0.000000
0.000001
0.000000
0.000000
0.000001
0.000002
0.001171
0.001185
0.001176
0.001172
0.001093
0.000030
0.000017
0.000002
0.000002
0.000002
0.000881
0.000717
0.000606
0.000766
0.923887
0.564039
0.494652
0.395756
0.196003
0.142832
0.101445
0.094507
0.073216
0.069548
0.003913
0.005634
0.006147
0.005418
0.005311
0.000165
0.000135
0.000115
0.000021
0.000017
0.000019
0.000003
0.000004
0.000004
0.000010
0.000023
0.000047
0.000603
0.004793
0.015366
0.000108
0.000041
0.000034
0.000043
0.000026
0.000021
0.000004
0.000003
0.000002
0.000003
0.000003
0.000005
0.000009
0.000008
0.000016
0.000016
0.000021
0.000042
0.000049
0.000010
0.000032
0.000034
0.000045
0.000018
0.000016
0.000014
0.000011
0.000003
0.000170
0.000181
0.000194
0.000191
0.000204
0.000181
0.000116
0.000000
0.000000
0.000000
0.000001
0.000001
0.000001
0.000016
0.000017
0.000010
0.000063
0.002321
0.002344
0.023456
0.023889
0.023281
0.008009
0.007356
0.007321
0.007256
0.000041
0.000040
0.000036
0.000047
0.000038
0.000040
0.000037
0.000036
0.000036
0.000036
0.000035
0.000034
0.000032
0.000031
0.000029
0.000029
0.000026
0.000000
0.000000
0.000000
0.000002
0.000000
0.000000
0.000001
0.000000
0.000000
0.000000
0.000000
0.000000
0.000002
0.000002
0.000003
0.000006
0.000007
0.000007
0.000007
0.006781
0.000089
0.000239
0.000228
0.000217
0.000085
0.000044
0.000005
0.000004
0.000000
0.000000
0.000000
0.000000
0.000000
0.000000
0.000000
0.000000
0.000000
0.000000
0.000000
0.000000
0.000000
0.000007
0.000014
0.000016
0.000018
0.000020
0.000023
0.000026
0.000027
0.000028
0.000028
0.000027
0.000028
0.000025
0.000024
0.000001
0.000001
0.000001
0.000000
0.000000
0.000000
0.000000
0.000000
0.000000
0.000000
0.000000
0.000000
0.000000
0.000000
0.000000
0.000000
0.000001
0.000002
0.000023
0.000024
0.000025
0.000023
0.000000
0.000000
0.000000
0.000000
0.000000
0.000000
0.000000
0.000000
0.000000
0.000000
0.000000
0.000000
0.000000
0.000000
0.000000
0.000000
0.000000
0.000000
0.000000
0.000000
0.000000
0.000000
0.000000
0.000000
0.000000
0.000000
0.000000
0.000000
0.000000
0.000001
