0.000000
0.000000
0.000000
0.000000
0.000000
0.000000
0.000000
0.000000
0.000000
0.000000
0.000000
0.000000
0.000000
0.000000
0.000000
0.000000
0.000000
0.000000
0.000000
0.000000
0.000000
0.000000
0.000000
0.000000
0.000000
0.000000
0.000000
0.000000
0.000000
0.000054
0.000043
0.000038
0.000035
0.000001
0.000000
0.000000
0.000000
0.000001
0.000001
0.000001
0.000000
0.000000
0.000000
0.000000
0.000000
0.000000
0.000000
0.000000
0.000008
0.000004
0.000172
0.000176
0.000197
0.000213
0.177225
0.063457
0.033882
0.009523
0.000284
0.000002
0.000003
0.000016
0.000020
0.000000
0.000000
0.000000
0.000000
0.000000
0.000000
0.000019
0.000032
0.001411
0.001148
0.002819
0.003090
0.003014
0.002172
0.002213
0.002357
0.002396
0.002537
0.002745
0.002899
0.002924
0.003068
0.003128
0.003048
0.000004
0.001575
0.008328
0.008215
0.008157
0.008141
0.007720
0.005186
0.001394
0.001732
0.002024
0.006958
0.017220
0.028852
0.038462
0.039314
0.039174
0.039415
0.039776
0.038340
0.037186
0.030271
0.006093
0.000000
0.000000
0.000000
0.000000
0.000000
0.000000
0.000000
0.000000
0.000000
0.000000
0.000000
0.000000
0.000000
0.000000
0.000000
0.000000
0.000000
0.000000
0.000000
0.000000
0.000000
0.000000
0.000000
0.000000
0.000000
0.000000
0.000000
0.000000
0.000000
0.000000
0.000000
0.000000
0.000000
0.000000
0.000000
0.000000
0.000000
0.000000
0.000000
0.000000
0.000000
0.000000
0.000000
0.000000
0.000000
0.000000
0.000000
0.000000
0.000000
0.000000
0.000000
0.000000
0.000000
0.000000
0.000000
0.000000
0.000000
0.000000
0.000000
0.000000
0.000000
0.000000
0.000000
0.000000
0.000000
0.000000
0.000000
0.000000
0.000000
0.000000
0.000000
0.000000
0.000000
0.000000
0.000000
0.000000
0.000000
0.000000
0.000000
0.000000
0.000000
0.000000
0.000000
0.000000
0.000000
0.000000
0.000000
0.000000
0.000000
0.000000
0.000000
0.000003
0.000003
0.000003
0.000005
0.000004
0.000005
0.000041
0.002605
0.003004
0.002903
0.002894
0.000125
0.000094
0.000060
0.000002
0.000001
0.000002
0.000001
0.000002
0.000001
0.000002
0.000002
0.000001
0.000007
0.000007
0.000021
0.000023
0.000028
0.000029
0.000000
0.000000
0.000001
0.000001
0.000000
0.000000
0.000000
0.000001
0.000000
0.000000
0.000001
0.000002
0.000002
0.000000
0.000001
0.000002
0.000001
0.000001
0.000001
0.000002
0.000002
0.000003
0.000002
0.000006
0.000003
0.000003
0.000004
0.000005
0.000004
0.000003
0.000004
0.000015
0.000003
0.000005
0.000005
0.000005
0.000006
0.000006
0.000243
0.000263
0.011508
0.011597
0.011214
0.011289
0.011332
0.011597
0.012101
0.012715
0.012681
0.017597
0.018374
0.025225
0.024544
0.019181
0.000006
0.000011
0.000008
0.000006
0.000004
0.000003
0.000003
0.000005
0.000007
0.000006
0.000002
0.000002
0.000003
0.000006
0.000007
0.000009
0.000013
0.000002
0.000002
0.000001
0.000002
0.000004
0.000004
0.000002
0.000002
0.000002
0.000004
0.000013
0.000012
0.000008
0.000009
0.001357
0.002701
0.004988
0.048268
0.056811
0.062177
0.105581
0.151819
0.218002
0.281419
0.373319
0.662229
0.734199
1.008984
2.127020
3.427911
4.091591
4.867627
4.998169
5.135592
5.156453
5.144746
5.073003
5.105052
0.001125
0.000162
0.000108
0.000079
0.000063
0.000059
0.000014
0.000007
0.000011
0.000019
0.000048
0.000059
0.000008
0.000029
0.000016
0.000019
0.000084
0.000066
0.000048
0.000014
0.000006
0.000013
0.000029
0.000039
0.000017
0.000015
0.000115
0.000151
0.000183
0.000285
0.000259
0.000225
0.000320
5.230093
5.281310
5.346590
5.396143
5.550082
5.556207
5.544758
5.591257
5.763126
5.743561
5.732835
5.723030
5.720341
5.724686
5.736183
5.733377
5.733700
5.735388
5.738408
5.739312
5.741945
5.739907
5.739252
5.739095
5.950554
5.951407
5.946330
5.933803
5.921958
5.881610
5.872284
5.741881
5.606064
5.244308
5.147195
0.001416
0.001342
0.000828
0.000752
0.000782
0.000970
0.001172
0.001570
5.235766
5.366377
5.382535
5.344475
5.123552
5.073973
5.121144
5.119888
5.123295
5.316259
5.394160
5.438607
5.536374
5.615161
5.709438
5.780263
6.030273
6.033959
6.043666
0.002280
0.002243
0.002444
0.003264
0.001192
6.029649
6.015638
5.767488
5.497873
4.914828
0.001224
0.000599
4.298040
3.931746
3.555423
3.165449
2.855583
2.547352
0.004307
0.003822
2.157945
1.913785
1.697998
1.462772
1.308226
1.174574
1.069716
0.965223
0.879422
0.795837
0.070131
0.011543
0.010473
0.006396
0.002283
0.001955
0.000065
0.000144
0.000109
0.000073
0.000156
0.000043
0.000046
0.000063
0.000078
0.000083
0.000062
0.000076
0.005818
0.055248
0.106166
0.109899
0.140379
0.133376
0.149671
0.143643
0.155014
0.151722
0.159846
0.160859
0.159865
0.161630
0.155019
0.146309
0.152778
0.153500
0.153129
0.151902
0.016412
0.002144
0.000606
0.000482
0.000402
0.000423
0.002981
0.007800
0.010947
0.011198
0.011388
0.011675
0.011970
0.006916
0.006620
0.006577
0.002944
0.000148
0.000038
0.000043
0.000037
0.000035
0.000040
0.000051
0.000102
0.000118
0.000068
0.002877
0.003276
0.003407
0.003650
0.003661
0.003711
0.003703
0.003492
0.003460
0.000169
0.000128
0.000063
0.000039
0.000027
0.000048
0.000046
0.000063
0.000039
0.000065
0.000115
0.012864
0.176308
0.180463
0.181236
0.179125
0.177979
0.169791
0.165045
0.018454
0.003147
0.003097
0.002233
0.002423
0.002114
0.000166
0.001382
0.001379
0.001196
0.001299
0.001403
0.001505
0.001537
0.001583
0.003195
0.003288
0.003230
0.001780
0.001763
0.005761
0.024147
0.037888
0.038675
0.039739
0.049199
0.067588
0.069218
0.077837
0.077466
0.081855
0.079871
0.076169
0.076614
0.074335
0.067913
0.003878
0.000130
0.000034
0.000085
0.000021
0.000021
0.000015
0.000009
0.000013
0.000042
0.000036
0.000015
0.000018
0.000021
0.000021
0.000015
0.000033
0.000458
0.000450
0.000447
0.000019
0.000012
0.000025
0.000014
0.000011
0.000010
0.000007
0.001423
0.001463
0.001463
0.001469
0.001404
0.001365
0.001249
0.001241
0.001225
0.001214
0.001205
0.001240
0.001276
0.000127
0.000104
0.000032
0.000031
0.000043
0.000100
0.000111
0.001005
0.001840
0.002058
0.006561
0.055237
0.056717
0.057376
0.057490
0.054545
0.012011
0.115712
0.121646
0.126676
0.134649
0.136552
0.136754
0.135457
0.134575
0.120698
0.104192
0.074984
0.071152
0.043388
0.005425
0.003494
0.003378
0.000471
0.000429
0.000093
0.000033
0.000054
0.000031
0.000028
0.000161
0.000179
0.000036
0.000048
0.000047
0.000023
0.000029
0.000063
0.000114
0.001831
0.001986
0.004669
0.004972
0.004938
0.000042
0.000107
0.000097
0.000911
0.077082
0.082985
0.090730
0.130623
0.165531
0.192684
0.206519
0.241869
0.268393
0.288953
0.306609
0.311052
0.313759
0.318615
0.002066
0.002310
0.006048
0.006374
0.006960
0.007378
0.007005
0.000476
0.000055
0.000039
0.000045
0.000021
0.000051
0.000041
0.000041
0.000043
0.000035
0.000016
0.000044
0.000043
0.000020
0.000016
0.000022
0.000026
0.000018
0.000029
0.000023
0.000018
0.000033
0.000008
0.000024
0.000039
0.000030
0.000024
0.000032
0.000039
0.000040
0.000054
0.000089
0.003391
0.003685
0.004299
0.000065
0.000061
0.009781
0.018061
0.439929
0.441676
0.445277
0.421633
0.006578
0.003258
0.002699
0.002643
0.002651
0.002980
0.000475
0.002196
0.429532
0.437389
0.436847
0.393892
0.008155
0.042627
0.276725
0.023285
0.020654
0.019031
0.012149
0.011283
0.007107
0.000608
0.000528
0.000229
0.000941
0.007839
0.008117
0.008753
0.027689
0.042894
0.143163
0.171762
0.203393
0.092000
0.096341
0.006095
0.005380
0.005492
0.000839
0.000749
0.001159
0.007480
0.032028
0.041761
1.032693
1.243781
1.434656
1.822838
2.262714
2.610286
2.670005
2.685762
0.077512
0.070974
2.798898
2.801544
0.001766
3.000262
2.928116
2.816656
2.735615
2.613757
2.490254
0.039460
0.005876
0.000718
0.003422
0.037546
2.542952
2.468262
2.369978
2.280352
2.192116
2.052211
1.801484
1.665779
1.491174
1.354271
0.007570
0.003437
0.002979
0.002603
0.002247
0.001834
0.000180
0.001678
0.001529
0.001444
0.001349
0.001409
0.001641
0.000096
0.002731
0.002879
0.003133
0.003218
0.003333
0.003489
0.003529
0.003585
0.003755
0.008959
0.017557
0.017880
0.025212
0.041294
0.243753
0.563507
0.923070
1.488366
1.660299
2.109066
2.927265
3.352635
3.740380
4.062012
4.516983
4.948913
5.509423
5.250273
0.082430
0.067492
0.074000
0.068440
5.195787
5.086322
0.177926
4.412404
0.101172
4.844055
5.233041
5.630254
5.781822
5.900705
6.031304
6.129772
6.146906
6.084817
0.298296
0.030145
6.953782
7.158148
7.383315
7.443626
7.455929
7.458872
7.460811
7.461917
7.704160
7.706769
7.709147
7.708538
7.707293
7.706948
7.706048
7.705648
7.703833
7.703341
7.678052
7.627517
0.001391
0.000878
0.000352
0.000099
0.000045
0.000035
0.000027
0.000010
0.000007
0.000004
0.000004
0.000002
0.000003
0.000002
0.000003
0.000002
0.000003
0.000002
0.000003
0.000002
0.000003
0.000002
0.000003
0.000002
0.000003
0.000002
0.000003
0.000002
0.000003
0.000002
0.000003
0.000002
0.000003
0.000002
0.000003
0.000002
0.000003
0.000002
0.000003
0.000002
0.000003
0.000002
0.000003
0.000003
0.000006
0.000002
0.000003
0.000006
0.000013
0.000017
0.000048
0.000063
0.000070
0.000393
0.001560
0.005786
7.609623
7.633831
7.550526
7.481133
7.334450
7.123923
6.755565
0.039984
6.751477
6.967760
7.307749
7.594979
7.616537
7.644272
7.645803
7.651868
7.661440
7.630446
7.593635
7.599374
7.599235
7.598663
7.595806
7.593495
7.565819
7.556778
7.551490
7.546870
7.542461
7.524605
7.511794
7.507397
7.477789
7.456874
7.455068
7.461816
7.388343
6.475755
5.907984
5.446106
4.694338
3.887592
3.302239
2.900084
2.506559
2.237899
1.922333
0.039604
0.035300
0.015580
0.011086
0.009642
0.000617
0.000110
0.000076
0.000048
0.000041
0.000050
0.000078
0.000061
0.000042
0.000061
0.000067
0.000075
0.000064
0.000079
0.002762
0.002745
0.048946
0.045313
0.312872
0.299620
0.004128
0.004221
0.004786
0.004541
0.002856
0.002729
0.002496
0.002368
0.002312
0.002300
0.002099
0.002071
0.002158
0.002045
0.001838
0.001761
0.001621
0.001545
0.001422
0.001499
0.003159
0.003357
0.003436
0.003523
0.003936
0.004012
0.000319
0.000080
0.004305
0.010483
0.012083
0.072105
0.446650
0.908280
1.216205
1.403315
1.810800
0.004810
0.006900
0.007219
0.007808
0.002154
0.002801
0.002838
0.002850
0.003712
0.001153
0.001208
0.001212
0.001035
0.001662
0.001732
0.001204
0.001030
0.000668
0.000637
0.000740
0.000135
0.000123
0.000122
0.000125
0.000612
0.000237
0.000487
2.713647
3.181311
3.655471
0.001983
4.569780
5.107957
5.660706
6.261251
6.609384
7.202573
7.649983
7.962225
8.194645
8.471016
8.483086
8.500114
8.499362
8.495674
8.487593
8.479270
8.436788
8.243232
8.242020
8.241305
8.241432
8.241299
8.240166
8.239870
8.252294
8.253411
8.249836
8.225734
0.002037
0.000837
0.000273
0.000118
0.000059
0.000032
0.000014
0.000008
0.000005
0.000004
0.000003
0.000002
0.000002
0.000002
0.000002
0.000007
0.000011
0.000026
0.000045
0.000066
0.000159
0.000293
8.088776
8.176999
8.234390
8.244309
8.245632
8.246569
8.251946
8.254109
8.251975
8.251314
8.252627
8.242744
8.242764
8.241375
8.241417
8.240830
8.239621
8.234652
8.231963
8.229374
8.229068
8.230941
8.236736
8.240529
8.239032
8.231046
8.060600
8.060406
8.060184
8.053730
8.047863
8.319824
8.291509
8.255394
1.094721
5.861867
6.268588
6.743977
7.208780
7.428568
7.559983
7.621692
7.690288
7.743163
7.758439
7.620701
7.434488
6.864277
6.229138
5.604144
0.002685
0.002672
0.002675
0.002992
0.003200
0.004797
7.282730
7.815533
7.907976
7.979118
8.008879
8.146303
8.323612
8.402926
8.459774
8.535812
8.596803
8.636946
8.639628
8.643813
8.649186
8.652668
8.657260
8.657662
8.938076
8.930588
8.777356
8.699601
8.615376
8.476580
8.405366
0.158798
8.274938
8.382117
8.498880
8.397787
8.314842
8.400471
8.322896
8.211221
8.157875
7.973757
0.127311
8.411517
8.189278
0.157224
7.829483
0.022680
0.061391
0.069108
0.071634
0.098390
8.129487
8.363972
8.479631
8.552859
8.645528
8.738629
8.867654
8.978573
9.015618
9.045054
9.057271
9.017051
8.820617
8.390049
7.725868
7.054356
6.416731
5.874626
5.271204
4.600241
4.012164
3.545360
0.018447
0.005356
0.002511
0.000965
0.000254
0.000148
0.000062
0.000034
0.000031
0.000025
0.000025
0.000022
0.000026
0.000024
0.000033
0.000046
0.000029
0.000027
0.000651
0.000653
0.001125
0.000814
0.000788
0.000951
2.372848
2.079915
1.789860
0.012179
0.006122
0.000643
0.043876
0.039762
0.049702
0.032799
0.029929
0.001985
0.000289
0.000102
0.000087
0.000045
0.000038
0.000036
0.000040
0.000072
0.000040
0.000022
0.000029
0.000040
0.000055
0.000072
0.001722
0.011069
0.026787
0.058762
0.105207
0.122938
0.232996
0.253485
0.274593
0.341493
0.502192
0.539573
0.641085
0.728244
1.055136
1.218115
1.360748
0.000125
0.000037
0.000075
0.000038
0.000039
0.000037
0.000060
0.000051
0.000058
0.000071
0.000154
0.000402
0.000554
0.062857
2.357627
3.049283
4.106684
4.604289
5.177287
5.761632
0.003470
6.481485
7.141438
7.668529
7.722000
7.659186
7.624062
7.453451
7.079753
6.647630
6.376789
5.953249
5.518335
5.212631
4.929956
4.556791
0.001176
0.000837
0.000919
0.010644
0.057845
0.069295
0.417820
2.766240
4.195127
5.143769
5.566086
6.139932
6.709880
7.433833
7.882904
8.011273
8.075570
8.088318
8.058914
7.851490
7.659318
7.625308
7.296039
6.965802
6.765409
6.472303
6.202576
6.017916
0.003312
0.000888
0.000702
0.000348
0.000358
0.004730
0.005199
0.004849
0.004461
0.000293
0.000282
0.000286
0.000362
0.000282
0.000232
0.002352
0.003309
0.002826
5.631014
5.500259
5.265793
4.972377
4.625314
4.383098
4.174706
4.002251
3.835038
3.327645
3.035958
2.954064
0.008716
0.012777
0.016175
0.030247
4.240641
4.536005
4.943157
5.256859
5.291151
5.301404
5.294601
5.191613
4.882966
4.695804
4.553176
4.449463
4.380229
4.310010
4.229980
4.165272
4.074279
3.988516
3.843758
3.688049
3.501975
3.221402
2.952200
2.724261
2.531129
2.272882
2.003202
1.794691
1.582759
1.417949
1.212802
0.911838
0.838773
0.768673
0.117044
0.005183
0.003458
0.002664
0.002194
0.001413
0.001221
0.023949
0.024327
0.003353
0.262642
0.267282
0.286116
0.000528
0.000257
0.000226
0.000402
0.003750
0.005761
0.006867
0.017265
0.054854
0.089922
0.102594
0.529670
1.307774
1.572706
1.776747
1.889440
1.970681
1.880869
0.034692
0.021182
0.036159
2.211601
2.395706
2.797833
3.441317
3.878629
4.637845
5.189116
5.355118
5.516061
5.460949
4.950274
0.019668
0.014194
0.011270
0.001359
0.000238
0.000203
0.000185
0.000024
0.000152
0.000359
0.000244
0.000241
0.000417
0.000374
4.322223
3.954100
3.391950
2.964595
2.634199
2.094094
1.837895
1.540907
1.233766
1.040149
0.870754
0.501306
0.056408
0.028707
0.003525
0.000241
0.000343
0.000335
0.000331
0.000887
0.000670
0.000019
0.000011
0.000010
0.000018
0.000029
0.000029
0.000038
0.000028
0.000018
0.000025
0.000026
0.000034
0.000024
0.000107
0.000086
0.000083
0.000133
0.000276
0.001736
0.002387
0.002880
0.003074
0.002737
0.001593
0.000405
0.000789
0.004151
0.005054
0.007596
0.046600
0.076941
0.116995
0.207563
0.778196
0.828547
0.903248
0.955843
1.008226
1.018038
0.005310
0.002439
0.002138
0.003785
0.000535
1.628205
1.703175
1.798953
1.926361
2.049779
2.187571
2.359405
2.568264
2.807002
3.030121
0.004239
0.000643
0.000596
0.000704
0.001138
0.000906
0.000804
0.001557
0.002581
3.143001
0.001357
0.001601
0.011265
0.015331
3.546983
3.847871
4.186415
4.500131
4.862881
5.259140
5.672126
5.917560
5.904865
5.837312
5.743000
5.511098
0.000278
0.000234
0.000192
0.000357
0.000122
0.000566
0.000654
0.000909
0.000859
0.004644
4.380869
3.902927
0.033663
0.029682
4.580571
4.482469
0.022071
0.058405
0.356135
4.785478
0.064530
0.044851
0.073049
0.058732
5.244946
0.021639
6.008626
6.633591
7.247314
7.303697
7.310246
7.263540
7.121396
6.999280
6.835926
6.440039
5.992152
5.589920
5.198731
4.289618
3.600947
3.101478
0.071109
0.060157
0.047609
0.039237
0.002547
0.002870
0.040870
0.039052
2.642092
2.571662
2.400783
2.299541
2.231809
2.070755
1.906648
1.802284
1.713787
0.006415
0.000317
0.000265
0.000255
0.000207
0.000063
0.000014
0.000004
0.000004
0.000003
0.000003
0.000003
0.000181
0.000068
0.000058
0.000040
0.000037
0.000044
0.000035
0.000025
0.000019
0.000012
0.000010
0.000011
0.000014
0.000012
0.000006
0.000007
0.000008
0.000009
0.000011
0.000014
0.000020
0.000016
0.000018
0.000020
0.000024
0.000026
0.000031
0.000035
0.000046
0.000066
0.000132
0.000194
0.000233
0.000270
0.000301
0.000356
0.000537
0.000681
0.000821
0.001045
0.001149
0.008380
0.009033
0.008994
0.009182
0.018183
0.024963
0.048443
0.108639
0.159349
1.244840
1.919724
2.346522
2.788674
3.232180
3.750364
4.879055
5.833765
6.845343
7.186925
7.625637
7.649710
7.833014
7.886040
7.945571
8.162550
0.076987
8.433518
8.479661
8.547086
8.554673
8.552392
8.552243
8.548259
8.546055
8.540800
8.539332
8.539045
8.542484
8.550741
8.553759
8.557603
8.558442
8.552031
8.544429
8.529679
8.516058
8.480552
8.442755
8.189451
0.105511
0.065101
7.510316
7.526845
7.385199
0.030006
7.320390
7.278032
7.211319
7.098898
6.991777
6.701112
6.498581
6.336037
6.087839
5.805823
5.566317
5.347843
4.966717
4.407665
3.904441
3.466225
3.080021
2.783743
2.321719
2.085350
1.895831
1.734050
1.379009
0.021101
0.019616
0.003043
0.001241
0.017238
0.655953
0.026710
0.731093
0.706262
0.638913
0.596542
0.487140
0.262940
0.204357
0.186077
0.104172
0.107868
0.003783
0.001063
0.000882
0.000360
0.000387
0.000395
0.000112
0.000088
0.000027
0.000022
0.000025
0.000017
0.000048
0.000046
0.004576
0.004662
0.004718
0.005038
0.005679
0.000036
0.000038
0.000056
0.000034
0.001049
0.000837
0.000903
0.000963
0.000967
0.000701
0.000746
0.000233
0.000117
0.000151
0.000283
0.015454
1.368707
1.514301
1.685370
1.997352
2.215741
2.486422
2.969349
3.220311
3.546656
3.830392
3.977670
4.114924
4.290412
4.347185
4.343558
4.330485
4.329073
4.232458
4.054585
3.907788
3.698869
3.410826
3.184079
2.917047
2.720890
2.385759
0.100165
0.089389
0.083323
0.081667
0.081274
0.081173
0.079924
0.006458
0.069081
0.072766
0.072341
0.071186
0.067285
0.062495
0.048511
0.037711
0.033474
0.005856
0.000350
0.000943
0.022629
0.021876
0.021149
0.020727
0.020572
0.018251
0.018544
0.018829
0.020302
0.021368
0.022287
0.023091
0.023633
0.024065
0.024674
0.025126
0.000266
0.000258
0.000741
0.000760
0.000666
0.000709
0.000632
0.000947
0.024299
0.023500
1.823673
1.744786
1.529134
0.027914
0.024565
0.014488
0.012614
0.011670
0.011763
0.011242
0.009055
0.004415
0.004435
0.007198
0.007076
0.006936
0.003459
0.002284
0.003255
0.000029
0.000234
0.000221
0.000888
0.001000
0.001133
0.001239
0.001390
0.005642
0.007562
0.007703
0.007725
0.009370
0.010197
0.010129
0.012646
0.012622
0.002828
0.008564
0.007069
0.000977
0.000935
0.001029
0.000878
0.000848
0.000039
0.000029
0.000010
0.000012
0.000016
0.000012
0.000007
0.000008
0.000009
0.000012
0.000383
0.000436
0.000431
0.000474
0.000385
0.000467
0.000515
0.000600
0.000334
0.000092
0.007712
0.007942
0.008223
0.000777
1.211597
1.081460
0.852926
0.564439
0.413283
0.258803
0.192970
0.064456
0.000059
0.000109
0.000069
0.000079
0.052567
0.051504
0.047120
0.004850
0.004931
0.004625
0.001641
0.001740
0.001886
0.002036
0.001989
0.001909
0.000903
0.000008
0.000006
0.000005
0.000002
0.000006
0.000005
0.000002
0.000001
0.000001
0.000002
0.000002
0.000002
0.000001
0.000172
0.000190
0.000015
0.000004
0.000001
0.000000
0.000000
0.000000
0.000000
0.000001
0.000000
0.000001
0.000001
0.000001
0.000000
0.000000
0.000000
0.000000
0.000000
0.000000
0.000000
0.000000
0.000000
0.000000
0.000001
0.000001
0.000000
0.000000
0.000000
0.000000
0.000000
0.000000
0.000000
0.000000
0.000000
0.000001
0.000001
0.000001
0.000001
0.000001
0.000000
0.000000
0.000000
0.000000
0.000000
0.000000
0.000000
0.000000
0.000000
0.000000
0.000000
0.000000
0.000001
0.000000
0.000001
0.000000
0.000000
0.000000
0.000000
0.000000
0.000000
0.000000
0.000000
0.000000
0.000000
0.000000
0.000000
0.000000
0.000000
0.000000
0.000000
0.000000
0.000000
0.000000
0.000000
0.000000
0.000000
0.000000
0.000000
0.000000
0.000000
0.000000
0.000000
0.000000
0.000000
0.000000
0.000000
0.000000
0.000000
0.000000
0.000000
0.000000
0.000000
0.000000
0.000000
0.000000
0.000000
0.000000
0.000000
0.000000
0.000000
0.000000
0.000000
0.000000
0.000000
0.000000
0.000000
0.000000
0.000000
0.000000
0.000000
0.000000
0.000000
0.000000
0.000000
0.000000
0.000000
0.000006
0.000005
0.000006
0.000136
0.000029
0.000046
0.000000
0.000000
0.000000
0.000000
0.000000
0.000000
0.000000
0.000000
0.000000
0.000000
0.000000
0.000000
0.000000
0.000000
0.000000
0.000000
0.000000
0.000000
0.000000
0.000000
0.000000
0.000000
0.000000
0.000000
0.000000
0.000000
0.000000
0.000000
0.000000
0.000000
0.000000
0.000000
0.000000
0.000000
0.000000
0.000000
0.000000
0.000000
0.000000
0.000000
0.000000
0.000000
0.000000
0.000000
0.000000
0.000000
0.000000
0.000000
0.000000
0.000000
0.000000
0.000000
0.000000
0.000000
0.003520
0.006418
0.007388
0.007689
0.045680
0.000000
0.000000
0.000000
0.000000
0.000000
0.000000
0.000000
0.000000
0.000000
0.000000
0.000000
0.000000
0.000000
0.000000
0.000000
0.000000
0.000000
0.000000
0.000000
0.000000
0.000000
0.000000
0.000000
0.000000
0.000000
0.000000
0.000000
0.000000
0.000000
0.000000
0.000000
0.000000
0.000000
0.000000
0.000000
0.000000
0.000000
0.000000
0.000000
0.000000
0.000000
0.000000
0.000000
0.000000
0.000000
0.000000
0.000000
0.000000
0.000000
0.000000
0.000000
0.000000
0.000000
0.000000
0.000000
0.000000
0.000000
0.000000
0.000000
0.000000
0.000000
0.000000
0.000000
0.000000
0.000000
0.000000
0.000000
0.000000
0.000000
0.000000
0.000000
0.000000
0.000000
0.000000
0.000000
0.000000
0.000000
0.000000
0.000000
0.000000
0.000000
0.000000
0.000000
0.000000
0.000000
0.000000
0.000000
0.000000
0.000000
0.000000
0.000000
0.000000
0.000000
0.000000
0.000000
0.000000
0.000000
0.000000
0.000000
0.000000
0.000000
0.000000
0.000000
0.000000
0.000000
0.000000
0.000000
0.000000
0.000000
0.000000
0.000000
0.000000
0.000000
0.000000
0.000000
0.000000
0.000000
0.000000
0.000000
0.000000
0.000000
0.000000
0.000000
0.000000
0.000000
0.000000
0.000000
0.000000
0.000000
0.000000
0.000000
0.000000
0.000000
0.000000
0.000000
0.000000
0.000000
0.000000
0.000000
0.000000
0.000000
0.000000
0.000000
0.000000
0.000000
0.000000
0.000000
0.000000
0.000000
0.000000
0.000000
0.000000
0.000000
0.000000
0.000000
0.000000
0.000000
0.000000
0.000000
0.000000
0.000000
0.000000
0.000000
0.000000
0.000000
0.000000
0.000000
0.000000
0.000000
0.000000
0.000000
0.000000
0.000000
0.000000
0.000000
0.000000
0.000000
0.000000
0.000000
0.000000
0.000000
0.000000
0.000000
0.000000
0.000000
0.000000
0.000000
0.000000
0.000000
0.000000
0.000000
0.000000
0.000000
0.000000
0.000000
0.000000
0.000000
0.000000
0.000000
0.000000
0.000000
0.000000
0.000000
0.000000
0.000000
0.000000
0.000000
0.000000
0.000000
0.000000
0.000000
0.000000
0.000000
0.000000
0.000000
0.000000
0.000000
0.000000
0.000000
0.000000
0.000000
0.000000
0.000000
0.000000
0.000000
0.000000
0.000000
0.000000
0.000000
0.000000
0.000000
0.000000
0.000000
0.000000
0.000000
0.000000
0.000000
0.000000
0.000000
0.000000
0.000000
0.000000
0.000000
0.000000
0.000000
0.000000
0.000000
0.000000
0.000000
0.000000
0.000000
0.000000
0.000000
0.000000
0.000000
0.000000
0.000000
0.000000
0.000000
0.000000
0.000000
0.000000
0.000000
0.000000
0.000000
0.000000
0.000000
0.000000
0.000000
0.000000
0.000000
0.000000
0.000000
0.000000
0.000000
0.000000
0.000000
0.000000
0.000000
0.000000
0.000000
0.000000
0.000000
0.000000
0.000000
0.000000
0.000000
0.000000
0.000000
