0.001237
0.001171
0.000014
0.002939
0.000013
0.000008
0.000006
0.002861
0.002953
0.002987
0.007070
0.007565
0.000055
0.001377
0.004245
0.004806
0.005485
0.000009
0.000228
0.002514
0.002794
0.008012
0.004470
0.007068
0.007092
0.006922
0.006820
0.011636
0.011809
0.011870
0.010824
0.010282
0.005565
0.005661
0.005777
0.006058
0.006225
0.006321
0.027104
0.028143
0.037442
0.034092
0.033676
0.011138
0.010515
0.003285
0.003272
0.003294
0.000080
0.035180
0.063236
2.267561
2.193536
1.252252
0.943524
0.845392
0.708235
0.559563
0.432328
0.191828
0.168779
0.086352
0.040263
0.032024
0.000326
0.000242
0.000221
0.001383
0.022815
0.020313
0.010634
0.003772
0.002756
0.002402
0.001879
0.001528
0.001321
0.001363
0.000283
0.000060
0.000013
0.000052
0.000281
0.021369
0.026669
0.041688
0.054800
0.058963
0.062364
0.069564
0.082266
0.084286
0.088358
0.092763
0.118592
0.133451
0.142294
0.145604
0.147140
0.147566
0.140640
0.133401
0.118140
0.105236
0.080312
0.077691
0.060901
0.026435
0.002255
0.002105
0.001458
0.000272
0.000236
0.000226
0.000199
0.000184
0.000012
0.000011
0.000014
0.000022
0.000015
0.000020
0.000014
0.000010
0.000008
0.000007
0.000006
0.000005
0.000004
0.000006
0.000007
0.000024
0.000059
0.000058
0.000050
0.000272
0.000066
0.000089
0.000020
0.000011
0.000014
0.000016
0.000111
0.002282
0.002325
0.003272
0.003768
0.006252
0.007318
0.012395
0.030356
0.045159
0.049947
0.095231
0.124335
0.139341
0.153374
0.158100
0.161437
0.162037
0.163776
0.155261
0.000972
0.000949
0.001181
0.109781
0.054360
0.047880
0.043945
0.022234
0.009115
0.002647
0.004038
0.003657
0.003281
0.003319
0.003662
0.003662
0.003709
0.004421
0.004579
0.004774
0.004927
0.005261
0.005784
0.006319
0.006846
0.008073
0.010973
0.010588
0.010648
0.009443
0.002237
0.002319
0.002500
0.002554
0.004146
0.004761
0.005459
0.006901
0.008030
0.008838
0.007008
0.007510
0.007685
0.006568
0.006292
0.006402
0.006198
0.006649
0.007091
0.007545
0.010154
0.010792
0.016051
0.014484
0.016888
0.000019
0.000027
0.000019
0.000016
0.000007
0.000050
0.000010
0.000014
0.000021
0.000009
0.000008
0.000007
0.000008
0.000006
0.000007
0.000005
0.000005
0.000008
0.000013
0.000171
0.000039
0.000022
0.000023
0.000025
0.000031
0.000028
0.000011
0.000014
0.000012
0.000026
0.000037
0.000025
0.000022
0.000019
0.000033
0.000033
0.000034
0.000014
0.000018
0.000019
0.000022
0.000045
0.000039
0.000028
0.000024
0.000021
0.000019
0.000895
0.000600
0.000790
0.001278
0.087742
0.094644
0.129193
0.175742
0.203093
0.220441
0.530534
0.674598
0.730991
1.103804
1.468404
1.747020
1.940290
2.154333
0.002336
0.002121
0.000014
0.000016
0.000018
0.000016
0.000031
0.000028
0.000022
0.000032
0.000022
0.000013
0.000024
0.000047
0.000035
0.000027
0.000026
0.000036
0.000047
0.000037
0.000064
0.000049
0.000024
0.000040
0.000053
0.000057
0.000093
0.000167
0.000373
0.000901
0.001342
0.002088
0.003251
2.997346
3.377723
3.885696
4.415041
5.019576
5.664475
6.084343
6.660819
7.757193
7.958467
0.002083
0.001058
0.000606
0.000374
0.000259
0.000078
0.000050
0.000026
0.000020
0.000023
0.000036
0.000038
0.000062
0.000280
0.000711
0.001187
0.001998
8.279483
8.416480
8.434410
8.467804
8.490438
8.518639
8.531493
8.538286
8.544665
8.552213
8.545640
8.543440
8.541876
8.541916
8.542934
8.546311
8.546048
8.546471
8.547055
8.546866
8.546965
8.547134
8.547087
8.546859
8.806955
8.811335
8.820352
8.825551
8.831033
8.841499
8.846285
8.846625
8.846915
8.847452
8.848018
8.848109
8.847985
8.847977
8.847053
8.847080
8.848154
8.848100
8.848021
8.847901
8.847747
8.847376
8.847484
8.847570
8.847528
8.847343
8.847119
8.847264
8.847260
8.845807
8.843333
8.843490
8.846016
8.846606
8.846300
8.845844
8.842385
8.838995
9.149948
9.160006
9.171272
9.178343
9.175486
9.152639
9.069925
0.000374
0.000200
0.000152
0.000018
0.000011
0.000007
0.000002
0.000002
0.000001
0.000001
0.000002
0.000001
0.000005
0.000006
0.000010
0.000025
0.000039
0.000112
0.000274
0.000559
8.678687
8.795883
8.844794
8.853911
8.857940
8.856431
8.855320
8.853468
8.853141
8.854384
8.853634
8.852591
8.848043
8.839607
8.832874
8.828838
8.819115
8.815943
8.820894
8.815227
8.788147
0.005103
0.004541
0.001544
0.000863
0.000149
0.000141
0.000145
0.000016
0.000020
0.000005
0.000006
0.000003
0.000004
0.000003
0.000004
0.000006
0.000013
0.000020
0.000008
0.000012
0.000006
0.000007
0.000003
0.000008
8.491057
8.491330
8.491026
8.490070
8.488672
8.488039
8.481311
8.475598
8.464031
8.462341
8.284742
8.253859
8.140453
7.910903
6.760534
6.761364
7.946550
8.389849
8.637036
8.833520
8.895513
8.975387
8.997619
9.004791
9.008807
9.012776
9.015338
9.016869
9.016253
9.013354
9.001594
8.987541
8.981846
8.977873
8.975457
8.981807
8.978467
8.976786
8.982499
8.971846
8.965984
8.960914
8.929502
8.891217
8.862019
0.002127
0.001867
0.000261
0.000174
0.000147
0.000026
0.000017
0.000012
0.000004
0.000004
0.000006
0.000004
0.000003
0.000004
0.000003
0.000003
0.000002
0.000002
0.000001
0.000001
0.000001
0.000007
0.000004
0.000003
0.000004
0.000007
0.000006
0.000005
0.000005
0.000002
0.000032
0.000015
0.000007
0.000006
0.000003
0.000004
0.000003
0.000002
0.000001
0.000001
0.000004
0.000004
0.000004
0.000002
0.000004
0.000008
0.000012
0.000015
0.000029
0.000039
0.000082
0.000158
0.000413
0.000865
8.712951
9.019885
9.092818
9.108795
9.122596
9.128146
9.129489
9.130015
9.129272
9.129067
9.127176
9.121029
9.118519
9.115323
9.112940
0.000025
9.102674
9.074550
0.000330
0.000121
0.000073
0.000040
0.000019
0.000013
0.000010
0.000002
0.000001
0.000001
0.000001
0.000001
0.000001
0.000001
0.000001
0.000017
0.000020
0.000034
0.000045
0.000080
0.000183
0.000395
8.915670
8.969813
9.023382
9.054939
9.094167
9.109821
9.114612
9.119601
9.121320
9.123109
9.123479
9.123741
9.123563
9.123632
9.123989
9.123531
9.121976
9.120127
9.118635
9.117933
9.118843
9.122175
9.122376
9.123198
9.124044
9.123079
9.118881
9.102534
9.091351
9.075897
9.016344
8.983238
8.955144
8.746836
8.749493
8.751003
8.751506
8.752495
8.752646
8.752444
8.752431
8.752610
8.752649
8.751872
8.749636
8.749331
8.750037
8.750900
8.751897
8.751608
8.750029
8.742215
8.718689
8.703528
8.684028
8.683395
9.028262
9.324840
9.356741
9.347650
9.351391
9.368437
9.378223
9.379802
9.378335
9.379073
9.378227
9.374510
9.374800
9.374445
9.337230
9.293291
9.266575
9.257287
9.225816
9.156156
9.112634
8.988523
8.898220
8.868094
8.827796
8.738897
8.679797
8.609761
8.550125
8.316812
8.155017
8.036890
7.648387
6.932405
6.319937
5.718516
5.082287
4.639269
4.243199
3.804004
3.005690
2.659370
0.129627
0.036036
0.048810
1.769335
1.706525
1.516533
0.050929
1.382377
1.324472
1.293307
1.240474
0.847370
0.806979
0.641366
0.591011
0.014357
0.019307
0.011520
0.010605
0.002985
0.002163
0.001811
0.001462
0.195744
0.195874
0.202169
0.202323
0.201801
0.001179
0.000143
0.000849
0.005522
0.224826
0.295707
0.415436
0.503692
0.513090
0.525267
0.528167
0.009335
0.002920
0.000737
0.000338
0.000035
0.007116
0.007163
0.007244
0.007760
0.008352
0.007734
0.006875
0.007075
0.001472
0.000655
0.606278
0.026528
0.687005
0.661279
0.633044
0.602043
0.003839
0.003516
0.191287
0.190214
0.202569
0.211506
0.220967
0.258056
0.254888
0.232260
0.133829
0.048528
0.033995
0.000062
0.045059
0.020077
0.034941
0.194681
0.215946
0.227081
0.233794
0.231058
0.243731
0.245748
0.235355
0.223806
0.023490
0.017906
0.018130
0.000233
0.000209
0.003089
0.078341
0.181290
0.288428
0.311110
0.314504
0.322458
0.325912
0.080468
0.093637
0.090443
0.087026
0.003849
0.003467
0.006762
0.006859
0.013590
0.009724
0.009807
0.009723
0.010066
0.047782
0.048791
0.060136
0.080277
0.097669
0.091955
0.087426
0.099454
0.134207
0.213466
0.238749
0.287101
0.000173
0.447586
1.179570
1.303390
1.414972
1.528049
1.498633
1.466176
1.390858
0.014193
0.010336
0.000254
0.000087
0.000867
0.994273
0.904479
0.795067
0.001699
0.001248
0.000601
0.000258
0.000120
0.000036
0.000366
0.003031
0.003315
0.487598
0.435051
0.393496
0.357041
0.310927
0.279513
0.038215
0.020231
0.018712
0.010956
0.010563
0.003953
0.003535
0.004854
0.080034
0.080028
0.078613
0.062642
0.015393
0.004185
0.004078
0.000114
0.000260
0.000272
0.000172
0.000094
0.026134
0.026245
0.087546
0.101194
0.135384
0.148725
0.161555
0.168906
0.172768
0.174813
0.174347
0.160396
0.156811
0.120829
0.023099
0.000236
0.000163
0.000191
0.000235
0.000602
0.001105
0.022542
0.224639
0.241172
0.264027
0.271004
0.275787
0.287299
0.291073
0.270576
0.226433
0.193962
0.190110
0.176472
0.050751
0.036579
0.034692
0.035513
0.003553
0.003400
0.003209
0.003144
0.002998
0.002545
0.001986
0.000268
0.002521
0.002649
0.003013
0.032349
0.039179
0.042138
0.046405
0.072244
0.071348
0.056437
0.047196
0.044037
0.041914
0.015580
0.003719
0.003671
0.003681
0.003563
0.003395
0.003320
0.003575
0.003624
0.003770
0.003429
0.000286
0.024200
0.025027
0.025906
0.036650
0.036173
0.037785
0.038342
0.047186
0.056591
0.262449
0.293859
0.326317
0.355626
0.048256
0.001532
0.000022
0.000035
0.000027
0.000028
0.000055
0.000085
0.008469
0.103520
0.173676
0.706705
0.749784
0.788902
0.864134
0.873088
0.125069
0.003914
0.003961
0.004289
0.069970
0.936908
1.022903
0.994125
0.006879
0.605229
0.560819
0.001126
0.001140
0.001571
0.000090
0.000126
0.000043
0.000037
0.001855
0.005118
0.070734
0.094789
0.228184
1.099948
1.220469
1.339421
1.416309
0.011928
0.000578
1.396962
0.005249
1.316199
1.209830
1.109687
1.028006
0.936052
0.001402
0.000531
0.000884
0.000591
0.000528
0.001123
0.001078
0.600777
0.561633
0.512782
0.318922
0.328300
0.405926
0.390682
0.397011
0.370947
0.320995
0.315485
0.311079
0.306483
0.280420
0.234691
0.211548
0.032775
0.000403
0.070495
0.107647
0.132846
0.161778
0.168358
0.180629
0.201706
0.227445
0.237141
0.000347
0.038814
0.349835
0.422877
0.502423
0.521375
0.526567
0.522103
0.533983
0.536388
0.503429
0.440515
0.000357
0.002812
0.002270
0.000034
0.000057
0.000061
0.000413
0.000499
0.000019
0.000016
0.000019
0.000038
0.000039
0.000046
0.000018
0.000031
0.000018
0.000083
0.001338
0.002815
0.031579
0.625623
0.650549
0.696628
0.695769
0.592810
0.585916
0.540294
0.515649
0.461773
0.390282
0.147525
0.102647
0.091096
0.068714
0.060807
0.058616
0.057668
0.051467
0.011917
0.011719
0.012040
0.012546
0.012639
0.012936
0.013376
0.013660
0.013750
0.013664
0.013312
0.007164
0.007291
0.015946
0.005526
0.042278
0.060123
0.074898
0.003193
0.351553
0.392265
0.450142
0.480543
0.483834
0.469816
0.459180
0.085848
0.059866
0.039847
0.016946
0.005820
0.002372
0.000143
0.000077
0.000092
0.000067
0.000025
0.000032
0.000065
0.000077
0.000022
0.000032
0.000034
0.000121
0.000162
0.000053
0.000029
0.000064
0.000095
0.000138
0.000549
0.014563
0.050943
0.051588
0.050387
0.073374
0.098139
0.445254
0.460411
0.460183
0.005961
0.002049
0.000118
0.000133
0.346212
0.348555
0.334761
0.314343
0.304737
0.282295
0.224785
0.002000
0.000394
0.000044
0.000295
0.157475
0.156050
0.154535
0.156235
0.157702
0.161583
0.170289
0.211790
0.215247
0.220963
0.233466
0.004283
0.582395
0.643451
0.698458
0.014277
0.004448
0.000124
0.002846
0.039655
0.960119
0.996542
0.999333
0.983847
0.953509
0.863342
0.668660
0.528535
0.470658
0.353935
0.236154
0.210598
0.166893
0.127098
0.119071
0.021290
0.006154
0.000035
0.000212
0.000581
0.000227
0.000165
0.000393
0.000087
0.050744
0.051440
0.044834
0.043176
0.042327
0.042196
0.092127
0.209224
0.205409
0.205089
0.089363
0.087003
0.065844
0.064104
0.053071
0.046098
0.004935
0.003875
0.003496
0.003573
0.000437
0.001431
0.130478
0.132403
0.131284
0.130399
0.137091
0.160795
0.169831
0.164560
0.142455
0.289594
0.284947
0.287282
0.269601
0.214092
0.229020
0.201113
0.187515
0.182556
0.045047
0.038958
0.030151
0.000400
0.000103
0.000192
0.000160
0.007195
0.007461
0.007984
0.008513
0.009873
0.010265
0.010846
0.011082
0.011167
0.010252
0.010957
0.010702
0.052039
0.058404
0.065607
0.064503
0.073082
0.077923
0.047680
0.045616
0.019948
0.014680
0.006813
0.007064
0.019572
0.022740
0.023261
0.042462
0.042956
0.044608
0.044161
0.043113
0.024547
0.017945
0.011614
0.011231
0.000302
0.000063
0.001054
0.001264
0.233635
0.256673
0.398834
0.435339
0.466891
0.501937
0.011845
0.010160
0.000550
0.000527
0.000605
0.002538
0.004688
0.032000
0.871733
0.980328
1.107404
0.000145
0.000121
0.000012
0.000013
0.000086
0.000078
0.000109
0.000286
0.000737
0.011678
0.017008
1.457216
0.001027
1.767908
1.885607
1.913869
0.008335
0.006222
0.000203
0.000173
1.860001
1.827469
1.772633
1.627546
1.420026
1.274835
0.746863
0.340388
0.239877
0.159919
0.057853
0.051945
0.017592
0.016007
0.000538
0.000377
0.017826
0.015762
0.002665
0.006708
0.007388
0.007397
0.007253
0.007027
0.007147
0.007257
0.007492
0.007582
0.021409
0.020598
0.019984
0.018609
0.015526
0.008030
0.014853
0.016902
0.018218
0.020669
0.000161
0.002013
0.002435
0.002858
0.021569
0.060621
0.071695
0.111999
0.129671
0.150368
0.345689
0.341247
0.239310
0.239806
0.234482
0.000039
0.000033
0.000025
0.000209
0.000195
0.000338
0.001653
0.245027
0.257881
0.237084
0.235493
0.239413
0.243117
0.246002
0.242240
0.007898
0.007436
0.007372
0.007320
0.007369
0.007233
0.000362
0.000309
0.000077
0.000039
0.000057
0.000058
0.000038
0.000042
0.000033
0.000063
0.006803
0.101599
0.109275
0.125137
0.130707
0.324667
0.326266
0.001350
0.034483
0.238693
0.252962
0.251754
0.220172
0.215755
0.209353
0.162565
0.089513
0.085619
0.080159
0.042522
0.000230
0.000136
0.000093
0.000143
0.000077
0.001519
0.001016
0.003962
0.020041
0.174054
0.178962
0.181731
0.182852
0.092741
0.042978
0.042342
0.042147
0.026184
0.031836
0.033030
0.055382
0.056767
0.130993
0.136581
0.152359
0.143194
0.147487
0.002120
0.293206
0.328286
0.378258
0.437228
0.497852
0.586128
0.824375
0.932975
1.063708
1.100054
1.161236
1.208364
1.218821
1.203405
1.191614
0.017467
0.017009
0.007180
0.006895
0.007931
0.009125
0.009532
0.009685
0.009760
0.009838
1.131538
1.130190
1.102275
1.072150
1.001043
0.035860
0.000964
0.000662
0.000546
0.000454
0.000453
0.386141
0.386557
0.389216
0.340974
0.313073
0.307794
0.302207
0.001132
0.000022
0.000009
0.000007
0.000008
0.000004
0.000005
0.000004
0.000023
0.000015
0.000017
0.000017
0.000011
0.000031
0.000017
0.000004
0.000005
0.000011
0.000038
0.000019
0.000011
0.000008
0.000006
0.000006
0.000009
0.003049
0.000009
0.000005
0.000004
0.000004
0.000006
0.000006
0.000010
0.000015
0.000354
0.255926
0.253789
0.249986
0.208629
0.200617
0.190471
0.060553
0.038065
0.035208
0.001065
0.000735
0.000551
0.000558
0.000527
0.000556
0.000565
0.000619
0.000038
0.000013
0.000015
0.000016
0.000005
0.000004
0.000001
0.000001
0.000000
0.000001
0.000001
0.000001
0.000002
0.000001
0.000001
0.000001
0.000001
0.000002
0.000003
0.000008
0.000032
0.000006
0.000009
0.000011
0.000110
0.018992
0.015293
0.109035
0.144542
0.181569
0.307523
0.332083
0.359983
0.456383
0.502264
0.688688
1.012707
1.775947
1.929393
0.011722
2.328141
2.352813
0.013897
0.002600
0.000011
0.000003
0.000019
0.000001
0.000000
0.000001
0.000000
0.000000
0.000000
0.000000
0.000000
0.000003
0.000003
0.000036
0.000000
0.000000
0.000000
0.000000
0.000000
0.000000
0.000000
0.000000
0.000000
0.000000
0.000001
0.000000
0.000001
0.000001
0.000000
0.000000
0.000000
0.000000
0.000000
0.000000
0.000000
0.000000
0.000000
0.000000
0.000000
0.000000
0.000000
0.000000
0.000001
0.000001
0.000000
0.000000
0.000000
0.000000
0.000000
0.000000
0.000000
0.000000
0.000000
0.000000
0.000000
0.000000
0.000000
0.000000
0.000000
0.000000
0.000000
0.000000
0.000000
0.000000
0.000000
0.000000
0.000000
0.000000
0.000000
0.000000
0.000000
0.000000
0.000000
0.000000
0.000000
0.000000
0.000000
0.000000
0.000000
0.000000
0.000000
0.000000
0.000000
0.000000
0.000000
0.000000
0.000000
0.000000
0.000000
0.000000
0.000000
0.000000
0.000000
0.000000
0.000000
0.000000
0.000000
0.000000
0.000000
0.000000
0.000000
0.000000
0.000006
0.006738
