0.015324
0.004602
0.005069
0.005151
0.005191
0.011891
0.017791
0.028993
0.030569
0.049163
0.053620
0.102805
0.236916
4.187881
4.234775
4.494040
4.551231
4.540284
4.539252
0.000010
0.000005
0.000002
0.000001
0.000001
0.000000
0.000001
0.000001
0.000009
0.000010
0.000010
0.000011
4.505670
4.306953
3.912583
3.033644
2.592334
1.713147
1.205869
0.890657
0.315680
0.162803
0.043527
0.015083
0.001398
0.000005
0.001058
0.005091
0.006794
0.006708
0.006678
0.006757
0.006902
0.005538
0.005579
0.000290
0.000306
0.000357
0.000433
0.002447
0.003967
0.000167
0.000163
0.000142
0.000126
0.000118
0.000009
0.000116
0.000119
0.000122
0.000113
0.000107
0.000099
0.000096
0.000007
0.000007
0.000007
0.000005
0.000019
0.000014
0.000175
0.000182
0.000192
0.000203
0.000244
0.000270
0.000320
0.000387
0.000496
0.000557
0.000590
0.000612
0.001112
0.001220
0.001491
0.000682
0.000672
0.000666
0.000635
0.000609
0.000595
0.000592
0.000581
0.000573
0.000008
0.000003
0.000002
0.000000
0.000001
0.000001
0.000000
0.000000
0.000000
0.000000
0.000000
0.000000
0.000000
0.000000
0.000001
0.000000
0.000000
0.000000
0.000000
0.000000
0.000000
0.000000
0.000000
0.000000
0.000000
0.000000
0.000001
0.000000
0.000000
0.000000
0.000000
0.000000
0.000000
0.000000
0.000001
0.000000
0.000000
0.000202
0.000177
0.000109
0.000113
0.000086
0.000074
0.000074
0.000056
0.000079
0.000086
0.000064
0.000090
0.000074
0.000073
0.000068
0.000065
0.000003
0.000003
0.000000
0.000000
0.000000
0.000001
0.000006
0.000000
0.000000
0.000000
0.000000
0.000000
0.000000
0.000002
0.000001
0.000001
0.000000
0.000000
0.000000
0.000000
0.000000
0.000000
0.000000
0.000000
0.000000
0.000000
0.000000
0.000000
0.000071
0.000047
0.000129
0.000166
0.000353
0.004985
0.007193
0.000000
0.000002
0.021250
0.091183
2.116964
2.501645
2.943046
3.493322
4.042730
4.359984
4.562405
4.645897
0.000005
0.000002
0.000001
0.000000
0.000000
0.000000
0.000000
0.000001
0.000000
0.000000
0.000000
0.000000
0.000000
0.000000
0.000000
0.000000
0.000001
0.000000
0.000000
0.000000
0.000000
0.000000
0.000000
0.000000
0.000008
0.000007
0.000003
0.000000
0.000000
0.000000
0.000000
0.000000
0.000000
0.000000
0.000000
0.000000
0.000000
0.000000
0.000000
0.000000
0.000001
0.000000
0.000000
0.000000
0.000001
0.000001
0.000001
0.000001
0.000000
0.000000
0.000000
0.000000
0.000000
0.000001
0.000012
0.000014
0.000014
0.000000
0.000000
0.000000
0.000000
0.000000
0.000000
0.000000
0.000000
0.000000
0.000000
0.000000
0.000000
0.000001
0.000000
0.000000
0.000000
0.000000
0.000001
0.000001
0.000000
0.000000
0.000000
0.000000
0.000001
0.000001
0.000001
0.000000
0.000001
0.000000
0.000000
0.000000
0.000000
0.000001
0.000001
0.000001
0.000001
0.000002
0.000002
0.000005
0.000009
0.000067
0.000007
0.000005
0.000008
0.000004
0.000010
0.000030
0.000026
0.000013
0.000012
0.000004
0.000004
0.000002
0.000000
0.000001
0.000002
0.000001
0.000002
0.000001
0.000001
0.000001
0.000004
0.000003
0.000007
0.000014
0.000003
0.000002
0.000002
0.000001
0.000001
0.000001
0.000001
0.000003
0.000003
0.000016
0.000005
0.000003
0.000001
0.000002
0.000001
0.000002
0.000004
0.000003
0.000004
0.000008
0.000003
0.000003
0.000003
0.000004
0.000001
0.000001
0.000002
0.000003
0.000014
0.000006
0.000007
0.000006
0.000004
0.000003
0.000014
0.000003
0.000002
0.000001
0.000001
0.000003
0.000014
0.000010
0.000004
0.000005
0.000007
0.000007
0.000005
0.000006
0.000007
0.000003
0.000002
0.000002
0.000002
0.000002
0.000003
0.000006
0.000005
0.000005
0.000004
0.000003
0.000005
0.000017
0.000009
0.000006
0.000007
0.000017
0.000016
0.000017
0.000045
0.000248
0.000414
0.000492
0.002208
0.004783
0.090565
5.222239
0.000001
0.000001
0.000001
0.000001
0.000003
0.000003
5.287440
5.332326
5.269442
5.222432
5.189597
5.144115
5.008189
4.901213
4.657870
4.293084
0.000413
0.000000
0.000000
0.000000
0.000000
0.000000
0.000000
0.000000
0.000000
0.000000
0.000000
0.000000
0.000000
0.000000
0.000000
0.000000
0.000000
0.000000
0.000000
0.000101
3.546432
3.201689
2.958944
2.733787
0.003688
0.003104
0.002188
0.025176
0.069221
0.104807
0.454972
2.623685
2.900032
0.000319
0.000282
0.000248
0.000053
0.000039
0.000039
0.000062
0.000055
0.000028
0.000020
0.000013
0.000015
0.000028
0.000029
0.000057
0.000042
0.000058
0.000037
0.000070
0.000000
0.000086
0.000083
0.000101
0.000152
0.000307
0.000461
3.812498
4.006987
4.195988
4.384211
4.395177
0.000116
0.000010
0.000007
0.000003
0.000009
0.000013
0.000047
0.000015
0.000013
0.001278
0.000582
0.000470
0.000000
0.000000
0.000000
0.000000
0.000000
0.000000
0.000000
0.000000
0.000000
0.000000
0.000000
0.000000
0.000000
0.000000
0.000000
0.000000
0.000000
0.000000
0.000000
0.000000
0.000000
0.000000
0.000000
0.000000
0.000000
0.000324
0.000037
0.000000
0.000000
0.000000
0.000000
0.000000
0.000000
0.000000
0.000000
0.000000
0.000000
0.000000
0.000000
0.000000
0.000000
0.000000
0.000000
0.000000
0.000000
0.000000
0.000017
0.000014
0.000012
0.000021
0.000034
0.000361
0.000441
0.000000
0.000000
0.000000
0.000000
0.000001
0.000000
0.000000
0.000000
0.000001
0.000000
0.000000
0.000000
0.000000
0.000000
0.000000
0.000000
0.000000
0.000000
0.000000
0.000000
0.000000
0.000001
0.000001
0.000000
0.000000
0.000684
0.132873
3.833341
3.808743
3.743074
3.709851
3.659051
3.457688
3.340060
0.052663
0.000000
0.000000
0.000001
0.000001
0.000000
0.000000
0.000000
0.000001
0.000001
0.000000
0.000000
0.000000
0.000000
0.000000
0.000000
0.000000
0.000000
0.000000
0.000000
0.000000
0.000000
0.000000
0.000000
0.000000
0.000000
0.000000
0.000000
0.000000
0.000000
0.000000
0.000000
0.000000
0.000000
0.000000
0.000001
0.000000
0.000000
0.000000
0.000000
0.000000
0.000000
0.000000
0.000000
0.000000
0.000000
0.000000
0.000001
0.000001
0.000000
0.000000
0.000000
0.000000
0.000001
0.000002
0.000001
0.000001
0.000000
0.000000
0.000000
0.000002
0.000002
0.000001
0.000001
0.000001
0.000001
0.000001
0.000001
0.000002
0.000001
0.000001
0.000001
0.000005
0.000008
0.000014
0.000035
0.000002
0.000001
0.000001
0.000005
0.000011
0.000010
0.000001
0.000001
0.000001
0.000001
0.000000
0.000001
0.000000
0.000001
0.000001
0.000006
0.000005
0.000001
0.000001
0.000002
0.000001
0.000001
0.000001
0.000000
0.000002
0.000002
0.000003
0.000003
0.000004
0.000002
0.000001
0.000000
0.000000
0.000001
0.000003
0.000005
0.000003
0.000002
0.000006
0.000040
0.000043
0.000101
0.000195
3.415078
3.392552
3.282630
3.095415
2.964585
2.811641
2.466904
0.412068
0.135185
0.047009
0.000311
0.000851
0.000495
0.000254
0.000201
0.000267
0.000243
0.000241
0.035681
1.319660
1.404590
1.718697
1.942006
2.088073
2.257087
2.126135
2.382601
2.386896
2.417963
0.001675
0.000538
0.000014
0.000009
0.000028
0.000012
0.000004
0.000010
0.000008
0.000010
0.000014
0.000003
0.000003
0.000005
0.000003
0.000007
0.000008
0.000006
0.000010
0.000018
0.000010
0.000015
0.000006
0.000009
0.000008
0.000005
0.000006
0.000003
0.000007
0.000015
0.000008
0.000006
0.000006
0.000006
0.000006
0.000012
0.000008
0.000036
0.000020
0.000028
0.000025
0.000042
0.001125
0.001535
0.002277
0.002533
0.002621
0.000062
0.000052
0.000030
0.000058
0.000045
0.000076
0.000181
0.000256
0.000213
0.002144
3.088184
3.256891
3.568899
3.792016
4.072277
3.920991
3.888486
3.877888
3.886301
0.015376
0.005002
0.005141
0.006796
0.007007
0.009223
0.050577
4.419942
4.598799
4.826272
4.784422
4.631624
4.282031
3.891309
1.944477
1.199785
1.164203
3.090611
3.736035
3.951033
0.121432
5.015900
5.492510
5.702038
5.705485
5.809640
5.767834
5.743331
5.703435
5.707071
5.473889
5.479123
5.457290
5.441497
5.419419
5.390887
5.372749
5.356753
5.263802
0.000234
0.000064
0.000088
0.000087
0.000060
0.000050
0.000050
0.000059
0.000058
0.000074
0.000029
0.000009
0.000011
0.000130
0.000145
5.116708
4.947642
4.596309
0.009160
0.000301
0.000019
0.000008
0.000010
0.000013
0.000012
0.000064
0.000039
0.000013
0.000095
0.000053
0.000053
0.000076
0.000069
0.000029
0.000263
3.587507
3.213375
2.841829
1.889098
0.041924
0.000848
0.000812
0.000832
0.000923
0.001040
0.106678
0.102786
0.519736
2.276908
2.703845
3.260956
3.599780
3.959652
4.315341
4.553189
4.761900
4.990043
0.000028
0.000017
0.000013
0.000014
0.000008
0.000003
0.000002
0.000001
0.000002
0.000002
0.000006
0.000006
0.000004
0.000019
0.000009
0.000008
0.000005
0.000013
0.000012
0.000006
0.000007
0.000016
0.000189
0.000216
0.000279
0.000963
0.001054
0.001577
0.001948
0.003056
0.005537
5.418602
5.503424
5.606962
5.612341
5.611554
5.627917
5.640647
5.640238
5.628070
5.597216
5.528409
5.450775
5.374277
5.211103
5.056929
4.903780
4.675800
4.249528
3.856980
0.145070
0.000674
0.000891
0.878220
1.328841
1.852262
2.101089
2.413202
2.707984
2.922790
3.402820
3.846841
4.213476
4.626028
0.004188
0.008279
5.089241
5.527951
6.256591
6.476677
6.547712
6.626562
6.696913
6.771848
6.804375
6.852482
6.925415
7.117890
7.281784
7.272494
7.235628
6.966226
6.582867
6.300312
6.051079
5.864494
5.664551
5.426602
5.254521
5.072257
4.661922
4.473482
4.376074
4.256820
4.136319
3.906062
3.598293
3.438348
0.024990
0.025890
2.964233
0.182269
0.118302
0.100339
0.071902
2.810078
2.901661
0.063871
0.062603
0.062662
3.455912
3.806745
0.005427
4.147537
4.550793
4.975456
5.511531
6.081368
6.335305
6.237824
6.317379
6.189503
5.897514
0.383058
0.271078
4.722277
0.006066
0.003558
0.001321
0.002409
0.002818
0.002923
0.002835
0.003024
0.002860
0.126623
4.652122
4.969436
5.423860
5.545991
0.083438
6.514008
6.859807
7.362996
8.085942
8.239596
8.413298
8.531883
8.628343
8.685216
8.740549
8.709036
8.685601
8.623989
8.834366
8.754841
8.609229
8.711643
8.600885
8.415852
0.138296
0.029937
0.025652
8.148840
8.228201
8.332176
8.430635
8.379823
8.370075
8.331947
8.328172
8.463802
8.529362
8.616463
8.601014
8.595014
8.559845
8.529298
8.502605
8.609057
8.552931
8.511561
8.348066
8.033634
7.418679
0.633458
7.850306
7.951154
7.690541
7.476102
7.209489
6.927601
6.636711
5.993332
5.374146
1.502721
1.452681
1.408642
0.097730
0.050361
0.001823
3.305037
4.048787
4.551763
5.196319
5.596320
5.797674
5.995327
6.197741
6.292630
6.440632
6.373220
6.263776
6.076695
5.582527
5.094938
4.751858
4.437721
3.814683
3.173226
2.511215
2.227192
1.482398
1.258093
1.100021
0.004589
0.004763
0.007187
0.287184
0.309879
0.384074
0.355643
0.382898
0.381779
0.394072
0.368366
0.467185
0.530650
0.537398
0.020271
0.004562
0.004214
0.003971
0.003552
0.003374
0.003266
0.003256
0.001410
0.012665
0.025356
0.143229
0.210340
0.632052
3.940467
4.597727
5.393301
6.327120
7.075215
7.514012
7.683772
7.892594
7.996362
8.131081
8.157605
8.215988
8.317115
8.350808
8.387047
8.432496
8.479642
8.443618
8.367312
8.257586
7.462212
6.575628
5.685260
2.463850
0.983237
0.036693
0.034687
5.293336
5.940399
6.766864
7.762998
8.781987
0.017659
0.012049
8.979964
9.035891
9.113588
9.158832
9.196803
9.112128
8.905379
8.060744
0.010162
0.006699
0.005162
0.004775
0.003990
0.003170
0.019939
0.230333
1.055430
5.201492
5.356312
3.754766
5.891255
6.542582
7.184966
7.486699
7.735501
7.815805
7.960040
8.037713
8.061738
8.033519
7.987276
7.920737
7.847343
7.755667
0.041242
0.041666
0.046899
7.728326
7.718432
7.663311
7.440103
0.373585
8.583423
8.737948
8.781024
8.817042
8.846595
8.749583
8.553478
8.555079
8.536057
8.497196
8.319214
8.358300
8.329475
7.664310
7.604574
7.586532
7.364611
7.212931
7.018066
6.679444
0.549735
0.018612
0.017318
5.781574
5.977192
6.229520
6.201473
0.060602
0.036711
0.121153
6.368623
6.702037
6.842360
6.833630
6.903409
7.096751
7.050713
7.104280
7.352338
7.263759
7.423729
7.542077
7.683035
7.745260
7.826308
7.607512
7.354180
7.179381
6.627428
6.529539
6.385784
5.873684
4.687822
5.252976
4.580971
4.708188
0.096434
5.796639
5.974086
6.107175
6.231122
6.266913
6.307423
6.312493
6.305138
6.178229
6.108812
5.239079
4.528719
3.913478
3.403567
3.006566
2.348906
1.328813
0.475337
0.152418
0.010599
0.002091
0.001870
0.001814
0.001604
0.001547
0.001512
0.001497
0.001484
0.001475
0.001481
0.001296
0.000645
0.000731
0.001337
0.001392
0.001446
0.001542
0.001562
0.010907
0.011249
0.011384
0.057255
0.058260
0.032200
0.327461
0.381904
0.532094
0.620806
0.003151
3.333465
3.822174
4.479555
5.118433
5.488398
5.747817
5.976969
0.024870
6.111617
6.226828
6.273176
6.401880
6.473995
6.553718
6.542213
6.528125
6.481452
6.443111
0.000275
0.000197
0.000056
0.000036
0.000026
0.000018
0.000039
0.000035
0.000052
0.000077
0.000262
6.366852
6.360871
6.349308
6.340213
6.333960
6.330134
6.334195
6.325960
6.289690
6.279821
6.248887
6.215613
0.000633
0.000505
0.000253
0.000452
0.000170
0.000080
0.000075
0.000019
0.000016
0.000036
0.000043
0.000093
0.000004
0.000021
0.000007
0.000006
0.000005
0.000009
0.000024
0.000078
0.000017
0.000021
0.000020
0.000045
0.000029
0.000062
0.000066
0.000088
0.000149
6.195706
6.166701
6.082091
0.039526
0.036029
0.036180
5.861099
6.014134
6.110037
6.101700
6.118301
6.085887
6.045599
0.001409
5.813769
0.096624
5.613574
5.630796
5.536643
0.071026
5.582305
5.536264
5.420403
5.329412
5.246955
5.002781
0.103539
0.107922
5.448145
5.571019
5.646186
5.737002
5.777329
5.849031
5.939377
6.014406
6.060225
6.084149
6.061488
5.966956
5.827076
5.483658
5.157139
4.696956
4.190125
3.841334
2.958619
2.399166
2.094973
1.882273
1.621515
1.436482
0.295386
0.200264
0.119951
0.032286
0.015740
0.000050
0.000031
0.000033
0.000124
0.000062
0.000068
0.000033
0.000026
0.000015
0.000017
0.000021
0.000017
0.000007
0.000004
0.000006
0.000007
0.000012
0.000009
0.000009
0.000002
0.000001
0.000001
0.000002
0.000021
0.000025
0.000030
0.000017
0.000032
0.000037
0.000039
0.000007
0.000004
0.000011
0.000009
0.000021
0.000014
0.000027
0.000035
0.000129
0.000007
0.000006
0.000002
0.000002
0.000001
0.000002
0.000002
0.000007
0.000046
0.000018
0.000018
0.000006
0.000005
0.000002
0.000002
0.000002
0.000002
0.000003
0.000004
0.000031
0.000004
0.000004
0.000004
0.000003
0.000002
0.000004
0.000012
0.000002
0.000001
0.000002
0.000002
0.000002
0.000001
0.000001
0.000001
0.000002
0.000002
0.000002
0.000011
0.011104
0.011176
0.029193
0.212854
0.191602
0.176661
0.109157
0.081142
0.058565
0.029752
0.020338
0.012747
0.005939
0.005793
0.005806
0.000000
0.000000
0.000000
0.000001
0.000001
0.000001
0.000002
0.000000
0.000001
0.000001
0.000001
0.000001
0.000001
0.000000
0.000001
0.000000
0.000000
0.000000
0.000000
0.000000
0.000000
0.000000
0.000000
0.000000
0.000000
0.000000
0.000000
0.000000
0.000000
0.000000
0.000000
0.000000
0.000000
0.000000
0.000000
0.000000
0.000000
0.000000
0.000000
0.000000
0.000000
0.000000
0.000000
0.000000
0.000000
0.000000
0.000000
0.000000
0.000000
0.000000
0.000000
0.000000
0.000000
0.000000
0.000000
0.000000
0.000000
0.000000
0.000000
0.000000
0.000000
0.000000
0.000000
0.000000
0.000000
0.000000
0.000000
0.000000
0.000281
0.000000
0.000000
0.000000
0.000000
0.000000
0.000000
0.000000
0.000000
0.000000
0.000000
0.000000
0.000000
0.000000
0.000000
0.000000
0.000000
0.000000
0.000000
0.000000
0.000000
0.000000
0.000000
0.000000
0.000000
0.000021
0.000067
0.000058
0.000053
0.000022
0.000000
0.000000
0.000000
0.000000
0.000000
0.000000
0.000000
0.000000
0.000000
0.000000
0.000000
0.000000
0.000000
0.000000
0.000000
0.000000
0.000000
0.000000
0.000000
0.000000
0.000000
0.000000
0.000000
0.000000
0.000000
0.000000
0.000000
0.000000
0.000000
0.000007
0.000010
0.000012
0.000016
0.000004
0.000002
0.007729
0.008018
0.000000
0.000000
0.000000
0.000000
0.000000
0.000000
0.000000
0.000000
0.000000
0.000000
0.000000
0.000000
0.000000
0.000000
0.000000
0.000000
0.000000
0.000000
0.000000
0.000000
0.000000
0.000000
0.000000
0.000000
0.000000
0.000000
0.000000
0.000000
0.000000
0.000000
0.000000
0.000000
0.000000
0.000000
0.000000
0.000000
0.000000
0.000000
0.000000
0.000000
0.000000
0.000000
0.000000
0.000000
0.000000
0.000000
0.000000
0.000000
0.000000
0.000000
0.000000
0.000000
0.000000
0.000000
0.000000
0.000000
0.000000
0.000000
0.000000
0.000000
0.000000
0.000000
0.000000
0.000000
0.000000
0.000000
0.000000
0.000000
0.000000
0.000000
0.000000
0.000000
0.000000
0.000000
0.000000
0.000000
0.000000
0.000000
0.000000
0.000000
0.000000
0.000000
0.000000
0.000000
0.000000
0.000000
0.000000
0.000000
0.000000
0.000000
0.000000
0.000000
0.000000
0.000000
0.000000
0.000000
0.000000
0.000000
0.000000
0.000000
0.000000
0.000000
0.000000
0.000000
0.000000
0.000000
0.000000
0.000000
0.000000
0.000000
0.000004
0.000005
0.000008
0.000000
0.000000
0.000000
0.000000
0.000000
0.000000
0.000000
0.000000
0.000000
0.000000
0.000000
0.000000
0.000000
0.000000
0.000000
0.000000
0.000000
0.000000
0.000000
0.000000
0.000000
0.000000
0.000000
0.000000
0.000000
0.000000
0.000000
0.000000
0.000000
0.000000
0.000000
0.000000
0.000000
0.000000
0.000000
0.000000
0.000000
0.000000
0.000000
0.000000
0.000000
0.000000
0.000000
0.000000
0.000000
0.000000
0.000000
0.000000
0.000000
0.000000
0.000000
0.000000
0.000000
0.000000
0.000000
0.000000
0.000000
0.000000
0.000000
0.000000
0.000000
0.000000
0.000000
0.000000
0.000000
0.000000
0.000000
0.000000
0.000000
0.000000
0.000000
0.000000
0.000000
0.000000
0.000000
0.000000
0.000000
0.000000
0.000000
0.000000
0.000000
0.000000
0.000000
0.000000
0.000000
0.000000
0.000000
0.000000
0.000000
0.000000
0.000000
0.000000
0.000000
0.000000
0.000000
0.000000
0.000000
0.000000
0.000000
0.000000
0.000000
0.000000
0.000000
0.000000
0.000000
0.000000
0.000000
0.000000
0.000000
0.000000
0.000000
0.000000
0.000000
0.000000
0.000000
0.000000
0.000000
0.000000
0.000000
0.000000
0.000000
0.000000
0.000000
0.000000
0.000000
0.000000
0.000000
0.000000
0.000000
0.000000
0.000000
0.000000
0.000000
0.000000
0.000000
0.000000
0.000000
0.000000
0.000000
0.000000
0.000000
0.000000
0.000000
