0.000000
0.000000
0.000000
0.000000
0.000000
0.000000
0.000000
0.000000
0.000000
0.000000
0.000000
0.000000
0.000000
0.000000
0.000000
0.000000
0.000079
0.000075
0.000067
0.001761
0.001862
0.001912
0.002037
0.002601
0.002754
0.000024
0.000968
0.732177
0.383229
0.003523
0.000966
0.000047
0.000026
0.000008
0.000000
0.000000
0.000000
0.000000
0.000000
0.000000
0.000000
0.000137
0.000070
0.000028
0.000035
0.000033
0.000000
0.000001
0.000001
0.000001
0.000001
0.000000
0.000000
0.000000
0.000001
0.000051
0.000037
0.000004
0.000001
0.000002
0.000002
0.000001
0.000002
0.000033
0.000015
0.000008
0.000010
0.000002
0.000001
0.000001
0.000002
0.000002
0.000001
0.000004
0.000000
0.000001
0.000001
0.000022
0.000034
0.000040
0.000020
0.000441
0.000409
0.000429
0.000451
0.000493
0.002114
0.005228
0.005203
0.001745
0.001672
0.001643
0.000005
0.000003
0.000005
0.000004
0.000005
0.000004
0.000003
0.000004
0.000002
0.000006
0.000022
0.000007
0.000006
0.000008
0.000055
0.001559
0.001530
0.001587
0.001557
0.001613
0.004943
0.004640
0.004506
0.004053
0.003896
0.003022
0.000071
0.000068
0.000044
0.000002
0.000002
0.000002
0.000000
0.000000
0.000000
0.000005
0.000008
0.000010
0.000010
0.000004
0.000002
0.000019
0.000022
0.000023
0.000026
0.000027
0.000028
0.000025
0.000023
0.000020
0.000000
0.000000
0.000000
0.000000
0.000000
0.000001
0.000067
0.000068
0.000060
0.000060
0.000059
0.000062
0.000062
0.000056
0.000061
0.000064
0.000070
0.000069
0.000058
0.000044
0.000038
0.000038
0.000000
0.000001
0.000001
0.000022
0.000040
0.000052
0.000041
0.002591
0.002577
0.003653
0.003765
0.004019
0.004515
0.006392
0.012252
0.012950
0.012907
0.012901
0.029377
0.028619
0.028191
0.027601
0.025498
0.023938
0.022526
0.019672
0.014556
0.008720
0.008072
0.006252
0.000415
0.000363
0.000153
0.000181
0.000236
0.000070
0.000057
0.000031
0.000000
0.000000
0.000000
0.000001
0.000001
0.000001
0.000001
0.000001
0.000001
0.000001
0.000000
0.000000
0.000000
0.000001
0.000002
0.000003
0.000012
0.000014
0.003463
0.003449
0.003448
0.003422
0.003059
0.002900
0.002587
0.002339
0.000096
0.000022
0.000018
0.000010
0.000010
0.000027
0.000103
0.004237
0.004356
0.004416
0.004478
0.007097
0.007221
0.007582
0.010633
0.009890
0.004282
0.000754
0.000171
0.000210
0.000281
0.000310
0.000302
0.000307
0.000306
0.000006
0.000006
0.000002
0.000003
0.000005
0.000011
0.000016
0.000002
0.000005
0.000007
0.000011
0.000008
0.000007
0.000009
0.000776
0.006675
0.007286
0.023659
0.025960
0.028032
0.029709
0.086950
0.126391
0.277912
2.001540
2.296837
2.699578
0.000167
0.000009
0.000008
0.000001
0.000001
0.000001
0.000001
0.000001
0.000001
0.000001
0.000001
0.000002
0.000001
0.000003
0.000003
0.000008
0.000006
0.000008
0.000008
0.000021
0.000022
0.000175
0.000142
0.000110
0.000102
0.000071
0.000059
0.000064
0.000013
0.000012
0.000021
0.000001
0.000000
0.000001
0.000001
0.000001
0.000002
0.000003
0.000002
0.000002
0.000001
0.000001
0.000001
0.000004
0.000004
0.000004
0.000006
0.000007
0.000009
0.000025
0.000014
0.000021
0.000010
0.000013
0.000023
0.000018
0.000006
0.000002
0.000002
0.000003
0.000153
0.000178
0.000146
0.000149
0.000133
0.000150
0.000193
0.000184
0.000179
0.000201
0.000003
0.000003
0.000002
0.000003
0.000002
0.000003
0.000003
0.000101
0.000053
0.000059
0.000063
0.000074
0.000068
0.002035
0.002107
0.002156
0.002151
0.003070
0.004092
0.004092
0.004437
0.003975
0.003657
0.000008
0.000005
0.000004
0.000004
0.000008
0.000010
0.000004
0.000008
0.000083
0.000010
0.000003
0.000004
0.000007
0.000005
0.000005
0.000008
0.000011
0.000019
0.000044
0.000079
0.000111
0.000083
0.000190
0.000048
0.000129
0.008739
0.018159
0.019577
0.004984
0.005339
0.005732
0.006374
0.000023
0.000029
0.000045
0.000009
0.000022
0.000045
0.000028
0.000019
0.000024
0.000065
0.017777
0.020988
3.711162
4.016934
4.381988
4.578884
4.663514
4.722264
0.000707
0.000552
0.000003
0.000002
0.000002
0.000001
0.000000
0.000001
0.000000
0.000000
0.000000
0.000000
0.000000
0.000000
0.000001
0.000002
0.000001
0.000000
0.000003
0.000003
0.000004
0.000005
0.000002
0.000002
0.000002
0.000000
0.000000
0.000681
0.000618
0.000916
0.000001
0.000001
0.000001
0.000001
0.000000
0.000002
0.000001
0.000001
0.000000
0.000000
0.000000
0.000001
0.000001
0.000001
0.000001
0.000001
0.000002
0.000002
0.000003
0.000005
0.000008
0.000011
0.000014
0.000000
0.000001
0.000001
0.000001
0.000006
0.000008
0.000033
0.000029
0.000029
0.000038
0.000239
0.000551
0.029590
4.824920
4.841413
4.786538
4.575198
0.000322
0.000149
0.000130
0.000116
0.000076
0.000070
0.014719
4.303591
3.847347
3.334606
2.837082
2.111037
1.738129
1.015563
0.778148
0.444446
0.125889
0.110534
0.052283
0.025671
0.005419
0.004435
0.004424
0.001886
0.000094
0.000006
0.000002
0.000001
0.000002
0.000002
0.000002
0.000003
0.000001
0.000001
0.000002
0.000002
0.000020
0.000017
0.000017
0.000017
0.000006
0.000006
0.000006
0.000010
0.000007
0.000011
0.000008
0.000007
0.000005
0.000004
0.000005
0.000015
0.000018
0.000010
0.000015
0.000086
0.000084
0.000110
0.000086
0.000017
0.000026
0.000014
0.000022
0.000014
0.000026
0.000018
0.000006
0.000005
0.000013
0.000042
0.000042
0.000014
0.000016
0.000018
0.000076
0.000094
0.000078
0.000065
0.000040
0.000037
0.000072
0.000042
0.000041
0.000040
0.000014
0.000016
0.000013
0.000134
0.000159
0.000165
0.000104
0.000368
0.000262
0.000020
0.000013
0.000019
0.000030
0.000035
0.000030
0.000260
0.003547
0.003863
0.004077
0.004443
0.018095
0.017852
0.017733
0.017332
0.018326
0.319973
0.341812
0.349860
0.344992
0.268907
0.258327
0.236621
0.118136
0.079475
0.065787
0.061843
0.027536
0.041261
0.044305
0.003456
0.000051
0.000103
0.000087
0.000093
0.000038
0.000079
0.000085
0.000068
0.000087
0.000086
0.003567
0.003541
0.000032
0.000044
0.000062
0.000042
0.000043
0.000029
0.000041
0.000028
0.000032
0.000034
0.000029
0.000019
0.000028
0.000030
0.000049
0.000037
0.000030
0.000032
0.000028
0.000026
0.000023
0.000033
0.000024
0.000027
0.000072
0.000024
0.000043
0.000039
0.000023
0.000023
0.000039
0.000392
0.000661
0.000774
0.000952
0.009631
0.014719
0.929590
1.113435
1.243169
1.513716
1.766418
0.015787
0.011132
0.010135
0.000101
0.000525
0.000557
0.000630
0.027070
1.811474
1.815413
1.850072
0.450983
2.331506
2.520303
2.682122
2.811946
2.909335
3.053342
3.194217
3.365160
3.626243
3.832694
4.105779
4.178140
4.330922
4.595376
4.810489
4.872437
4.930434
5.012997
5.078693
5.099463
5.114964
5.166235
5.172525
5.179695
5.204089
5.235307
5.228107
5.220247
5.213542
5.155256
5.114811
5.019138
5.038676
5.236210
5.281449
5.326984
5.381229
5.396261
5.397308
5.403541
5.384777
5.294872
5.205956
5.088229
4.712741
4.228265
3.785024
3.241522
2.872387
2.347120
1.566076
1.169574
1.066144
0.891542
0.573224
0.279480
0.018663
0.010857
0.004379
0.005405
0.005450
0.008215
0.007245
0.002438
0.002720
0.002862
0.002880
0.002910
0.002976
0.003046
0.002934
0.002996
0.003544
0.003468
0.005234
0.011859
0.034568
0.045603
0.061987
0.084175
0.462434
0.560624
0.624287
2.682991
3.110875
3.540556
4.124303
4.731197
5.430899
5.990252
6.176379
6.239802
6.247024
6.261531
6.287321
6.292480
6.538246
6.596291
6.817456
6.802998
7.120714
7.052430
6.994134
6.934435
6.848933
6.808129
6.945580
7.084296
7.008246
6.943337
6.891288
6.803404
6.748025
6.696745
6.611140
5.749420
5.709172
6.135115
6.448120
6.533162
6.542432
6.547037
6.552129
6.570241
6.569517
6.590687
6.543152
6.483475
6.426937
6.359044
6.267505
6.125421
0.056040
6.460751
6.468120
6.417073
6.345800
6.292029
6.236237
6.000451
5.898836
5.822249
5.700872
5.550694
5.429048
5.200315
4.844401
4.082450
3.443101
2.999468
2.613479
0.145372
0.016776
0.011433
0.002595
0.000318
0.000151
0.003685
0.004171
0.002923
0.002662
0.001405
0.877279
0.693575
0.682426
0.760567
0.610856
0.519183
0.392634
0.054306
0.028629
0.001806
0.001300
0.003492
0.003960
0.017596
0.733504
0.825099
0.936785
1.228554
1.493051
1.644914
1.859400
1.983008
2.242033
2.265212
0.007836
0.002641
0.012870
0.015853
1.720776
3.095148
3.500882
4.065925
4.283166
4.363104
4.467915
4.602448
4.628903
4.686453
4.968471
4.782102
4.087644
3.467367
3.028395
2.362892
1.194150
1.010555
0.837260
0.567586
0.484790
0.440626
0.393442
0.044104
0.040263
0.037624
0.023124
0.009354
0.007197
0.000155
0.000095
0.000098
0.021622
0.040822
0.069084
0.083707
0.088605
0.032510
0.029286
0.025239
0.027047
0.026734
0.026924
0.012572
0.007386
0.000043
0.000035
0.000017
0.000023
0.000020
0.000021
0.000026
0.000021
0.000023
0.000049
0.000047
0.000031
0.000031
0.000022
0.000033
0.000035
0.000033
0.000044
0.000044
0.000056
0.000065
0.007392
0.009095
0.019741
0.020189
0.020510
0.021403
0.022531
0.016256
0.016243
0.007370
0.006890
0.006299
0.006022
0.000045
0.000030
0.000017
0.000029
0.000032
0.000037
0.000026
0.000033
0.010193
0.010274
0.010350
0.010372
0.010098
0.009916
0.005223
0.005237
0.005260
0.005290
0.005239
0.005558
0.009195
0.000019
0.000018
0.000027
0.000039
0.000025
0.000042
0.000027
0.000471
0.000567
0.000379
0.000373
0.000361
0.000367
0.000401
0.000433
0.000512
0.000567
0.000601
0.000014
0.000021
0.000036
0.000040
0.000037
0.000841
0.001056
0.001527
0.001767
0.001971
0.002292
0.000196
0.000178
0.025688
0.167116
0.257536
0.307133
0.367027
0.412907
0.494695
1.555709
1.858442
2.223721
2.723981
3.625217
4.477111
5.415299
6.294558
6.903219
7.114599
7.208869
7.285049
7.372982
7.471321
7.524729
7.566778
7.568726
7.554043
7.536401
7.441436
7.369704
7.303831
7.275923
7.190948
7.190818
7.192168
7.163880
7.105243
6.991240
6.924031
7.049203
0.198910
0.064564
6.224013
6.260997
6.257263
6.356024
6.643259
6.861910
7.104236
7.230041
7.283164
7.316973
7.356920
7.395801
7.403556
7.410399
7.359640
7.227724
7.123018
7.000501
6.883769
6.752723
6.577320
0.066012
0.066590
6.894111
6.927039
6.953630
6.974090
7.027704
7.016307
6.991445
6.971341
6.959104
7.136474
7.161564
7.193572
7.239366
7.243858
7.230568
7.195883
7.145531
7.109823
7.001027
6.897249
6.801855
6.739778
6.661228
6.490622
6.497033
6.528186
6.585779
6.570727
6.570737
6.577521
6.516203
6.188650
6.618755
6.710053
6.756472
6.780839
6.722273
6.563466
0.002726
0.000934
0.000518
0.000492
0.000409
0.000335
0.000442
0.000326
0.000882
0.001587
0.004348
0.004733
6.682538
6.736367
6.812900
7.143783
7.202653
7.227233
7.221430
7.189211
7.176335
7.165759
7.174470
7.183505
7.196942
7.226316
7.234383
7.251516
7.255295
7.265679
7.251035
7.247370
7.251682
7.259411
7.268458
7.272262
0.000575
0.000200
0.000153
0.000109
0.000016
0.000025
0.000023
0.000012
0.000010
0.000002
0.000002
0.000004
0.000001
0.000001
0.000002
0.000002
0.000001
0.000003
0.000001
0.000001
0.000001
0.000002
0.000001
0.000003
0.000003
0.000003
0.000003
0.000001
0.000001
0.000004
0.000001
0.000001
0.000003
0.000003
0.000002
0.000003
0.000002
0.000001
0.000001
0.000002
0.000001
0.000002
0.000003
0.000003
0.000003
0.000001
0.000001
0.000004
0.000001
0.000001
0.000004
0.000004
0.000002
0.000003
0.000002
0.000001
0.000002
0.000003
0.000001
0.000003
0.000003
0.000004
0.000004
0.000001
0.000002
0.000004
0.000003
0.000003
0.000009
0.000006
0.000003
0.000004
0.000004
0.000001
0.000002
0.000003
0.000001
0.000002
0.000003
0.000002
0.000002
0.000001
0.000002
0.000002
0.000001
0.000001
0.000013
0.000009
0.000004
0.000005
0.000006
0.000002
0.000003
0.000005
0.000001
0.000003
0.000004
0.000004
0.000004
0.000002
0.000004
0.000010
0.000009
0.000014
0.000083
0.000097
0.000119
0.000265
7.194710
7.199356
7.214598
7.231340
7.245627
7.276705
7.288541
7.296616
0.001593
0.001430
0.000249
0.000075
0.000037
0.000027
0.000011
0.000010
0.000005
0.000005
0.000006
0.000007
0.000002
0.000001
0.000004
0.000001
0.000001
0.000002
0.000001
0.000001
0.000001
0.000001
0.000001
0.000001
0.000001
0.000001
0.000001
0.000002
0.000001
0.000001
0.000001
0.000004
0.000005
0.000005
0.000004
0.000009
0.000003
0.000002
0.000003
0.000002
0.000002
0.000006
0.000002
0.000001
0.000002
0.000028
0.000013
0.000006
0.000005
0.000002
0.000001
0.000003
0.000002
0.000002
0.000001
0.000001
0.000001
0.000002
0.000005
0.000005
0.000005
0.000004
0.000003
0.000005
0.000006
0.000011
0.000254
0.000233
0.000270
0.000572
0.001076
7.369986
7.553508
7.501568
7.501794
7.658102
7.586493
7.545201
7.198027
0.002916
0.002099
0.000996
0.000778
0.000630
0.000611
0.069684
6.452031
6.400801
6.364904
6.254020
6.098882
5.827577
5.575481
5.409651
4.922538
4.111144
3.519698
3.143438
2.843061
0.107446
0.032428
0.020820
0.017149
0.019312
0.038068
0.826994
1.548994
2.615774
3.049845
3.359873
3.658158
4.080438
4.439550
4.671906
4.952145
5.100092
5.198239
5.299022
5.391597
5.491096
5.596006
5.678121
5.760267
5.805763
5.842752
5.919565
5.956151
5.980040
6.011618
5.993089
6.044553
6.048428
6.001828
5.855118
5.392128
0.638945
0.246163
0.140909
0.013671
0.013878
0.010525
3.419832
3.689721
3.859682
0.063573
4.230209
4.414805
4.571153
4.695988
4.868428
5.013039
5.036891
4.880531
4.869844
4.840468
4.683904
4.576590
0.002924
0.002937
0.003108
0.004219
0.000038
0.000050
0.000039
0.000027
0.000016
0.000017
0.000024
0.000055
0.000064
0.000079
0.000067
0.000047
0.000061
0.000026
0.000065
0.000066
0.000040
0.001188
0.004047
0.003677
0.003503
0.003173
0.003289
0.001387
0.000370
0.000544
0.000162
0.000171
0.000323
0.000368
0.000085
0.000149
0.000103
0.000037
0.000036
0.001005
0.002033
4.250892
4.241657
4.190919
4.673712
4.706192
0.033074
4.475867
4.541098
4.713516
4.781961
4.858533
4.906471
4.932003
4.922603
4.962180
5.002696
5.061381
5.097053
5.165412
5.268674
5.323705
5.411599
5.558354
5.736029
5.897737
6.053565
6.157851
6.136706
6.072163
6.027837
5.921724
0.017861
0.003831
0.001853
0.001603
0.000616
0.000214
0.000235
0.004949
0.003711
5.706377
5.671148
5.665461
5.624557
0.083718
0.015919
0.062271
4.834710
4.630936
4.452812
0.276818
0.175738
0.089039
0.037687
4.282511
4.396567
4.588949
4.647796
4.742409
4.857647
5.050073
5.133744
5.171777
5.081701
5.051850
5.042684
0.053267
4.951517
4.891607
0.025248
4.783744
4.746043
4.664224
4.588836
4.624643
4.585896
4.566822
0.001857
0.032381
0.004378
0.004079
0.003834
0.003683
0.003587
0.003607
0.003845
0.004345
0.005138
4.609777
4.689378
4.695742
4.695984
4.712717
4.824301
4.849176
4.858761
4.866021
4.937256
4.901727
4.810736
4.803537
4.780300
4.761588
4.733048
4.705677
4.620672
4.562855
4.512399
4.471684
4.353817
4.265781
4.163567
3.945579
3.780162
3.630298
3.509690
3.146647
2.753016
2.301953
1.816675
1.533299
1.277894
0.490732
0.167296
0.052644
0.041124
0.006467
0.005808
0.004623
0.003324
0.000163
0.000170
0.000131
0.000112
0.000230
0.000151
0.000137
0.000096
0.000647
0.000772
0.001868
0.003806
0.004475
0.004488
0.011379
0.119311
0.200015
0.428670
0.451467
0.903692
1.008617
1.249155
1.364707
1.400175
1.435722
1.466907
1.512986
1.571929
1.635689
1.709816
1.719007
1.723262
1.742851
1.730351
1.726282
1.713795
1.706017
1.651485
1.601834
1.522157
1.379722
1.262430
0.250565
0.022827
0.014701
0.011660
0.014430
0.001819
0.000859
0.000709
0.000351
0.000063
0.000057
0.000029
0.000047
0.000085
0.000175
0.000169
0.000081
0.000119
0.000073
0.000127
0.000148
0.000816
0.008607
0.491545
0.472071
0.018633
0.486174
0.476114
0.083685
0.049808
0.040597
0.011233
0.003314
0.003751
0.003171
0.002846
0.003307
0.008908
0.006863
0.007088
0.007293
0.007377
0.007251
0.007301
0.007046
0.029438
0.031406
0.225294
0.488285
0.496991
0.508958
0.512057
0.527006
0.029003
0.028941
0.006745
0.006874
0.007484
0.639191
0.673786
0.714356
0.746051
0.784044
0.010176
0.005640
0.000243
0.000201
0.000557
0.006149
0.023586
0.890302
0.959530
1.044649
1.100930
0.059287
0.000802
0.000642
0.087809
0.136996
1.372702
1.477581
1.606526
1.780927
1.893239
1.965917
2.011431
0.114479
0.008137
0.000157
0.001958
0.002086
0.002762
0.003747
0.007034
0.016753
0.018975
0.023998
0.040711
0.046093
0.076899
2.077483
2.097889
2.113625
2.079745
2.148860
2.066526
1.895753
0.080718
0.056420
0.027535
0.025846
0.000379
0.000020
0.000014
0.000018
0.000019
0.000022
0.000048
0.000086
0.000042
0.000021
0.000010
0.000011
0.000012
0.000023
0.000013
0.000024
0.024667
0.030916
0.043740
1.958700
2.062385
2.128016
2.136659
2.296017
2.356402
2.387055
0.055480
0.054765
0.050710
0.043595
0.031298
0.030908
0.034924
0.035850
0.041144
0.005822
0.006643
0.018990
3.373652
3.677217
3.886950
4.120360
4.238260
4.316760
4.456572
4.555828
4.621603
4.707066
4.778142
4.913827
4.934965
4.938116
4.971125
4.903524
0.002839
0.002663
0.043151
4.442678
4.841303
5.012226
4.997015
4.971285
4.939925
5.178563
5.247878
0.010799
0.010096
0.000944
0.001395
0.000261
0.000181
0.000029
0.000201
0.000059
0.000029
0.000103
0.000040
0.000064
0.000049
0.000055
0.000044
0.000115
0.000147
0.000017
0.000015
0.000013
0.000010
0.000008
0.000018
0.000045
0.000058
0.000036
0.000171
0.000155
0.000146
0.000066
0.000054
0.000272
0.000043
0.000077
0.005863
5.448516
5.561399
5.559861
5.542674
5.559006
5.552663
5.485442
5.480248
0.016140
0.016016
0.000030
0.000033
0.000036
0.000116
0.000136
0.000125
0.000154
0.000342
0.000584
0.000740
0.001200
0.029475
5.705627
5.435676
5.333978
5.180310
0.078954
0.066365
0.007976
0.006997
0.002148
0.001714
0.001627
0.001783
4.432829
4.244897
3.049794
2.878085
3.501826
3.905570
4.247322
4.296119
0.000715
0.000292
0.000171
0.000068
0.000058
0.000051
0.000026
0.000043
0.000044
0.002947
0.002867
0.000024
0.000015
0.000009
0.000024
0.000015
0.000006
0.000007
0.000006
0.000007
0.000011
0.000007
0.000005
0.000006
0.000005
0.000005
0.000004
0.000004
0.000008
0.000027
0.000036
0.000046
0.000085
0.000186
0.000767
0.000961
4.625123
4.806219
5.008140
5.098789
5.227570
5.307265
5.395613
5.492704
5.505981
5.530192
5.557215
5.560964
5.557438
5.555972
5.551100
5.488410
5.442904
5.390700
5.283215
5.190808
5.130594
4.964779
0.011878
0.009454
4.343276
3.956799
3.548762
3.250005
2.783511
2.527909
0.116907
0.063406
0.018144
0.000143
0.000121
0.000091
0.002086
0.001646
0.001418
0.001161
0.000950
0.000485
0.000117
0.000427
0.000732
0.001031
0.001319
0.001378
0.001410
0.001479
0.001552
0.001702
0.001897
0.003493
0.003626
0.003586
0.003912
0.002547
0.005050
1.699416
1.829292
1.912534
2.002405
2.056823
2.140154
0.034182
0.001288
0.000944
0.000396
0.000387
0.000432
0.000528
0.001385
0.001504
0.006868
0.007582
0.008592
0.010859
0.012386
0.014795
0.018269
0.061358
0.070642
3.820174
4.340482
4.849395
5.458336
6.244590
6.300060
6.318188
6.315760
0.020942
0.008686
0.002023
0.000169
0.000092
0.000036
0.000015
0.000009
0.000005
0.000005
0.000004
0.000068
0.000058
0.000086
0.000097
0.000126
0.000015
0.000031
6.167987
6.183424
6.015911
6.017644
6.013487
6.007052
5.959850
5.967887
5.971679
5.976067
5.966115
5.971024
5.959528
5.940747
5.953376
5.969358
6.008483
6.049496
5.963637
5.837323
5.606083
0.029605
0.021170
0.010048
0.006530
0.001848
0.000847
0.000154
0.000164
0.000183
0.000095
0.000040
0.000050
0.000027
0.000011
0.000013
0.000027
0.000030
0.003444
0.003337
0.003381
0.002400
0.002249
0.002538
0.000180
0.000207
0.000256
0.000339
0.000147
0.000142
0.001102
5.062541
0.051798
0.000649
0.048559
0.040307
4.317328
4.219009
4.077048
3.885182
3.378750
2.965180
2.502268
1.977846
0.050714
0.045956
0.041808
0.040432
0.000803
0.000517
0.020877
0.198602
0.084452
0.059867
0.054678
0.039249
0.065145
0.065235
0.066328
0.048466
0.003597
0.091218
0.188665
0.286140
0.316843
0.517474
0.559325
0.614377
0.773200
0.888366
0.989380
1.315227
1.453584
1.597479
0.002926
0.000672
0.000911
0.001386
0.011099
0.042264
2.552269
2.890580
3.161161
0.000345
0.000234
0.000065
0.000153
0.000085
0.000028
0.000046
0.000022
0.000042
0.000443
0.000410
0.000473
0.000625
0.001208
3.558336
4.022390
4.534025
4.753642
4.828317
0.017797
4.906848
4.910568
4.903721
4.804218
4.807793
4.811437
4.814950
4.819712
4.835373
4.829907
4.784954
4.786745
4.770761
0.000561
0.000305
0.000153
0.000126
0.000065
0.000023
0.000015
0.000467
0.000421
0.000405
0.000716
0.000139
0.000012
0.000010
0.000012
0.000024
0.000032
0.000004
0.000003
0.000002
0.000002
0.000004
0.000005
0.000007
0.000006
0.000003
0.000015
0.000013
0.000121
0.000155
0.000516
4.727871
4.726281
4.724041
4.721692
4.718066
4.715111
4.709246
0.000342
0.000331
0.000415
0.000839
0.002689
0.002204
0.004048
4.744575
4.754718
4.766717
4.775296
4.768614
4.754960
4.729418
4.426538
4.217015
3.785834
3.287391
2.202000
0.001053
0.000063
0.000000
0.000001
0.000002
0.000003
0.000158
0.003420
0.000774
