0.000000
0.000000
0.000000
0.000127
0.000003
0.010176
0.010124
0.009768
0.009600
0.009042
0.001952
0.000002
0.000002
0.000002
0.000002
0.001998
0.003298
1.889474
1.588017
1.459902
1.351287
1.064476
0.172039
0.139706
0.065854
0.013935
0.010489
0.005630
0.000804
0.000029
0.000022
0.000017
0.000018
0.000012
0.000017
0.000095
0.000097
0.000074
0.000050
0.000046
0.000054
0.000068
0.000085
0.000084
0.000057
0.000060
0.000060
0.000054
0.000048
0.000508
0.000589
0.019475
0.458943
0.454420
0.436105
0.412721
0.396324
0.383107
0.371599
0.333660
0.301260
0.275997
0.255977
0.222670
0.191910
0.187210
0.178973
0.159974
0.153279
0.057988
0.025067
0.010457
0.010303
0.000119
0.000004
0.000008
0.000011
0.000009
0.000006
0.000005
0.000002
0.000001
0.000002
0.000005
0.000010
0.000006
0.000004
0.000007
0.000005
0.000003
0.000002
0.000003
0.000012
0.000015
0.000004
0.000002
0.000002
0.000002
0.000001
0.000001
0.000102
0.000003
0.000004
0.000004
0.000006
0.000004
0.000016
0.000017
0.000003
0.061671
0.067904
0.072824
0.104087
0.175976
0.184420
0.191506
0.198456
0.208003
0.218616
0.290007
0.336931
0.387040
0.400228
0.402424
0.403892
0.398971
0.395446
0.390317
0.384432
0.001161
0.001036
0.003522
0.000000
0.000000
0.000000
0.000000
0.000000
0.000000
0.000000
0.000000
0.000000
0.000000
0.000000
0.000000
0.000000
0.000000
0.000000
0.000000
0.000000
0.000000
0.000000
0.000000
0.000000
0.000000
0.000000
0.000000
0.000000
0.000000
0.000000
0.000000
0.000000
0.000000
0.000000
0.000000
0.000001
0.000004
0.000002
0.000000
0.000000
0.000000
0.000000
0.000000
0.000000
0.000000
0.000000
0.000000
0.000000
0.000000
0.000000
0.000000
0.000000
0.000000
0.000000
0.000000
0.000000
0.000000
0.000000
0.000000
0.000000
0.000000
0.000000
0.000000
0.000000
0.000000
0.000000
0.000000
0.000000
0.000000
0.000001
0.000000
0.000000
0.000000
0.000000
0.000000
0.000000
0.000000
0.000000
0.000000
0.000000
0.000000
0.000000
0.000000
0.000000
0.000000
0.000000
0.000000
0.000000
0.000000
0.000000
0.000000
0.000000
0.000000
0.000000
0.000000
0.000000
0.000000
0.000000
0.000020
0.000024
0.000008
0.000000
0.000000
0.000000
0.000000
0.000000
0.000000
0.000000
0.000000
0.000000
0.000002
0.000002
0.000001
0.000001
0.000001
0.000001
0.000000
0.000000
0.000001
0.000004
0.000025
0.000005
0.000000
0.000000
0.000000
0.000000
0.000000
0.000000
0.000000
0.000000
0.000003
0.000001
0.000001
0.000001
0.000001
0.000001
0.002846
0.009731
0.012096
0.403072
0.404406
0.389168
0.353153
0.309142
0.281789
0.266204
0.249445
0.207984
0.103984
0.041017
0.060809
0.075658
0.074988
0.074659
0.075505
0.072991
0.000099
0.000001
0.000001
0.000001
0.000001
0.000001
0.000001
0.000002
0.000003
0.000004
0.000003
0.000002
0.000002
0.000001
0.000001
0.000003
0.000001
0.000000
0.000000
0.000001
0.000001
0.000002
0.000002
0.000001
0.000001
0.000001
0.000001
0.000001
0.000001
0.000001
0.000003
0.000004
0.000006
0.000003
0.000003
0.000007
0.000004
0.000002
0.000002
0.000002
0.000001
0.000001
0.000002
0.000002
0.000002
0.000004
0.000006
0.010278
0.011596
0.124293
0.169116
0.181766
0.184944
0.186084
0.331462
0.393073
0.414082
0.433263
0.450380
0.464021
0.059556
0.031346
0.029512
0.033353
0.002605
0.000142
0.000076
0.000017
0.000014
0.000011
0.000014
0.000016
0.000021
0.000051
0.000024
0.000021
0.000032
0.000175
0.000481
0.000521
0.055573
0.083510
0.091778
0.638428
0.692707
0.722578
0.711179
0.702152
0.108945
0.054269
0.056256
0.055185
0.000013
0.000018
0.000023
0.000014
0.000052
0.000037
0.000025
0.000050
0.000010
0.000007
0.000008
0.000022
0.000033
0.000055
0.000071
0.000280
0.000141
0.000004
0.000003
0.000008
0.000006
0.000007
0.000007
0.000023
0.000028
0.000068
0.000265
0.000019
0.000025
0.000018
0.000017
0.000013
0.000011
0.000014
0.000009
0.000017
0.000009
0.000018
0.000011
0.000025
0.009926
0.009422
0.008976
0.008237
0.007669
0.007118
0.006943
0.006834
0.006618
0.006391
0.006442
0.006975
0.007615
0.007672
0.007521
0.007493
0.006761
0.005742
0.005456
0.005732
0.005708
0.005870
0.006112
0.006402
0.007027
0.007199
0.779597
0.794183
0.755716
0.014434
0.000093
0.000286
0.000056
0.000085
0.000690
0.438416
0.491821
0.429071
0.442267
0.600207
0.658617
0.720861
0.020113
0.027382
0.029597
0.000067
0.000069
0.000093
0.000156
0.000106
0.000082
0.012136
0.011965
0.011838
0.011803
0.011606
0.011275
0.004727
0.003313
0.004162
0.005855
0.005880
0.005890
0.005912
0.005759
0.004113
0.001422
0.006098
0.007162
0.007445
0.007694
0.008221
0.008384
0.008455
0.008603
0.009177
0.010996
1.208540
1.338743
1.498549
1.703618
1.852729
2.133407
2.654955
3.064810
3.429189
3.908584
4.638378
5.208426
5.642352
6.380790
7.113662
7.994808
8.279668
8.392945
8.561629
8.658484
0.000081
0.000079
0.000098
0.000169
0.000260
0.001063
0.001715
0.005156
0.016961
8.853757
8.952208
9.057392
9.108191
9.115680
9.114602
9.125762
9.131527
9.090576
9.039266
8.994334
8.492716
8.470083
8.525351
8.231942
8.496108
8.589930
8.697869
8.776076
8.762755
8.738974
8.797565
8.845629
8.879958
8.853266
8.854809
8.857215
8.858569
8.848676
8.843786
8.843791
8.842088
8.834692
8.735790
8.647229
8.505304
8.331027
8.184334
8.096006
7.992159
7.855908
7.409297
7.253210
7.152652
6.957429
6.941755
6.896673
6.689792
6.119211
6.052179
5.850286
5.594612
0.134830
0.030934
0.187050
6.567914
7.111611
7.891055
8.115156
8.343025
8.387577
8.379207
8.405813
8.371516
8.382957
8.292374
8.237496
8.115957
8.063393
8.069487
8.089521
8.102387
8.171098
8.221756
8.305550
8.403154
8.331685
8.368246
8.427770
8.506164
8.529224
8.670004
8.741407
8.820734
8.836203
8.777633
8.709709
8.650786
8.364096
7.737505
0.000579
0.000247
0.000188
0.000123
0.000076
0.000032
0.000010
0.000005
0.000004
0.000002
0.000003
0.000004
0.000002
0.000001
0.000001
0.000001
0.000001
0.000001
0.001334
0.000001
0.000001
0.000002
0.000002
0.000003
0.000005
0.000003
0.000018
0.000015
0.000017
0.000003
0.000002
0.000002
0.000002
0.000002
0.000003
0.000002
0.000002
0.000002
0.000002
0.000003
0.000006
0.000008
0.000016
0.000039
0.000080
0.000152
0.000339
0.000626
7.404767
7.740502
7.955534
8.152584
8.494870
8.812943
8.855313
8.860547
8.872629
8.885379
8.886078
8.803377
8.700852
8.587168
8.456082
0.039043
8.326905
8.308997
8.317854
0.006459
0.005944
0.001940
0.000509
0.000135
0.000078
0.000099
0.000926
0.000261
0.000224
0.000219
0.000493
0.000672
0.000872
0.001192
8.200165
8.174400
8.087461
8.127389
8.147726
8.243015
8.338742
8.415643
8.463943
8.466393
8.457475
8.502457
8.504400
8.473149
8.440192
8.382300
8.327978
8.297470
8.270457
8.262484
8.247426
0.001337
0.000499
0.000484
0.000511
0.000349
0.000082
0.001757
0.002094
0.003171
0.003840
0.005997
0.000328
0.000725
0.000893
8.274883
8.292559
8.316214
8.349206
8.359397
8.381729
8.396181
8.400601
8.134314
8.153504
8.165393
8.162241
8.147685
8.136334
8.111584
8.066911
7.979955
7.844940
5.452564
1.620079
0.590198
0.466904
0.335396
0.245123
0.214899
0.192677
0.176993
0.085350
0.077309
0.055192
0.051528
0.035985
0.017939
0.002763
0.000019
0.000012
0.000007
0.000005
0.000010
0.000007
0.000009
0.000004
0.000004
0.000010
0.000013
0.000010
0.000009
0.000017
0.000028
0.000030
0.000017
0.000047
0.000053
0.001008
0.000383
0.000424
0.000436
0.000397
0.000378
0.000394
0.000779
0.000803
0.000017
0.000015
0.000009
0.000005
0.000004
0.000003
0.000003
0.000003
0.000003
0.000012
0.000011
0.000003
0.000003
0.000002
0.000003
0.000002
0.000001
0.000001
0.000001
0.000001
0.000002
0.000004
0.000006
0.000010
0.000020
0.003003
0.005723
0.006674
0.007156
0.014141
0.013968
0.013382
0.012027
0.009226
0.000105
0.000101
0.000108
0.025097
