0.008449
0.004733
0.000030
0.000031
0.000030
0.000024
0.000036
0.000017
0.000001
0.000000
0.000000
0.000000
0.000000
0.000000
0.000000
0.000000
0.000000
0.000000
0.000000
0.000000
0.000000
0.000000
0.000000
0.000000
0.000000
0.000000
0.000000
0.000000
0.000000
0.000000
0.000000
0.000000
0.000000
0.000000
0.000000
0.000000
0.000000
0.000000
0.000000
0.000000
0.000000
0.000000
0.000000
0.000000
0.000000
0.000000
0.000000
0.000000
0.000000
0.000000
0.000000
0.000000
0.000000
0.000000
0.000000
0.000000
0.000001
0.000003
0.000003
0.000003
0.000005
0.000008
0.000013
0.000023
0.000004
0.000000
0.000000
0.000000
0.000000
0.000000
0.000000
0.000000
0.000000
0.000000
0.000000
0.000000
0.000000
0.000000
0.000000
0.000000
0.000000
0.000000
0.000000
0.000000
0.000000
0.000000
0.000000
0.000000
0.000000
0.000000
0.000000
0.000000
0.000000
0.000000
0.000000
0.000000
0.000000
0.000000
0.000000
0.000000
0.000000
0.000000
0.000000
0.000000
0.000000
0.000000
0.000000
0.000000
0.000000
0.000000
0.000000
0.000000
0.000000
0.000000
0.000000
0.000000
0.000000
0.000000
0.000000
0.000000
0.000000
0.000000
0.000000
0.000000
0.000000
0.000000
0.000000
0.000000
0.000000
0.000000
0.000000
0.000000
0.000000
0.000000
0.000000
0.000000
0.000000
0.000000
0.000000
0.000000
0.000000
0.000000
0.000000
0.000000
0.000000
0.000000
0.000017
0.000010
0.000018
0.000017
0.000437
0.000436
0.000274
0.000274
0.008423
0.008482
0.008210
0.008248
0.007866
0.007631
0.002749
0.000254
0.000233
0.000222
0.000007
0.000009
0.000000
0.000000
0.000000
0.000000
0.000000
0.000000
0.000000
0.000000
0.000093
0.000083
0.000000
0.000000
0.000000
0.000000
0.000000
0.000000
0.000000
0.000000
0.000000
0.000000
0.000000
0.000000
0.000000
0.000000
0.000000
0.000000
0.000000
0.000000
0.000000
0.000000
0.000000
0.000000
0.000000
0.000000
0.000000
0.000000
0.000000
0.000000
0.000000
0.000000
0.000000
0.000000
0.000000
0.000000
0.000000
0.000000
0.000000
0.000000
0.000000
0.000000
0.000000
0.000000
0.000000
0.000000
0.000000
0.000000
0.000000
0.000000
0.000000
0.000000
0.000000
0.000000
0.000000
0.000000
0.000000
0.000000
0.000000
0.000000
0.000000
0.000000
0.000000
0.000000
0.000000
0.000000
0.000000
0.000000
0.000000
0.000000
0.000000
0.000000
0.000000
0.000000
0.000000
0.000000
0.000000
0.000000
0.000000
0.000000
0.000000
0.000000
0.000000
0.000000
0.000000
0.000000
0.000000
0.000000
0.000000
0.000000
0.000000
0.000000
0.000000
0.000012
0.000015
0.000011
0.000006
0.000012
0.000020
0.000000
0.000000
0.000000
0.000000
0.000000
0.000000
0.000000
0.000000
0.000000
0.000000
0.000000
0.000000
0.000000
0.000000
0.000000
0.000000
0.000000
0.000000
0.000000
0.000000
0.000000
0.000000
0.000000
0.000000
0.000000
0.000000
0.000000
0.000000
0.000000
0.000000
0.000000
0.000000
0.000000
0.000000
0.000000
0.000000
0.000000
0.000000
0.000000
0.000000
0.000000
0.000000
0.000000
0.000000
0.000000
0.000000
0.000000
0.000000
0.000000
0.000000
0.000000
0.000000
0.000000
0.000000
0.000000
0.000000
0.000000
0.000000
0.000000
0.000000
0.000000
0.000000
0.000000
0.000000
0.000000
0.000000
0.000000
0.000000
0.000000
0.000000
0.000000
0.000000
0.000000
0.000000
0.000000
0.000000
0.000000
0.000000
0.000028
0.000009
0.000014
0.000006
0.000008
0.000009
0.000015
0.000025
0.000000
0.000000
0.000000
0.000000
0.000000
0.000000
0.000000
0.000000
0.000000
0.000000
0.000000
0.000000
0.000000
0.000000
0.000000
0.000000
0.000000
0.000000
0.000000
0.000000
0.000000
0.000000
0.000000
0.000000
0.000000
0.000000
0.000000
0.000000
0.000000
0.000000
0.000000
0.000000
0.000000
0.000000
0.000000
0.000000
0.000000
0.000000
0.000000
0.000000
0.000009
0.000018
0.000000
0.000000
0.000000
0.000000
0.000000
0.000000
0.000000
0.000000
0.000000
0.000000
0.000000
0.000000
0.000000
0.000000
0.000000
0.000000
0.000000
0.000000
0.000000
0.000000
0.000000
0.000000
0.000000
0.000000
0.000000
0.000000
0.000000
0.000000
0.000000
0.000000
0.000000
0.000000
0.000000
0.000000
0.000000
0.000000
0.000000
0.000000
0.000000
0.000000
0.000000
0.000000
0.000000
0.000000
0.000000
0.000000
0.000000
0.000000
0.000000
0.000000
0.000000
0.000000
0.000000
0.000000
0.000000
0.000000
0.000000
0.000000
0.000000
0.000000
0.000000
0.000000
0.000000
0.000000
0.000000
0.000000
0.000109
0.003464
0.003550
0.003650
0.003781
0.003938
0.004307
0.006927
0.003685
0.003709
0.003903
0.000000
0.000000
0.000000
0.000000
0.000000
0.000000
0.000000
0.000000
0.000000
0.000000
0.000000
0.000000
0.000000
0.000000
0.000000
0.000000
0.000000
0.000000
0.000000
0.000000
0.000000
0.000000
0.000000
0.000000
0.000000
0.000000
0.000000
0.000000
0.000000
0.000000
0.000000
0.000000
0.000000
0.000000
0.000000
0.000000
0.000000
0.000000
0.000000
0.000000
0.000000
0.000000
0.000000
0.000000
0.000000
0.000000
0.000000
0.000000
0.000000
0.000000
0.000000
0.000000
0.000000
0.000000
0.000000
0.000000
0.000000
0.001832
0.002023
0.002184
0.009705
0.010213
0.010904
0.011317
0.000089
0.000000
0.000000
0.000000
0.000000
0.000000
0.000000
0.000000
0.000000
0.000000
0.000000
0.000000
0.000000
0.000000
0.000000
0.000000
0.000000
0.000000
0.000000
0.000000
0.000000
0.000000
0.000000
0.000000
0.000000
0.000000
0.000000
0.000000
0.000000
0.000000
0.000000
0.000000
0.000000
0.000000
0.000000
0.000000
0.000000
0.000533
0.036201
0.080855
0.198420
0.253826
0.267101
0.279234
0.000647
0.000000
0.000000
0.000000
0.000000
0.000000
0.000000
0.000000
0.000000
0.000000
0.000000
0.000000
0.000000
0.000000
0.000000
0.000000
0.000000
0.000000
0.000000
0.000000
0.000000
0.000000
0.000000
0.000000
0.000000
0.000000
0.000000
0.000000
0.000000
0.000000
0.000000
0.000000
0.000000
0.000000
0.000000
0.000000
0.000000
0.000000
0.000000
0.000000
0.000000
0.000000
0.000000
0.000000
0.000000
0.000000
0.000000
0.000000
0.000000
0.000000
0.000000
0.000000
0.000000
0.000000
0.000000
0.000000
0.000000
0.000000
0.000000
0.000000
0.000000
0.000000
0.000000
0.000000
0.000000
0.000000
0.000000
0.000000
0.000000
0.000000
0.000000
0.000000
0.000000
0.000000
0.000000
0.000000
0.000000
0.000000
0.000000
0.000001
0.000000
0.000000
0.000000
0.000000
0.000000
0.000004
0.000003
0.000002
0.000008
0.000006
0.000010
0.000012
0.000010
0.000003
0.000001
0.000000
0.000000
0.000000
0.000000
0.000001
0.000000
0.000001
0.000001
0.000001
0.000001
0.000001
0.000002
0.000007
0.000003
0.000003
0.000001
0.000001
0.000001
0.000001
0.000001
0.000001
0.000001
0.000001
0.000001
0.000005
0.000001
0.000001
0.000001
0.000000
0.000001
0.000001
0.000001
0.000001
0.000000
0.000004
0.000004
0.000003
0.000002
0.000002
0.000001
0.000001
0.000002
0.000001
0.000002
0.000001
0.000013
0.000002
0.000001
0.000001
0.000002
0.000003
0.000003
0.000007
0.000003
0.000003
0.000005
0.000011
0.000014
0.000004
0.000005
0.000014
0.000007
0.000002
0.000004
0.000002
0.000007
0.000008
0.000003
0.000005
0.000004
0.000003
0.000009
0.000007
0.000008
0.000009
0.000010
0.000018
0.000009
0.000008
0.000010
0.000009
0.000016
0.000013
0.000017
0.000006
0.000012
0.000021
0.000010
0.000016
0.000023
0.000021
0.000013
0.000015
0.000133
0.000066
0.000044
0.000103
0.000063
0.000030
0.000061
0.000060
0.000065
0.000026
0.000035
0.000820
0.002928
0.310610
0.528797
0.581762
0.916462
1.305484
2.948041
3.485454
3.823703
4.217841
0.021921
4.734818
5.226349
5.576930
5.799589
5.856794
5.953270
6.054130
6.108102
6.324942
6.467686
6.531393
6.806974
6.937439
7.060817
7.057834
7.045009
7.043690
7.044113
6.951499
6.874636
6.794710
6.753905
6.563476
6.432361
6.349418
6.285491
6.136473
6.072031
0.000049
0.000014
6.034068
5.523045
3.305893
5.024453
5.486492
5.908568
6.246252
6.321928
6.472821
6.537154
6.539113
6.467225
6.424795
6.386614
6.312159
0.032888
6.091522
6.132307
6.144644
6.143266
6.143720
6.143551
6.143801
6.138766
6.135341
6.157012
6.158947
6.202177
6.213610
6.227241
6.239162
6.243128
6.249682
6.457781
6.460611
6.459500
6.458731
6.455641
6.438594
6.429160
6.415264
6.387355
6.384943
6.378644
6.355712
6.342875
6.316468
6.292241
6.231097
6.084727
5.317834
4.533398
0.036191
4.152359
1.837616
0.034822
0.106133
0.264465
4.271252
4.954759
5.892211
6.176319
6.441785
6.548146
6.667346
6.722603
6.738312
6.741008
6.643010
0.069574
6.609248
6.733581
6.755633
6.770157
6.776359
6.779490
6.775779
6.778188
6.781291
6.785696
6.872576
6.886001
7.131663
7.139258
7.258276
7.614987
7.775658
7.943805
8.030632
8.033340
8.035070
8.056295
8.061604
8.036578
8.020098
7.955260
7.627896
7.245788
6.829189
6.492497
5.997989
5.240931
4.562960
3.954547
3.389325
2.858716
0.001312
0.001679
0.000387
0.000182
0.000198
0.000181
0.000175
0.000163
0.030334
0.028534
0.028910
1.098166
1.516806
1.226430
1.255066
1.093682
1.041834
0.000449
0.000363
0.018357
0.018243
0.006380
0.026040
0.033049
1.137504
1.199228
1.328351
1.343025
0.058073
1.361932
1.344582
0.334811
0.321269
0.286790
0.019405
0.006337
0.001254
0.001160
0.013316
0.015573
0.394462
0.576805
1.475990
1.687117
1.896907
2.138032
0.023580
0.025044
0.002200
2.630386
2.720446
2.808566
2.716494
0.059229
0.046581
3.614903
3.838774
4.116149
4.419871
4.737722
5.048133
0.017702
0.017166
0.016350
0.007810
0.007318
5.426980
5.872926
6.348343
6.864406
7.264108
7.514925
7.780210
7.974114
8.132564
8.280187
8.296116
8.308650
8.311188
8.283487
8.278633
8.396676
8.390530
8.357716
8.265604
8.277298
8.278761
8.301242
8.320309
8.318921
8.286485
8.251455
8.224016
8.197454
8.175240
0.001149
0.000507
0.000243
0.000143
0.000101
0.000071
0.000073
0.000084
0.000220
0.000638
0.001118
0.002149
0.011294
8.314564
8.391149
8.418210
8.585429
8.597523
8.599756
8.601205
8.674284
8.704755
8.716402
8.734137
8.741434
8.757720
8.775044
0.001506
0.000224
0.000093
0.000043
0.000040
0.000040
0.000057
0.000223
0.000033
0.000126
0.000126
0.000124
0.000282
8.782909
8.793239
8.812924
8.813638
8.812665
8.805663
8.739201
8.698113
8.682420
8.679451
8.658089
8.646049
8.637207
8.452303
8.335062
7.983357
7.737347
7.697901
7.607485
7.425446
7.301843
7.208653
6.951440
0.042408
0.040136
6.578735
5.850257
5.232982
4.735798
0.018240
0.004358
0.004274
0.034441
0.025266
0.002232
0.001310
0.001232
0.000692
0.000656
0.021760
0.021148
0.020981
0.021590
0.022992
0.024231
0.028194
0.031276
2.748019
3.354529
3.475714
3.181597
3.074934
0.001297
0.000438
0.000200
0.003006
0.293424
0.320187
0.130489
0.118318
0.089557
0.056047
0.051984
0.051904
0.079813
0.080804
0.149780
0.165403
0.169877
0.152139
0.139433
0.131484
0.125333
0.106016
0.093657
0.080914
0.001172
0.000185
0.000104
0.000070
0.000115
0.000111
0.000074
0.001115
0.001051
0.014806
0.037651
0.054896
0.060097
0.106326
0.130605
0.000032
0.000042
0.011143
0.013850
0.020146
2.937077
2.460581
0.001752
1.949114
0.076110
1.358875
1.205346
0.888080
0.295645
0.169267
0.091615
0.085512
0.082070
0.026567
0.023001
0.020466
0.020075
0.021423
0.025901
0.027192
0.011453
0.010903
0.010049
0.000107
0.000177
0.002111
0.002002
0.004988
0.004822
0.004764
0.031378
0.079346
0.129992
0.145693
0.155828
0.178188
0.225635
0.211687
0.191320
0.157815
0.023652
0.002169
0.038191
0.130233
0.139480
0.130221
1.310763
1.225875
0.628823
0.499699
0.014238
0.006611
0.003771
0.007355
1.525660
1.729427
1.948660
0.383406
0.379667
2.557766
3.049948
2.669306
1.592831
0.157503
0.026157
0.024575
0.015779
0.014855
1.015666
3.231564
3.989840
4.425254
4.910162
5.033388
0.083487
5.423073
5.778760
6.177843
0.089640
0.092438
0.091892
0.095697
6.835164
7.313057
8.086900
8.366636
8.502415
8.847123
8.848308
8.831406
0.001667
0.001176
0.000967
0.000674
0.000622
0.000931
0.000959
8.769734
8.873537
8.911356
8.936137
8.954646
8.963840
8.959571
8.956601
8.957779
8.939610
8.909372
8.881555
0.000685
0.000678
0.000117
0.000080
0.000091
0.000282
0.000291
0.000279
0.000391
0.000597
8.856651
8.595239
8.339407
8.082073
7.773026
7.136737
0.001527
0.000405
0.000235
0.000181
0.000143
0.000093
0.000080
0.000038
0.000025
0.000044
0.000017
0.000027
0.000012
0.000009
0.000013
0.000012
0.000007
0.000010
0.000019
0.000023
0.000016
0.000052
0.000063
0.000141
0.000237
0.000291
0.000654
1.003485
7.093416
7.361917
7.792768
8.029019
8.333353
8.399738
8.647550
8.738733
8.787390
8.788102
8.758318
8.415668
8.087484
7.752388
0.040222
0.039522
7.256215
7.023235
6.976503
6.980976
0.001074
0.000712
0.000173
0.000129
0.000109
0.000107
0.000134
6.953415
6.967685
6.975258
6.987142
7.060095
7.131525
7.599149
7.906046
8.135751
8.277961
0.000151
0.000178
0.000208
0.038819
8.523508
8.780437
8.870214
0.000042
0.000044
0.000029
0.000032
0.000001
0.000000
0.000000
0.000000
0.000001
0.000002
0.000000
0.000006
0.000006
0.000006
0.000005
0.000009
0.000010
0.000012
0.000039
0.000086
0.000207
8.543240
8.552795
8.561426
8.569695
8.648463
8.665331
8.684017
8.693205
8.704587
8.712720
8.721790
8.734096
8.744723
8.756601
8.766423
8.767084
8.771041
8.772705
8.766626
8.762129
8.733386
0.000776
0.000597
0.000469
0.000419
0.000041
0.000015
0.000011
0.000013
0.000009
0.000027
0.000057
0.000049
0.000020
0.000017
0.000019
0.000017
0.000005
0.000024
0.000014
0.000012
0.000062
0.000033
0.000013
0.000044
0.000040
0.000033
0.000057
0.000064
0.000297
0.000335
0.000377
0.000844
0.064919
8.921584
8.904924
8.974471
8.855511
8.902424
8.909883
8.920917
8.925620
8.922872
8.908097
8.700145
8.699372
8.697795
8.697994
8.699319
8.699237
8.698623
8.650598
8.407834
8.312580
8.217240
7.908751
7.684826
7.372256
7.109000
5.980548
5.454655
4.896722
0.820198
0.521484
0.347148
0.266991
0.250252
0.038322
0.036428
0.034145
0.032308
0.030255
0.017849
0.003295
0.027908
0.028100
0.028112
0.028065
0.028163
0.028347
0.028102
0.028104
0.028157
0.028198
0.028225
0.028189
0.028221
0.028206
0.028188
0.028168
0.028186
0.028188
0.028195
0.028276
0.028217
0.028259
0.028320
0.028384
0.028524
0.028433
0.028217
0.028267
0.028270
0.028268
0.028444
0.028378
0.028529
0.028405
0.028263
0.028338
0.028255
0.028462
0.028296
0.028280
0.028332
0.028376
0.028339
0.028250
0.028281
0.028295
0.028210
0.028122
0.027966
0.027980
0.027835
0.027864
0.027488
0.027704
0.028160
0.032366
0.057875
0.059892
3.428033
3.796689
4.154526
4.434582
4.708580
4.990102
5.302293
5.723899
6.085948
6.559368
6.974037
7.470506
7.756178
7.885733
8.022674
8.080517
8.103894
8.106242
8.108906
8.113320
8.115966
8.100894
8.103496
8.051739
0.003260
0.002324
0.001195
0.000794
0.000802
0.000248
0.000201
0.000240
0.000326
0.000541
0.000823
0.001297
8.017473
8.147187
8.185252
8.188280
8.191333
8.198736
8.204127
8.206280
8.215317
8.221121
8.231089
8.235715
8.237556
8.239098
8.239784
8.286148
8.320132
8.327829
8.336240
8.351178
8.349843
8.349402
8.345178
8.328915
8.293014
8.155757
8.107942
0.022545
8.068029
8.030445
7.747940
7.265581
6.861924
6.518771
6.188312
5.837237
5.345617
0.021533
0.590095
0.962869
6.732275
7.354510
7.799043
8.100133
8.330634
8.472796
8.560029
8.785572
8.795473
8.810339
8.830019
8.849151
8.887473
8.883031
8.875617
8.872604
8.875717
8.883829
8.892379
8.897049
8.900820
8.852712
8.819756
8.786622
8.767301
8.752995
8.721133
8.697184
8.669370
8.635149
8.608203
8.573791
8.489340
8.450502
8.432088
8.386239
8.343767
8.326795
8.313829
8.629855
8.663395
0.012772
0.012056
0.003776
0.003760
8.585951
8.595583
8.608472
8.611489
8.606982
8.584523
8.518090
8.290733
7.762996
0.120107
7.105422
7.260174
7.212654
7.154220
7.100560
7.214603
7.238141
0.037702
0.033607
7.240863
7.291604
7.312032
7.231379
7.154083
6.912652
6.606619
6.225528
0.064327
0.044124
0.010359
0.008196
0.003960
0.003174
0.003541
0.004289
0.005161
6.075563
5.835773
0.123221
0.269662
5.662258
6.425361
6.406496
6.444852
5.879238
0.613522
0.606484
0.315464
0.486533
0.555271
0.676825
0.697396
6.442432
7.181476
7.076008
6.835986
0.270063
7.336967
7.379229
0.113198
0.158731
8.251592
8.532199
8.577638
8.651334
8.654297
8.639834
8.630852
8.614185
8.604680
8.602432
8.605264
0.006653
8.585282
8.580533
8.576848
8.543158
8.486502
8.419467
0.049995
0.049883
8.433870
8.359458
7.964121
7.847334
7.950892
7.854655
7.852971
7.774591
0.029641
0.029925
7.700919
7.728514
7.738010
7.731098
7.723508
7.715185
7.709758
7.706376
7.694108
7.658319
7.631840
7.614172
7.524565
7.427094
7.271822
7.137703
6.899322
6.502426
6.071149
5.660745
4.907114
3.549188
1.502716
0.083693
0.124152
1.510392
3.698140
5.049167
5.914778
0.048124
0.050198
6.863501
7.327587
7.598568
7.618452
7.626393
7.631209
0.000446
0.000332
0.000132
0.000123
0.000113
0.000160
0.000052
0.000008
0.000007
0.000008
0.000014
0.000058
0.000085
0.000123
0.000089
7.623304
7.619687
7.613107
7.601375
0.000002
0.000000
0.000000
0.000000
0.000000
0.000000
0.000000
0.000000
0.000000
0.000000
0.000000
0.000000
0.000000
0.000000
0.000000
0.000000
0.000000
0.000000
0.000000
0.000000
0.000000
0.000000
0.000000
0.000000
0.000000
0.000000
0.000000
0.000000
0.000000
0.000000
0.000000
0.000000
0.000000
0.000000
0.000000
0.000000
0.000000
0.000000
0.000000
0.000000
0.000000
0.000000
0.000000
0.000000
0.000000
0.000000
0.000000
0.000000
0.000000
0.000000
0.000000
0.000000
0.000000
0.000000
0.000000
0.000000
0.000000
0.000000
0.000000
0.000000
0.000000
0.000000
