2.042256
0.505266
0.015087
0.000340
0.006652
0.005737
0.005469
0.005191
0.004628
0.004135
0.004324
0.010636
0.009983
0.009840
0.007821
0.007749
0.007762
0.007878
0.007302
0.007113
0.007113
0.002262
0.006960
0.009513
0.010069
0.017034
0.045730
0.044052
0.043915
0.082979
0.090025
0.192648
0.209074
0.226853
0.232270
0.249543
0.504490
0.552393
0.915815
1.291508
1.455347
0.003864
0.000615
2.440171
3.371218
3.946338
4.436036
4.782340
4.921606
5.006976
5.038368
5.038049
5.033754
5.020213
5.013014
5.290703
5.483611
5.487735
5.486958
5.477944
5.514034
5.517647
5.503131
5.451874
5.417793
5.393271
5.356532
5.337046
5.330429
0.000863
0.000741
0.000640
0.000929
0.001022
0.001051
0.003406
5.410236
5.443269
5.502544
5.550850
5.612627
5.698391
5.800934
5.825500
5.849185
5.869253
5.890864
5.906408
5.914615
5.934303
5.971749
5.976717
5.998740
6.191120
6.194168
6.194475
6.195477
6.190818
6.187129
6.186268
6.179550
6.108219
6.059903
6.012521
5.968239
5.927065
5.891509
5.851664
5.722443
5.594464
5.497925
5.380141
5.261933
5.161440
5.045453
4.940381
4.667087
4.634345
4.640683
0.000207
0.000147
0.000124
0.000049
0.000018
0.000014
0.000010
0.000008
0.000013
0.000007
0.000006
0.000005
0.000007
0.000006
0.000013
0.000006
0.000011
0.000011
0.000007
0.000010
0.000018
0.000009
0.000009
0.000007
0.000006
0.000015
0.043205
0.000025
0.000023
0.000022
0.000013
0.000011
0.000032
0.000014
0.000012
0.000014
0.000013
0.000007
0.000010
0.000021
0.000012
0.000010
0.000011
0.000008
0.000005
0.000008
0.000019
0.000019
0.000012
0.000007
0.000005
0.000005
0.000013
0.000017
0.000017
0.000012
0.000018
0.000026
0.000055
0.000089
0.000175
0.001074
0.001297
0.002429
5.352439
5.581941
5.789636
5.848431
5.933866
6.019482
6.182488
6.194395
6.196715
6.197864
6.200886
6.203105
6.202504
6.202254
6.200977
6.199573
6.566955
6.581579
6.580530
6.579330
6.804897
6.812223
6.814633
6.812947
6.811136
6.812669
6.815814
6.818048
6.820483
6.821277
6.821989
6.822652
6.822334
6.821983
6.878221
6.877079
6.855099
6.840094
6.830140
6.823254
6.823604
6.825866
6.829740
6.838382
6.830640
6.803376
6.771566
6.708667
6.657889
6.629254
6.580944
6.508596
6.463642
6.428562
6.324589
6.282516
6.278471
6.277560
6.294783
6.312924
6.314967
6.297781
6.018062
6.007273
5.986157
5.974923
5.962088
0.071233
0.076752
6.113402
6.165853
6.189843
6.403571
6.425698
6.450491
6.464017
6.495510
6.508226
6.508669
6.494503
6.491311
6.480915
6.476530
0.002914
0.002103
0.001410
0.001882
0.001414
0.001436
6.327595
6.352485
6.671060
6.710771
6.709149
6.701424
6.703003
6.683975
6.933127
6.878483
6.824339
0.000707
0.000662
0.000620
0.000650
0.000718
0.001725
6.837247
6.725580
6.803645
6.811592
6.785148
6.759477
6.703741
0.048194
0.051532
6.691580
6.764639
6.845433
6.903445
7.012864
7.112581
7.159562
7.219585
7.239419
7.240563
7.241356
7.242017
7.242174
7.242180
7.241632
7.241594
7.242059
7.241959
7.241466
7.239155
7.229070
7.329939
7.353071
7.367971
7.389325
7.391843
7.389554
7.326185
0.003947
0.003754
0.002679
0.000363
0.000158
0.000120
0.000127
0.000339
0.000348
0.000446
0.000842
0.001132
7.117162
7.117844
7.112458
7.111954
7.112230
7.115354
7.123931
7.136263
7.159824
7.204312
7.206240
7.193186
7.184990
7.107007
0.052552
0.005312
0.004126
0.003941
6.922396
6.939536
6.980534
6.888280
6.693672
6.664885
6.640568
6.780986
6.855179
6.921427
6.967931
7.009558
7.032275
7.045245
6.984799
6.937845
0.093193
6.902097
6.993967
7.050613
7.026745
7.015780
6.982787
6.952384
6.896150
6.772294
6.656652
0.076502
6.554274
6.574093
6.551162
6.440744
6.347267
6.284122
6.215476
6.163965
6.010530
0.732899
6.513998
7.173374
7.181667
7.296821
7.336744
7.406706
7.454770
7.555346
7.616376
7.674833
7.663374
7.645326
0.001287
0.000704
0.000431
0.000440
0.000409
0.000361
0.000408
0.000349
7.579721
7.578704
7.576627
7.574842
7.574850
7.935844
7.943310
7.943078
7.938286
7.936809
7.940611
7.945406
7.945434
7.945534
7.948165
7.949500
7.945983
7.941565
7.939444
7.940691
7.940429
7.754750
7.747904
7.722565
7.698279
7.683124
7.664649
7.639622
7.599719
7.493179
7.424321
6.931654
6.998826
7.001659
7.048456
6.978408
6.824343
6.681250
6.406018
0.014591
0.012179
0.011197
0.010485
0.000942
0.012544
0.013108
0.014161
0.181525
6.783697
7.096237
7.559040
7.596085
7.591837
7.493975
7.478784
7.433520
7.421874
7.354245
0.003528
0.002488
0.002291
6.968183
6.253167
5.979507
5.654035
0.705823
6.798677
6.943664
7.144840
7.238710
7.267366
7.279166
7.069461
6.920984
6.825473
6.706423
6.617332
0.158130
0.041581
6.956835
7.181436
7.257906
7.375664
7.873354
7.965582
8.015226
7.986708
7.976612
8.019819
8.067928
7.966040
7.982187
7.968130
0.149004
0.141003
7.862969
7.952739
8.021429
8.055775
8.080944
8.081688
8.080456
8.097169
8.116339
8.101511
0.112655
8.040899
8.117352
8.139754
8.144941
8.141598
8.126253
8.021884
8.098274
8.117937
8.091841
8.076284
7.626873
7.864061
7.790460
7.713683
7.764302
7.756207
7.745640
0.000001
0.000000
0.000000
0.000000
0.000000
0.000000
0.000000
0.000000
0.000000
0.000000
0.000000
0.000000
0.000000
0.000000
0.000000
0.000000
7.747172
7.902013
7.943429
7.903372
7.872240
7.840736
7.665103
7.651146
7.635886
7.560891
7.525602
7.505126
0.025280
0.032254
0.037621
8.027243
8.053902
8.088308
8.104654
8.125528
8.137133
8.282354
8.319642
8.368824
8.452892
8.539415
8.627847
8.683112
8.710879
8.726864
8.727585
8.725795
8.723314
8.718140
8.683700
8.597880
8.571832
8.541826
0.006669
0.002389
0.001996
0.000516
0.000318
0.000233
0.000071
0.000038
0.000019
0.000023
0.000014
0.000021
0.000004
0.000003
0.000002
0.000002
0.000001
0.000001
0.000041
0.000033
0.000025
0.000025
0.000006
0.000004
0.000002
0.000002
0.000002
0.000005
0.000006
0.000004
0.000006
0.000006
0.000002
0.000001
0.000001
0.000008
0.000004
0.000005
0.000004
0.000011
0.000008
0.000013
0.000010
0.000006
0.000003
0.000004
0.000009
0.000004
0.000002
0.000003
0.000002
0.000002
0.000003
0.000007
0.000008
0.000003
0.000002
0.000003
0.000001
0.000001
0.000002
0.000001
0.000002
0.000001
0.000002
0.000002
0.000005
0.000001
0.000001
0.000001
0.000001
0.000002
0.000001
0.000002
0.000004
0.000002
0.000004
0.000008
0.000004
0.000002
0.000004
0.000002
0.000001
0.000002
0.000002
0.000002
0.000000
0.000000
0.000000
0.000000
0.000000
0.000001
0.000000
0.000000
0.000001
0.000001
0.000002
0.000009
8.264780
8.175744
8.107802
8.051501
0.000035
0.000093
0.000011
0.000005
0.000003
0.000001
0.000004
0.000001
0.000003
0.000003
0.000004
0.000005
0.000005
0.000005
0.000002
0.000004
0.000010
0.000004
0.000002
0.000001
0.000001
0.000001
0.000001
0.000002
0.000003
0.000007
0.000008
0.000013
0.000002
0.000003
0.000003
0.000001
0.000009
0.000009
0.000008
0.000003
0.000003
0.000002
0.000002
0.000003
0.000001
0.000004
0.000004
0.000022
0.000020
0.000009
0.000010
0.000002
0.000001
0.000001
0.000001
0.000001
0.000002
0.000003
0.000003
0.000003
0.000004
0.000011
0.000012
0.000009
0.000008
0.000018
0.000003
0.000004
0.000003
0.000002
0.000004
0.000001
0.000004
0.000003
0.000003
0.000003
0.000008
0.000007
0.000009
0.000024
0.000031
0.000040
0.000003
0.000005
0.000007
0.000004
0.000003
0.000003
0.000003
0.000007
0.000017
0.000007
0.000004
0.000002
0.000002
0.000005
0.000018
0.000013
0.000005
0.000008
0.000013
0.000021
0.000024
0.000003
0.000004
0.000006
0.000007
0.000001
0.000001
0.000001
0.000001
0.000002
0.000002
0.000002
0.000003
0.000002
0.000003
0.000002
0.000001
0.000002
0.000003
0.000002
0.000002
0.000003
0.000006
0.000012
0.000001
0.000001
0.000002
0.000000
0.000001
0.000001
0.000001
0.000000
0.000001
0.000001
0.000001
0.000002
0.000003
0.000005
0.000007
8.002618
7.915719
7.792677
7.581640
7.383773
7.178405
0.000008
0.000004
0.000003
0.000002
0.000002
0.000002
0.000002
0.000003
0.000002
0.000003
0.000004
0.000015
0.000021
0.000029
7.006843
6.866274
6.649572
6.400079
0.000009
0.000004
0.000003
0.000004
0.000003
0.000003
0.000003
0.000003
0.000004
0.000001
0.000001
0.000002
0.000001
0.000001
0.000002
0.000001
0.000001
0.000002
0.000001
0.000001
0.000007
0.000004
0.000006
0.000005
0.000005
0.000023
0.000006
0.000004
0.000003
0.000007
0.000012
0.000005
0.000005
0.000007
0.000005
0.000003
0.000001
0.000002
0.000002
0.000002
0.000002
0.000001
0.000001
0.000004
0.000003
0.000002
0.000002
0.000003
0.000007
0.000006
0.000008
0.000022
0.000001
0.000004
0.000002
0.000002
0.000003
0.000003
0.000003
0.000001
0.000002
0.000004
0.000002
0.000002
0.000003
0.000002
0.000003
0.000002
0.000005
0.000011
0.000002
0.000002
0.000004
0.000003
0.000002
0.000003
0.000002
0.000003
0.000003
0.000009
0.000007
0.000008
0.000003
0.000003
0.000027
0.000025
0.000006
0.000003
0.000003
0.000003
0.000002
0.000001
0.000001
0.000002
0.000004
0.000006
0.000004
0.000002
0.000003
0.000003
0.000002
0.000005
0.000004
0.000002
0.000021
0.000006
0.000005
0.000006
0.000007
0.000003
0.000004
0.000004
0.000002
0.000006
0.000003
0.000004
0.000008
0.000005
0.000003
0.000003
0.000007
0.000003
0.000002
0.000005
0.000004
0.000011
0.000010
0.000005
0.000005
0.000006
0.000006
0.000002
0.000026
0.000006
0.000002
0.000031
0.000016
0.000008
0.000007
0.000009
0.000006
0.000003
0.000006
0.000003
0.000004
0.000005
0.000004
0.000002
0.000002
0.000017
0.000002
0.000012
0.000007
0.000004
0.000004
0.000006
0.000007
0.000011
0.000020
0.000021
0.000035
0.000108
0.000007
0.000108
0.000118
0.000113
0.000376
0.004227
5.973836
5.730494
4.152736
1.372483
5.861725
6.670679
7.613594
7.807641
8.080800
8.228522
8.273122
8.276393
8.275927
8.272413
8.270682
8.272067
8.274130
8.277946
8.274062
8.268672
8.259614
8.244103
8.240522
8.246355
8.440707
8.483632
8.466951
8.444746
8.430815
8.437449
8.441186
8.380710
0.051405
8.222783
8.212978
8.183534
8.156142
0.061228
8.192054
8.313726
8.385508
8.455403
8.489599
8.537057
8.574438
8.570552
8.565046
8.566940
8.576554
8.580899
8.567603
8.551855
8.487680
8.394596
0.050441
0.050492
0.058998
8.272626
8.294773
0.002686
0.001793
0.000197
0.000071
0.000089
0.000031
0.000021
0.000005
0.000003
0.000002
0.000003
0.000003
0.000006
0.000071
8.223716
7.608456
7.612607
7.675604
7.683548
7.616998
7.534213
7.241491
0.002681
0.002058
0.001331
0.000519
0.000278
0.000169
0.000158
0.000024
0.000021
0.000021
0.000021
0.000120
0.000007
0.000030
0.000014
0.000018
0.000021
0.000028
0.000048
0.000067
0.000116
0.000144
6.871472
6.519949
6.340833
6.233140
6.113371
5.976285
5.768283
5.613793
0.436366
6.035771
6.107313
6.083307
5.515449
0.016297
4.863524
4.455950
0.200719
0.187407
0.087596
2.465814
3.716295
4.325585
4.702660
5.090687
5.432921
5.856545
6.328190
6.790995
7.014755
7.217931
7.468280
7.383403
7.326164
7.263092
7.180811
6.956881
6.926334
6.445072
6.407361
6.370858
0.005370
0.001778
0.000760
0.000584
0.000517
0.000475
0.000342
0.000362
0.000255
0.000032
0.000043
0.000026
0.000019
0.000018
0.000016
0.000025
0.000008
0.000020
0.000019
0.000017
0.000008
0.000014
0.000009
0.000010
0.000006
0.000014
0.000010
0.000015
0.000013
0.000013
0.000009
0.000004
0.000003
0.000005
0.000004
0.000007
0.000045
0.000064
0.000008
0.000008
0.000004
0.000010
0.000002
0.000001
0.000001
0.000003
0.000003
0.000002
0.000003
0.000003
0.000003
0.000002
0.000024
0.000023
0.000016
0.000004
0.000004
0.000007
0.000005
0.000003
0.000002
0.000002
0.000001
0.000001
0.000001
0.000003
0.000002
0.000002
0.000001
0.000004
0.000003
0.000001
0.000002
0.000006
0.000002
0.000001
0.000001
0.000002
0.000001
0.000001
0.000001
0.000002
0.000008
0.000010
0.000000
0.000000
0.000000
0.000000
0.000000
0.000001
0.000000
0.000000
0.000000
0.000000
0.000000
0.000000
0.000000
0.000000
0.000001
0.000000
0.000000
0.000000
0.000000
0.000001
0.000001
0.000002
0.000001
0.000001
0.000001
0.000000
0.000000
0.000000
0.000001
0.000001
0.000000
0.000000
0.000000
0.000000
0.000000
0.000000
0.000001
0.000000
0.000000
0.000000
0.000000
0.000000
0.000000
0.000001
0.000000
0.000000
0.000001
0.000000
0.000000
0.000000
0.000000
0.000000
0.000000
0.000000
0.000000
0.000000
0.000000
0.000000
0.000000
0.000000
0.000000
0.000000
0.000000
0.000000
0.000000
0.000000
0.000000
0.000000
0.000000
0.000000
0.000000
0.000000
0.000000
0.000000
0.000000
0.000000
0.000000
0.000000
0.000000
0.000000
0.000000
0.000000
0.000000
0.000000
0.000332
0.000488
0.000592
0.000155
0.000075
0.000078
0.000000
0.000001
0.000000
0.000000
0.000000
0.000000
0.000000
0.000000
0.000000
0.000000
0.000000
0.000000
0.000000
0.000000
0.000000
0.000000
0.000000
0.000000
0.000000
0.000000
0.000000
0.000000
0.000000
0.000000
0.000000
0.000000
0.000000
0.000000
0.000000
0.000000
0.000000
0.000000
0.000000
0.000000
0.000000
0.000000
0.000000
0.000000
0.000000
0.000000
0.000000
0.000000
0.000000
0.000000
0.000000
0.000000
0.000000
0.000000
0.000000
0.000000
0.000000
0.000000
0.000000
0.000000
0.000000
0.000000
0.000100
0.000026
0.000014
0.000025
0.000017
0.000010
0.000016
0.000023
0.000042
0.000039
0.000050
0.000046
0.000124
0.000000
0.000000
0.000000
0.000000
0.000000
0.000000
0.000000
6.221803
5.777983
0.000000
0.000000
0.000000
0.000000
0.000000
0.000000
0.000000
0.000000
0.000000
0.000000
0.000000
0.000000
0.000000
0.000000
0.000000
0.000000
0.000000
0.000000
0.000000
0.000000
0.000000
0.000000
0.000000
0.000000
0.000000
0.000000
0.000000
0.000000
0.000000
0.000000
0.000000
0.000000
0.000000
0.000000
0.000000
0.000000
0.000000
0.000000
0.000000
0.000000
0.000000
0.000000
0.000000
0.000000
0.000000
0.000000
0.000000
0.000000
0.000000
0.000000
0.000000
0.000000
0.000000
0.000000
0.000000
0.000000
0.000000
0.000000
0.000000
0.000000
0.000000
0.000000
0.000000
0.000000
0.000000
0.000000
0.000000
0.000000
0.000000
0.024161
0.017623
0.022220
0.019910
0.018487
0.018244
0.018378
0.018453
0.000000
0.000000
0.000000
0.000000
0.000000
0.000000
0.000000
0.000000
0.000000
0.000000
0.000000
0.000000
0.000000
0.000000
0.000000
0.000000
0.000000
0.000000
0.000000
0.000000
0.000000
0.000000
0.018297
0.018044
0.017813
0.007689
0.007357
0.006742
0.006228
0.000000
0.000000
0.000000
0.000000
0.000000
0.000000
0.000000
0.000000
0.000000
0.000000
0.000000
0.000000
0.000000
0.000000
0.000000
0.000000
0.000000
0.000000
0.000000
0.000000
0.000000
0.000000
0.000000
0.000000
0.000000
0.000000
0.000000
0.000000
0.000000
0.000000
0.000000
0.000000
0.000000
0.000000
0.000000
0.000000
0.000000
0.000000
0.000000
0.000000
0.000000
0.000000
0.000000
0.000000
0.000000
0.000000
0.000000
0.000000
0.000000
0.000000
0.000000
0.000000
0.000000
0.000000
0.000000
0.000000
0.000000
0.000000
0.000000
0.000000
0.000000
0.000000
0.000000
0.000000
0.000000
0.000000
0.000000
0.000000
0.000000
0.000000
0.000000
0.000000
0.000000
0.000000
0.000000
0.000000
0.000000
0.000000
0.000000
0.000000
0.000000
0.000000
0.000000
0.000370
0.000360
0.000000
0.000000
0.000000
0.000000
0.000000
0.000000
0.000000
0.000000
0.000000
0.000000
0.000000
0.000000
0.000000
0.000000
0.000000
0.000000
0.000000
0.000000
0.000000
0.000000
0.000000
0.000000
0.000000
0.000000
0.000000
0.000000
0.000000
0.000000
0.000000
0.000000
0.000000
0.000000
0.000000
0.000000
0.000000
0.000000
0.000000
0.000000
0.000000
0.000000
0.000000
0.000000
0.000000
0.000000
0.000000
0.000000
0.000000
0.000000
0.000000
0.000000
0.000698
0.000728
0.000752
0.000825
0.010345
0.010337
0.000000
0.000000
0.000000
0.000000
0.000000
0.000000
0.000000
0.000000
0.000000
0.000000
0.000000
0.000000
0.000000
0.000000
0.000000
0.000000
0.000000
0.000000
0.000000
0.000000
0.010112
0.010070
0.010077
0.009564
0.009253
0.009128
0.007527
0.007220
0.000475
0.000492
0.000861
0.000825
0.000902
0.000921
0.000000
0.000748
0.000661
0.000705
0.000809
0.000733
0.000743
0.001632
0.000013
0.000003
0.000002
0.000004
0.000004
0.000003
0.000003
0.000005
0.000124
0.000000
0.000000
0.000000
0.000000
0.000033
0.000030
0.000007
0.000004
0.000001
0.000001
0.000001
0.000002
0.000002
0.000001
0.000003
0.000001
0.000001
0.000001
0.000001
0.000001
0.000000
0.000000
0.000000
0.000000
0.000000
0.000001
0.000000
0.000000
0.000000
0.000000
0.000000
0.000000
0.000000
0.000000
0.000000
0.000000
0.000000
0.000000
0.000000
0.000000
0.000000
0.000000
0.000000
0.000000
0.000000
0.000000
0.000000
0.000000
0.000000
0.000000
0.000000
0.000000
0.000000
0.000000
0.000000
0.000000
4.250407
1.821804
1.041813
0.357825
0.165608
0.035629
0.020415
0.017984
0.015838
0.004547
0.001063
0.000000
0.000000
0.000000
0.000000
0.000000
0.000000
0.000000
0.000000
0.000000
0.000000
0.000000
0.000000
0.000000
0.000000
0.000000
0.000000
0.000000
0.000000
0.000000
0.000000
0.000000
0.000000
0.000000
0.000000
0.000000
0.000000
0.000000
0.000000
0.000000
0.000000
0.000000
0.000000
0.000000
0.000000
0.000000
0.000000
0.000000
0.000000
0.000000
0.000000
0.000000
0.000000
0.000000
0.000000
0.000000
0.000000
0.000000
0.000000
0.000000
0.000000
0.000000
0.000000
0.000000
0.000000
0.000000
0.000000
0.000000
0.000000
0.000000
0.000000
0.000000
0.000000
0.000000
0.000000
0.000000
0.000000
0.000000
0.000000
0.000000
0.000000
0.000000
0.000000
0.000000
0.000000
0.000000
0.000000
0.000000
0.000000
0.000000
0.000000
0.000000
0.000000
0.000000
0.000000
0.000000
0.000000
0.000000
0.000000
0.000000
0.000000
0.000000
0.000000
0.000000
0.000000
0.000000
0.000000
0.000000
0.000000
0.000000
0.000000
0.000000
0.000000
0.000000
0.000000
0.000000
0.000000
0.000000
0.000000
