0.115565
0.010883
0.000459
0.000285
0.000123
0.000063
0.000052
0.000014
0.000023
0.000028
0.000025
0.000042
0.000157
0.000143
0.000004
0.000004
0.000008
0.000021
0.000030
0.000086
0.000010
0.000055
0.000045
0.000048
0.000043
0.000010
0.000211
0.000222
0.000693
0.000714
0.000771
0.010401
0.013708
0.016236
0.021687
0.023929
0.001226
0.000085
0.000000
0.000000
0.000000
0.000000
0.000000
0.000000
0.000000
0.000000
0.000000
0.000000
0.000000
0.000000
0.000000
0.000000
0.000000
0.000000
0.000000
0.000000
0.000000
0.000000
0.000000
0.000000
0.000000
0.000000
0.000000
0.000000
0.000000
0.000000
0.000000
0.000000
0.000000
0.000000
0.000000
0.000000
0.000000
0.000000
0.000000
0.000000
0.000000
0.000000
0.000000
0.000000
0.000000
0.000000
0.000000
0.000000
0.000000
0.000000
0.000000
0.000000
0.000000
0.000000
0.000000
0.000000
0.000000
0.000000
0.000000
0.000000
0.000000
0.000000
0.000000
0.000000
0.000000
0.000000
0.000000
0.000000
0.000000
0.000000
0.000000
0.000000
0.000000
0.000000
0.000000
0.000000
0.000000
0.000000
0.000000
0.000000
0.000000
0.000000
0.000000
0.000000
0.000160
0.013039
0.014229
0.279379
0.004720
0.003696
0.007180
0.001773
0.005571
0.007054
0.438028
0.472720
0.518812
0.607580
1.029434
1.120673
2.092074
2.337467
2.599779
3.027130
3.439364
3.914988
4.436445
4.688202
5.057977
5.459243
5.611512
5.709864
5.923312
6.115188
6.226024
6.265836
6.323981
6.361092
6.411053
6.462531
6.512735
6.569664
6.528913
6.330353
6.247423
6.178178
6.088256
0.019652
0.021308
0.017724
0.016936
0.000122
0.000109
0.000106
0.000110
0.000080
0.000087
0.000263
0.000299
0.009993
0.009920
0.009853
0.009591
0.000564
0.000512
0.000011
0.000004
0.000005
0.000002
0.000119
0.000114
0.000079
0.000157
0.000112
0.000076
0.000773
0.000957
0.001090
0.001168
0.000001
0.000001
0.000001
0.000001
0.000001
0.000001
0.000002
0.000001
0.000005
0.000001
0.000001
0.000007
0.000003
0.000004
0.000001
0.001318
0.001250
0.001307
0.001327
0.001308
0.001234
0.001286
0.001372
0.001411
0.001427
0.001118
0.000966
0.000089
0.000033
0.000000
0.000000
0.000001
0.000002
0.000055
0.000045
0.000029
0.002638
0.003086
0.003040
0.000000
0.000001
0.000001
0.000001
0.000001
0.000001
0.000001
0.000002
0.000002
0.023640
0.023876
0.020456
0.019968
0.018423
0.017910
0.015741
0.020342
0.020076
0.019508
0.016740
0.011415
0.011300
0.010789
0.000064
0.000071
0.000061
0.000058
0.010327
0.008090
0.008963
0.009279
0.009277
0.008959
0.008317
0.004905
0.004761
0.004924
0.005014
0.005003
0.000001
0.000001
0.000002
0.000001
0.000002
0.000003
0.000004
0.000001
0.000001
0.000001
0.000001
0.000001
0.000001
0.000002
0.000001
0.000001
0.000001
0.000001
0.000003
0.000003
0.000002
0.000002
0.000003
0.000003
0.000003
0.000005
0.000008
0.000004
0.000003
0.000010
0.000006
0.000008
0.005496
0.005225
0.005137
0.005146
0.005139
0.005195
0.005316
0.005323
0.020778
0.023873
0.026075
0.027446
0.028861
0.029409
0.030786
0.032951
0.034482
0.035792
0.037195
0.038781
0.000431
0.000014
0.000009
0.000004
0.000010
0.000007
0.000006
0.000008
0.000009
0.000009
0.000008
0.000013
0.000138
0.000100
0.000106
0.000088
0.000006
0.000010
0.000017
0.000011
0.000013
0.000004
0.000003
0.000008
0.000030
0.000021
0.000048
0.000031
0.000059
0.000034
0.000029
0.000027
0.000033
0.000052
0.000016
0.000061
0.000048
0.000035
0.000036
0.000049
0.000054
0.041281
0.044856
0.047800
0.052360
0.057032
0.064958
0.076545
0.091693
0.001841
0.001577
0.001699
0.000034
0.000040
0.000023
0.000024
0.000018
0.000017
0.000025
0.000252
0.000098
0.000050
0.000028
0.000037
0.000048
0.000058
0.000192
0.000276
0.000967
0.001182
0.003375
0.011144
6.194791
6.346876
6.511100
6.684486
6.781606
6.887729
7.039820
7.063544
7.027601
7.396100
7.558056
7.718059
7.915032
8.112532
8.293756
8.347554
8.459205
8.543650
8.573384
8.569148
8.552024
8.558894
8.563499
8.343932
8.373035
8.419591
8.447138
8.450980
8.458992
8.472696
8.500992
8.497563
8.486130
8.563075
8.557369
8.548317
8.542665
8.547753
8.494698
8.385229
8.318265
8.259805
8.124036
7.884555
7.634651
0.226602
0.001788
0.000783
0.000443
0.000367
0.000435
0.000378
0.000445
0.000573
0.000686
0.001249
7.601483
0.005725
0.042128
7.385560
7.096226
6.978729
6.862381
6.724215
6.579443
6.438706
6.063527
5.807800
5.606967
5.232878
4.495005
4.193329
3.937640
3.892327
3.600726
3.482832
3.401346
3.404325
3.314543
3.254791
3.205617
3.124977
3.083962
0.000002
0.015303
0.013548
0.000001
0.000000
0.000130
0.003995
0.004741
0.063218
0.080381
0.096109
0.096382
0.101298
0.107454
0.106118
0.105159
0.104780
0.105076
0.088525
0.083882
0.081967
0.078972
0.033696
0.013045
3.177814
3.276381
3.438040
3.565033
3.722558
3.940919
4.225365
4.358051
4.452981
4.582189
4.531834
4.432522
4.378454
0.121225
0.115955
0.113428
0.002126
0.002596
0.320431
5.116952
5.461780
5.763480
6.121821
6.549828
6.957640
7.149285
7.364764
7.474006
7.518556
7.540765
7.543907
7.469140
7.063053
0.113871
0.103842
0.094997
0.088779
0.083930
0.078023
0.071497
0.065937
0.062167
0.060198
0.059701
0.059465
0.056352
0.053238
0.048957
0.046280
0.037558
0.034784
0.032750
0.033269
0.033357
0.032884
0.031639
0.032101
0.040928
0.040551
0.039330
0.037743
0.037222
0.023334
0.023541
0.024493
0.025015
0.025075
0.024630
0.025392
0.026593
0.026638
0.036581
0.039262
0.041046
0.042564
0.042806
0.042614
0.042377
0.040309
0.011027
0.042148
0.044488
0.044136
0.041230
0.038484
0.033075
0.013363
0.012574
0.012761
0.014438
0.015261
0.051812
0.061342
0.065138
0.068263
0.072163
0.072882
0.072262
0.068588
0.004212
0.004264
0.068499
0.070970
0.074833
0.075506
0.076441
0.077115
0.077759
0.078106
0.078521
0.078642
0.078765
0.078964
0.079041
0.079072
0.078923
0.000033
0.000006
0.000009
0.000003
0.000002
0.000001
0.000001
0.000001
0.000003
0.000003
0.000002
0.000002
0.516434
0.000003
0.000010
0.000039
0.000039
0.000041
0.000020
0.000053
6.445983
6.830379
6.915792
0.051552
0.008327
0.007168
0.006888
0.028273
0.029605
0.032222
0.031074
0.031212
0.031489
0.023287
0.024487
0.026159
0.027355
0.027963
0.028076
0.045639
0.046939
0.047504
0.048519
0.049640
0.051627
0.050423
0.049556
0.049820
0.050598
0.050247
0.048399
0.023269
0.033916
0.034459
0.020457
6.962222
6.963289
6.953037
0.040754
0.000669
0.012970
0.022473
0.023020
0.023129
0.022775
0.022693
0.006740
0.000329
0.000124
0.000070
0.000041
0.000585
0.000680
0.000353
0.000329
0.001074
0.005099
6.849761
6.593438
6.579869
6.596566
6.598992
6.598161
6.672669
6.664709
6.659389
6.663277
6.694298
6.689562
6.728158
6.758618
6.767187
6.754500
6.745819
6.745464
6.737548
6.692835
6.655008
6.599847
6.564675
6.505719
6.455489
6.388506
0.000608
0.000209
0.000151
0.000103
0.000061
0.009018
0.008952
0.008941
0.008962
0.008871
0.008910
0.008664
0.008604
0.000091
0.000068
0.000195
0.000053
0.016685
0.016703
0.001108
0.001139
0.001427
0.020362
0.022063
0.024252
0.025156
0.024991
0.025012
0.024691
0.023612
0.000218
0.000209
0.000167
0.000167
0.022956
0.023838
0.024409
0.024771
0.025747
0.025978
0.026372
0.026726
0.026176
0.030104
0.029280
0.029201
6.330285
6.297024
6.269108
6.250196
6.219620
6.212516
6.197239
6.079352
0.025366
0.022809
0.021164
0.021428
0.000118
0.000047
0.000046
0.000050
0.000323
0.000045
0.000002
0.000003
0.000004
0.000012
0.000010
0.000002
0.000002
0.000003
0.000015
0.000040
0.000039
0.000044
0.000008
0.000014
0.000069
0.000093
0.000114
0.000090
0.000357
0.000505
5.778870
5.626149
5.435952
5.302694
5.141093
4.894590
4.542079
4.253568
4.005821
3.746695
3.539078
0.008840
0.001482
0.001479
0.002518
0.002057
0.052174
0.056528
3.226930
2.974816
2.659212
2.467604
1.467654
1.284694
0.037775
0.022693
0.000026
0.000020
0.000024
0.000018
0.000019
0.000005
0.000025
0.000039
0.000012
0.000015
0.000016
0.000008
0.000005
0.000018
0.000008
0.000007
0.000004
0.000009
0.000019
0.000018
0.000006
0.000005
0.000006
0.000005
0.000006
0.000003
0.000004
0.000005
0.000004
0.000009
0.000022
0.000040
0.000064
0.000004
0.000003
0.000004
0.000010
0.000005
0.000003
0.000001
0.000018
0.000002
0.000003
0.000003
0.000005
0.000007
0.000004
0.000005
0.000011
0.000019
0.000011
0.000003
0.000003
0.000001
0.000002
0.000007
0.000003
0.000005
0.000003
0.000011
0.000032
0.000010
0.000016
0.000016
0.000015
0.000001
0.000001
0.000001
0.000001
0.000003
0.006537
0.006104
0.005893
0.005161
0.004773
0.004198
0.000017
0.000016
0.000005
0.000004
0.000004
0.000004
0.000003
0.000006
0.000006
0.000007
0.000007
0.000010
0.002884
0.001859
0.001755
0.017256
1.804290
1.941428
2.050259
2.168344
2.306148
2.596889
2.680059
2.712800
2.677646
2.666814
2.227661
0.179727
0.010932
2.443276
2.428971
2.457611
0.239885
0.027546
0.011934
0.000002
0.000007
0.000005
0.000003
0.000002
0.005288
0.005310
0.007639
0.016732
0.020933
0.009009
0.008813
0.000051
0.000035
0.000081
0.000043
0.000039
0.000045
0.000030
0.000197
0.000332
0.000384
3.211816
3.417518
3.776716
3.760297
3.687700
3.626943
3.531772
3.283763
0.000051
0.000038
0.000027
0.000019
0.000049
0.000029
0.000014
0.000025
0.000020
0.000032
0.000034
0.000028
0.000031
0.000019
0.000091
0.000325
0.000428
0.000362
0.000315
0.000077
0.000081
0.000090
0.000094
0.004086
0.004623
0.008918
0.010174
2.861235
2.577838
1.847494
0.001106
0.000073
0.000058
0.000056
0.000078
0.000174
0.001185
0.001373
0.001449
0.001829
0.001860
0.001892
0.001918
0.000009
0.000007
0.000003
0.002042
0.001985
0.001974
0.002020
0.001858
0.001760
0.001699
0.000376
0.000402
0.000405
0.001327
0.002052
0.002291
0.000008
2.139177
1.978731
1.728275
1.544962
1.391247
0.747899
0.190896
0.015737
0.000002
0.000001
0.000005
0.000005
0.000003
0.000001
0.000001
0.000000
0.000000
0.000001
0.000000
0.000001
0.000002
0.000002
0.000001
0.000001
0.000003
0.000003
0.000001
0.000001
0.000001
0.000001
0.000001
0.000001
0.033210
0.032117
0.098481
0.100695
0.100514
0.097023
0.091828
0.085702
0.077382
0.003109
0.002503
0.002671
0.000681
0.000003
0.000003
0.000002
0.000001
0.000001
0.000001
0.000001
0.000001
0.000003
0.000001
0.000004
0.000000
0.000001
0.000002
0.000001
0.000001
0.000001
0.000001
0.000015
0.000015
0.000017
0.000025
0.000009
0.000008
0.000007
0.000003
0.000002
0.000004
0.000003
0.000001
0.000002
0.000000
0.000001
0.000001
0.000001
0.000007
0.000007
0.000002
0.000012
0.000011
0.000011
0.000007
0.000006
0.000011
0.000016
0.000097
0.000190
0.000005
0.000006
0.000002
0.000003
0.000001
0.000006
0.000001
0.000000
0.000001
0.000014
0.000007
0.000006
0.000006
0.000001
0.000001
0.000001
0.000004
0.000003
0.000002
0.000002
0.000001
0.000001
0.000000
0.000000
0.000003
0.000001
0.000011
0.000007
0.000003
0.000002
0.000000
0.000001
0.000002
0.000001
0.000001
0.000000
0.000000
0.000000
0.000000
0.000000
0.000000
0.000001
0.000001
0.000002
0.000004
0.000003
0.000003
0.000002
0.000002
0.000006
0.000011
0.000118
0.000289
0.000007
0.000001
0.000001
0.000003
0.000000
0.000000
0.000004
0.000002
0.000002
0.000002
0.000002
0.000069
0.000001
0.000001
0.000002
0.000001
0.000001
0.000001
0.000001
0.000001
0.000001
0.000002
0.000001
0.000002
0.000003
0.000001
0.000001
0.000036
0.000001
0.000005
0.000002
0.000002
0.000005
0.000005
0.000005
0.000001
0.000001
0.000003
0.000002
0.000006
0.000003
0.000004
0.000174
0.000669
0.000827
0.000032
0.000007
0.000004
0.000006
0.000045
0.000051
0.000003
0.000002
0.000004
0.000001
0.000001
0.000006
0.000004
0.000002
0.000001
0.000001
0.000001
0.000002
0.000002
0.000252
0.001758
0.001960
0.003603
0.008445
0.007735
0.007415
0.006916
0.005911
0.006248
0.044203
0.045507
0.090848
0.139521
0.137693
0.129563
0.128313
0.127101
0.000310
0.000487
0.000578
0.000187
0.000180
0.000463
0.202716
0.234362
0.241221
0.227603
0.225393
0.031278
0.031825
0.032944
0.035097
0.036549
0.038464
0.040788
0.043749
0.047549
0.051499
0.051824
0.051993
0.051849
0.051629
0.050351
0.002114
0.003734
0.032927
0.026049
0.409805
0.400715
0.419759
0.412170
0.389404
0.374576
0.329732
0.023913
0.020487
0.016759
0.015322
0.014618
0.013290
0.005012
0.005333
0.004532
0.004648
0.004618
0.004628
0.006564
0.008024
0.008418
0.008915
0.009407
0.010774
0.012414
0.013780
0.014375
0.014473
0.014512
0.014215
0.013840
0.012980
0.014088
0.037474
0.053385
0.052091
0.051817
0.046085
0.078410
0.075485
0.081415
0.204059
0.210287
0.228689
0.297688
0.365530
0.376478
0.363410
0.051891
0.051702
0.010058
0.002897
0.000083
0.000000
0.000000
0.000049
0.000364
0.000376
0.000378
0.000403
0.000460
0.000499
0.000580
0.008798
0.008277
0.008146
0.007597
0.006673
0.006094
0.007179
0.009020
0.009380
0.004515
0.004434
0.004498
0.000000
0.000001
0.000000
0.000000
0.000843
0.000764
0.008709
0.020731
0.043125
0.047889
0.778729
0.891771
1.060551
1.308068
1.502391
1.710514
2.433867
2.848168
0.000225
0.000242
0.000193
0.000466
0.000001
0.000001
0.000001
0.000000
0.000000
0.000000
0.000000
0.000001
0.000001
0.000000
0.000000
0.000000
0.000000
0.000000
0.000000
0.000000
0.000000
0.000000
0.000000
0.000000
0.000000
0.000000
0.000000
0.000000
0.000000
0.000000
0.000000
0.000000
0.000000
0.000000
0.000000
0.000000
0.000000
0.000000
0.000000
0.000000
0.000000
0.000000
0.000000
0.000000
0.000000
0.000000
0.000000
0.000000
0.000000
0.000000
0.000000
0.000000
0.000000
0.000000
0.000000
0.000001
0.000000
0.000000
0.000000
0.000000
0.000000
0.000000
0.000000
0.000000
0.000000
0.000000
0.000000
0.000000
0.000000
0.000000
0.000000
0.000000
0.000000
0.000001
0.000000
0.000000
0.000000
0.000000
0.000000
0.000000
0.000000
0.000000
0.000000
0.000000
0.000000
0.000000
0.000000
0.000001
0.000001
0.000001
0.000000
0.000001
0.000001
0.000001
0.000004
0.000022
0.000002
0.000029
0.000042
0.000043
0.000047
0.000039
0.000011
0.000010
0.003090
0.003221
0.003373
0.003386
0.003473
0.003524
0.003492
0.003517
0.003516
0.003574
0.005733
0.005637
0.005497
0.003151
0.000014
0.000012
0.000012
0.000012
0.000001
0.000001
0.000001
0.000002
0.000001
0.000000
0.000000
0.000000
0.000000
0.000002
0.000002
0.000000
0.000000
0.000000
0.000000
0.000000
0.000000
0.000001
0.000001
0.000000
0.000000
0.000000
0.000001
0.000001
0.000001
0.000001
0.000002
0.000003
0.004182
0.004243
0.004344
0.008409
0.013009
0.013527
0.009002
0.005117
0.005184
0.000001
0.000000
0.000000
0.000000
0.000001
0.000001
0.000001
0.000001
0.000001
0.000001
0.000000
0.000000
0.000000
0.000000
0.000004
0.000005
0.000004
0.000005
0.000001
0.000002
0.000001
0.000002
0.000001
0.000001
0.000003
0.000011
0.000015
3.420763
3.472109
3.509773
3.449149
0.056351
0.027335
0.006948
0.026957
0.029020
0.035825
3.211015
3.119684
2.957667
2.774117
2.480685
0.456720
0.303296
0.271019
0.054468
0.003797
0.002764
0.000001
0.000001
0.000001
0.000001
0.000001
0.000000
0.000000
0.000001
0.000001
0.000000
0.000000
0.000000
0.000000
0.000000
0.000000
0.000000
0.000000
0.000000
0.000000
0.000006
0.000001
0.000001
0.000006
0.000001
0.000001
0.001298
0.001111
0.001208
0.001692
0.000382
0.000001
0.000002
0.000001
0.000000
0.000000
0.000000
0.000001
0.000000
0.035809
0.035970
0.035640
0.035319
0.028859
0.027193
0.025408
0.019038
0.017679
0.012843
0.002880
0.000013
0.000000
0.000000
0.000000
0.000001
0.000001
0.000001
0.000002
0.005123
0.014363
0.018777
0.020209
0.021282
0.020816
0.020775
0.018273
0.012573
0.011854
0.011334
0.007460
0.028726
0.003121
0.004386
0.005346
0.005981
0.006174
0.006678
0.007619
0.008315
0.008906
0.027914
0.029812
1.071222
1.007413
0.913718
0.845177
0.127755
0.098069
0.045770
0.027293
0.016359
0.016267
0.015631
0.015119
0.014733
0.012706
0.024240
0.030867
0.031585
0.021068
0.022902
0.020803
0.019121
0.017582
0.013955
0.012833
0.007154
0.006379
0.005696
0.005091
0.002676
0.002592
0.000077
0.000106
0.000071
0.000883
0.000882
0.000889
0.000829
0.000754
0.000731
0.000708
0.000681
0.000020
0.000017
0.000020
0.000030
0.006356
0.006903
0.008116
0.008843
0.010172
0.010388
0.010611
0.012785
0.012835
0.015639
0.016111
0.017197
0.017312
0.017526
0.017526
0.017755
0.017813
0.017588
0.016812
0.013219
0.011261
0.009529
0.008585
0.007887
0.003961
0.003427
0.001912
0.000178
0.000002
0.000002
0.000002
0.000003
0.000002
0.000002
0.000001
0.000001
0.000001
0.000001
0.000001
0.000002
0.000305
0.000075
0.000086
0.000075
0.000180
0.000188
0.017171
0.020787
0.039458
0.041337
0.042395
0.043754
0.043907
0.043917
0.043852
0.043531
0.042528
0.039133
0.035342
0.031077
0.026391
0.014151
0.001269
0.000630
0.000618
0.005418
0.010216
0.011125
0.012536
0.024651
0.047678
0.057710
0.066848
0.068825
0.070383
0.070178
0.070015
0.069792
0.069684
0.073477
0.073563
0.073825
0.074789
0.073936
0.069887
0.069535
0.069127
0.069088
0.069029
0.069027
0.069042
0.068977
0.068252
0.068205
0.068205
0.068207
0.068211
0.069074
0.068190
0.068582
0.068916
0.069065
0.176539
0.178560
0.142074
0.131352
0.109633
0.060167
0.050062
0.038806
0.016401
0.031849
0.059117
0.068103
0.068185
0.068183
0.068078
0.067876
0.067752
0.062765
0.060182
0.057000
0.054358
0.027444
0.025821
0.001563
0.000248
0.000226
0.000142
0.000141
0.000119
0.003991
0.006285
0.007474
0.008130
0.008546
0.008914
0.022149
0.216880
0.217457
0.177706
0.126308
0.020988
0.019474
0.004464
0.004422
0.004338
0.003251
0.003499
0.003423
0.000183
0.000337
0.000354
0.000392
