0.008249
0.007873
0.006134
0.006122
0.007636
0.013707
0.014197
0.014972
0.000377
0.000087
0.000137
0.000086
0.000052
0.000034
0.000110
0.000097
0.000095
0.000095
0.000045
0.000005
0.000013
0.000320
0.022464
0.020875
0.020049
0.018311
0.021710
0.021093
0.021238
0.031026
0.029875
0.009174
0.008923
0.009029
0.008921
0.007793
0.000692
0.000354
0.002183
0.002002
0.032602
0.035068
0.036725
0.041920
0.098073
0.104440
0.114025
0.121451
0.152055
0.161111
0.268791
0.337434
0.621954
1.908844
3.263628
5.472095
6.821485
8.268596
8.535224
8.745576
8.787200
8.821831
8.918267
8.925367
9.116233
9.240309
9.248725
9.482745
9.496669
9.511516
9.490891
9.470077
9.387174
9.381601
9.366229
9.339863
9.324903
9.303070
9.266251
9.198409
9.116709
9.087489
8.957812
8.665590
8.691988
8.581831
8.353356
8.209732
0.494167
7.875307
8.479426
9.042590
9.344203
9.410353
9.426820
9.433362
9.439537
9.440884
9.442226
9.441921
9.442520
9.454942
9.427133
9.360363
9.293906
9.240999
9.137338
9.040604
8.933162
8.826725
8.503508
0.312066
0.043878
0.172641
8.329794
8.546705
0.075075
9.080810
9.201601
9.298487
9.373095
9.484312
9.549271
9.558127
9.557320
9.546469
9.524551
9.511603
9.504381
9.505497
9.506209
9.500027
9.497204
9.494561
9.492728
9.490398
9.482558
9.139118
9.136192
9.136203
9.138699
9.135641
9.134575
9.136284
9.135324
9.134415
9.133117
9.133366
9.134918
9.133528
9.129782
9.118396
9.119194
9.119191
9.119109
9.119012
9.118667
9.118515
9.118414
9.118553
9.118879
9.118704
9.118236
9.116377
9.115233
9.114127
9.114129
9.115724
9.116416
9.115329
9.115400
9.112634
9.107955
9.104793
9.101747
9.095238
9.021235
0.061003
8.926520
9.005633
9.079995
9.093638
9.112227
9.115902
9.117881
9.119138
9.119395
9.119452
9.117671
9.112226
9.108025
9.106105
9.106443
9.109516
9.099046
9.067286
9.027526
0.139346
0.133644
8.998120
9.043930
9.074566
9.122935
9.174198
9.181452
9.190964
9.211657
9.247488
9.252679
9.220550
9.215353
9.145711
8.974296
8.812798
0.147977
0.024547
0.026754
0.166573
8.510282
8.616661
0.071078
0.198774
8.463491
0.109444
0.105576
8.894709
9.302178
9.305225
9.309445
9.311823
9.312008
9.312629
9.313575
9.313834
9.313862
9.313860
9.313864
9.313864
9.312971
9.309833
9.295733
9.234029
8.954082
8.951078
8.945416
8.945194
8.944477
8.942787
8.908209
8.854868
0.118686
0.119463
8.450085
8.598231
8.634805
8.641656
8.642168
8.638396
8.637986
8.641120
8.642118
8.636629
8.623415
8.606626
8.507457
8.434154
8.586824
8.633662
8.629372
8.627063
8.629491
8.634757
8.633522
8.631175
8.633164
8.638723
8.644436
8.657832
8.663067
8.665923
8.623498
0.000542
0.000346
0.000286
0.000263
0.000248
0.000245
0.000246
0.000251
0.000259
0.000303
0.000441
0.000601
8.378558
8.818589
8.891496
8.918026
8.929414
8.942547
8.958056
8.960539
8.955412
8.952909
8.949037
8.917910
8.884699
8.852452
8.774495
8.724474
8.676999
8.641954
8.630753
8.622271
8.617635
8.614893
8.613879
8.612829
8.612913
8.612945
8.613075
8.610936
8.609173
8.608845
8.605820
8.542027
8.523308
8.499737
8.464075
8.331795
7.667756
6.446893
5.521448
0.928254
0.000001
0.000001
0.000003
0.000002
0.000001
0.000001
0.000000
0.000000
0.000001
0.000001
0.000001
0.000001
0.000000
0.000001
0.000000
0.000000
0.000001
0.000001
0.000000
0.000001
0.000001
0.000002
0.000002
0.000003
0.000008
0.000564
0.000599
