0.000000
0.000000
0.000000
0.000000
0.000000
0.000000
0.000000
0.000000
0.000000
0.000024
0.000023
0.000020
0.000016
0.000000
0.000000
0.000000
0.000000
0.000000
0.000000
0.000000
0.000000
0.000000
0.000000
0.000000
0.000000
0.002365
0.002538
0.002570
0.004331
0.004354
0.004358
0.018573
0.019024
0.019255
0.019442
0.019255
0.000185
0.000164
0.000172
0.000196
0.016424
0.019697
0.025120
0.025464
0.026030
0.026791
0.028258
0.030862
0.030101
0.038838
0.023169
0.024130
0.022728
0.023653
0.030564
0.033111
0.000384
0.003226
0.027298
0.030299
0.426540
9.236133
9.253624
9.242529
9.250081
9.172070
9.427287
9.510400
9.550815
9.572383
9.569541
9.607373
9.589849
9.587738
9.430947
9.538386
9.635593
9.699931
9.706325
9.660202
9.643889
9.630937
9.615451
9.583317
9.504198
9.507642
9.511050
9.515550
9.517585
9.524139
9.529201
9.529662
9.530647
9.531106
9.531407
9.531195
9.527408
9.530825
9.656457
9.708877
9.772793
9.825015
9.938970
9.992620
9.997613
9.995869
9.993360
9.987989
9.977723
9.942720
9.915359
9.884745
0.138459
0.124514
9.716781
9.827094
9.945952
9.955839
9.966585
9.989558
9.985535
9.986234
9.984027
9.988104
9.992842
9.995880
9.997221
9.994686
9.994318
9.995036
9.997373
9.997976
9.998647
9.999214
9.999675
9.999120
0.000007
0.000003
0.000001
0.000000
0.000000
0.000000
0.000000
0.000000
0.000000
0.000000
0.000000
0.000000
0.000000
0.000000
0.000000
0.000000
0.000000
0.000000
0.000000
0.000000
0.000000
0.000000
0.000000
0.000000
0.000000
0.000000
0.000000
0.000000
0.000000
0.000000
0.000000
0.000000
0.000000
0.000000
0.000000
0.000000
0.000000
0.000000
0.000000
0.000000
0.000000
0.000000
0.000000
0.000000
0.000000
0.000000
0.000000
0.000000
0.000000
0.000000
0.000000
0.000000
0.000000
0.000000
0.000000
0.000000
0.000000
0.000000
0.000000
0.000000
0.000000
0.000000
0.000000
0.000000
0.000000
0.000000
0.000000
0.000000
0.000000
0.000000
0.000000
0.000000
0.000000
0.000000
0.000000
0.000000
0.000000
0.000000
0.000000
0.000000
0.000001
0.000002
0.000004
0.000010
9.783442
9.784294
9.785582
9.787397
9.788911
9.789290
9.782190
9.774113
9.767901
9.729165
0.000927
0.000686
0.000515
0.000089
0.000020
0.000006
0.000003
0.000002
0.000002
0.000002
0.000001
0.000000
0.000000
0.000000
0.000000
0.000001
0.000001
0.000000
0.000000
0.000001
0.000000
0.000000
0.000000
0.000000
0.000000
0.000000
0.000000
0.000000
0.000000
0.000000
0.000000
0.000000
0.000000
0.000000
0.000000
0.000000
0.000000
0.000000
0.000000
0.000000
0.000000
0.000000
0.000000
0.000001
0.000000
0.000000
0.000000
0.000001
0.000001
0.000001
0.000000
0.000000
0.000000
0.000000
0.000000
0.000000
0.000000
0.000001
0.000001
0.000000
0.000000
0.000000
0.000000
0.000000
0.000001
0.000001
0.000001
0.000001
0.000001
0.000002
0.000007
0.000008
0.000012
0.000026
0.000066
0.000176
0.000369
9.664316
9.763616
9.799702
9.802645
9.802669
9.803161
9.800098
9.798022
9.798502
9.793255
9.783726
9.703494
9.707015
9.707741
9.708303
9.707688
9.707868
9.701399
9.695818
9.689307
9.542555
0.112590
0.111938
0.109503
0.108240
9.607116
9.682256
9.719681
9.712992
9.654301
9.505224
9.386433
9.359551
9.298047
8.731582
6.834053
8.576214
9.364065
9.470733
9.571846
9.427930
9.177853
8.889089
8.523103
7.880890
8.040799
0.037563
9.150571
9.460426
9.549583
9.494847
9.386010
9.150157
8.966885
8.714077
0.007761
0.004219
0.001813
0.001102
0.000215
0.000173
0.000072
0.000069
0.000038
0.000044
0.000095
0.000109
7.858228
7.833862
8.309463
8.265343
8.314177
8.346092
8.496113
8.610733
8.643619
8.779031
8.823272
8.846796
8.855383
8.860807
8.859183
8.857287
8.845463
8.823582
8.561488
8.537365
0.002875
0.002180
0.002161
0.002550
0.002689
0.001982
8.499508
8.494629
8.496456
0.000273
0.000300
0.000197
0.000217
0.000436
0.000092
0.000114
0.000121
0.000022
0.000019
0.000010
0.000008
0.000008
0.000011
0.000138
0.000147
0.000122
0.000083
0.000063
0.000058
0.000046
0.000043
0.000038
0.000011
0.000045
0.000022
0.000015
0.000038
0.000036
0.000422
0.000156
0.000378
0.000686
8.468729
8.376914
8.402598
8.378643
8.334716
8.114276
8.125948
8.128480
8.134918
8.338470
8.397198
8.383941
8.261096
0.031353
0.012291
0.011136
0.003191
0.000291
0.000226
0.000124
0.000025
0.000017
0.000010
0.000006
0.000003
0.000002
0.000003
0.000007
0.000004
0.000003
0.000004
0.000003
0.000004
0.000009
0.000007
0.000002
0.000004
0.000005
0.000041
0.000016
0.000011
0.000007
0.000002
0.000002
0.000001
0.000003
0.000001
0.000001
0.000001
0.000001
0.000005
0.000003
0.000002
0.000001
0.000002
0.000004
0.000005
0.003611
0.001717
0.000004
0.000001
0.000001
0.000000
0.000001
0.000001
0.000001
0.000001
0.000001
0.000000
0.000000
0.000001
0.000001
0.000001
0.000001
0.000000
0.000001
0.000001
0.000000
0.000000
0.000001
0.000001
0.000001
0.000006
0.000000
0.000001
0.000001
0.000001
0.000000
0.000000
0.000002
0.000001
0.000001
0.000001
0.000001
0.000002
0.000001
0.000000
0.000000
0.000000
0.000000
0.000000
0.000000
0.000000
0.000000
0.000000
0.000001
0.000000
0.000000
0.000000
0.000003
0.000001
0.000001
0.000000
0.000000
0.000001
0.000002
0.000003
0.000002
0.000002
0.000001
0.000001
0.000000
0.000000
0.000000
0.000000
0.000000
0.000000
0.000001
0.000001
0.000001
0.000001
0.000001
0.000002
0.000000
0.000000
0.000001
0.000000
0.000000
0.000000
0.000000
0.000000
0.000005
0.000001
0.000001
0.000000
0.000000
0.000000
0.000000
0.000001
0.000000
0.000000
0.000000
0.000000
0.000000
0.000000
0.000000
0.000000
0.000000
0.000000
0.000000
0.000000
0.000000
0.000000
0.000000
0.000000
0.000002
0.000025
0.000001
0.000000
0.000001
0.000001
0.000000
0.000000
0.000000
0.000000
0.000000
0.000000
0.000000
0.000000
0.000002
0.001421
0.001457
0.001472
0.001487
0.001548
0.001603
0.001676
0.000004
0.000003
0.000004
0.000001
0.000001
0.000001
0.000000
0.000000
0.000000
0.000000
0.000000
0.000000
0.000000
0.000000
0.000000
0.000000
0.000001
0.000000
0.000000
0.000001
0.000001
0.001702
0.001698
0.001741
0.001691
0.001720
0.001702
0.001695
0.000000
0.000000
0.000000
0.000000
0.000001
0.000000
0.000000
0.000000
0.000000
0.000000
0.000000
0.000000
0.000000
0.000000
0.000000
0.000000
0.000000
0.000000
0.000000
0.000000
0.000000
0.000000
0.000000
0.000000
0.000001
0.001667
0.001672
0.001654
0.001659
0.001692
0.000000
0.000000
0.000000
0.000000
0.000000
0.000000
0.000000
0.000000
0.000000
0.000000
0.000000
0.000000
0.000000
0.000000
0.000000
0.000000
0.000000
0.000000
0.000000
0.000000
0.000000
0.000000
0.000000
0.000000
0.000000
0.000000
0.000000
0.000004
0.000004
0.001671
0.001599
0.001328
0.001227
0.000099
0.000081
0.000013
0.000009
0.000000
0.000001
0.000000
0.000000
0.000000
0.000000
0.000000
0.000000
0.000000
0.000000
0.000067
0.000005
0.000004
0.000003
0.000001
0.000000
0.000000
0.000000
0.000000
0.000000
0.000000
0.000000
0.000005
0.000007
6.639926
5.798511
4.811656
0.338107
0.050115
0.005287
0.000000
0.000000
0.000000
0.000000
0.000000
0.000000
0.000001
0.000000
0.000000
0.000000
0.000000
0.000000
0.000000
0.000000
0.000000
0.000000
0.000000
0.000000
0.000000
0.000000
0.000000
0.000000
0.000000
0.000000
0.000000
0.000000
0.000000
0.000000
0.000000
0.000000
0.000000
0.000000
0.000000
0.000000
0.000000
0.000000
0.000000
0.000000
0.000000
0.000000
0.000000
0.000000
0.000000
0.000000
0.000000
0.000000
0.000000
0.000000
0.000000
0.000000
0.000000
0.000000
0.000000
0.000000
0.000000
0.000000
0.000000
0.000000
0.000000
0.000000
0.000000
0.000000
0.000000
0.000000
0.000000
0.000000
0.000000
0.000000
0.000000
0.000000
0.000000
0.000000
0.000000
0.000000
0.000000
0.000000
0.000000
0.000000
0.000000
0.000000
0.000000
0.000000
0.000000
0.000000
0.000000
0.000000
0.000000
0.000000
0.000000
0.000000
0.000000
0.000000
0.000000
0.000000
0.000000
0.000000
0.000000
0.000000
0.000000
0.000000
0.000000
0.000000
0.000000
0.000000
0.000000
0.000000
0.000000
0.000000
0.000000
0.000000
0.000000
0.000000
0.000000
0.000000
0.000000
0.000000
0.000000
0.000000
0.000000
0.000000
0.000000
0.000000
0.000000
0.000000
0.000000
0.000000
0.000000
0.000000
0.000000
0.000000
0.000000
0.000000
0.000000
0.000000
0.000000
0.000000
0.000000
0.000000
0.000000
0.000000
0.000000
0.000000
0.000000
0.000000
0.000000
0.000000
0.000000
0.000000
0.000000
0.000000
0.000000
0.000000
0.000000
0.000000
0.000000
0.000000
0.000000
0.000000
0.000000
0.000000
0.000000
0.000000
0.000000
0.000000
0.000000
0.000000
0.000000
0.000000
0.000000
0.000000
0.000000
0.000000
0.000000
0.000000
0.000000
0.000000
0.000000
0.000000
0.000000
0.000000
0.000000
0.000000
0.000000
0.000000
0.000000
0.000000
0.000000
0.000000
0.000000
0.000000
0.000000
0.000000
0.000000
0.000000
0.000000
0.000000
0.000000
0.000000
0.000000
0.000000
0.000043
0.000011
0.000000
0.000002
0.000009
0.000008
0.000014
0.000563
0.000292
0.003422
0.002219
0.000371
0.000345
0.000000
0.000000
0.000000
0.000000
0.000000
0.000000
0.000000
0.000000
0.000000
0.000000
