0.281061
0.082036
0.046682
0.037682
0.037234
0.036793
0.011648
0.003619
0.003436
0.001090
0.001107
0.000501
0.000489
0.000475
0.000460
0.000459
0.000458
0.000449
0.000441
0.000411
0.000372
0.000005
0.000003
0.000002
0.000000
0.000001
0.000000
0.000000
0.000000
0.000000
0.000000
0.000000
0.000000
0.000000
0.000000
0.000000
0.000000
0.000000
0.000000
0.000000
0.000000
0.000000
0.000000
0.000000
0.000001
0.000001
0.000001
0.000003
0.000010
0.001292
0.001386
0.001409
0.001446
0.001492
0.001561
0.001666
0.001694
0.001726
0.001766
0.001773
0.001773
0.001771
0.001773
0.001778
0.001781
0.001782
0.001782
0.001782
0.001782
0.001782
0.001782
0.001782
0.001782
0.001782
0.001782
0.001782
0.001782
0.001782
0.001782
0.001782
0.001782
0.001782
0.001782
0.001782
0.001782
0.001782
0.001782
0.001782
0.001782
0.001782
0.001782
0.001782
0.001782
0.001782
0.001782
0.001782
0.001782
0.001782
0.001782
0.001782
0.001782
0.001782
0.001782
0.001782
0.001782
0.001782
0.001782
0.001782
0.001782
0.001782
0.001782
0.001782
0.001782
0.001782
0.001782
0.001782
0.001782
0.001782
0.001782
0.001782
0.001782
0.001782
0.001782
0.001782
0.001782
0.001782
0.001782
0.001782
0.001782
0.001782
0.001782
0.001782
0.001782
0.001782
0.001782
0.001782
0.001782
0.001782
0.001782
0.001782
0.001782
0.001782
0.001781
0.001781
0.001781
0.001782
0.001782
0.001782
0.026362
0.030871
0.031461
0.031655
0.030794
0.001234
0.027102
0.392905
0.376019
0.229046
0.134500
0.090176
0.070074
0.067290
0.045538
0.009582
0.009528
0.005122
0.005122
0.005122
0.005122
0.005123
0.005122
0.005122
0.005123
0.005123
0.005123
0.005123
0.005121
0.005121
0.005122
0.005122
0.005122
0.005122
0.005123
0.005123
0.005123
0.005123
0.005123
0.005123
0.009597
0.005619
0.005917
0.007047
0.240922
0.639283
0.647021
0.668587
0.017754
0.900603
0.005160
0.005123
0.005123
0.005123
0.005123
0.005123
0.005123
0.005123
0.005123
0.005122
0.005122
0.005123
0.005123
0.005122
0.005121
0.005121
0.005123
0.005123
0.005123
0.005123
0.005123
0.005123
0.005122
0.005122
0.005123
0.005122
0.005121
0.005121
0.005120
0.005121
0.005122
0.005123
0.005123
0.005123
0.005123
0.005124
0.005124
0.005129
0.005123
0.005123
0.005123
0.005123
0.005123
0.005123
0.005125
0.005124
0.005123
0.005123
0.005123
0.005123
0.005123
0.005123
0.005122
0.005122
0.005123
0.005123
0.005123
0.005123
0.005123
0.005122
0.005122
0.005122
0.005123
0.005122
0.005122
0.005122
0.005123
0.005123
0.005123
0.005123
0.005123
0.005123
0.005123
0.005123
0.005123
0.005123
0.005123
0.005123
0.005123
0.005123
0.005123
0.005912
0.005801
0.005123
0.005123
0.005123
0.005123
0.005123
0.005123
0.005123
0.005123
0.005123
0.005123
0.005123
0.005123
0.005123
0.005123
0.005123
0.005123
0.005123
0.005123
0.005128
0.005127
0.005125
0.005124
0.005123
0.005121
0.005115
0.005113
0.005114
0.005119
0.005121
0.005122
0.005122
0.005122
0.005125
0.005125
0.005125
0.005125
0.005123
0.005122
0.005122
0.005123
0.005123
0.005124
0.005125
0.005125
0.005127
0.005145
0.005144
0.005150
0.005137
0.005126
0.005124
0.005124
0.005125
0.005123
0.005122
0.005119
0.005118
0.005118
0.005121
0.005122
0.005123
0.005123
0.005123
0.005123
0.005123
0.005123
0.005123
0.005123
0.005123
0.005123
0.005123
0.005123
0.005123
0.005123
0.005124
0.005123
0.005123
0.005123
0.005124
0.005123
0.005123
0.005123
0.005123
0.005123
0.005123
0.005123
0.005123
0.005123
0.005123
0.005123
0.005122
0.005122
0.005123
0.005123
0.005123
0.005123
0.005123
0.005123
0.005123
0.005123
0.005122
0.005122
0.005122
0.005122
0.005122
0.005123
0.005123
0.005123
0.005123
0.005122
0.005121
0.005121
0.005119
0.005119
0.005119
0.005118
0.005107
0.005104
0.005108
0.005117
0.005123
0.005122
0.005122
0.005120
0.005113
0.005107
0.005104
0.005104
0.005110
0.005116
0.005119
0.005119
0.005120
0.005114
0.005113
0.005115
0.005114
0.005113
0.005110
0.005208
0.005091
0.005098
0.005116
0.005122
0.005124
0.005126
0.005127
0.005131
0.005141
0.005137
0.005153
0.005129
0.005153
0.005132
0.005128
0.005126
0.005125
0.005213
0.005205
0.005148
0.005131
0.005129
0.005133
0.005127
0.005126
0.005130
0.005130
0.005127
0.005127
0.005128
0.005127
0.005130
0.005137
0.005137
0.005126
0.005127
0.005128
0.005125
0.005125
0.005125
0.005132
0.005127
0.005144
0.005162
0.005190
0.005236
0.005132
0.005133
0.005128
0.005130
0.005134
0.005140
0.005135
0.005229
0.005197
0.005160
0.005176
0.005196
0.005142
0.005148
0.005139
0.005146
0.005229
0.005170
0.005099
0.005050
0.004949
0.004826
0.004742
0.004689
0.004425
0.004253
0.004148
0.004046
0.004014
0.003976
0.003742
0.003623
0.000397
0.002300
0.002815
0.003221
0.003438
0.003628
0.003669
0.003721
0.003696
0.003681
0.003744
0.003629
0.003627
0.003819
0.004011
0.000009
0.000006
0.000007
0.000010
0.000008
0.000013
0.000024
0.000052
0.000040
0.000048
0.001275
0.000055
0.000051
0.000031
0.000051
0.000021
0.000013
0.000069
0.000026
0.000014
0.000014
0.000013
0.000016
0.000052
0.000044
0.000063
0.000058
0.000051
0.000206
0.002769
0.950759
0.968810
0.849720
0.778677
0.723685
0.652373
0.603412
0.027249
0.000205
0.001252
0.002619
0.000055
0.018368
0.018433
0.022551
0.021147
0.019284
0.018747
0.014862
0.013517
0.009281
0.002171
0.026957
0.039855
0.039792
0.050288
0.125255
0.127724
0.214585
0.265516
0.290673
0.300727
0.280420
0.279411
0.273584
0.000131
0.000102
0.000086
0.000082
0.000059
0.000046
0.000024
0.000167
0.000182
0.000109
0.001929
0.042135
0.048470
0.043484
0.005241
0.015287
0.023892
0.065503
0.105203
0.130853
0.000104
0.000042
0.000039
0.000039
0.000036
0.000013
0.000017
0.000018
0.000018
0.000021
0.000022
0.000013
0.000046
0.000048
0.000026
0.000012
0.000035
0.000009
0.000014
0.000006
0.000006
0.000006
0.000005
0.000006
0.000005
0.000005
0.000030
0.000015
0.000005
0.000006
0.000008
0.000009
0.000013
0.000004
0.000008
0.000009
0.000002
0.000004
0.000005
0.000015
0.000017
0.000006
0.000008
0.000012
0.000008
0.000016
0.000024
0.000075
0.139153
0.156022
0.156180
0.135695
0.205327
0.235037
0.252442
0.206226
0.229434
0.233197
0.189468
0.159889
0.000929
0.000011
0.000009
0.000025
0.000018
0.000014
0.000005
0.000007
0.000005
0.000007
0.000015
0.000004
0.000004
0.000010
0.000015
0.000022
0.000035
0.000070
0.000173
0.000159
0.000122
0.000153
0.000035
0.009500
0.009855
0.010131
0.000834
0.004023
0.125435
0.310642
0.439469
0.455910
0.009981
0.010972
0.010978
0.007892
0.007164
0.001467
0.000163
0.001110
0.001983
0.002249
0.600641
0.657261
0.697611
0.722289
0.656403
0.510022
0.552965
0.519839
0.205618
0.816402
0.922417
0.123637
0.142570
0.002681
0.002928
0.004642
0.005519
0.012421
0.000956
0.001435
0.011451
0.012047
0.015231
0.330955
3.363743
4.048273
4.777059
5.445998
6.205604
7.276986
7.519647
7.798143
8.259735
8.626811
8.765079
8.892434
8.955469
8.977503
9.011667
9.051558
9.072868
9.074262
9.075647
9.076653
9.076753
9.076775
9.076806
9.076384
9.073737
9.012495
0.135346
8.851979
8.927106
8.970712
8.996965
9.007999
8.954130
8.904308
8.874057
0.057190
8.078639
8.305523
8.489888
8.628906
8.824800
8.954749
9.046884
9.052257
9.053270
9.056937
9.063036
9.064012
9.064822
9.063124
9.058023
9.053325
9.051392
9.051869
9.046789
0.001027
0.000923
0.000098
0.000027
0.000016
0.000007
0.000007
0.000001
0.000001
0.000001
0.000001
0.000001
0.000001
0.000001
0.000000
0.000000
0.000000
0.000000
0.000000
0.000000
0.000001
0.000001
0.000002
0.000004
0.000007
0.000038
0.000054
0.000102
0.000231
0.000630
8.848852
9.021716
9.058261
9.079779
9.082062
9.082877
9.083681
9.083674
9.083644
9.083241
9.083185
9.082955
9.077587
9.072482
9.070520
9.064342
9.063749
9.068638
9.079593
9.083328
9.083229
9.083162
9.083321
9.083517
9.083690
9.083070
9.082519
9.081745
9.079183
9.076627
9.050831
9.029861
9.011756
8.963387
8.882361
8.815847
8.784872
8.727499
8.632153
8.572211
8.513222
8.377633
8.249159
8.233999
8.112541
7.980583
7.855521
7.711265
4.871653
4.108627
1.883831
0.018173
0.002741
0.002091
0.002421
0.074433
0.373897
3.700410
4.231869
4.724226
5.326923
0.054390
6.853217
7.489501
7.936664
8.069394
8.224396
8.471771
8.538229
8.799372
8.855069
8.926946
8.920248
8.935133
8.994626
9.014743
9.036605
9.056977
9.078597
9.097279
9.110707
9.112383
0.001006
0.000891
0.000217
0.000165
0.000127
0.000007
0.000006
0.000002
0.000001
0.000001
0.000001
0.000002
0.000003
0.000002
0.000002
0.000000
0.000000
0.000001
0.000000
0.000000
0.000000
0.000001
0.000001
0.000008
0.000008
0.000010
0.000001
0.000001
8.862718
8.862940
8.863356
8.864139
8.864785
8.867466
8.871572
8.892732
8.896826
8.898366
8.906411
8.961583
8.985300
9.014909
9.063138
9.352026
9.362198
9.369273
9.372926
9.378310
9.383354
9.385052
9.387240
9.387207
9.386975
9.387066
9.387286
9.386510
9.385858
9.386030
9.386795
9.400476
9.395220
9.381502
9.373854
9.365728
9.355364
9.337452
9.329821
9.317507
9.285180
9.180985
8.765502
7.888310
7.877475
7.870501
7.873193
7.865803
7.772534
7.326080
7.057774
6.546878
7.425738
7.335217
0.062639
7.240539
7.322273
7.375273
8.159212
8.380981
8.618056
8.743152
8.904175
8.965867
9.009006
9.273468
9.315076
9.370896
9.383555
9.391237
9.418444
9.442966
9.469822
9.465676
9.472861
9.475471
9.408146
9.314457
9.230814
9.161634
9.061503
8.841585
8.874707
8.815040
8.757497
9.019325
8.906124
8.717059
8.515985
7.722860
6.589688
5.861608
5.266783
4.560943
3.496028
0.927267
0.598173
0.463950
0.046138
0.011924
0.012528
0.000343
0.000445
0.000537
0.001061
0.001093
0.000946
0.000076
0.000064
0.000069
0.000075
0.000041
0.000082
0.000069
0.000064
0.000039
0.000038
0.000035
0.000024
0.000047
0.000051
0.000057
0.002024
0.002991
0.003220
0.003172
0.003180
0.003139
0.003231
0.003788
0.003796
0.004027
0.001146
0.027024
0.061002
4.452650
5.034634
5.773445
6.538925
0.000099
0.000035
0.000048
0.000036
0.000022
0.000016
0.000020
0.000014
0.000005
0.000011
0.000006
0.000003
0.000006
0.000003
0.000006
0.000011
0.000004
0.000006
0.000004
0.000002
0.000002
0.000004
0.000004
0.000003
0.000003
0.000003
0.000001
0.000001
0.000001
0.000001
0.000002
0.000002
0.000002
0.000002
0.000004
0.000006
0.000001
0.000003
0.000009
0.000003
0.000004
0.000002
0.000002
0.000004
0.000006
0.000012
0.000002
0.000002
0.000002
0.000004
0.000003
0.000004
0.000012
0.000012
0.000004
0.000005
0.000003
0.000001
0.000003
0.000002
0.000003
0.000002
0.000007
0.000002
0.000003
0.000003
0.000002
0.000002
0.000003
0.000002
0.000004
0.000003
0.000004
0.000004
0.000004
0.000005
0.000005
0.000005
0.000005
0.000005
0.000005
0.000005
0.000005
0.000005
0.000005
0.000005
0.000005
0.000005
0.000005
0.000005
0.000005
0.000005
0.000005
0.000005
0.000005
0.000005
0.000005
0.000005
0.000005
0.000005
0.000005
0.000005
0.000005
0.000005
0.000005
0.000005
0.000005
0.000005
0.000005
0.000005
0.000005
0.000005
0.000005
0.000005
0.000005
0.000005
0.000005
0.000005
0.000005
0.000005
0.000005
0.000005
0.000005
0.000005
0.000005
0.000005
0.000005
0.000005
0.000005
0.000005
0.000005
0.000005
0.000005
0.000006
0.000005
0.000006
0.000005
0.000006
0.000005
0.000006
0.000005
0.000006
0.000005
0.000006
0.000006
0.000006
0.000006
0.000006
0.000006
0.000006
0.000006
0.000006
0.000006
0.000006
0.000006
0.000006
0.000006
0.000006
0.000006
0.000006
0.000006
0.000006
0.000006
0.000006
0.000006
0.000006
0.000006
0.000006
0.000006
0.000006
0.000006
0.000006
0.000006
0.000006
0.000006
0.000006
0.000006
0.000006
0.000006
0.000006
0.000006
0.000006
0.000006
0.000006
0.000006
0.000006
0.000006
0.000006
0.000006
0.000006
0.000005
0.000004
0.000004
0.000006
0.000005
0.000007
0.000013
0.000034
0.000047
0.000203
0.000286
0.000341
0.000495
0.000953
7.488060
8.127458
8.334798
8.594185
8.857599
9.092479
9.092286
9.112802
9.218736
9.233989
9.276661
9.291582
9.264739
9.207465
9.224458
9.261863
9.254494
9.259980
9.232746
9.204579
9.190884
9.164387
9.129439
9.142008
9.166692
9.192203
9.214788
9.360665
9.452199
9.503878
9.556561
9.569682
9.348544
9.381879
9.499873
9.619974
9.624151
9.636400
9.641391
9.647931
9.661095
9.664821
9.663944
9.662334
9.661496
9.594783
9.596672
9.595783
9.592807
9.591416
9.584966
9.566901
9.552615
9.527050
9.364411
9.358938
9.340331
9.283849
9.283915
9.308117
9.345564
9.394674
9.387330
9.382249
9.373475
9.365363
9.359362
9.341955
9.257068
9.205702
9.219077
9.110523
8.938229
8.748319
8.388852
8.031864
7.001532
7.361800
8.207414
8.522550
8.576801
8.586302
8.568625
8.732738
8.718654
8.659745
8.603519
8.463916
8.306699
8.312211
8.420572
8.149065
7.890221
7.693409
7.602128
0.085982
7.437220
7.250192
7.111494
7.063863
7.047483
7.074444
7.093531
6.879834
6.631494
6.278513
5.716326
5.243470
4.760855
4.227827
3.136157
2.855783
2.487902
0.072616
1.964873
1.415932
0.237668
0.168168
0.174371
0.513979
4.349918
5.203182
5.380050
0.111992
0.003034
5.810989
6.111361
6.552817
6.771183
6.841757
6.916925
6.991246
7.081417
7.132044
7.231851
7.347989
7.467198
7.618667
7.726903
7.672544
7.635457
7.712135
7.818078
8.011256
8.246012
8.549920
8.732616
8.755347
8.771144
8.774431
8.694205
8.697119
8.699579
8.683625
8.687672
8.692108
8.694961
8.696103
8.694389
8.673036
8.665116
8.377938
8.379706
8.379828
8.380071
8.380172
8.380116
8.380013
8.379531
8.379601
8.379894
8.379631
8.378668
8.378036
8.378376
8.374250
8.352022
8.325842
8.300359
8.278928
8.243509
8.194036
8.145140
8.098140
8.052587
8.010885
7.700245
7.645554
7.555205
7.123805
6.716959
0.001211
0.000899
0.000325
0.000147
0.000058
0.000036
0.000031
0.000035
0.000009
0.000008
0.000016
0.000014
0.000081
0.000066
0.000036
0.000070
0.000130
0.000180
0.000340
6.486593
6.131590
5.208024
0.045950
5.166762
5.873425
5.988178
5.264022
4.569077
3.971711
0.020216
0.013230
2.948631
2.429330
2.070649
1.575135
0.364582
0.002258
0.013540
0.088612
0.108976
2.294042
2.658554
3.107793
0.081953
0.078487
0.000765
0.000483
0.000303
0.000325
0.000738
0.000950
0.093982
2.173043
2.363622
2.967355
3.304900
3.576541
3.871836
4.246979
4.765554
5.397116
0.018060
5.264978
5.797627
6.036093
6.480117
6.960746
7.339503
7.757078
7.770269
7.813597
7.866020
7.984712
8.439355
8.501598
8.524523
8.483027
8.225109
8.140674
8.100177
8.084329
8.081307
8.083119
8.084576
8.090058
8.110374
8.138962
8.037924
0.006162
0.001466
0.000726
0.000499
0.000162
0.000135
0.000098
0.000097
0.000110
0.000054
0.000070
0.000079
0.000236
0.000026
0.000195
0.000087
0.000039
0.000028
0.000052
0.000014
0.000034
0.000074
0.000042
0.000012
0.000011
0.000020
0.000007
0.000018
0.000012
0.000028
0.000022
0.000057
0.000077
0.000064
0.000103
0.000033
0.000052
0.000036
0.000035
0.000086
0.000030
0.000023
0.000055
0.000020
0.000033
0.000015
0.000009
0.000008
0.000007
0.000004
0.000019
0.000014
0.000009
0.000016
0.000018
0.000003
0.000004
0.000005
0.000044
0.000037
0.000071
0.000082
7.909741
7.891703
7.637560
7.484369
7.324394
0.034248
7.285813
7.355397
7.421894
7.475073
7.535592
7.597323
7.658696
7.738377
7.736785
7.719535
7.703283
7.696528
7.698956
7.730903
7.754689
7.788961
7.340005
6.705028
5.078058
0.005907
0.000085
0.000115
0.000048
0.003339
0.003345
0.001952
0.013891
0.011246
0.010000
2.315056
1.773371
1.298147
0.876816
0.742508
0.519178
0.284318
0.148062
0.035624
0.014173
0.014309
0.013050
0.013255
0.012966
0.052884
0.052130
0.038670
0.038536
0.000364
0.000388
0.000387
0.000384
0.039943
0.040423
0.040975
0.042385
0.054048
0.054603
0.056018
0.056730
0.057627
0.058561
0.058553
0.050856
0.049450
0.047784
0.043966
0.039914
0.037575
0.034342
0.010715
0.009345
0.007044
0.000019
0.000021
0.000001
0.000002
0.000214
0.000000
