0.308439
0.019260
0.018762
0.016707
0.010657
0.009854
0.009554
0.009359
0.009260
0.000000
0.000000
0.000000
0.000000
0.000000
0.000000
0.000000
0.000000
0.000000
0.000000
0.000020
0.000019
0.000018
0.000008
0.000010
0.000017
0.000028
0.000037
0.000000
0.000000
0.000000
0.000000
0.000000
0.000000
0.000000
0.000000
0.000000
0.000000
0.000000
0.000000
0.000000
0.000000
0.000000
0.000000
0.000000
0.000000
0.000000
0.000000
0.000000
0.000000
0.000000
0.000000
0.000000
0.000000
0.000000
0.000000
0.000000
0.000000
0.000000
0.000000
0.000000
0.000000
0.000000
0.000000
0.000000
0.000000
0.000000
0.000000
0.000000
0.000000
0.000000
0.000000
0.000000
0.000000
0.000000
0.000000
0.000000
0.000000
0.000000
0.000000
0.000000
0.000000
0.000000
0.000000
0.000000
0.000000
0.000000
0.000000
0.000000
0.000000
0.000000
0.000000
0.000000
0.000000
0.000000
0.000000
0.000000
0.000000
0.000000
0.000000
0.006916
0.006850
0.000080
0.006185
0.006189
0.000000
0.000000
0.000000
0.000000
0.000000
0.000000
0.000000
0.000000
0.000000
0.000000
0.000000
0.000000
0.000000
0.000000
0.000000
0.000000
0.000000
0.000000
0.000000
0.000000
0.000000
0.000000
0.000000
0.000000
0.000000
0.000000
0.000000
0.000000
0.000000
0.000000
0.000000
0.000000
0.000000
0.000000
0.000000
0.000000
0.000000
0.000000
0.000000
0.000000
0.000000
0.000000
0.000000
0.000000
0.000000
0.000000
0.000000
0.000000
0.000000
0.000243
0.000000
0.000000
0.000000
0.000000
0.000000
0.000000
0.000000
0.000000
0.000000
0.000000
0.000000
0.000000
0.000000
0.000000
0.000000
0.000000
0.000000
0.000000
0.000000
0.000000
0.000000
0.000000
0.000000
0.000000
0.000000
0.000000
0.000000
0.000000
0.000000
0.000000
0.000000
0.000000
0.000000
0.000000
0.000000
0.000000
0.000000
0.000000
0.000000
0.000000
0.000000
0.000000
0.000000
0.000000
0.000000
0.000000
0.000000
0.000000
0.000000
0.000000
0.000000
0.000000
0.000000
0.000000
0.000000
0.000000
0.000000
0.000000
0.000000
0.000000
0.000000
0.000000
0.000000
0.000000
0.000000
0.000000
0.000000
0.000000
0.000000
0.000000
0.000000
0.000000
0.000000
0.000000
0.000000
0.000000
0.000000
0.000000
0.000000
0.000000
0.000000
0.000000
0.000000
0.000000
0.000000
0.000000
0.000000
0.000000
0.000000
0.000000
0.000000
0.000000
0.000000
0.000000
0.000000
0.000000
0.000000
0.000000
0.000000
0.000000
0.000000
0.000000
0.000000
0.000000
0.000000
0.000000
0.000000
0.000000
0.000000
0.000000
0.000000
0.000000
0.000000
0.000000
0.000000
0.000000
0.000000
0.000000
0.000000
0.000000
0.000000
0.000000
0.000000
0.000000
0.000000
0.000000
0.000000
0.000000
0.000000
0.000000
0.000000
0.000000
0.000000
0.000000
0.000000
0.000000
0.000000
0.000000
0.000000
0.000000
0.000000
0.000000
0.000000
0.000000
0.000000
0.000000
0.000000
0.000000
0.000000
0.000000
0.000000
0.000000
0.000000
0.000000
0.000000
0.000000
0.000000
0.000000
0.000000
0.000000
0.000000
0.000000
0.000000
0.000000
0.000000
0.000000
0.000000
0.000000
0.000000
0.000000
0.000000
0.000000
0.000000
0.000000
0.000000
0.000000
0.000000
0.000000
0.000000
0.000000
0.000000
0.000000
0.000000
0.000000
0.000000
0.000000
0.000000
0.000000
0.000000
0.000000
0.000000
0.000000
0.000000
0.000000
0.000000
0.000000
0.000000
0.000000
0.000000
0.000000
0.000000
0.000000
0.000000
0.000000
0.000000
0.000000
0.000000
0.000000
0.000000
0.000000
0.000000
0.000000
0.000000
0.000000
0.000000
0.000000
0.000000
0.000000
0.000000
0.000000
0.000000
0.000000
0.000000
0.000000
0.000000
0.000000
0.000000
0.000000
0.000000
0.000000
0.000000
0.000000
0.000000
0.000000
0.000000
0.000000
0.000000
0.000000
0.000000
0.000000
0.000000
0.000000
0.000000
0.000000
0.000000
0.000000
0.000000
0.000000
0.000000
0.000000
0.000000
0.000000
0.000000
0.000000
0.000000
0.000000
0.000000
0.000000
0.000000
0.000000
0.000000
0.000000
0.000000
0.000000
0.000000
0.000000
0.000000
0.000000
0.000000
0.000000
0.000000
0.000000
0.000000
0.000000
0.000000
0.000000
0.000000
0.000000
0.000000
0.000000
0.000000
0.000000
0.000000
0.000000
0.000000
0.000000
0.000000
0.000000
0.000000
0.000000
0.000000
0.000000
0.000000
0.000000
0.000000
0.000000
0.000000
0.000000
0.000000
0.000000
0.000000
0.000000
0.000000
0.000000
0.000000
0.000000
0.000000
0.000000
0.000000
0.000000
0.000000
0.000000
0.000000
0.000000
0.000000
0.000000
0.000000
0.000000
0.000000
0.000000
0.000000
0.000000
0.000000
0.000000
0.000000
0.000000
0.000000
0.000000
0.000000
0.000000
0.000000
0.000000
0.000000
0.000000
0.000000
0.000000
0.000000
0.000000
0.000000
0.000000
0.000000
0.000000
0.000000
0.000000
0.000000
0.000000
0.000000
0.000000
0.000000
0.000000
0.000000
0.000000
0.000000
0.000000
0.000000
0.000000
0.000000
0.000000
0.000000
0.000000
0.000000
0.000000
0.000000
0.000000
0.000000
0.000000
0.000000
0.000000
0.000000
0.000000
0.000000
0.000000
0.000000
0.000000
0.000000
0.000000
0.000000
0.000000
0.000000
0.000000
0.000000
0.000000
0.000000
0.000000
0.000000
0.000000
0.000000
0.000000
0.000000
0.000000
0.000000
0.000000
0.000000
0.000000
0.000000
0.000000
0.000000
0.000000
0.000000
0.000000
0.000000
0.000000
0.000000
0.000000
0.000000
0.000000
0.000000
0.000000
0.000000
0.000000
0.000000
0.000000
0.000000
0.000000
0.000000
0.000000
0.000000
0.000000
0.000000
0.000000
0.000000
0.000000
0.000000
0.000000
0.000000
0.000000
0.000000
0.000000
0.000000
0.000000
0.000000
0.000000
0.000000
0.000000
0.000000
0.000000
0.000000
0.000000
0.000000
0.000000
0.000000
0.000000
0.000000
0.000000
0.000000
0.000000
0.000000
0.000000
0.000000
0.000000
0.000000
0.000000
0.000000
0.000000
0.000000
0.000000
0.000000
0.000000
0.000000
0.000000
0.000000
0.000000
0.000000
0.000000
0.000000
0.000000
0.000000
0.000000
0.000000
0.000000
0.000000
0.000000
0.000000
0.000000
0.000000
0.000000
0.000000
0.000000
0.000000
0.000000
0.000000
0.000000
0.000000
0.000000
0.000000
0.000000
0.000000
0.000000
0.000000
0.000000
0.000000
0.000000
0.000000
0.000000
0.000000
0.000000
0.000000
0.000000
0.000000
0.000000
0.000000
0.000000
0.000000
0.000000
0.000000
0.000000
0.000000
0.000000
0.000000
0.000000
0.000000
0.000000
0.000000
0.000000
0.000000
0.000000
0.000000
0.000000
0.000000
0.000000
0.000000
0.000000
0.000000
0.000000
0.000000
0.000000
0.000000
0.000000
0.000000
0.000000
0.000000
0.000000
0.000000
0.000000
0.000000
0.000000
0.000000
0.000000
0.000000
0.000000
0.000000
0.000000
0.000000
0.000000
0.000000
0.000000
0.000000
0.000000
0.000000
0.000000
0.000000
0.000000
0.000000
0.000000
0.000000
0.000000
0.000000
0.000000
0.000000
0.000000
0.000000
0.000000
0.000000
0.000000
0.000000
0.000000
0.000000
0.000000
0.000000
0.000000
0.000000
0.000000
0.000000
0.000000
0.000000
0.000000
0.000000
0.000000
0.000000
0.000000
0.000000
0.000000
0.000000
0.000000
0.000000
0.000000
0.000000
0.000000
0.000000
0.000000
0.000000
0.000000
0.000000
0.000000
0.000000
0.000000
0.000000
0.000000
0.000000
0.000000
0.000000
0.000000
0.000000
0.000000
0.000000
0.000000
0.000000
0.000000
0.000000
0.000000
0.000000
0.000000
0.000000
0.000000
0.000000
0.000000
0.000000
0.000000
0.000000
0.000000
0.000000
0.000000
0.000000
0.000000
0.000000
0.000000
0.000000
0.000000
0.000000
0.000000
0.000000
0.000000
0.000000
0.000000
0.000000
0.000000
0.000000
0.000000
0.000000
0.000000
0.000000
0.000000
0.000000
0.000000
0.000000
0.000000
0.000000
0.000000
0.000000
0.000000
0.000000
0.000000
0.000000
0.000000
0.000000
0.000000
0.000000
0.000000
0.000000
0.000000
0.000000
0.000000
0.000000
0.000000
0.000000
0.000000
0.000000
0.000000
0.000000
0.000000
0.000000
0.000000
0.000000
0.000000
0.000000
0.000000
0.000000
0.000000
0.000000
0.000000
0.000000
0.000000
0.000000
0.000000
0.000000
0.000000
0.000000
0.000000
0.000000
0.000000
0.000000
0.000000
0.000000
0.000000
0.000000
0.000000
0.000000
0.000000
0.000000
0.000000
0.000000
0.000000
0.000000
0.000000
0.000000
0.000000
0.000000
0.000000
0.000000
0.000000
0.000000
0.000000
0.000000
0.000000
0.000000
0.000000
0.000000
0.000000
0.000000
0.000000
0.000000
0.000000
0.000000
0.000000
0.000000
0.000000
0.000000
0.000000
0.000000
0.000000
0.000000
0.000000
0.000000
0.000000
0.000000
0.000000
0.000000
0.000000
0.000000
0.000000
0.000000
0.000000
0.000000
0.000000
0.000000
0.000000
0.000000
0.000000
0.000000
0.000000
0.000000
0.000000
0.000000
0.000000
0.000000
0.000000
0.000000
0.000000
0.000000
0.000000
0.000000
0.000000
0.000000
0.000000
0.000000
0.000000
0.000000
0.000000
0.000000
0.000000
0.000000
0.000000
0.000000
0.000000
0.000000
0.000000
0.000000
0.000000
0.000000
0.000000
0.000000
0.000000
0.000000
0.000000
0.000000
0.000000
0.000000
0.000000
0.000000
0.000000
0.000000
0.000000
0.000000
0.000000
0.000000
0.000000
0.000000
0.000000
0.000000
0.000000
0.000000
0.000000
0.000000
0.000000
0.000000
0.000000
0.000000
0.000000
0.000000
0.000000
0.000000
0.000000
0.000000
0.000000
0.000000
0.000000
0.000000
0.000000
0.000000
0.000000
0.000000
0.000000
0.000000
0.000000
0.000000
0.000000
0.000000
0.000000
0.000000
0.000000
0.000000
0.000000
0.000000
0.000000
0.000000
0.000000
0.000000
0.000000
0.000000
0.000000
0.000000
0.000000
0.000000
0.000000
0.000000
0.000000
0.000000
0.000000
0.000000
0.000000
0.000000
0.000000
0.000000
0.000000
0.000000
0.000000
0.000000
0.000000
0.000000
0.000000
0.000000
0.000000
0.000000
0.000000
0.000000
0.000000
0.000000
0.000000
0.000000
0.000000
0.000000
0.000000
0.000000
0.000000
0.000000
0.000000
0.000000
0.000000
0.000000
0.000000
0.000000
0.000000
0.000000
0.000000
0.000000
0.000000
0.000000
0.000000
0.000000
0.000000
0.000000
0.000000
0.000000
0.000000
0.000000
0.000000
0.000000
0.000000
0.000000
0.000000
0.000000
0.000000
0.000000
0.000000
0.000000
0.000000
0.000000
0.000000
0.000000
0.000000
0.000000
0.000000
0.000000
0.000000
0.000000
0.000000
0.000000
0.000000
0.000000
0.000000
0.000000
0.000000
0.000000
0.000000
0.000000
0.000000
0.000000
0.000000
0.000000
0.000000
0.000000
0.000000
0.000000
0.000000
0.000000
0.000000
0.000000
0.000000
0.000000
0.000000
0.000000
0.000000
0.000000
0.000000
0.000000
0.000000
0.000000
0.000000
0.000000
0.000000
0.000000
0.000000
0.000000
0.000000
0.000000
0.000000
0.000000
0.000000
0.000000
0.000000
0.000000
0.000000
0.000000
0.000000
0.000000
0.000000
0.000000
0.000000
0.000000
0.000000
0.000000
0.000000
0.000000
0.000000
0.000000
0.000000
0.000000
0.000000
0.000000
0.000000
0.000000
0.000000
0.000000
0.000000
0.000000
0.000018
0.000009
0.000014
0.000039
0.000538
0.000556
0.000571
0.000525
0.000499
0.000482
0.000469
0.000414
0.000361
0.000000
0.000000
0.000000
0.000000
0.000000
0.000000
0.000000
0.000000
0.000000
0.000000
0.000000
0.000000
0.000000
0.000000
0.000000
0.000000
0.000000
0.000000
0.000000
0.000000
0.000000
0.000000
0.000000
0.000000
0.000000
0.000000
0.000000
0.000000
0.000000
0.000000
0.000000
0.000000
0.000000
0.000000
0.000000
0.000000
0.000000
0.000000
0.000000
0.000000
0.000000
0.000000
0.000000
0.000000
0.000000
0.000000
0.000000
0.000000
0.000000
0.000000
0.000000
0.000000
0.000000
0.000000
0.000000
0.000000
0.000000
0.000000
0.000000
0.000000
0.000000
0.000000
0.000000
0.000129
0.000126
0.000000
0.000000
0.000000
0.000000
0.000000
0.000000
0.000000
0.000000
0.000000
0.000000
0.000000
0.000000
0.000000
0.000000
0.000000
0.000000
0.000000
0.000000
0.000000
0.000000
0.000000
0.000000
0.000000
0.000000
0.000000
0.000000
0.000000
0.000000
0.000000
0.000000
0.000000
0.000000
0.000000
0.000000
0.000000
0.000000
0.000000
0.000000
0.000000
0.000000
0.000000
0.000000
0.000000
0.000000
0.000000
0.000000
0.000000
0.000000
0.000000
0.000000
0.000000
0.000000
0.000000
0.000000
0.000000
0.000000
0.000000
0.000000
0.000000
0.000000
0.000000
0.000000
0.000000
0.000000
0.000000
0.000000
0.000000
0.000000
0.000000
0.000000
0.000000
0.000000
0.000000
0.000000
0.000000
0.000000
0.000000
0.000000
0.000000
0.000000
0.000000
0.000000
0.000000
0.000000
0.000000
0.000000
0.000000
0.000000
0.000000
0.000000
0.000000
0.000000
0.000000
0.000000
0.000000
0.000000
0.000000
0.000000
0.000000
0.000000
0.000000
0.000000
0.000000
0.000000
0.000000
0.000000
0.000000
0.000000
0.000000
0.000000
0.000000
0.000000
0.000000
0.000000
0.000000
0.000000
0.000000
0.000000
0.000000
0.000000
0.000000
0.000000
0.000000
0.000000
0.000000
0.000000
0.000000
0.000000
0.000000
0.000000
0.000000
0.000000
0.000000
0.000000
0.000000
0.000000
0.000000
0.000000
0.000000
0.000000
0.000000
0.000000
0.000000
0.000000
0.000000
0.000000
0.000000
0.000000
0.000000
0.000000
0.000000
0.000000
0.000000
0.000000
0.000000
0.000000
0.000000
0.000000
0.000000
0.000000
0.000000
0.000000
0.000000
0.000000
0.000000
0.000000
0.000000
0.000000
0.000000
0.000000
0.000000
0.000000
0.000000
0.000000
0.000000
0.000000
0.000000
0.000000
0.000000
0.000000
0.000000
0.000000
0.000000
0.000000
0.000000
0.000000
0.000000
0.000000
0.000000
0.000000
0.000000
0.000000
0.000000
0.000000
0.000000
0.000000
0.000000
0.000000
0.000000
0.000000
0.000000
0.000000
0.000000
0.000000
0.000000
0.000000
0.000000
0.000000
0.000000
0.000129
0.000892
0.000915
0.000975
0.001056
0.001088
0.001101
0.001135
0.001060
0.001055
0.001124
0.001218
0.001199
0.001170
0.000831
0.000235
0.000375
0.000335
0.000000
0.000000
0.000000
0.000000
0.000000
0.000000
0.000000
0.000000
0.000000
0.000000
0.000000
0.000000
0.000000
0.000000
0.000000
0.000000
0.000000
0.000000
0.000000
0.000000
0.000000
0.000000
0.000000
0.000000
0.000000
0.000000
0.000000
0.000000
0.000000
0.000000
0.000000
0.000000
0.000000
0.000000
0.000000
0.000000
0.000000
0.000000
0.000000
0.000000
0.000000
0.000000
0.000000
0.000000
0.000000
0.000000
0.000000
0.000000
0.000000
0.000000
0.000000
0.000000
0.000000
0.000000
0.000000
0.000000
0.000000
0.000000
0.000000
0.000000
0.000000
0.000000
0.000000
0.000000
0.000000
0.000000
0.000000
0.000000
0.000000
0.000000
0.000000
0.000000
0.000000
0.000000
0.000000
0.000000
0.000000
0.000000
0.000000
0.000000
0.000000
0.000000
0.000000
0.000000
0.000000
0.000000
0.000000
0.000000
0.000000
0.000000
0.000009
0.000012
0.000026
0.000026
0.000028
0.000014
0.000024
0.000018
0.000011
0.000015
0.000012
0.000013
0.000019
0.000034
0.000000
0.000000
0.000000
0.000000
0.000000
0.000000
0.000000
0.000000
0.000000
0.000000
0.000000
0.000000
0.000000
0.000000
0.000000
0.000000
0.000000
0.000000
0.000000
0.000000
0.000000
0.000000
0.000000
0.000000
0.000000
0.000000
0.000000
0.000000
0.000000
0.000000
0.000000
0.000000
0.000000
0.000000
0.000000
0.000000
0.000000
0.000000
0.000000
0.000000
0.000000
0.000000
0.000000
0.000000
0.000070
0.000023
0.000033
0.000057
0.000000
0.000000
0.000000
0.000000
0.000000
0.000000
0.000000
0.000000
0.000000
0.000000
0.000000
0.000000
0.000000
0.000000
0.000000
0.000000
0.000000
0.000000
0.000000
0.000000
0.000000
0.000000
0.000000
0.000000
0.000000
0.000000
0.000000
0.000000
0.000000
0.000000
0.000000
0.000000
0.000000
0.000000
0.000000
0.000000
0.000000
0.000000
0.000000
0.000001
0.000000
0.000000
0.000000
0.000000
0.000000
0.000000
0.000000
0.000000
0.000000
0.000000
0.000000
0.000000
0.000000
0.000000
0.000000
0.000000
0.000000
0.000000
0.000000
0.000000
0.000000
0.000000
0.000000
0.000000
0.000000
0.000000
0.000000
0.000000
0.000000
0.000000
0.000000
0.000000
0.000000
0.000000
0.000000
0.000000
0.000000
0.000000
0.000000
0.000000
0.000000
0.000001
0.000001
0.000002
0.000003
0.000000
0.000001
0.000002
0.000002
0.000005
0.000001
0.000003
0.000001
0.000001
0.000001
0.000000
0.000000
0.000000
0.000000
0.000000
0.000001
0.000001
0.000001
0.000001
0.000001
0.000001
0.000001
0.000001
0.000001
0.000001
0.000002
0.000002
0.000002
0.000003
0.000004
0.000006
0.000002
0.000003
0.000005
0.000004
0.000002
0.000002
0.000002
0.000002
0.000003
0.000004
0.000003
0.000005
0.000004
0.000003
0.000004
0.000004
0.000009
0.000003
0.000003
0.000003
0.000005
0.000004
0.000004
0.000010
0.000013
0.000027
0.000016
0.000013
0.000008
0.000007
0.000004
0.000005
0.000006
0.000010
0.000011
0.000029
0.000040
0.000743
0.001694
0.001794
0.001968
0.002017
0.002212
0.002137
0.000078
0.000067
0.000076
0.000085
0.000109
0.000094
0.000122
0.008068
0.060741
0.067202
0.087044
0.174040
0.255273
1.185235
2.179022
2.725079
3.371118
3.748197
4.315803
4.842968
5.815149
6.790876
7.044935
7.400303
7.767063
7.828476
7.913177
7.941924
7.928120
7.923876
7.904057
7.895637
7.862427
7.828693
7.550745
7.275225
0.062053
0.023731
0.008014
0.007965
6.454813
6.802660
6.740840
6.547830
7.451024
7.627420
7.816212
7.825630
7.813669
7.763954
7.729715
7.664651
7.610153
0.079088
0.084671
7.710703
7.739506
7.735904
7.707964
7.546472
7.395283
7.232982
6.987513
0.015857
0.032766
6.450581
6.521947
6.483209
6.147208
6.025416
5.857428
5.629269
5.176169
4.807377
4.446879
1.332883
0.046390
0.002151
0.000734
0.000459
0.000468
0.000047
0.000047
0.000047
0.000042
0.000013
0.000029
0.000015
0.000038
0.000012
0.000006
0.000006
0.000006
0.000009
0.000019
0.000014
0.000021
0.000037
0.000022
0.000012
0.000022
0.000033
0.000034
0.000022
0.000013
0.000027
0.000024
0.000048
0.000013
0.000014
0.000015
0.000006
0.000008
0.000012
0.000015
0.000026
0.000029
0.000048
0.000122
0.000274
0.000675
0.000808
0.007066
4.913126
5.358562
5.932433
6.089202
6.219509
6.310995
6.370851
6.314527
6.237724
0.086681
0.088117
0.082299
0.078626
6.433371
6.523133
6.601108
6.682780
6.672348
6.653710
6.625833
6.489504
6.276821
5.591847
6.557283
6.779435
6.921663
6.921327
6.874449
6.833371
6.626761
6.398677
5.505051
0.142165
0.035914
5.205753
5.106000
4.927764
0.025953
0.006789
0.004633
0.004749
0.004429
0.009621
0.024223
0.038991
4.117920
0.759358
1.199511
6.654724
7.177285
7.524715
7.681440
7.810650
7.972453
8.009937
8.020458
8.027241
8.049554
8.071476
8.068620
8.068943
8.291426
8.272172
8.269867
8.257430
8.223880
8.040254
8.050184
8.038154
8.021539
8.035231
8.207969
8.212316
8.223602
8.234463
8.156592
8.243828
8.249911
8.255579
8.280378
8.272269
8.361649
8.208931
8.026188
7.795084
7.435610
7.190335
6.880984
0.036261
0.050941
0.034024
0.521040
6.703964
6.997993
7.374115
0.026013
0.042428
0.047632
7.867544
8.269795
8.472474
8.659878
8.688290
8.707374
8.726634
8.748528
8.757781
8.731856
8.707675
8.672396
8.616372
8.375382
8.056432
7.885763
7.449646
7.469311
8.186253
8.428213
8.679607
8.511103
8.554132
8.561206
8.566062
8.578709
8.594447
8.593853
0.002331
0.000922
0.000527
0.000445
0.000127
0.000078
0.000046
0.000008
0.000007
0.000002
0.000003
0.000003
0.000003
0.000001
0.000002
0.000003
0.000003
0.000002
0.000002
0.000003
0.000003
0.000019
0.000006
0.000004
0.000004
0.000008
0.000033
0.000033
0.000018
0.000024
0.000032
0.000030
0.000019
0.000017
0.000014
0.000023
0.000027
0.000042
0.000011
0.000018
0.000062
0.000099
0.000183
8.508703
8.507360
8.490082
8.439353
8.385793
8.206753
8.035231
7.809689
7.595137
7.356384
0.019824
0.001364
0.001417
0.001312
0.001386
0.001436
0.021461
7.083071
7.149180
7.167995
7.150443
7.103777
0.056402
7.024326
7.161285
7.292204
7.313349
7.251728
6.866380
6.591880
6.329373
0.124833
0.108887
0.101780
5.856492
5.245158
4.973137
3.611590
4.454513
4.748963
5.359878
5.852551
6.057167
6.389100
6.587800
6.554173
6.499718
6.235726
5.114289
3.139304
5.433032
6.389958
6.828503
7.266390
7.596413
7.731315
7.804237
7.844184
7.839718
0.073845
0.069421
7.861423
7.948134
8.033827
8.149914
8.231389
8.318172
8.323701
8.238008
8.123677
0.077930
7.122435
7.395849
7.631050
7.528385
7.256861
7.019158
6.827329
6.682086
6.525444
5.947163
0.012315
0.017442
0.069281
5.229509
4.926616
0.222889
4.350134
0.019244
0.018307
0.008559
0.000161
0.000068
0.000048
0.000062
0.000030
0.000021
0.000031
0.000010
0.000004
0.000002
0.000002
0.000007
0.000006
0.000005
0.000004
0.000003
0.000003
0.000006
0.000009
0.000010
0.000017
0.000022
0.000055
0.004266
0.027641
0.038037
0.094734
5.808199
6.266778
6.594885
6.962950
7.399859
7.627232
7.799661
8.014459
8.243051
8.508868
8.656760
8.658951
8.676028
8.690710
8.717613
8.742369
8.745973
8.737105
8.729565
8.735490
8.758171
8.790829
8.843671
8.864370
8.855179
8.849982
8.833097
8.833997
8.808477
8.647604
8.444160
0.052653
8.101886
7.998611
7.927119
7.838663
7.763776
7.630868
7.530059
7.392537
7.191825
6.986309
6.611560
6.353641
6.150353
5.383546
5.222785
6.518017
6.875690
7.175345
7.411413
7.557977
7.604328
7.648353
7.425402
7.141926
6.364818
0.107126
0.008341
0.035471
0.067198
0.065706
0.117715
1.674577
4.804371
5.564055
6.501940
7.091757
7.211332
7.349209
7.485194
7.558295
7.544439
7.567327
7.630444
7.464470
7.251356
6.990131
6.660159
6.291637
0.081876
0.064968
5.509396
5.175319
4.832816
4.416099
4.003785
3.513437
3.082502
2.755051
2.496345
2.261056
2.089072
0.003715
0.001903
0.001547
0.003910
0.003506
0.003464
0.005682
0.005400
0.005290
0.006129
0.006473
0.007472
0.008333
0.007853
1.501758
1.384578
1.237388
0.782593
0.594830
0.503657
0.446800
0.346366
0.329491
0.080153
0.078979
0.001432
0.001248
0.000428
0.000954
0.000060
0.000050
0.000036
0.000060
0.000071
0.000081
0.000071
0.013630
0.126517
0.302980
0.354581
0.556607
0.817359
0.864293
0.935263
1.116414
1.256970
1.344888
0.121664
0.105286
0.104384
0.066246
0.067449
0.001054
0.117525
0.127926
0.172012
1.936147
2.165216
2.363060
2.535571
2.621373
2.509019
0.056856
0.049897
0.048248
0.043278
0.040087
0.031645
0.034019
0.072655
0.081807
1.897352
1.815094
1.668458
0.296207
0.266909
0.046555
0.036874
0.002519
0.002393
0.000499
0.000551
0.013221
0.134682
0.126625
0.120370
0.096925
0.086153
0.020986
0.006950
0.006014
0.017586
0.018991
0.025491
0.014929
0.045576
0.048072
0.049202
0.048201
0.047799
0.048859
0.000195
0.000192
0.000183
0.000108
0.000088
0.004616
0.004928
0.006211
0.201743
0.235995
0.259814
0.280522
0.319930
0.336579
0.491093
0.518858
0.564685
0.000180
0.000139
0.000071
0.000040
0.000038
0.000057
0.000042
0.000248
0.000287
0.000350
0.000070
0.000058
0.000468
0.000024
0.000021
0.000089
0.000100
0.000107
0.000121
0.000151
0.000904
0.001113
0.013730
0.029845
0.610917
1.501010
1.501629
0.020043
0.007562
0.001148
0.000303
0.000068
0.000017
0.000013
0.000012
0.000011
0.000007
0.000006
0.000007
0.000008
0.000006
0.000072
0.000017
0.000024
0.000047
0.000017
0.000020
0.000003
0.000003
0.000007
0.000002
0.000003
0.000004
0.000005
0.000005
0.000003
0.000006
0.000007
0.000010
0.000013
0.000066
0.000062
0.000091
0.000042
0.000032
0.000049
0.000063
0.000042
0.000025
0.000067
0.000080
0.006277
1.127457
1.118582
0.978145
0.004641
0.000255
0.000356
0.000386
0.000606
0.035866
1.130225
1.296845
1.303276
1.307721
1.308369
1.333360
1.305918
1.195696
0.745008
0.875984
0.760526
0.727455
0.166035
0.023144
0.000407
0.000677
0.000601
0.000743
0.000533
0.000303
0.000187
0.007101
0.015154
0.325647
0.947304
1.274001
1.439224
1.466378
1.378134
1.290802
1.218376
0.006845
0.005617
0.003024
0.002924
0.002819
0.003224
0.002880
0.001575
0.000136
0.000146
0.000135
0.000183
0.000193
0.000288
0.001903
0.165359
0.292182
1.298934
1.301166
1.296345
1.278218
1.123967
0.648700
0.593617
0.599363
0.011210
0.000220
0.000120
0.000102
0.000146
0.006004
0.603539
0.645778
0.709976
0.702798
0.705753
0.699769
0.684187
0.026423
0.013930
0.020751
0.020890
0.021088
0.020810
0.021269
0.021589
0.039226
0.822902
1.046584
1.106005
0.999536
0.626256
0.562728
0.103678
0.097625
0.003843
0.004818
0.005945
0.031222
0.819719
0.879064
0.750165
0.643902
0.574346
0.522724
0.272998
0.222742
0.179441
0.115592
0.086265
0.033144
0.032502
0.000163
0.000228
0.011841
0.001080
0.000948
0.004740
0.014952
0.019601
0.028825
0.018335
0.059130
0.532243
0.638204
0.636482
0.640744
0.585520
0.018946
0.032576
0.045247
0.189478
0.593416
0.614621
0.634463
0.636242
0.601443
0.499306
0.307606
0.093960
0.084159
0.011597
0.012865
0.003014
0.000069
0.000160
0.001872
0.015784
0.368325
0.407664
0.451811
0.494840
0.515761
0.523235
0.033670
0.003431
0.000132
0.000098
0.000055
0.000077
0.000067
0.000087
0.001140
0.004954
0.880528
0.955156
1.017083
0.620275
0.272773
0.104782
0.002624
0.002875
0.003216
0.002718
0.042871
0.039126
0.190872
0.263157
0.590118
0.003140
0.000445
0.000842
0.002053
0.003507
1.911755
3.209806
3.912076
4.630683
5.634383
6.690574
7.057289
7.575954
8.223182
8.286699
8.299854
8.309777
8.318479
8.324293
8.321879
8.253099
8.191787
8.139134
8.092232
0.055199
8.171490
8.246630
8.311204
8.326059
8.330795
8.335205
8.335237
8.334077
8.333720
8.332116
8.295905
8.252009
8.049643
7.852887
7.682577
0.046508
0.039238
0.029273
0.021605
7.586204
7.542219
7.494059
0.124020
0.032154
0.035116
7.559230
7.677482
7.854552
8.038153
8.228062
8.302332
8.327013
8.333179
8.335655
8.335473
8.333456
8.328575
8.325902
8.324731
8.326312
8.324343
8.324005
8.320891
8.316052
8.312723
8.308707
8.309992
8.307771
8.309212
8.334004
8.343963
8.347519
8.347822
8.342118
8.333706
8.325168
7.973675
7.931781
7.885627
7.827053
7.765833
7.706623
7.650949
7.372572
6.742928
6.127478
5.690166
0.775386
0.726407
0.658075
0.616877
0.000272
0.000271
0.000237
0.000228
0.000233
0.000288
0.000662
0.000771
0.020678
0.699610
0.701323
0.710201
4.643218
4.836715
5.143141
0.057602
5.506702
5.903138
0.046475
0.051249
0.000063
0.000029
0.000015
0.000040
0.000042
0.000028
0.000070
0.000047
0.000037
0.000009
0.000011
0.000010
0.000017
0.000028
0.000026
0.000039
0.000010
0.000011
0.000029
0.000056
0.000041
0.000040
0.000105
0.000131
0.000253
0.000404
0.000791
0.002157
6.479564
6.718770
6.944589
7.002266
7.096714
7.114526
7.152454
7.234399
7.216620
7.184725
7.099768
7.072960
7.253929
7.303448
7.339915
7.355286
7.383954
7.366046
7.353486
7.337811
7.328626
7.286967
7.220660
7.116256
0.062814
0.003797
0.002933
0.001734
0.000164
0.000107
0.000093
0.000055
0.000026
0.000022
0.000053
0.000064
0.000064
0.000223
0.000805
0.073727
7.099555
7.115744
7.136762
7.113399
7.096409
7.209964
7.177763
7.077777
6.771461
6.037550
0.842490
0.840476
0.898882
6.257996
7.020320
7.208380
7.307287
7.356915
7.414810
7.475594
7.510823
7.524693
7.537306
7.566467
7.593301
7.604446
7.592349
7.565801
7.481694
7.334376
0.000890
7.331699
7.335026
7.332466
7.327399
7.323937
7.323463
7.325245
7.323767
7.321391
7.342634
7.312058
0.069625
7.177352
7.237137
7.288309
7.296704
7.289056
7.284872
7.271973
7.254555
7.235450
7.203736
7.334901
7.362682
7.405234
7.391765
7.396186
7.385434
7.347467
7.199630
6.788635
6.388677
0.091221
5.113671
5.379252
5.585641
5.685968
5.843379
5.949920
6.254557
6.393258
6.537221
6.505294
6.464145
6.408256
6.424599
6.372709
6.262355
6.010160
0.719227
0.020558
4.191162
4.067239
3.947716
3.732678
1.750911
0.004951
0.008334
0.008763
0.008935
0.010484
4.519061
4.845015
5.038416
0.074111
0.128199
5.766885
6.142155
6.605823
7.074806
7.253496
7.363145
0.000000
0.000001
0.000002
0.000002
0.000002
7.406024
7.437077
7.465519
7.505849
7.533996
7.572662
7.590448
7.615178
7.615514
7.615779
7.614777
7.602541
7.583221
7.572387
7.572576
7.569572
7.571223
7.563019
7.558549
7.562908
7.570724
7.565993
7.539476
7.509481
7.454866
7.415585
7.277964
7.122324
7.019887
6.850776
6.693402
6.433537
6.015911
0.053430
0.060970
6.161835
6.689791
6.907151
0.163316
7.521423
7.498017
7.473120
7.385283
7.135396
6.885537
6.608631
6.272410
5.858961
5.481007
5.076157
4.870505
4.681617
4.425882
0.143823
0.226666
5.725521
5.873033
0.019944
0.020966
0.020443
0.040254
6.188563
6.464355
6.706094
6.777915
6.736056
6.692372
6.579612
6.160642
5.714391
5.037885
3.211921
3.222841
6.034015
6.473352
6.612798
0.001260
0.000166
0.000060
0.000046
0.000041
0.000046
0.000181
0.000241
0.000408
0.000401
0.000551
0.002587
6.956258
6.992722
6.994504
7.000487
6.831637
0.998587
5.545132
6.059546
6.484907
6.854692
6.920322
6.868628
6.839654
0.142313
6.674618
6.722118
6.717402
6.707525
6.518013
6.490737
0.006265
0.005972
6.479170
6.469108
6.468023
6.463888
6.455247
6.435817
6.409240
6.395651
6.244617
5.907513
5.518836
5.132131
3.219587
4.682828
5.040261
5.112427
5.189592
5.290946
5.394005
5.457114
5.248183
5.031806
4.900762
4.762228
4.518113
4.074851
3.886622
3.596073
3.274044
3.009249
2.794987
2.559495
2.161270
1.774537
1.659026
1.581717
1.529243
1.431270
1.401116
0.531403
0.537756
1.363800
1.386863
1.394124
1.560593
1.675255
1.807102
1.817059
1.795858
2.068358
2.437185
2.649961
2.919425
3.147704
3.460110
3.632772
3.808227
4.025509
4.383182
4.703467
5.118721
5.384753
5.504548
5.581438
5.676660
5.763885
0.000167
0.000031
0.000063
0.000022
0.000023
0.000181
0.000092
0.000090
0.000092
0.000002
0.000002
0.000002
0.000001
0.000001
0.000002
0.000001
0.000001
0.000001
0.000002
0.000002
0.000001
0.000003
0.000003
0.000004
0.000017
0.000002
0.000003
0.000002
0.000002
0.000007
0.000006
0.000006
0.000009
0.000001
0.000001
0.000001
0.000001
0.000001
0.000001
0.000001
0.000000
0.000002
0.000002
0.000005
0.000004
0.000012
0.000008
0.000020
0.000075
0.000004
0.000010
0.000003
0.000003
0.000016
0.000007
0.000008
0.000011
0.000001
0.000001
0.000001
0.000001
0.000001
0.000001
0.000001
0.000001
0.000002
0.000002
0.000001
0.000001
0.000004
0.000004
0.000003
0.000014
0.000002
0.000003
0.000003
0.000002
0.000009
0.000008
0.000008
0.000011
0.000001
0.000001
0.000002
0.000001
0.000001
0.000001
0.000001
0.000000
0.000002
0.000002
0.000002
0.000001
0.000005
0.000005
0.000015
0.000071
0.000002
0.000003
0.000007
0.000006
0.000014
0.000009
0.000007
0.000026
0.000001
0.000001
0.000004
0.000002
0.000001
0.000001
0.000001
0.000001
0.000002
0.000002
0.000002
0.000002
0.000008
0.000007
0.000006
0.000009
0.000004
0.000016
0.000004
0.000004
0.000021
0.000009
0.000012
0.000017
0.000001
0.000001
0.000002
0.000001
0.000001
0.000001
0.000001
0.000000
0.000002
0.000002
0.000002
0.000002
0.000007
0.000007
0.000010
0.000028
0.000003
0.000013
0.000004
0.000004
0.000022
0.000010
0.000012
0.000017
0.000001
0.000001
0.000002
0.000001
0.000001
0.000001
0.000001
0.000001
0.000003
0.000003
0.000003
0.000003
0.000010
0.000012
0.000010
0.000022
0.000004
0.000015
0.000005
0.000005
0.000025
0.000012
0.000014
0.000020
0.000001
0.000001
0.000002
0.000001
0.000001
0.000001
0.000001
0.000001
0.000003
0.000003
0.000003
0.000003
0.000011
0.000012
0.000011
0.000020
0.000004
0.000017
0.000006
0.000005
0.000029
0.000014
0.000016
0.000023
0.000001
0.000001
0.000003
0.000001
0.000001
0.000001
0.000001
0.000001
0.000003
0.000004
0.000003
0.000003
0.000011
0.000012
0.000011
0.000015
0.000004
0.000019
0.000006
0.000006
0.000032
0.000016
0.000019
0.000026
0.000001
0.000001
0.000003
0.000001
0.000002
0.000002
0.000002
0.000002
0.000008
0.000020
0.000022
0.000068
0.000223
0.000388
0.000446
5.839386
5.972118
6.031373
6.147841
6.205366
6.261626
6.307844
6.331436
6.368397
6.446641
6.465214
6.468761
6.475374
0.000580
0.000547
0.000550
0.000644
6.449060
6.404221
6.366970
6.304026
6.281072
5.969719
6.095840
6.175506
6.261754
6.329420
6.414597
6.452918
6.470799
6.485966
6.486167
6.477300
6.461009
6.447644
6.398530
6.363613
6.304779
6.250326
6.184649
6.163320
6.165882
6.190122
6.172805
6.088135
5.979946
5.723293
5.145055
4.590334
4.350912
4.065942
3.789530
3.520536
3.273934
0.003461
0.002838
0.000190
0.000134
0.000090
0.000035
0.000030
0.000009
0.000009
0.000020
0.002191
2.858708
0.008665
0.004708
0.000088
0.000089
0.000280
0.000209
0.000022
0.000018
0.000029
0.003652
0.002595
2.399818
2.176133
1.986579
1.802126
1.634103
0.144050
0.098063
0.027247
0.032068
0.019632
0.017212
0.000430
0.077561
0.083316
0.962471
0.898417
0.834513
0.785313
0.718798
0.656658
0.580672
0.015987
0.013658
0.012454
0.005753
0.005425
0.004958
0.004040
0.007919
0.031729
0.218923
0.229766
0.211937
0.196495
0.153236
0.072758
0.063808
0.048989
0.034985
0.023220
0.013933
0.010503
0.011446
0.008264
0.008862
0.006491
0.006585
0.000044
0.000037
0.000038
0.000062
0.000068
0.000031
0.000032
0.000013
0.000024
0.000021
0.000022
0.000027
0.000015
0.000015
0.000021
0.000051
0.000122
0.008256
0.022281
0.027840
0.051782
0.056088
0.060474
0.134427
0.148430
0.150725
0.153111
0.162732
0.091395
0.071478
0.030115
0.030465
0.035729
0.007940
0.087154
0.114223
0.152333
0.158862
0.178798
0.267200
0.297461
0.301937
0.314199
0.300498
0.287166
0.270791
0.019070
0.009521
0.008497
0.007961
0.015582
0.014307
0.010486
0.000423
0.000341
0.000237
0.000170
0.000182
0.002186
0.002607
0.002844
0.003346
0.003692
0.003697
0.003633
0.003654
0.004393
0.003778
0.003258
0.002816
0.000478
0.012443
0.012842
0.017190
0.018095
0.019799
0.058088
0.068324
0.071636
0.075271
0.191533
0.224476
0.234474
0.248884
0.287502
0.292056
0.292650
0.287606
0.290334
0.294803
0.287718
0.006676
0.000204
0.000034
0.000032
0.000050
0.000028
0.000023
0.000032
0.000028
0.000069
0.000066
0.000020
0.000016
0.000047
0.000056
0.000031
0.000031
0.000035
0.000068
0.007364
0.011703
0.012718
0.020679
0.022687
0.021179
0.006114
0.005797
0.001008
0.000742
0.000189
0.000886
0.001135
0.003667
0.004624
0.005132
0.006258
0.006640
0.006287
0.006136
0.006845
0.008671
0.199401
0.209512
0.243150
0.261791
0.274034
0.271469
0.263871
0.010569
0.007292
0.001334
0.000793
0.000119
0.000105
0.000067
0.197529
0.169794
0.164101
0.023232
0.024791
0.009350
0.021904
0.025706
0.027757
0.034394
0.034288
0.033395
0.343420
0.357290
0.368709
0.007243
0.006866
0.000018
0.000019
0.000026
0.000026
0.000015
0.000018
0.000022
0.000019
0.000023
0.000062
0.000448
0.363169
0.354596
0.280667
0.009955
0.008878
0.006986
0.003811
0.002022
0.000145
0.000191
0.000220
0.000067
0.020382
0.019375
0.047843
0.223658
0.280533
0.303618
0.309805
0.314246
0.312365
0.288452
0.277637
0.252509
0.003391
0.002294
0.000813
0.000746
0.000103
0.000123
0.000101
0.000088
0.000527
0.001900
0.002989
0.009419
0.016332
0.021770
0.023417
0.086475
0.079358
0.074511
0.071978
0.014815
0.014310
0.000297
0.000048
0.000030
0.000055
0.005201
0.004978
0.008506
0.041700
0.055725
0.162692
0.184730
0.197575
0.000959
0.300853
0.300677
0.298297
0.290674
0.284875
0.279829
0.258431
0.233050
0.215572
0.217817
0.028271
0.033162
0.037450
0.051779
0.078454
0.083736
0.045649
0.045565
0.043827
0.033825
0.027615
0.027939
0.022978
0.021969
0.020836
0.009581
0.000011
0.000020
0.000041
0.000042
0.000017
0.000033
0.000022
0.000066
0.000043
0.009574
0.000681
0.000524
0.000446
0.004755
0.009875
0.037738
0.044245
0.116175
0.128624
0.244912
0.339402
0.367952
0.415237
0.433159
0.301152
0.468305
0.490123
0.528416
0.532030
0.534612
0.485409
0.453975
0.086563
0.018102
0.000362
0.000320
0.000480
0.000714
0.238938
0.573434
0.681184
1.657160
1.910406
2.142188
2.420548
2.769975
3.137692
3.569959
3.633244
3.614372
3.248363
2.962869
2.627451
2.319403
2.081648
1.851519
0.000065
0.000068
0.000048
0.000021
0.000008
0.000007
0.000008
0.000027
0.000047
0.000037
0.014392
1.321155
1.212594
1.098248
0.989252
0.730265
0.262012
0.000348
0.000223
0.000211
0.000179
0.000200
0.007615
0.009098
0.053115
0.059008
0.707886
1.628385
1.846984
2.037121
2.107675
2.184683
2.228081
2.226228
2.207485
2.125824
1.977366
1.766783
1.586521
1.422969
1.143831
1.032956
0.931135
0.513925
0.412218
0.364355
0.301968
0.277164
0.189309
0.139705
0.007704
0.028925
0.243450
0.254978
0.262250
0.431020
0.446568
0.420342
0.399111
0.380845
0.351228
0.303144
0.064020
0.082364
0.064339
0.074894
0.062495
0.012538
0.018669
0.014398
0.014165
0.010428
0.014346
0.012234
0.016728
0.027983
0.039959
0.071092
0.099275
0.145823
0.259579
0.398630
0.430107
0.469892
0.524469
0.562462
0.010712
0.001017
0.000043
0.000041
0.000170
0.000151
0.000138
0.000067
0.000009
0.000004
0.000005
0.000003
0.000003
0.000003
0.000002
0.000004
0.000001
0.000002
0.000006
0.000004
0.000006
0.000005
0.000008
0.000011
0.000006
0.000014
0.000015
0.000010
0.000002
0.000002
0.000001
0.000002
0.000003
0.000001
0.000001
0.000002
0.000006
0.000002
0.000001
0.000003
0.000003
0.000004
0.000001
0.000001
0.000002
0.000002
0.000003
0.000003
0.000005
0.000002
0.000002
0.000002
0.000004
0.000005
0.000004
0.000001
0.000001
0.000001
0.000001
0.000001
0.000001
0.000001
0.000001
0.000001
0.000000
0.000000
0.000001
0.000002
0.000001
0.000001
0.000001
0.000001
0.000002
0.000003
0.000002
0.000002
0.000001
0.000000
0.000001
0.000002
0.000002
0.000002
0.000002
0.000001
0.000001
0.000000
0.000001
0.000001
0.000001
0.000000
0.000000
0.000000
0.000000
0.000000
0.000000
0.000000
0.000000
0.000001
0.000001
0.000000
0.000001
0.000001
0.000001
0.000000
0.000000
0.000000
0.000000
0.000001
0.000001
0.000001
0.000000
0.000000
0.000000
0.000001
0.000000
0.000000
0.000000
0.000000
0.000000
0.000001
0.000001
0.000001
0.000001
0.000001
0.000000
0.000000
0.000000
0.000001
0.000001
0.000001
0.000000
0.000000
0.000000
0.000000
0.000000
0.000001
0.000000
0.000000
0.000000
0.000000
0.000000
0.000001
0.000001
0.000002
0.000062
0.000002
0.000001
0.000000
0.000001
0.000001
0.000002
0.000004
0.000003
0.000002
0.000055
0.000002
0.000001
0.000001
0.000001
0.000000
0.000000
0.000000
0.000007
0.000007
0.000003
0.000002
0.000001
0.000000
0.000000
0.000000
0.000001
0.000000
0.000000
0.000000
0.000000
0.000000
0.000000
0.000000
0.000000
0.000000
0.000000
0.000000
0.000000
0.000000
0.000000
0.000000
0.000004
0.000004
0.000000
0.000000
0.000000
0.000000
0.000000
0.000000
0.000000
0.000000
0.000000
0.000000
0.000000
0.000000
0.000000
0.000000
0.000000
0.000000
0.000000
0.000000
0.000000
0.000000
0.000000
0.000000
0.000000
0.000000
0.000001
0.000001
0.000000
0.000000
0.000000
0.000000
0.000000
0.000000
0.000000
0.000001
0.000003
0.000005
0.000000
0.000000
0.000000
0.000001
0.000000
0.000001
0.000000
0.000000
0.000000
0.000001
0.000001
0.000001
0.000001
0.000001
0.000000
0.000000
0.000000
0.000001
0.000000
0.000000
0.000000
0.000000
0.000000
0.000000
0.000001
0.000000
0.000000
0.000000
0.000000
0.000000
0.000001
0.000001
0.000001
0.000001
0.000000
0.000000
0.000000
0.000000
0.000000
0.000000
0.000000
0.000000
0.000001
0.000000
0.000000
0.000000
0.000001
0.000001
0.000000
0.000000
0.000000
0.000000
0.000000
0.000000
0.000000
0.000000
0.004469
0.615397
0.634962
0.648935
0.658434
0.635146
0.588587
0.553248
0.516784
0.465968
0.436401
0.001563
0.000115
0.000043
0.000152
0.000200
0.000181
0.000183
0.000188
0.000086
0.000183
0.000000
0.000000
0.000000
0.000000
0.000087
0.000001
0.000000
0.000000
0.000000
0.000000
0.000000
0.000155
0.000100
0.000000
0.000000
0.000000
0.000000
0.000000
0.000174
0.002215
0.000951
0.002899
0.368118
0.348794
0.339857
0.337614
0.303208
0.298872
0.242768
0.231026
0.002605
0.019394
0.018758
0.018428
0.016768
0.000227
0.000188
0.000159
0.000281
0.000285
0.000296
0.000287
0.000594
0.000808
0.000127
0.000001
0.000002
0.000002
0.000002
0.000001
0.000002
0.000001
0.000002
0.000001
0.000001
0.000001
0.000000
0.000001
0.000003
0.000078
0.000019
0.000014
0.000002
0.000001
0.000001
0.000001
0.000000
0.000001
0.000000
0.000000
0.000000
0.000000
0.000001
0.000000
0.000001
0.000001
0.000005
0.000006
0.000001
0.000002
0.000002
0.000001
0.000001
0.000001
0.000001
0.000001
0.000001
0.000000
0.000000
0.000001
0.000001
0.000004
0.000126
0.000203
0.000240
0.000233
0.000240
0.000001
0.000001
0.000002
0.000002
0.000002
0.000001
0.000001
0.000001
0.000000
0.000001
0.000000
0.000004
0.000004
0.000001
0.000001
0.000001
0.000000
0.000001
0.000000
0.000000
0.000000
0.000000
0.000000
0.000000
0.000000
0.000000
0.000001
0.000132
0.000257
0.001463
0.068300
0.210892
0.291623
0.431608
0.710585
0.892911
1.125946
1.234319
1.385628
1.572455
1.774009
1.968991
2.214416
2.604430
2.996633
3.230130
3.396870
3.400844
3.433169
3.451558
3.227255
3.154338
3.087022
3.032877
3.084370
3.053348
2.998684
3.012053
3.004976
3.006072
0.000095
0.000007
0.000334
0.000578
3.103746
3.119775
3.139134
3.060050
3.062422
3.066356
3.062869
0.000086
0.000068
0.000053
0.000072
0.027262
3.132520
3.219054
3.275280
3.300106
3.319709
3.334923
3.353562
3.366234
3.576939
3.648871
3.787097
3.791491
3.789759
3.792073
3.772621
3.753726
0.000004
0.000134
0.000083
0.000083
0.000117
0.000118
0.000100
0.000070
0.000050
0.000005
0.000005
0.000002
0.000001
0.000001
0.000003
0.000005
0.000005
0.000090
0.000097
0.000014
0.000018
0.000180
0.000212
0.000215
0.000213
0.000252
0.000231
0.000208
0.000193
0.000203
0.000006
0.000005
0.000013
0.000010
0.000002
0.000008
0.000008
0.000002
0.000002
0.000001
0.000001
0.000001
0.000004
0.000005
0.000007
0.000002
0.000005
0.000003
0.000002
0.000001
0.000001
0.000003
0.000003
0.000069
0.000069
0.000006
0.000002
0.000002
0.000001
0.000001
0.000001
0.000001
0.000004
0.000096
0.000315
0.000441
3.793313
3.786273
3.773618
3.709457
3.628910
3.587075
3.312477
3.106290
2.936890
2.702931
2.400013
2.093723
1.802801
1.486901
1.311463
0.312748
0.235101
0.204405
0.170910
0.139906
0.000235
0.000159
0.000001
0.004581
0.000000
0.118994
0.114757
0.111202
0.105677
0.092157
0.080105
0.054393
0.048497
0.043700
0.011146
0.000856
0.000777
0.000202
0.000140
0.000168
0.000106
0.000118
0.000105
0.000037
0.000021
0.000018
0.000020
0.000023
0.000025
0.000031
0.000034
0.000594
0.000608
0.000606
0.000618
0.000585
0.000550
0.000533
0.000039
0.000017
0.000002
0.000002
0.000002
0.000002
0.000004
0.000067
0.000004
0.000002
0.000011
0.000004
0.000003
0.000004
0.000001
0.000002
0.000002
0.000002
0.000002
0.000002
0.000000
0.000001
0.000001
0.000001
0.000001
0.000001
0.000001
0.000002
0.000004
0.000002
0.000001
0.000002
0.000004
0.000004
0.000002
0.000003
0.000004
0.000008
0.000001
0.000001
0.000000
0.000000
0.000000
0.000001
0.000000
0.000000
0.000001
0.000000
0.000000
0.000000
0.000000
0.000000
0.000000
0.000000
0.000000
0.000000
0.000000
0.000270
0.000229
0.000201
0.000001
0.000001
0.000001
0.000001
0.000000
0.000001
0.000001
0.000000
0.000000
0.000001
0.000001
0.000001
0.000000
0.000000
0.000000
0.000000
0.000000
0.000000
0.000000
0.000000
0.000001
0.000000
0.000000
0.000000
0.000000
0.000000
0.000000
0.000000
0.000000
0.000000
0.000001
0.000001
0.000000
0.000000
0.000000
0.000000
0.000000
0.000000
0.000001
0.000001
0.000004
0.000002
0.000000
0.000000
0.000000
0.000001
0.000001
0.000001
0.000000
0.000001
0.000000
0.000000
0.000000
0.000000
0.000000
0.000000
0.000000
0.000000
0.000000
0.000000
0.000000
0.000000
0.000000
0.000003
0.000006
0.000000
0.000000
0.000000
0.000000
0.000000
0.000000
0.000000
0.000001
0.000000
0.000000
0.000000
0.000000
0.000000
0.000000
0.000000
0.000000
0.000000
0.000000
0.000000
0.000000
0.000001
0.000000
0.000001
0.000001
0.000001
0.000001
0.000000
0.000000
0.000000
0.000000
0.000000
0.000000
0.000002
0.000002
0.000001
0.000000
0.000000
0.000000
0.000000
0.000000
0.000000
0.000000
0.000000
0.000001
0.000000
0.000001
0.000001
0.000001
0.000001
0.000001
0.000001
0.000002
0.000002
0.000430
0.002639
0.003429
0.347443
0.322109
0.293797
0.247103
0.219029
0.207114
0.162398
0.085988
0.082522
0.078421
0.066265
0.027904
0.026544
0.002567
0.000293
0.000080
0.000005
0.000069
0.000058
0.000064
0.000066
0.000088
0.000036
0.000062
0.004063
0.004062
0.003887
0.000997
0.000966
0.000326
0.000208
0.000236
0.000001
0.000001
0.000001
0.000001
0.000001
0.000001
0.000001
0.000001
0.000002
0.000005
0.000014
0.000001
0.000000
0.000001
0.000002
0.000001
0.000002
0.000004
0.000004
0.000009
0.000002
0.000002
0.000003
0.000001
0.000002
0.000003
0.000012
0.000015
0.000010
0.000012
0.000295
0.000432
0.000515
0.000595
0.000677
0.000680
0.000698
0.000768
0.000915
0.001095
0.001312
0.001623
0.003334
0.004393
0.004421
0.004390
0.004359
0.004272
0.001045
0.000619
0.000007
0.000004
0.000003
0.000002
0.000001
0.000001
0.000001
0.000001
0.000002
0.000000
0.000000
0.000000
0.000000
0.000000
0.000000
0.000000
0.000000
0.000000
0.000000
0.000071
0.000129
0.000106
0.000103
0.000005
0.000001
0.000001
0.000001
0.000005
0.000004
0.000004
0.000002
0.000035
0.000015
0.000001
0.000000
0.000000
0.000000
0.000001
0.000001
0.000001
0.000000
0.000000
0.000000
0.000001
0.000000
0.000001
0.000001
0.000000
0.000001
0.000003
0.000002
0.000001
0.000000
0.000000
0.000000
0.000000
0.000000
0.000000
0.000038
0.002070
0.002399
0.002578
0.002772
0.005086
0.004472
0.004464
0.011813
0.044310
0.046301
0.156836
0.343182
0.359968
0.375509
0.374766
0.337995
0.284879
0.256145
0.237548
0.225528
0.215288
0.195451
0.182291
0.173477
0.094638
0.092221
0.067411
0.064468
0.016142
0.015622
0.001556
0.001483
0.000012
0.000010
0.000005
0.000004
0.000003
0.000002
0.000002
0.000001
0.000001
0.000009
0.000001
0.000164
0.017704
0.017984
0.018347
0.017840
0.017934
0.017522
0.016625
0.015812
0.016020
0.015115
0.014615
0.008465
0.000320
0.000064
0.000003
0.000001
0.000000
0.000001
0.000001
0.000002
0.000003
0.000000
0.000000
0.000000
0.000000
0.000000
0.000001
0.000003
0.000004
0.000005
0.000000
0.000000
0.000000
0.000000
0.000000
0.000000
0.000000
0.000000
0.000000
0.000001
0.000000
0.000000
0.000000
0.000000
0.000000
0.000000
0.000000
0.000008
0.000003
0.000000
0.000000
0.000000
0.000000
0.000000
0.000000
0.000000
0.000000
0.000000
0.000000
0.000000
0.000000
0.000000
0.000000
0.000000
0.000000
0.000000
0.000000
0.000000
0.000000
0.000000
0.000000
0.000001
0.000000
0.000001
0.000000
0.000000
0.000001
0.000001
0.000000
0.000008
0.000000
0.000001
0.000001
0.000001
0.000001
0.000001
0.000001
0.000001
0.000001
0.000001
0.000003
0.000002
0.000000
0.000000
0.000000
0.000000
0.000000
0.000000
0.000000
0.000000
0.000000
0.000000
0.000000
0.000000
0.000000
0.000000
0.000000
0.000000
0.000000
0.000001
0.000001
0.000000
0.000000
0.000000
0.000000
0.000000
0.000000
0.000000
0.000001
0.000001
0.000000
0.000000
0.000000
0.000000
0.000000
0.000000
0.000000
0.000000
0.000000
0.000000
0.000000
0.000000
0.000000
0.000000
0.000000
0.000000
0.000000
0.000000
0.000000
0.000000
0.000000
0.000000
0.000000
0.000000
0.000000
0.000000
0.000000
0.000000
0.000000
0.000000
0.000000
0.000000
0.000000
0.000000
0.000000
0.000000
0.000000
0.000000
0.000000
0.000000
0.000099
0.008859
0.006899
0.077944
0.080448
0.083651
0.085120
0.081372
0.065558
0.043600
0.039867
0.037482
0.016002
0.004555
0.000000
0.000000
0.000000
0.000000
0.000000
0.000000
0.000000
0.000000
0.000000
0.000000
0.000000
0.000000
0.000000
0.000001
0.000001
0.000000
0.000000
0.000000
0.000000
0.000000
0.000000
0.000000
0.000000
0.000000
0.000000
0.000000
0.000000
0.000000
0.000000
0.000000
0.000000
0.000000
0.000000
0.000000
0.000000
0.000000
0.000000
0.000000
0.000000
0.000000
0.000000
0.000000
0.000000
0.000000
0.000000
0.000000
0.000000
0.000000
0.000000
0.000000
0.000000
0.000000
0.000000
0.000000
0.000000
0.000000
0.000000
0.000000
0.000000
0.000000
0.000000
0.000000
0.004803
0.004656
0.004660
0.003164
0.000448
0.000170
0.000065
0.000133
0.000157
0.005784
0.005836
0.005903
0.005125
0.005331
0.006047
0.000145
0.000000
0.000000
0.000000
0.000000
0.000000
0.000000
0.000000
0.000000
0.000000
0.000000
0.000000
0.000000
0.000000
0.000000
0.000000
0.000000
0.000000
0.000000
0.000001
0.000000
0.000000
0.000000
0.000000
0.000000
0.000066
0.000212
0.000359
0.000444
0.138850
0.146565
0.166443
0.180784
0.193315
0.201271
0.109352
0.438461
0.474755
0.534097
0.634319
0.696672
0.797541
0.906211
1.025366
1.171921
1.354660
1.488828
1.643886
1.763037
1.805231
1.803518
1.792059
0.001231
0.000061
0.000058
0.004064
0.003432
0.002752
0.000940
0.001193
0.001148
0.000008
0.000014
0.000013
0.000000
0.000000
0.000000
0.000000
0.000000
0.000000
0.000000
0.000000
0.000000
0.000003
0.000002
0.000003
0.000014
0.000005
0.000006
0.000003
0.000002
0.000001
0.000038
0.000149
0.000133
0.000104
0.000001
0.000001
0.000001
0.000001
0.000001
0.000000
0.000001
0.000001
0.000005
0.000004
0.000002
0.000002
0.000001
0.000004
0.000002
0.000002
0.000001
0.000009
0.000010
0.000011
0.000013
0.000017
0.000017
0.000018
0.000020
0.000022
0.000368
0.000185
0.000012
0.000000
0.000000
0.000000
0.000000
0.000000
0.000000
0.000000
0.000001
0.000001
0.000001
0.000001
0.000000
0.000001
0.000003
0.000003
0.000002
0.000001
0.000000
0.000000
0.000000
0.000000
0.000000
0.000000
0.000000
0.000000
0.000000
0.000000
0.000000
0.000000
0.000000
0.000000
0.000000
0.000000
0.000000
0.000000
0.000000
0.000000
0.000000
0.000000
0.000000
0.000000
0.000000
0.000000
0.000000
0.000000
0.000000
0.000000
0.000000
0.000000
0.000000
0.000000
0.000000
0.000000
0.000000
0.000000
0.000000
0.000000
0.000000
0.000000
0.000000
0.000000
0.000000
0.000000
0.000001
1.733637
1.712841
1.686983
1.436053
1.290390
0.780187
0.151646
0.013301
0.006576
0.006528
0.000000
0.000001
0.000001
0.000001
0.000001
0.000000
0.000000
0.000000
0.000000
0.000000
0.000000
0.000000
0.000000
0.000000
0.000000
0.000000
0.000000
0.000000
0.000000
0.000000
0.000000
0.000000
0.000000
0.000000
0.000000
0.000000
0.000000
0.000000
0.000000
0.000000
0.000000
0.000000
0.000000
0.000000
0.000000
0.000000
0.000000
0.000000
0.000000
0.000000
0.000000
0.000000
0.000000
0.000000
0.000000
0.000000
0.000000
0.000000
0.000000
0.000001
0.000003
0.000014
0.000037
0.001809
0.001774
0.001570
0.000060
0.000015
0.000009
0.000004
0.000002
0.000001
0.000003
0.000003
0.000003
0.000004
0.000015
0.000288
0.000392
0.000515
0.000557
0.000590
0.000643
0.000752
0.000919
0.000923
0.000921
0.000928
0.000943
0.000937
0.000911
0.000887
0.000882
0.000855
0.000821
0.000793
0.000038
0.000017
0.000003
0.000001
0.000000
0.000000
0.000000
0.000001
0.000001
0.000001
0.000001
0.000000
0.000000
0.000000
0.000001
0.000001
0.000000
0.000000
0.000000
0.000000
0.000000
0.000000
0.000001
0.000010
0.000011
0.000021
0.000457
0.000496
0.000591
0.000648
0.000702
0.000709
0.000718
0.000749
0.000782
0.000762
0.000761
0.000769
0.000751
0.000752
0.000784
0.000791
0.000821
0.000835
0.000854
0.000870
0.000834
0.000796
0.000731
0.000712
0.000718
0.000712
0.000711
0.000722
0.000737
0.000760
0.000732
0.000558
0.000119
0.000117
0.000022
0.000004
0.000002
0.000001
0.000002
0.000001
0.000001
0.000001
0.000001
0.000007
0.000327
0.000361
0.000431
0.000565
0.000567
0.000469
0.000094
0.000159
0.000231
0.000253
0.000304
0.004767
0.004942
0.005129
0.005593
0.005708
0.005736
0.005775
0.005821
0.005825
0.005828
0.005827
0.005825
0.005804
0.005579
0.001849
0.001591
0.002141
0.002876
0.003291
0.003733
0.003706
0.003693
0.003443
0.003138
0.002972
0.002487
0.002150
0.001894
0.001663
0.000315
0.000239
0.003309
0.003684
0.004284
0.004754
0.005085
0.005387
0.005436
0.005440
0.005468
0.005496
0.005493
0.005512
