0.015035
0.003501
0.002933
0.002665
0.000000
0.000000
0.000000
0.000000
0.000000
0.000002
0.000005
0.000004
0.000006
0.000000
0.000000
0.000000
0.000000
0.000000
0.000000
0.000000
0.000000
0.000000
0.000000
0.000070
0.000018
0.000011
0.000120
0.000000
0.000242
0.000051
0.000048
0.000021
0.000019
0.000000
0.000000
0.000000
0.000000
0.000062
0.000066
0.000004
0.000102
0.000169
0.000170
0.000164
0.000168
0.000157
0.000157
0.000298
0.000317
0.000181
0.000000
0.000000
0.000000
0.000000
0.000060
0.000058
0.000057
0.000048
0.000007
0.000003
0.000000
0.000000
0.000000
0.000000
0.000000
0.000000
0.000000
0.000002
0.000002
0.000001
0.000004
0.000001
0.000003
0.000002
0.000003
0.000004
0.000002
0.000004
0.000002
0.000001
0.000001
0.000001
0.000000
0.000004
0.000002
0.000238
0.000243
0.000223
0.000212
0.000000
0.000000
0.000000
0.000000
0.000000
0.000000
0.000000
0.000000
0.000000
0.000000
0.000000
0.000000
0.000000
0.000000
0.000005
0.000004
0.000001
0.000000
0.000000
0.000000
0.000002
0.000000
0.000000
0.000000
0.000000
0.000006
0.000006
0.000007
0.000006
0.000007
0.000006
0.000001
0.000000
0.000000
0.000001
0.000000
0.000000
0.000000
0.000000
0.000000
0.000000
0.000000
0.000001
0.000001
0.000001
0.000001
0.000001
0.000002
0.000001
0.000002
0.000004
0.000000
0.000000
0.000000
0.000000
0.000000
0.000000
0.000000
0.000000
0.000000
0.000000
0.000000
0.000000
0.000000
0.000000
0.000000
0.000000
0.000000
0.000000
0.000000
0.000000
0.000000
0.000000
0.000000
0.003453
1.325337
1.172533
0.932959
0.836763
0.695681
0.538928
0.456182
0.365542
0.286159
0.138111
0.059481
0.039705
0.031411
0.007967
0.009714
0.010013
0.009885
0.009845
0.000000
0.000000
0.000000
0.000000
0.002727
0.000000
0.000000
0.000000
0.000000
0.000000
0.000000
0.000000
0.000000
0.000176
0.035952
0.024746
0.022807
0.019998
0.017396
0.006989
0.006385
0.000000
0.000000
0.000000
0.000000
0.000000
0.000000
0.000000
0.000000
0.000000
0.000000
0.000000
0.000000
0.000000
0.000000
0.000000
0.000000
0.000000
0.000000
0.000000
0.000000
0.000000
0.000000
0.000000
0.000000
0.000000
0.000000
0.000000
0.000000
0.000000
0.000000
0.000000
0.000000
0.000000
0.000000
0.000000
0.000000
0.000001
0.000003
0.000000
0.000001
0.000000
0.000000
0.000000
0.000000
0.000000
0.000000
0.000000
0.000000
0.000000
0.000000
0.000000
0.000000
0.000000
0.000000
0.000022
0.000001
0.000000
0.000002
0.000001
0.000000
0.000000
0.000000
0.000000
0.000000
0.000000
0.000000
0.000001
0.000002
0.000002
0.000000
0.000000
0.000000
0.000000
0.000001
0.000001
0.000001
0.000000
0.000001
0.000001
0.000554
0.000979
0.000951
0.001263
0.003243
0.003768
0.003808
0.032850
0.012172
0.006202
0.006069
0.000143
0.000002
0.000001
0.000002
0.000001
0.000001
0.000001
0.000001
0.000002
0.000002
0.000154
0.001917
0.005204
0.001827
0.001495
0.000030
0.000000
0.000001
0.000001
0.000001
0.000001
0.000001
0.000001
0.000002
0.000002
0.000001
0.000000
0.000003
0.000003
0.000003
0.000005
0.000007
0.000008
0.000005
0.000002
0.000029
0.000015
0.000015
0.000006
0.000008
0.000004
0.000001
0.000001
0.000001
0.000002
0.000003
0.000002
0.000001
0.000001
0.000009
0.000006
0.000005
0.000032
0.000017
0.000002
0.000002
0.000006
0.000002
0.000002
0.000021
0.005120
0.001877
0.044012
0.104255
0.112238
0.148536
0.172919
0.177732
0.004043
0.454402
0.420580
0.363934
0.328733
0.306752
0.288477
0.239796
0.218329
0.194230
0.154154
0.144846
0.117137
0.107259
0.088145
0.080764
0.074822
0.027498
0.008985
0.006798
0.000180
0.000355
0.000045
0.000001
0.000000
0.007101
0.006925
0.006783
0.007087
0.003646
0.003850
0.003131
0.000205
0.000044
0.000002
0.000001
0.000002
0.000001
0.000001
0.000001
0.000002
0.000002
0.000002
0.000002
0.000001
0.000001
0.000001
0.000104
0.000137
0.000047
0.000064
0.000132
0.000132
0.000620
0.000596
0.000481
0.000018
0.000006
0.000001
0.000001
0.002633
0.002769
0.002526
0.000184
0.004342
0.004592
0.007192
0.005771
0.007648
0.009109
0.051380
0.062593
0.059400
0.056008
0.049620
0.046981
0.038318
0.036255
0.023048
0.169667
0.172477
0.174297
0.167379
0.162630
0.021322
0.020848
0.020794
0.021633
0.000008
0.000024
0.000033
0.000010
0.000021
0.002904
0.018283
0.029257
0.031088
0.033142
0.034059
0.029134
0.029014
0.024477
0.021956
0.000110
0.000036
0.000098
0.000192
0.000191
0.000182
0.000011
0.000003
0.000003
0.000002
0.000002
0.000007
0.000065
0.000015
0.000004
0.000002
0.000002
0.000002
0.000001
0.000001
0.000001
0.000056
0.000054
0.004866
0.009267
0.008499
0.027708
0.027826
0.023087
0.022686
0.022692
0.021739
0.012393
0.010363
0.000087
0.000083
0.000008
0.000008
0.000010
0.000559
0.000556
0.030886
0.040910
0.060491
0.078609
0.110511
0.112345
0.112631
0.000291
0.000293
0.000004
0.000005
0.000002
0.000002
0.000004
0.000004
0.000003
0.000003
0.000003
0.000002
0.000001
0.000002
0.000003
0.000010
0.000009
0.000226
0.102443
0.106588
0.102634
0.094630
0.077390
0.068155
0.047314
0.010838
0.010432
0.006009
0.000040
0.000049
0.000070
0.002133
0.001961
0.000039
0.000050
0.000013
0.000021
0.000023
0.000022
0.000016
0.001262
0.000323
0.000024
0.000025
0.001229
0.019962
0.023470
0.028746
0.032374
0.034910
0.064395
0.072517
0.077185
0.076239
0.074724
0.016460
0.007729
0.000008
0.000006
0.000007
0.000005
0.000007
0.000026
0.000021
0.000006
0.000004
0.000004
0.000005
0.000004
0.009051
0.009241
0.009694
0.010979
0.021013
0.023154
0.024060
0.010067
0.008225
0.008417
0.008938
0.009667
0.009043
0.008251
0.008027
0.008154
0.007864
0.000330
0.000218
0.000194
0.000133
0.000237
0.030774
0.038922
0.056216
0.059330
0.144129
0.204693
0.241395
0.236655
0.221964
0.205614
0.193129
0.183213
0.131548
0.114618
0.090558
0.084044
0.040078
0.033974
0.004679
0.003569
0.003399
0.003961
0.003157
0.003243
0.002992
0.004288
0.004146
0.022619
0.020297
0.020126
0.019471
0.018817
0.016718
0.016449
0.003154
0.002544
0.000435
0.000097
0.001402
0.001435
0.001539
0.003477
0.004491
0.005026
0.024548
0.073613
0.077845
0.080997
0.082871
0.085884
0.087181
0.087736
0.082954
0.003321
0.003040
0.000018
0.000046
0.000020
0.000010
0.000009
0.000006
0.000007
0.000010
0.000009
0.000006
0.000005
0.000165
0.000086
0.000064
0.000088
0.000999
0.001019
0.008006
0.043263
0.042659
0.039442
0.027596
0.000062
0.000026
0.000199
0.000219
0.000289
0.000299
0.000358
0.000159
0.000179
0.000180
0.000393
0.004531
0.002209
0.012477
0.042882
0.048678
0.054711
0.142467
0.144069
0.149495
0.152778
0.164003
0.165643
0.129209
0.121033
0.142470
0.061853
0.061153
0.077170
0.009093
0.004461
0.000147
0.000101
0.000103
0.000125
0.000263
0.000078
0.000071
0.001089
0.001085
0.001081
0.000971
0.000975
0.000986
0.000995
0.001006
0.001325
0.012885
0.000544
0.000755
0.000344
0.000017
0.000059
0.000229
0.000021
0.000013
0.000015
0.000020
0.000013
0.000013
0.000020
0.000046
0.000014
0.000019
0.000007
0.000134
0.005807
0.010446
0.011467
0.012066
0.012355
0.013023
0.018293
0.043446
0.048977
0.053811
0.056826
0.058717
0.062749
0.063264
0.070618
0.069143
0.073978
0.073103
0.072090
0.067488
0.007423
0.133874
0.142864
0.142876
0.138556
0.053424
0.105169
0.105844
0.105203
0.042457
0.036264
0.007006
0.007066
0.002129
0.000615
0.000401
0.000135
0.000002
0.000002
0.000003
0.000236
0.000127
0.000012
0.000009
0.000008
0.000005
0.000003
0.000002
0.000008
0.001289
0.000911
0.006034
0.036712
0.087776
0.126190
0.153849
0.177283
0.605314
0.683553
0.788818
0.901294
1.029051
1.165043
1.342821
1.413370
1.494685
0.058438
0.027074
0.015543
0.014447
0.005704
0.000303
0.000358
0.000473
0.002278
0.002565
0.005445
0.001026
0.000987
0.000147
0.000414
1.504198
1.481566
1.448449
1.360298
1.254765
1.169366
0.000115
0.000124
0.000166
0.000158
0.001446
0.000256
0.000003
0.000002
0.000004
0.000178
0.000187
0.017512
0.002163
0.002012
0.000853
0.000942
0.000954
0.000966
0.000837
0.000805
0.000831
0.000813
0.000821
0.000895
0.000010
0.000006
0.000005
0.000006
0.000006
0.000012
0.000007
0.000008
0.000008
0.000003
0.000007
0.000005
0.000022
0.000038
0.000015
0.000013
0.000016
0.000012
0.000018
0.000022
0.000187
0.002191
0.032241
0.034902
0.353209
0.360771
0.354947
0.340410
0.326769
0.319470
0.282938
0.240989
0.261526
0.208390
0.173339
0.034985
0.033086
0.005954
0.004235
0.004158
0.003681
0.003357
0.003205
0.002467
0.001602
0.001221
0.001007
0.000922
0.000950
0.000239
0.000207
0.000181
0.001371
0.001546
0.001639
0.001696
0.001798
0.001985
0.002185
0.002224
0.002148
0.002079
0.002064
0.002085
0.002093
0.002578
0.000393
0.000085
0.000079
0.001623
0.001812
0.002046
0.003043
0.011874
0.069681
0.323677
0.914550
1.144695
1.366025
1.907207
2.559320
3.253438
3.726919
4.290599
4.804488
4.966556
5.110430
5.148407
5.119937
5.078320
0.006537
5.037140
4.929668
4.793291
4.649821
4.410875
4.181833
3.974278
3.757885
3.423352
3.132031
2.769875
2.499588
2.295358
1.826795
1.670300
1.404838
1.300308
0.404052
0.356969
0.008027
0.510749
0.490942
0.480469
0.413735
0.395552
0.466978
0.399379
0.533263
0.452843
0.481946
0.471099
0.421150
0.388028
0.367175
0.263544
0.092893
0.060043
0.244152
0.336811
1.178598
1.360354
1.546957
1.841559
2.088722
2.375200
2.689775
3.062788
3.532475
3.679592
0.026149
0.024386
0.007236
0.007172
0.007162
0.008594
0.010689
0.001137
0.001547
0.001532
0.001486
0.636909
0.665545
0.698935
0.715465
0.730078
0.760349
0.765507
0.000851
0.000494
0.000341
0.000265
0.000099
0.000051
0.000108
0.000123
0.000138
0.000232
0.100310
0.114511
0.131084
1.255576
5.415583
6.091259
6.581800
6.799284
7.059508
7.408667
7.660464
8.002058
8.301833
8.575503
8.823887
9.164606
9.249303
9.280922
9.340677
9.459007
9.468376
9.475725
9.479521
9.478428
9.475734
9.475903
9.479290
9.476840
9.475090
9.471584
9.462091
9.449971
9.435293
9.372864
9.332533
9.265532
9.051569
0.042780
8.989253
9.028286
9.059767
9.090704
9.028004
0.085835
9.143593
9.216341
9.225731
9.230736
9.228971
9.217459
9.160692
9.094851
9.139740
8.226557
8.155620
0.000197
0.000116
0.000079
0.000041
0.000015
0.000007
0.000004
0.000004
0.000004
0.000008
0.000013
0.000022
0.000043
0.000093
0.000489
0.001238
0.002723
0.003889
8.349626
8.369564
8.373423
8.379724
8.387388
8.387625
8.387571
8.387758
8.387406
8.387655
8.388437
8.386873
8.384941
8.384901
8.385730
8.385254
8.385303
8.386673
8.388331
8.386632
8.386479
8.387813
8.386111
8.385464
8.386848
8.388223
8.385320
8.384211
8.385123
8.385736
8.386567
8.387789
8.388506
8.388163
8.387813
8.388014
8.388452
8.387180
8.384550
8.379769
8.277222
8.079007
7.725839
7.586074
7.509512
7.491873
7.641097
7.565233
7.767982
7.873853
7.976100
8.081703
8.265450
8.716179
8.751329
8.762561
8.769161
8.771055
8.770825
9.054803
9.048820
9.020441
8.989913
8.911592
8.871061
8.908203
8.792380
8.507420
8.152026
7.964192
7.760780
7.496764
7.191809
6.676842
6.241354
0.026806
5.224174
0.591923
0.164012
0.038150
0.013333
0.002894
0.002250
0.011626
0.261873
1.871500
3.464226
3.830791
4.349619
4.819047
5.356099
5.972107
6.792625
7.390902
7.919244
8.382676
8.448057
8.528445
8.611236
8.621024
8.598687
8.565743
0.006589
0.004680
0.003640
0.003051
0.000332
0.000062
0.000053
0.000034
0.000051
0.006389
0.000003
0.000004
0.000004
0.000006
0.000004
0.000005
0.000006
0.000003
0.000003
0.000011
0.000008
0.000012
0.000012
0.000018
0.000043
0.002275
0.002856
0.003064
0.004236
8.321241
8.349496
8.131365
7.830821
0.016804
0.014362
0.007038
0.007056
7.681248
6.268682
7.141243
7.621477
8.006835
8.328739
8.733331
9.058666
9.342921
9.416819
9.461293
9.495639
9.502355
9.505034
9.509106
9.516331
9.512816
9.512327
9.513063
9.516914
9.519188
9.519528
9.519160
9.518164
9.516997
9.512181
9.509705
9.508635
9.511248
9.514396
9.514534
9.516624
9.516281
9.512571
9.503876
9.476620
9.447435
9.309187
9.239777
8.982643
8.784109
0.429006
9.154311
9.291253
9.398220
9.429539
9.464500
9.498562
9.512164
9.517735
9.518077
9.517868
9.517844
9.517368
9.516850
9.517256
9.517427
9.516169
9.516079
9.517051
9.515625
9.515787
9.517509
9.517294
9.514075
9.513562
9.515658
9.514909
9.515616
9.518361
9.519488
9.519027
9.517634
9.516829
9.516918
9.513656
9.509566
9.510218
9.515602
9.513766
9.497292
9.439697
9.396293
9.360561
9.334870
9.307608
9.227717
9.186898
9.186782
9.186472
9.185684
9.185328
9.183886
9.177842
9.163768
9.152120
9.147659
9.146284
9.148600
9.142184
9.134590
9.129514
9.114293
9.031933
8.960905
8.148986
8.019071
8.012365
8.001897
7.952746
7.824724
7.881326
7.927355
7.962450
8.002471
8.008452
8.006332
8.009370
8.010564
8.010111
8.010172
8.010489
8.009280
7.996326
7.979886
7.967282
7.947700
7.916997
7.757351
7.395732
6.906107
0.099257
0.296847
6.652851
6.596496
6.685131
0.070810
7.099966
7.506204
7.627267
7.772835
7.782389
7.790972
7.805028
7.815690
7.738103
7.775718
7.835800
7.858283
7.808569
7.707172
7.569381
7.759470
0.005333
0.003479
0.002435
0.000074
0.000071
0.000032
0.000028
0.000016
0.000019
0.000015
0.000022
0.000042
0.000035
0.000072
0.000075
0.000059
0.000083
0.001693
0.001658
0.001921
0.002489
0.003315
0.000406
0.000508
0.000587
0.000703
0.001161
7.966152
8.010047
8.019363
7.965242
7.942951
7.869639
7.600033
7.583373
7.567553
7.556642
7.566806
7.551324
6.974946
7.231299
7.572541
7.631258
7.603382
0.058029
7.547975
7.579378
7.632015
7.651033
7.629387
7.574510
7.532929
7.425234
7.329895
0.000311
0.000148
0.000017
0.000052
0.000052
0.000041
0.000101
0.000144
0.000166
0.000411
0.000576
0.000561
7.288396
7.234373
7.117318
7.038668
6.976071
6.577272
6.290019
6.093238
5.417525
0.000354
0.000107
0.000056
0.000036
0.000019
0.000012
0.000025
0.000030
0.000014
0.000011
0.000008
0.000008
0.000009
0.000044
0.000034
0.000047
0.000062
0.000010
0.000012
0.000012
0.000027
0.000036
0.000065
0.000025
0.000023
0.000076
0.000112
0.000038
0.000047
0.000017
0.000068
0.000019
0.000029
0.000043
0.000058
0.000058
0.000053
0.000445
0.000382
0.000103
0.000107
0.000149
0.000065
0.000097
0.000093
0.000397
4.905077
4.553528
3.988872
3.533205
3.181669
2.883264
2.612844
2.365181
0.507179
0.462378
0.042340
0.036761
0.020738
0.005488
0.004184
0.000380
0.000312
0.000342
0.000286
0.000330
0.000108
0.000117
0.000101
0.000148
0.000377
0.000316
0.001571
0.001673
0.002926
0.786728
0.768127
0.608869
0.167329
0.124464
0.001301
0.000175
0.000071
0.000025
0.000072
0.000046
0.000097
0.000079
0.000052
0.000084
0.000044
0.000043
0.000128
0.000163
0.005584
0.005678
0.009600
0.012848
0.672104
0.849985
0.958274
0.972477
1.002647
0.973018
0.938662
0.663506
0.605187
0.592399
0.498741
0.458199
0.446916
0.013378
0.013129
0.004427
0.001185
0.006231
0.100329
0.128790
0.140532
0.253161
0.260511
0.273308
0.278212
0.282155
0.280158
0.213798
0.002074
0.001555
0.000224
0.000397
0.000144
0.000184
0.000399
0.001656
0.001993
0.019948
0.029419
0.179473
1.611044
1.834851
2.077809
2.184209
2.318644
2.346211
2.404816
2.298233
2.190973
0.219243
0.001219
0.001175
0.018755
2.072844
1.871275
1.784098
1.536427
0.740290
0.653089
0.277124
0.231406
0.144620
0.107868
0.038396
0.020756
0.018356
0.001117
0.004818
0.004957
0.000178
0.000070
0.000125
0.000109
0.000095
0.000120
0.005614
0.005612
0.005690
0.006927
0.007344
0.008513
0.008592
0.017739
0.017606
0.017459
0.017277
0.014029
0.014274
0.003531
0.003380
0.003373
0.003465
0.003645
0.020051
0.021240
0.023317
0.025457
0.029032
0.118607
0.135240
0.147279
0.157377
0.191220
0.218290
0.270424
0.699902
1.276350
1.876653
2.218161
2.481129
2.728200
3.156659
3.522243
3.619892
3.901246
3.955858
3.937021
3.888204
3.867601
3.835092
3.722258
3.617345
3.533951
3.163570
2.848672
2.503390
2.232346
2.053785
1.324892
0.542070
0.325317
0.006507
0.658562
1.132293
2.620029
3.286079
3.610906
3.974069
4.293810
4.502651
4.754409
5.021856
5.140542
5.259539
5.382900
5.414452
5.428773
5.411996
5.375589
5.354128
5.346354
5.335772
5.277205
0.007767
0.002749
0.001544
0.004777
5.186347
5.069995
4.996517
4.857321
4.757532
4.454339
4.013563
3.668590
3.351316
2.952447
2.654126
0.010390
0.002010
0.001636
0.000568
0.000350
0.000888
0.001030
0.029293
0.110681
0.200301
0.228821
1.315994
3.838395
4.383350
4.928397
5.181600
5.407903
5.611098
5.737094
5.896980
6.049642
6.151286
6.284853
6.431062
6.458712
6.482385
6.504530
6.505725
6.494487
6.485027
6.474066
6.399584
6.235730
6.124364
6.017260
5.859074
5.650120
5.463059
5.330579
5.005347
4.739287
0.042696
4.401121
4.077795
3.648903
3.266260
2.820795
2.517414
0.113616
0.076907
0.069796
0.050272
0.047384
0.040423
0.034729
0.024000
0.020934
0.020284
0.019553
0.019424
0.019198
0.009299
0.004078
0.000588
0.000434
0.000258
0.000343
0.000233
0.001596
0.002217
0.002375
0.002352
0.016044
1.163102
1.088933
0.999541
0.608452
0.543839
0.518318
0.000507
0.000072
0.000045
0.000054
0.000091
0.012329
0.039575
0.056814
0.106414
0.242598
0.898949
2.575847
0.002923
0.000220
0.000539
0.008163
0.009273
0.012098
3.354695
3.758670
3.931722
4.243105
0.058938
4.545287
4.864552
5.018369
0.061504
5.453751
5.843242
5.979389
6.031997
6.090023
6.140079
6.123016
6.023251
5.820341
5.937784
5.890465
5.748794
5.600234
5.423565
4.968388
0.074923
0.000570
0.000215
0.000122
0.000070
0.000022
0.000022
0.000016
0.000012
0.000014
0.000019
0.000011
0.000019
0.000016
0.000024
0.000030
0.000016
0.000012
0.000020
0.000010
0.000009
0.000029
0.000010
0.000026
0.000083
0.000113
0.043553
0.000109
0.062190
0.061674
4.830887
4.913591
5.101625
5.126356
5.332004
0.017062
5.472048
5.640731
5.752554
5.835701
5.895463
5.960016
5.963326
5.957633
5.938860
5.871671
0.132186
0.130941
0.130567
6.256659
6.279142
6.303525
6.309754
6.320008
6.321097
6.307357
6.303893
6.276157
6.248070
6.193802
6.134332
6.062550
5.971169
5.914633
0.001680
0.001353
0.001048
0.000010
0.000005
0.000003
0.000010
0.000006
0.000006
0.000007
0.000004
0.000006
0.000014
0.000013
0.000017
0.001249
0.000952
0.001213
0.001509
0.001995
0.003829
6.174775
6.124743
6.073566
6.028218
5.996380
5.926205
5.878497
5.853378
5.740758
0.032329
5.662285
5.627123
5.515565
0.017237
0.041151
0.018889
0.027318
0.025523
5.216257
5.176732
5.156629
5.156342
5.141841
5.071781
5.006774
4.960871
0.001623
0.000320
0.000325
0.000330
0.000106
0.000094
0.000056
0.000052
0.000376
0.000082
0.000159
0.000027
0.000048
0.000115
0.000076
0.000301
0.000055
0.000077
0.000083
0.000019
0.000021
0.000006
0.000012
0.000027
0.000022
0.000015
0.000018
0.000045
0.000690
0.001385
0.000839
0.000072
4.823719
4.736124
4.649925
4.523575
4.261793
4.017934
3.724755
3.397690
0.006571
3.042433
2.834405
2.560465
2.233284
1.997903
1.763350
1.509504
1.303222
1.008279
0.000556
0.000093
0.000036
0.000031
0.000021
0.000021
0.000020
0.000009
0.000006
0.000260
0.000185
0.000158
0.000200
0.000166
0.006876
0.006446
0.006644
0.690919
0.582765
0.526425
0.449289
0.384128
0.340656
0.170511
0.143352
0.034923
0.030912
0.013906
0.006530
0.001028
0.000041
0.000024
0.000009
0.000007
0.000006
0.000015
0.000011
0.000014
0.000036
0.000020
0.000023
0.000016
0.000091
0.000034
0.000032
0.000689
0.000591
0.000566
0.000455
0.000453
0.000461
0.000454
0.000470
0.000457
0.000421
0.000408
0.000367
0.000360
0.000372
0.000385
0.000105
0.000133
0.000134
0.000597
0.000679
0.001586
0.001667
0.001684
0.001772
0.001786
0.001818
0.001879
0.001896
0.003076
0.003114
0.002985
0.002589
0.001984
0.002254
0.002435
0.002883
0.002904
0.002649
0.002621
0.002353
0.002746
0.002308
0.002305
0.002163
0.001885
0.001021
0.001349
0.001403
0.001382
0.001341
0.001247
0.000953
0.000936
0.001012
0.000798
0.000225
0.000273
0.004648
0.005184
0.005715
0.005853
0.005958
0.006100
0.006001
0.005967
0.005654
0.002444
0.001885
0.000141
0.000143
0.000154
0.000235
0.000245
0.002548
0.002845
0.002943
0.003124
0.003375
0.003233
0.003162
0.002924
0.002708
0.002328
0.001705
0.000014
0.000011
0.000005
0.000004
0.000004
0.000001
0.000001
0.000001
0.000001
0.000002
0.000003
0.000004
0.000005
0.001230
0.001483
0.001511
0.001938
0.001903
0.001949
0.001937
0.001415
0.001380
0.001322
0.001313
0.001325
0.001309
0.001264
0.000004
0.000003
0.000005
0.000002
0.000003
0.000002
0.000003
0.000025
0.000002
0.000034
0.001228
0.001277
0.001324
0.001381
0.001488
0.001640
0.001922
0.002896
0.003382
0.003489
0.003918
0.004065
0.004908
0.004911
0.001116
0.001204
0.000015
0.000000
0.000000
0.000000
0.000000
0.000000
0.000000
0.000001
0.000121
0.000119
0.000112
0.000004
0.000006
0.000017
0.002242
0.002279
0.005763
0.005695
0.005673
0.005515
0.005290
0.005009
0.003818
0.005179
0.004979
0.004972
0.004836
0.004036
0.003776
0.002842
0.002440
0.000304
0.000305
0.004032
0.004303
0.004693
0.004746
0.004930
0.009120
0.010534
0.010922
0.011454
0.011703
0.011861
0.011857
0.011116
0.010297
0.008776
0.008024
0.007778
0.007672
0.007701
0.007781
0.007717
0.007581
0.007333
0.007259
0.007227
0.007236
0.007199
0.003124
0.003141
0.007950
0.007986
0.007971
0.008138
0.007988
0.007894
0.007637
0.007360
0.007189
0.006254
0.004550
0.004001
0.002900
0.000413
0.000303
0.000246
0.000122
0.000135
0.000214
0.000184
0.002220
0.003149
0.003790
0.003820
0.003760
0.003715
0.004458
0.004372
0.004326
0.004094
0.003238
0.002937
0.002699
0.002351
0.002183
0.000808
0.000518
0.000067
0.000028
0.000019
0.000002
0.000002
0.000001
0.000001
0.000000
0.000000
0.000000
0.000000
0.000000
0.000001
0.000000
0.000000
0.000000
0.000001
0.000000
0.000000
0.000000
0.000000
0.000000
0.000000
0.000000
0.000000
0.000000
0.000000
0.000000
0.000003
0.000002
0.000005
0.000008
0.000013
0.001415
0.001440
0.001542
0.001640
0.001666
0.001692
0.001751
0.001767
0.001739
0.001708
0.001668
0.001631
0.001412
0.001315
0.001253
0.001205
0.001181
0.001149
0.001054
0.000809
0.000699
0.000652
0.000597
0.000002
0.000001
0.000001
0.000000
0.000000
0.000000
0.000000
0.000001
0.000001
0.000005
0.000007
0.000008
0.000673
0.000677
0.000674
0.000623
0.000589
0.000451
0.000383
0.000296
0.000004
0.000003
0.000017
0.000043
0.000082
0.000107
0.004385
0.004864
0.004967
0.004981
0.005144
0.005117
0.004900
0.004868
0.004610
0.004376
0.004261
0.003714
0.003178
0.002663
0.000039
0.000024
0.000010
0.000008
0.000003
0.000001
0.000001
0.000000
0.000001
0.000001
0.000000
0.000000
0.000000
0.000000
0.000000
0.000000
0.000003
0.000003
0.000002
0.000004
0.000013
0.000014
0.000315
0.000427
0.000556
0.000634
0.000635
0.000643
0.000627
0.000614
0.000624
0.000643
0.000649
0.000675
0.000948
0.001007
0.001047
0.000991
0.000964
0.000701
0.000543
0.000020
0.000018
0.000022
0.000018
0.000021
0.000052
0.000839
0.000967
0.001064
0.001085
0.001121
0.001149
0.001212
0.001335
0.001648
0.002069
0.002077
0.002088
0.002096
0.002156
0.001554
0.000083
0.000067
0.000020
0.000017
0.000016
0.000015
0.000014
0.000010
0.000384
0.000839
0.001045
0.001584
0.002403
0.002527
0.002627
0.004251
0.004266
0.004152
0.004075
0.004083
0.004132
0.003922
0.000391
0.002683
0.003542
0.004072
0.004143
0.004200
0.004303
0.004297
0.004216
0.004150
0.004027
0.003760
0.002916
0.001272
0.000089
0.000082
0.000030
0.000013
0.000007
0.000006
0.000273
0.000320
0.000339
0.000340
0.000005
0.000005
0.000029
0.000254
0.000311
0.000445
0.000455
0.000457
0.000451
0.000439
0.000455
0.000467
0.000485
0.000509
0.000536
0.000560
0.000597
0.000581
0.000516
0.001122
0.060629
0.059198
0.055764
0.054307
0.052735
0.051968
0.051273
0.001735
0.001038
0.001041
0.001037
0.001022
0.000985
0.000018
0.000581
0.000707
0.000724
0.000708
0.000473
0.000425
0.000166
0.003073
0.003679
0.003771
0.003692
0.003580
0.000129
0.000524
0.002809
0.005641
0.007583
0.008423
0.007244
0.007342
0.006988
0.006588
0.005825
0.003740
0.003308
0.002374
0.001870
0.001472
0.001103
0.000828
0.000762
0.000670
0.000648
0.000644
0.000630
0.000622
0.000616
0.000619
0.000673
0.000020
0.000010
0.000008
0.000006
0.000002
0.000001
0.000002
0.000003
0.000004
0.000003
0.000176
0.000225
0.000223
0.000224
0.000248
0.000294
0.000361
0.000417
0.000491
0.000598
0.000642
0.000663
0.000682
0.000646
0.000607
0.000484
0.000401
0.000346
0.000303
0.000281
0.000107
0.000106
0.000406
0.000412
0.000421
0.000380
0.000331
0.000291
0.000247
0.000223
0.000201
0.000195
0.000198
0.000181
0.000001
0.000009
0.000007
0.000007
0.000008
0.000004
0.000005
0.000007
0.000014
0.000662
0.000723
0.000727
0.000749
0.000787
0.000859
0.000930
0.000978
0.001064
0.001123
0.001173
0.001202
0.001224
0.000994
0.000855
0.000116
0.000103
0.000058
0.001151
0.001199
0.001359
0.001737
0.002147
0.002762
0.002953
0.015120
0.015854
0.104009
0.109474
0.109237
0.155278
0.150652
0.146619
0.143847
0.140352
0.122325
0.081690
0.057829
0.018170
0.011436
0.010410
0.008068
0.007398
0.006574
0.000507
0.000076
0.000007
0.000020
0.000020
0.000027
0.000035
0.000017
0.000017
0.000017
0.000004
0.000003
0.000005
0.000005
0.000007
0.000007
0.000008
0.000008
0.000008
0.000010
0.000009
0.000010
0.000013
0.000013
0.000424
0.000526
0.000551
0.000546
0.000547
0.000542
0.000518
0.000471
0.000438
0.000369
0.000325
0.000013
0.000011
0.000008
0.000008
0.000011
0.000009
0.000008
0.000015
0.000014
0.000021
0.000020
0.000026
0.000031
0.000045
0.000009
0.000008
0.000007
0.000007
0.000008
0.000008
0.000008
0.000079
0.000093
0.000079
0.000001
0.000001
0.000001
0.000001
0.000000
0.000000
0.000000
0.000000
0.000000
0.000000
0.000000
0.000000
0.000000
0.000000
0.000000
0.000000
0.000000
0.000000
0.000000
0.000000
0.000000
0.000000
0.000000
0.000000
0.000001
0.000000
0.000000
0.000000
0.000000
0.000000
0.000000
0.000000
0.000000
0.000000
0.000000
0.000000
0.000002
0.000019
0.000101
0.000005
0.000004
0.000004
0.000005
0.000004
0.000051
0.000002
0.000001
0.000001
0.000001
0.000001
0.000000
0.000000
0.000001
0.000000
0.000000
0.000000
0.000000
0.000000
0.000001
0.000000
0.000000
0.000000
0.000000
0.000000
0.000001
0.000000
0.000000
0.000000
0.000000
0.000000
0.000000
0.000000
0.000000
0.000000
0.000000
0.000000
0.000000
0.000000
0.000000
0.000000
0.000000
0.000000
0.000000
0.000000
0.000000
0.000000
0.000000
0.000000
0.000000
0.000000
0.000000
0.000000
0.000000
0.000000
0.000000
0.000001
0.000000
0.000000
0.000000
0.000000
0.000000
0.000001
0.000000
0.000016
0.000004
0.000000
0.000000
0.000000
0.000000
0.000000
0.000000
0.000000
0.000000
0.000000
0.000001
0.000000
0.000000
0.000000
0.000000
0.000000
0.000000
0.000000
0.000000
0.000000
0.000000
0.000000
0.000000
0.000000
0.000000
0.000000
0.000000
0.000000
0.000000
0.000000
0.000000
0.000000
0.000000
0.000000
0.000000
0.000000
0.000000
0.000000
0.000000
0.000000
0.000000
0.000000
0.000000
0.000000
0.000000
0.000000
0.000000
0.000000
0.000000
0.000000
0.000000
0.000000
0.000000
0.000000
0.000000
0.000000
0.000001
0.000000
0.000000
0.000000
0.000000
0.000000
0.000000
0.000000
0.000000
0.000000
0.000000
0.000000
0.000000
0.000000
0.000000
0.000000
0.000000
0.000000
0.000000
0.000000
0.000000
0.000000
0.000000
0.000000
0.000001
0.000000
0.000000
0.000001
0.000000
0.000000
0.000000
0.000000
0.000001
0.000001
0.000001
0.000002
0.000002
0.000002
0.000006
0.000000
0.000000
0.000000
0.000000
0.000000
0.000000
0.000000
0.000002
0.000001
0.000001
0.000001
0.000001
0.000001
0.000001
0.000000
0.000000
0.000000
0.000000
0.000000
0.000000
0.000000
0.000000
0.000000
0.000000
0.000000
0.000000
0.000000
0.000001
0.000000
0.000000
0.000000
0.000000
0.000000
0.000000
0.000000
0.000000
0.000000
0.000000
0.000000
0.000000
0.000000
0.000000
0.000000
0.000000
0.000000
0.000000
0.000001
0.000000
0.000000
0.000000
0.000000
0.000000
0.000000
0.000000
0.000000
0.000000
0.000000
0.000001
0.000008
0.000000
0.000000
0.000000
0.000000
0.000000
0.000000
0.000000
0.000000
0.000000
0.000000
0.000000
0.000000
0.000000
0.000000
0.000000
0.000000
0.000000
0.000000
0.000000
0.000000
0.000000
0.000000
0.000000
0.000000
0.000000
0.000000
0.000000
0.000000
0.000000
0.000000
0.000000
0.000000
0.000000
0.000019
0.000104
0.000136
0.000147
0.000145
0.000144
0.000146
0.000152
0.000001
0.000000
0.000000
0.000000
0.000000
0.000000
0.000000
0.000000
0.000000
0.000000
0.000000
0.000000
0.000000
0.000000
0.000000
0.000000
0.000001
0.000095
0.000504
0.007455
0.008627
0.000207
0.000189
0.000190
0.000194
0.000195
0.000199
0.000208
0.000210
0.000203
0.000204
0.000203
0.000192
0.000190
0.000186
0.000186
0.000000
0.000000
0.000000
0.000001
0.000019
0.000000
0.000000
0.000000
0.000000
0.000000
0.000000
0.000000
0.000000
0.000003
0.000003
0.000050
0.000068
0.000090
0.002098
0.008800
