0.001414
0.000000
0.000000
0.000000
0.000000
0.000000
0.000000
0.000000
0.003554
0.003358
0.003358
0.003368
0.003380
0.008077
0.008253
0.008450
0.000072
0.000068
0.000000
0.000000
0.000000
0.000000
0.000007
0.000005
0.000006
0.000004
0.000004
0.000003
0.000001
0.000001
0.000001
0.000001
0.000000
0.000000
0.000000
0.000000
0.000000
0.000000
0.000000
0.000000
0.000000
0.000000
0.000000
0.000000
0.000000
0.000000
0.000000
0.000000
0.000000
0.000000
0.000000
0.000000
0.000006
0.000008
0.000009
0.000010
0.000012
0.000011
0.000013
0.000000
0.000000
0.000000
0.000000
0.000000
0.000000
0.000000
0.000000
0.000000
0.000000
0.000000
0.000000
0.000000
0.000000
0.000000
0.000000
0.000000
0.000000
0.000000
0.000000
0.000000
0.000000
0.000000
0.000000
0.000000
0.000000
0.000000
0.000000
0.000000
0.000000
0.000000
0.000000
0.000000
0.000000
0.000000
0.000000
0.000000
0.000000
0.000000
0.000000
0.000000
0.000000
0.000000
0.000000
0.000000
0.000000
0.000000
0.000000
0.000000
0.000000
0.000000
0.000000
0.000000
0.000000
0.000000
0.000000
0.000000
0.000000
0.000000
0.000000
0.000000
0.000000
0.000000
0.000000
0.000000
0.000000
0.000000
0.000000
0.000000
0.000000
0.000000
0.000000
0.000025
0.000036
0.000012
0.000000
0.000000
0.000000
0.000000
0.000000
0.000000
0.000000
0.000000
0.000000
0.000000
0.000000
0.000000
0.000000
0.000000
0.000000
0.000000
0.000000
0.000000
0.000000
0.000000
0.000000
0.000000
0.000000
0.000000
0.000000
0.000011
0.000214
0.000236
0.001864
0.001955
0.001934
0.001836
0.000165
0.000000
0.000000
0.000000
0.000000
0.000000
0.000000
0.000000
0.000000
0.000000
0.000000
0.000000
0.000000
0.000000
0.000000
0.000000
0.000000
0.000000
0.000000
0.000000
0.000000
0.000000
0.000000
0.000000
0.000000
0.000000
0.000000
0.000000
0.000000
0.000000
0.000000
0.000000
0.000000
0.000000
0.000000
0.000000
0.000000
0.000000
0.000000
0.000000
0.000000
0.000000
0.000000
0.000000
0.000000
0.000000
0.000000
0.000000
0.000000
0.000000
0.000000
0.000000
0.000000
0.000000
0.000000
0.000022
0.000012
0.000079
0.000030
0.000000
0.000000
0.000000
0.000000
0.000000
0.000000
0.000000
0.000000
0.000000
0.000000
0.000000
0.000000
0.000000
0.000000
0.000000
0.000000
0.000000
0.000187
0.007800
0.010296
0.009344
0.008126
0.006470
0.002732
0.000000
0.000000
0.000000
0.000000
0.000000
0.000000
0.000000
0.000000
0.000000
0.000000
0.000000
0.000000
0.000000
0.000000
0.000000
0.002115
0.002055
0.001982
0.001850
0.001721
0.001503
0.000000
0.000000
0.000000
0.000000
0.000000
0.000000
0.000000
0.000000
0.000000
0.000000
0.000000
0.000000
0.000000
0.000000
0.000000
0.000000
0.000000
0.000000
0.000000
0.000000
0.000000
0.000000
0.000000
0.000000
0.000000
0.000000
0.000000
0.000000
0.000000
0.000000
0.000000
0.000000
0.000000
0.000000
0.000000
0.000000
0.000000
0.000000
0.000000
0.000000
0.000000
0.000001
0.000001
0.000002
0.000005
0.000000
0.000000
0.000001
0.000000
0.000000
0.000000
0.000000
0.000000
0.000000
0.000000
0.000000
0.000000
0.000000
0.000000
0.000000
0.000000
0.000000
0.000000
0.000000
0.000000
0.000000
0.000000
0.000000
0.000000
0.000000
0.000000
0.000000
0.000000
0.000000
0.000000
0.000000
0.000000
0.000000
0.000000
0.000000
0.000000
0.000000
0.000000
0.000000
0.000000
0.000000
0.000000
0.000000
0.000000
0.000000
0.000000
0.000000
0.000000
0.000000
0.000000
0.000000
0.000000
0.000000
0.000000
0.000000
0.000000
0.000000
0.000001
0.000001
0.000000
0.000000
0.000000
0.000000
0.000000
0.000000
0.000000
0.000061
0.000041
0.000057
0.000012
0.000014
0.000006
0.000006
0.000003
0.000000
0.000000
0.000002
0.000000
0.000000
0.000000
0.000000
0.000001
0.000001
0.000000
0.000001
0.000001
0.000001
0.000001
0.000001
0.000001
0.000001
0.000001
0.000001
0.000003
0.000002
0.000003
0.000003
0.000002
0.000007
0.000003
0.000001
0.000001
0.000001
0.000002
0.000001
0.000003
0.000004
0.000002
0.000001
0.000001
0.000001
0.000000
0.000006
0.000006
0.000002
0.000002
0.000003
0.000002
0.000001
0.000001
0.000001
0.000001
0.000002
0.001003
0.000000
0.000000
0.000000
0.000004
0.000004
0.000008
0.000004
0.000007
0.000010
0.000007
0.000018
0.001939
0.003541
0.010618
0.011013
0.011650
0.018837
0.019244
0.018893
0.018369
0.006762
0.008004
0.002289
0.002569
0.000030
0.000036
0.000000
0.000052
0.000087
0.000053
0.000103
0.000316
0.032992
0.038920
0.057048
0.066599
0.076454
0.087491
0.099855
0.000182
0.003099
0.003236
0.003392
0.000000
0.000000
0.000000
0.000000
0.000000
0.000000
0.000000
0.000000
0.000000
0.000000
0.000000
0.000000
0.000000
0.000000
0.000000
0.000000
0.000000
0.000000
0.000000
0.000000
0.000000
0.000000
0.000000
0.000000
0.000000
0.000000
0.000000
0.000000
0.000000
0.000000
0.000000
0.000000
0.000000
0.000000
0.000000
0.000000
0.000000
0.000000
0.000000
0.000000
0.000000
0.000000
0.000000
0.000000
0.000000
0.000000
0.000000
0.000000
0.000000
0.000000
0.000000
0.000000
0.000000
0.000000
0.000000
0.000000
0.000000
0.000000
0.000000
0.000000
0.000000
0.000000
0.000000
0.000000
0.000000
0.000000
0.000000
0.000000
0.000000
0.000000
0.000000
0.000000
0.000000
0.000000
0.000000
0.000000
0.000000
0.000000
0.000000
0.000000
0.000000
0.000000
0.000000
0.000000
0.000000
0.000000
0.000000
0.000000
0.000000
0.000657
0.001880
0.377874
0.432042
7.858481
8.309969
8.326012
8.350957
8.356961
8.361588
8.362961
0.000000
0.000000
0.000000
0.000000
0.000001
0.000002
0.000003
0.000009
0.000000
0.000001
0.000002
0.000000
0.000000
0.000000
0.000000
0.000000
0.000000
0.000000
0.000000
0.000000
0.000000
0.000000
0.000000
0.000000
0.000000
0.000000
0.000000
0.000000
0.000000
0.000000
0.000000
0.000000
0.000000
0.000000
0.000000
0.000000
0.000000
0.000000
0.000000
0.000000
0.000000
0.000000
0.000000
0.000000
0.000000
0.000000
0.000000
0.000000
0.000000
0.000000
0.000000
0.000000
0.000000
0.000000
0.000000
0.000000
0.000000
0.000000
0.000000
0.000000
0.000000
0.000000
0.000000
0.000000
0.000000
0.000000
0.000000
0.000000
0.000000
0.000000
0.000000
0.000000
0.000000
0.000000
0.000000
0.000000
0.000000
0.000000
0.000000
0.000000
0.000000
0.000000
0.000000
0.000000
0.000000
0.000000
0.000000
0.000000
0.000000
0.000000
0.000000
0.000000
0.000000
0.000000
0.000000
0.000000
0.000000
0.000000
0.000000
0.000000
0.000000
0.000000
0.000000
0.000000
0.000000
0.000000
0.000000
0.000000
0.000000
0.000000
0.000000
0.000000
0.000000
0.000000
0.000000
0.000000
0.000000
0.000000
0.000000
0.000000
0.000000
0.000000
0.000000
0.000000
0.000000
0.000000
0.000000
0.000000
0.000000
0.000000
0.000000
0.000000
0.000000
0.000000
0.000000
0.000000
0.000000
0.000000
0.000000
0.000000
0.000000
0.000000
0.000000
0.000000
0.000000
0.000000
0.000000
0.000000
0.000000
0.000000
0.000000
0.000000
0.000000
0.000000
0.000000
0.000000
0.000000
0.000000
0.000000
0.000000
0.000000
0.000000
0.000000
0.000000
0.000000
0.000000
0.000000
0.000000
0.000000
0.000000
0.000000
0.000000
0.000000
0.000000
0.000000
0.000000
0.000000
0.000000
0.000000
0.000000
0.000000
0.000000
0.000000
0.000000
0.000000
0.000000
0.000000
0.000000
0.000000
0.000000
0.000000
0.000000
0.000000
0.000000
0.000000
0.000000
0.000000
0.000000
0.000000
0.000000
0.000000
0.000000
0.000000
0.000000
0.000000
0.000000
0.000000
0.000000
0.000000
0.000000
0.000000
0.000000
0.000000
0.000000
0.000000
0.000000
0.000000
0.000000
0.000000
0.000000
0.000000
0.000000
0.000000
0.000000
0.000000
0.000000
0.000000
0.000000
0.000000
0.000000
0.000000
0.000000
0.000000
0.000000
0.000000
0.000000
0.000000
0.000000
0.000000
0.000000
0.000000
0.000000
0.000000
0.000000
0.000000
0.000000
0.000000
0.000000
0.000000
0.000000
0.000000
0.000000
0.000000
0.000000
0.000000
0.000000
0.000000
0.000000
0.000000
0.000000
0.000000
0.000000
0.000000
0.000000
0.000000
0.000000
0.000000
0.000000
0.000000
0.000000
0.000000
0.000000
0.000000
0.000000
0.000000
0.000000
0.000000
0.000000
0.000000
0.000000
0.000000
0.000000
0.000000
0.000000
0.000000
0.000000
0.000000
0.000000
0.000000
0.000000
0.000000
0.000000
0.000000
0.000000
0.000000
0.000000
0.000000
8.668911
8.675605
8.676065
0.000000
0.000000
0.000000
0.000000
0.000000
0.000000
0.000000
0.000000
0.000000
0.000000
0.000000
0.000000
0.000000
0.000000
0.000000
0.000000
0.000000
0.000000
0.000000
0.000000
0.000000
0.000000
0.000000
0.000000
0.000000
0.000000
0.000000
0.000001
0.000000
0.000000
0.000000
0.000000
0.000000
0.000000
0.000000
0.000000
0.000000
0.000000
0.000000
0.000000
0.000000
0.000000
0.000000
0.000000
0.000000
0.000000
0.000000
0.000000
0.000000
0.000000
0.000000
0.000000
0.000000
0.000000
0.000001
0.000000
0.000000
0.000000
0.000001
0.000002
0.000001
0.000000
0.000001
0.000001
0.000001
0.000000
0.000002
0.000003
0.000001
0.000000
0.000000
0.000000
0.000000
0.000000
0.000000
0.000000
0.000000
0.000000
0.000000
0.000001
0.000000
0.000000
0.000000
0.000003
0.000002
0.000003
0.000002
0.000001
0.000001
0.000001
0.000001
0.000001
0.000001
0.000001
0.000006
0.000022
0.000583
0.000621
0.000662
0.081679
0.080393
8.839872
8.869036
8.878811
8.879618
8.879069
8.875762
8.874892
8.871616
8.839484
8.758248
8.651456
7.540692
7.016818
5.834350
7.622502
8.320950
8.132355
7.555407
7.495284
7.834088
7.997533
8.511543
8.823645
8.876770
9.247051
9.254785
9.255432
9.520359
9.527074
9.544449
9.566696
9.569672
9.575201
9.574666
9.576959
9.580977
9.578858
9.579221
9.582121
9.581480
9.581677
9.582938
9.582893
9.582213
9.580953
9.577187
9.576048
9.574636
9.564258
9.380012
9.306489
9.200306
9.091917
8.986931
8.316290
7.195706
1.015578
0.265515
4.974127
5.386679
6.855680
7.582613
8.536372
9.299487
9.489823
9.516674
9.538110
9.563196
9.571045
9.570016
9.571952
9.576395
9.455158
9.270347
0.006141
0.003071
0.002283
0.001916
0.000803
0.000770
0.000744
0.000739
0.000727
0.000725
0.000726
0.000726
0.000723
0.000723
0.000723
0.000732
0.000737
0.000738
0.000744
0.000724
0.000729
0.000723
0.000723
0.000724
0.000726
0.000730
0.000724
0.000725
0.000727
0.000728
0.000738
0.000739
0.000772
0.000737
0.000735
0.000747
0.000776
0.000841
0.000884
0.000976
8.785523
8.641843
8.181148
7.684514
7.135841
6.566938
5.790227
0.262512
4.947483
3.626296
0.005335
0.007067
0.063312
6.345443
7.043929
7.873367
8.475006
8.704213
8.894664
8.925692
8.935822
8.953254
8.972336
8.975947
8.981147
8.983849
0.001212
0.000588
0.000247
0.000183
0.000173
0.000085
0.000051
0.000105
0.000143
0.000066
0.000087
0.000385
0.000417
0.000077
0.000112
0.000414
0.000501
0.000020
0.000018
0.000048
0.000041
0.000026
0.000015
0.000092
0.000052
0.000052
0.000080
0.000113
0.000344
0.000482
9.010781
9.025575
9.047334
9.056459
9.065347
8.836368
8.864188
8.864397
8.856885
8.842492
8.833036
8.837423
8.836411
0.077445
8.796878
8.847915
8.844097
8.826887
8.806174
0.004168
0.002208
0.002045
0.001576
0.001316
0.000738
0.000951
0.002095
0.002310
8.779608
8.759845
8.705376
0.140474
0.091554
8.387950
8.376211
8.215557
8.187490
8.320880
8.342532
8.318221
8.577695
8.667795
8.682120
8.696122
8.716256
8.437892
8.154733
7.913042
6.950438
6.065029
5.372777
4.723154
4.175628
3.684882
3.236292
2.883496
0.002919
2.501482
2.222240
1.977459
1.779305
1.296101
1.138112
0.993717
0.886929
0.761409
0.614245
0.433035
0.245006
0.073381
0.018484
0.015970
0.000252
0.000500
0.000688
0.000642
0.000505
0.001237
0.000285
0.000235
0.000122
0.000109
0.000442
0.000175
0.000126
0.000091
0.000118
0.000043
0.000032
0.000043
0.000044
0.000072
0.000071
0.000063
0.000032
0.000023
0.000055
0.000040
0.000232
0.001175
0.001576
0.000954
0.000694
0.000046
0.000058
0.000025
0.000029
0.000027
0.000593
0.007117
0.032292
0.061832
0.064053
0.186785
0.197721
0.235388
0.235851
0.237204
0.238745
0.232807
0.089453
0.025341
0.023810
0.002612
0.002564
0.000641
0.000409
0.000204
0.000326
0.000196
0.000126
0.000034
0.000000
0.000000
0.000000
0.000000
0.000000
0.000000
0.000000
0.000000
0.000000
0.000000
0.000000
0.000000
0.000000
0.000000
0.000000
0.000000
0.000000
0.000000
0.000000
0.000000
0.000000
0.000064
0.000062
0.000064
0.014292
0.050543
0.060109
0.070684
0.072243
0.073268
0.072262
0.071487
0.071439
0.064010
0.003899
0.002750
0.002699
0.002617
0.002130
0.000218
0.000144
0.000106
0.000107
0.000043
0.000060
0.000062
0.000064
0.005036
0.064957
0.071666
0.293634
0.307096
0.369831
0.382500
0.391962
0.397209
0.401299
0.407528
0.407849
0.408628
0.400357
0.022293
0.021642
0.020217
0.001393
0.000010
0.000013
0.000013
0.000010
0.000009
0.000097
0.000058
0.000016
0.000015
0.000010
0.000007
0.000012
0.000012
0.000006
0.000007
0.000006
0.000004
0.000005
0.000005
0.000006
0.000011
0.000043
0.000019
0.000021
0.000032
0.000035
0.000036
0.000025
0.000023
0.007025
0.013367
0.205762
0.276276
0.285201
0.268209
0.040651
0.036693
0.026807
0.009655
0.000050
0.000509
0.000754
0.000038
0.000076
0.005855
0.005844
0.005968
0.001603
0.019542
0.033786
0.064012
0.072895
0.081485
0.091797
0.115440
0.117086
0.095422
0.093658
0.089906
0.082281
0.063942
0.060261
0.051511
0.049454
0.014108
0.009426
0.009191
0.004188
0.004527
0.004544
0.004604
0.004648
0.004664
0.009396
0.009562
0.009623
0.009784
0.009878
0.010109
0.010164
0.010243
0.010221
0.010215
0.010245
0.010318
0.010054
0.010013
0.012021
0.014695
0.014813
0.029826
0.028872
0.028269
0.022475
0.021265
0.017832
0.017651
0.011275
0.010714
0.010211
0.009673
0.004759
0.001955
0.000004
0.000011
0.000037
0.005967
0.006404
0.024061
0.026428
0.084799
0.256709
0.312151
0.378071
0.460184
0.688195
0.756689
0.805078
0.841297
0.853490
0.876276
0.892778
0.883925
0.868207
0.828538
0.741787
0.697346
0.653711
0.157397
0.058614
0.004332
0.000069
0.000060
0.000059
0.000111
0.000017
0.000011
0.000017
0.000013
0.000005
0.000004
0.000005
0.000002
0.000007
0.000008
0.000007
0.000003
0.000004
0.000004
0.000005
0.000009
0.000003
0.000003
0.000004
0.000008
0.000009
0.000013
0.000769
0.000667
0.000595
0.000565
0.000572
0.000560
0.000024
0.000023
0.000036
0.025549
0.026093
0.036809
0.035613
0.019197
0.000419
0.000406
0.000383
0.000405
0.000364
0.000005
0.000003
0.000003
0.000020
0.004084
0.321481
0.323207
0.303837
0.292538
0.258790
0.215468
0.195772
0.149723
0.129155
0.078204
0.072459
0.066041
0.054460
0.052777
0.011931
0.010012
0.000005
0.000014
0.000014
0.000006
0.000005
0.000003
0.000003
0.000003
0.000004
0.000004
0.000014
0.000031
0.000025
0.000018
0.000013
0.000014
0.000016
0.000018
0.000017
0.000003
0.000007
0.000008
0.000004
0.000005
0.000005
0.000005
0.000006
0.000008
0.000412
0.000675
0.000727
0.000539
0.000414
0.000168
0.000294
0.000443
0.000466
0.000461
0.000452
0.000010
0.000007
0.000010
0.000007
0.000007
0.000008
0.000007
0.000008
0.000012
0.000002
0.000001
0.000001
0.000003
0.000002
0.000003
0.000001
0.000003
0.000004
0.000001
0.000002
0.000003
0.000001
0.000002
0.000002
0.000001
0.000001
0.000002
0.000002
0.000001
0.000001
0.000001
0.000002
0.000001
0.000001
0.000001
0.000000
0.000000
0.000001
0.000001
0.000001
0.000001
0.000001
0.000001
0.000000
0.000000
0.000001
0.000000
0.000000
0.000000
0.000001
0.000001
0.000001
0.000002
0.000001
0.000001
0.000002
0.000001
0.000001
0.000002
0.000135
0.000211
0.000196
0.000226
0.000315
0.000707
0.000658
0.000684
0.000142
0.000117
0.000057
0.000058
0.000155
0.000286
0.006473
0.102997
0.120232
0.127935
0.179561
0.204008
0.235520
0.247543
0.260822
0.274987
0.296125
0.293460
0.294035
0.273412
0.257169
0.253105
0.120950
0.115570
0.097218
0.097945
0.086754
0.000269
0.000253
0.000071
0.000065
0.000063
0.000073
0.000091
0.000137
0.000103
0.000119
0.000117
0.000149
0.000090
0.002161
0.002526
0.002705
0.002858
0.003210
0.003898
0.004672
0.006076
0.006931
0.006929
0.000055
0.000001
0.000001
0.000002
0.000002
0.000006
0.000005
0.000003
0.000022
0.000001
0.000001
0.000023
0.006704
0.006789
0.006887
0.006906
0.006953
0.013295
0.013790
0.015769
0.016922
0.018367
0.021325
0.022726
0.031990
0.053373
0.192137
0.420146
0.439013
0.007229
0.470293
0.478672
0.010198
0.005067
0.000157
0.000006
0.000004
0.000003
0.000002
0.000001
0.000000
0.000000
0.000000
0.000000
0.000000
0.000000
0.000000
0.000000
0.000000
0.000000
0.000000
0.000000
0.000000
0.000000
0.000000
0.000000
0.000000
0.000000
0.000001
0.000002
0.000004
0.000000
0.000000
0.000000
0.000001
0.000002
0.000007
0.000004
0.000002
0.000000
0.000003
0.000004
0.000003
0.000000
0.000000
0.000000
0.000000
0.000001
0.000006
0.000001
0.000001
0.000000
0.000001
0.000001
0.000000
0.000001
0.000001
0.000005
0.000010
0.000010
0.000001
0.000001
0.000000
0.000000
0.000000
0.000000
0.000000
0.000147
0.000128
0.000890
0.001480
0.001842
0.002973
0.472300
0.474936
0.478040
0.474610
0.470016
0.462789
0.000740
0.000353
0.000113
0.000099
0.008872
0.008664
0.008565
0.008477
0.008515
0.008457
0.008597
0.010553
0.010724
0.010952
0.013791
0.033407
0.452259
0.475639
0.487123
0.491667
0.482048
0.009030
0.008385
0.007655
0.006927
0.006642
0.001718
0.001441
0.000176
0.000090
0.000051
0.000048
0.000040
0.000548
0.000664
0.000843
0.000932
0.000960
0.000924
0.005221
0.000946
0.000014
0.000014
0.000007
0.000655
0.000501
0.000587
0.000204
0.000006
0.000002
0.000005
0.000149
0.000139
0.000718
0.000686
0.000664
0.000632
0.000587
0.000915
0.000777
0.000779
0.245532
0.249201
0.243808
0.222799
0.197231
0.160178
0.149264
0.044354
0.028069
0.019227
0.018415
0.016760
0.010304
0.001775
0.000324
0.000814
0.000764
0.000032
0.000006
0.000009
0.000010
0.000257
0.000001
0.000001
0.000002
0.000002
0.000001
0.000001
0.000002
0.000004
0.000004
0.000001
0.000000
0.000000
0.000001
0.000001
0.000001
0.000001
0.000001
0.000002
0.000003
0.000006
0.000002
0.000002
0.000003
0.000002
0.000604
0.000611
0.000622
0.000635
0.000656
0.000687
0.002414
0.002487
0.013970
0.015759
0.017375
0.025226
0.062504
0.075708
0.089989
0.097274
0.129704
0.135375
0.141236
0.141077
0.141576
0.141944
0.053617
0.010383
0.009007
0.000456
0.000260
0.000152
0.000002
0.000001
0.000001
0.000001
0.000000
0.000000
0.000001
0.000001
0.000003
0.000003
0.000002
0.000001
0.000000
0.000000
0.000000
0.000000
0.000000
0.000000
0.000000
0.000001
0.000001
0.000001
0.000003
0.000003
0.000012
0.000013
0.003028
0.009122
0.009952
0.018836
0.323795
0.337430
0.327656
0.312540
0.001386
0.000613
0.000002
0.000002
0.000002
0.000000
0.000413
0.010514
0.011342
0.011558
0.011964
0.015515
0.018632
0.019534
0.020113
0.027559
0.049941
0.062947
0.196919
0.269395
0.316376
0.339464
0.363829
0.019504
0.019176
0.001405
0.000020
0.000219
0.003987
0.029943
0.068027
0.120189
1.188722
1.373231
1.612762
1.916965
2.148905
2.177279
2.220494
2.217549
2.222235
2.229234
2.256972
2.233929
2.211983
0.000283
0.000223
0.000128
0.000001
0.000001
0.000055
0.000046
0.000037
0.000042
0.000037
0.000039
0.000053
0.000000
0.000000
0.000000
0.000000
0.000000
0.000000
0.000000
0.000000
0.000278
0.000000
0.000000
0.000000
0.000000
0.000000
0.000000
0.000000
0.000000
0.000000
0.000000
0.000038
0.000025
0.000031
0.000034
0.000091
0.000045
0.000029
0.000015
0.000011
0.000041
0.000040
0.000038
0.000037
0.001284
0.001437
0.002486
0.001345
0.001182
0.000012
0.000012
0.000010
0.000014
0.000019
0.000024
0.000041
0.000013
0.000051
0.000057
0.000184
0.000102
0.000069
0.000058
0.000065
0.000079
0.000330
0.000582
0.000680
2.281401
2.260324
2.137870
2.049198
0.004477
0.001416
0.001358
0.001535
0.002171
0.000016
0.000000
0.000000
0.000000
0.000000
0.000000
0.000000
0.000000
0.000016
0.000017
0.000017
0.000348
0.000348
0.000334
0.000000
0.000000
0.000000
0.000000
0.000001
0.001165
0.001542
0.002905
1.584789
1.596014
1.506411
0.000006
0.000004
0.000045
0.000019
0.000018
0.000016
0.000001
0.000014
0.003073
0.000002
0.000001
0.000001
0.000001
0.000003
0.000001
0.000003
0.000000
0.000000
0.000002
0.000001
0.000000
0.000000
0.000000
0.000000
0.000000
0.000000
0.000000
0.000000
0.000000
0.000000
0.000001
0.000001
0.000001
0.000001
0.000000
0.000000
0.000001
0.000000
0.000000
0.000000
0.000001
0.000008
0.000005
0.000193
0.000198
0.000177
0.000172
0.000164
0.000152
0.000147
0.000136
0.000130
0.000121
0.000110
0.000102
0.000081
0.000070
0.000061
0.000052
0.000015
0.000015
0.000011
0.000007
0.000001
0.000001
0.000005
0.000004
0.000003
0.000002
0.000007
0.000004
0.000002
0.000002
0.000004
0.000005
0.000291
0.000244
0.165574
2.337699
2.511135
2.657114
0.000116
0.000100
0.000000
0.000000
0.000000
0.001943
0.001893
0.000973
0.001011
0.000000
0.000000
0.000001
0.000001
0.000766
0.001017
0.000805
2.771189
2.812198
2.885412
2.920149
2.929623
2.911658
0.006542
0.000107
0.000057
0.000040
0.005881
0.005694
0.006611
0.006440
0.005116
0.005058
0.004911
2.863173
2.833986
2.657018
2.545183
2.435903
2.351049
2.286181
2.144911
2.013667
1.881952
1.727998
0.000298
0.000291
0.000301
0.000213
0.000032
0.000035
0.000050
0.000044
0.000081
0.000292
0.000168
0.001124
0.009782
1.088518
1.122204
1.062484
1.332207
0.000248
0.000013
0.000013
0.000014
0.000010
0.000008
0.000006
0.000162
0.000126
0.000089
0.000088
0.000000
0.000000
0.000002
0.000002
0.000087
0.000233
0.000299
0.004207
0.010121
1.610122
1.735027
1.860367
1.949344
2.057592
2.126365
2.174641
2.227687
2.305859
0.000010
0.000008
0.000010
0.000008
0.000010
0.000006
0.000033
0.000174
0.000002
0.000001
0.000001
0.000001
0.000001
0.000002
0.000003
0.000005
0.000005
0.000002
0.000000
0.000000
0.000000
0.000000
0.000000
0.000000
0.000002
0.000009
0.000010
0.000010
0.000014
0.000008
0.000006
0.000006
0.000006
0.000006
0.000007
0.000008
0.000007
0.000006
0.000008
0.000007
0.000008
0.000001
0.000001
0.000181
0.000261
0.000415
0.001254
2.423999
2.510400
2.546753
2.573915
2.579070
2.571974
2.562714
2.553649
2.508807
2.472186
0.000006
0.000005
0.000003
0.000025
0.000032
0.000059
0.000003
0.000002
0.000001
0.000007
0.000004
0.000003
0.000006
0.000001
0.000001
0.000000
0.000001
0.000003
0.000005
0.000004
0.000001
0.000001
0.000000
0.000000
0.000000
0.000000
0.000000
0.000001
0.000187
0.000004
0.000005
0.000004
0.000004
0.000004
0.000004
0.000000
0.000000
0.000000
0.000000
0.000000
0.000001
0.000001
0.000004
0.000001
0.000001
0.000002
0.000003
0.000008
0.000033
0.000229
0.000002
0.000002
0.000000
0.000000
0.000000
0.000000
0.000001
0.000000
0.000000
0.000002
0.000002
0.000013
0.000014
0.000029
0.000032
0.000035
0.000004
0.000001
0.000000
0.000000
0.000000
0.000000
0.000001
0.000000
0.000000
0.000001
0.000001
0.000001
0.000001
0.000001
0.000000
0.000001
0.000001
0.000000
0.000001
0.000005
0.000004
0.000006
0.000007
0.000005
0.000002
0.000001
0.000001
0.000000
0.000001
0.000001
0.000000
0.000001
0.000001
0.000000
0.000000
0.000001
0.000003
0.000000
0.000002
0.000004
0.000000
0.000000
0.000000
0.000001
0.000000
0.000000
0.000002
0.000001
0.000002
0.000001
0.000001
0.000001
0.000001
0.000001
0.000000
0.000008
0.000006
0.000005
0.000001
0.000001
0.000000
0.000000
0.000000
0.000000
0.000001
0.000000
0.000000
0.000000
0.000000
0.000000
0.000001
0.000115
0.000085
0.000079
0.000078
0.000105
0.000086
0.000114
0.000029
0.000028
0.000052
0.000001
0.000001
0.000001
0.000001
0.000007
0.000005
0.000006
0.000004
0.000001
0.000003
0.000002
0.000006
0.000005
0.000006
0.000002
0.000001
0.000003
0.000003
0.000001
0.000002
0.000002
0.000002
0.000004
0.000005
0.000087
0.002800
0.003176
0.003258
0.003161
0.003128
0.003623
0.003047
0.002750
0.002603
0.002122
0.002252
0.002319
0.002362
0.002061
0.001979
0.000077
0.000242
2.520974
2.500454
2.462896
2.423380
2.320257
2.198251
2.134451
0.001034
0.003950
0.003836
0.003527
0.003450
0.003363
0.003359
0.000087
0.000046
0.001428
0.000893
0.000389
0.000442
0.000253
0.000236
0.000252
0.000044
0.000021
0.000014
0.000184
0.000144
0.000260
0.000074
0.000055
0.000031
0.000019
0.000013
0.000008
0.000019
0.000016
0.000025
0.000014
0.000010
0.000005
0.000008
0.000009
0.000007
0.000002
0.000002
0.000004
0.000008
0.000010
0.000022
0.000023
0.000009
0.000005
0.000004
0.000005
0.000005
0.000006
0.000006
0.000007
0.000008
0.000006
0.000016
0.000019
0.000006
0.000006
0.000010
0.000016
0.000008
0.000004
0.000005
0.000013
0.000007
0.000002
0.000002
0.000015
0.000002
0.000001
0.000001
0.000002
0.000002
0.000260
0.003322
1.945086
0.048797
1.959912
1.893602
1.805476
1.512380
1.360964
0.130838
0.089776
0.082382
0.000002
0.000001
0.000001
0.000001
0.000002
0.000001
0.000001
0.000000
0.000001
0.000000
0.000001
0.000001
0.000002
0.000003
0.000004
0.000001
0.000001
0.000001
0.000001
0.000000
0.000001
0.000001
0.000001
0.000001
0.000001
0.000002
0.000001
0.000002
0.000004
0.000006
0.000003
0.000007
0.000012
0.000015
0.000002
0.000001
0.000001
0.000001
0.000002
0.000002
0.000001
0.000001
0.000000
0.000000
0.000000
0.000001
0.000001
0.000001
0.000001
0.000002
0.000001
0.000000
0.000000
0.000000
0.000000
0.000000
0.000000
0.000000
0.000000
0.000000
0.000001
0.000001
0.000001
0.000000
0.000000
0.000000
0.000000
0.000000
0.000000
0.000006
0.000001
0.000001
0.000001
0.000000
0.000000
0.000000
0.000000
0.000000
0.000010
0.000008
0.000008
0.000009
0.000000
0.000000
0.016798
0.016148
0.016007
0.011370
0.010169
0.006683
0.005900
0.000090
0.000002
0.000002
0.000000
0.000002
0.000000
0.000000
0.000000
0.000000
0.000000
0.000000
0.000000
0.000000
0.000000
0.000000
0.000000
0.000000
0.000000
0.000000
0.000000
0.000000
0.000000
0.000000
0.000000
0.000000
0.000000
0.000000
0.000008
0.000007
0.000002
0.000001
0.000000
0.000000
0.000000
0.000000
0.000000
0.000000
0.000000
0.000000
0.000000
0.000000
0.000000
0.000000
0.000000
0.000000
0.000000
0.000000
0.000000
0.000000
0.000000
0.000000
0.000000
0.000000
0.000000
0.000000
0.000000
0.000000
0.000000
0.000000
0.000000
0.000000
0.000000
0.000000
0.000000
0.000000
0.000000
0.000000
0.000000
0.000000
0.000000
0.000000
0.000000
0.000000
0.000000
0.000000
0.000000
0.000198
0.000215
0.000828
0.000808
0.000826
0.000855
0.000015
0.000013
0.000009
0.000027
0.008165
0.008012
0.007834
0.000000
0.000002
0.000004
0.000001
0.000001
0.000001
0.000001
0.000002
0.000014
0.000002
0.000002
0.000002
0.000003
0.000001
0.000000
0.009679
0.013228
