0.014572
0.014227
0.013583
0.013237
0.000000
0.000000
0.000000
0.000000
0.000000
0.000000
0.000000
0.000000
0.000067
0.000024
0.000008
0.000007
0.000011
0.000010
0.000006
0.000006
0.000007
0.000000
0.000000
0.000000
0.000000
0.000000
0.000000
0.000000
0.000000
0.000000
0.000000
0.000000
0.000090
0.000050
0.000010
0.000000
0.000000
0.000000
0.000000
0.000000
0.000000
0.000000
0.000000
0.000000
0.000000
0.000000
0.000000
0.000000
0.000000
0.000000
0.000000
0.000000
0.000000
0.000000
0.000000
0.000000
0.000000
0.000018
0.000012
0.000013
0.000004
0.000012
0.000040
0.000280
0.000038
0.000047
0.000003
0.000005
0.000011
0.000009
0.010368
0.010427
0.000000
0.000000
0.000000
0.000000
0.000000
0.000000
0.000000
0.000000
0.000000
0.000000
0.000000
0.000000
0.000000
0.000000
0.000000
0.000000
0.000000
0.000000
0.000000
0.000000
0.000000
0.000000
0.000000
0.000000
0.000000
0.000000
0.000000
0.000000
0.000000
0.000000
0.000000
0.000017
0.000012
0.000013
0.000016
0.000000
0.000000
0.000000
0.000000
0.000000
0.000000
0.000000
0.000000
0.000000
0.000000
0.000000
0.000000
0.000000
0.000000
0.000000
0.000000
0.000000
0.000000
0.000000
0.000000
0.000000
0.000000
0.000000
0.000000
0.000000
0.000000
0.000000
0.000000
0.000000
0.000000
0.000000
0.000000
0.000000
0.000000
0.000000
0.000000
0.000000
0.000000
0.000000
0.000000
0.000000
0.000000
0.000000
0.000000
0.000012
0.000033
0.012636
0.012681
0.012776
0.009004
0.000000
0.000000
0.000000
0.000000
0.000000
0.000000
0.000000
0.000000
0.000000
0.000000
0.000000
0.000000
0.000000
0.000000
0.000000
0.000000
0.000000
0.000000
0.000000
0.000000
0.000000
0.000000
0.000000
0.000000
0.000000
0.000000
0.000000
0.000000
0.000000
0.000000
0.000000
0.000000
0.000000
0.000000
0.000000
0.000000
0.000000
0.000000
0.000000
0.000000
0.000000
0.000000
0.000000
0.000000
0.000000
0.000000
0.000000
0.000000
0.000000
0.000000
0.000000
0.000000
0.000000
0.000000
0.000000
0.000000
0.000000
0.000000
0.000000
0.000000
0.000000
0.000000
0.000000
0.000000
0.000000
0.000000
0.000000
0.000000
0.000000
0.000000
0.000000
0.000000
0.000000
0.000000
0.000000
0.000000
0.000000
0.000000
0.000000
0.000000
0.000000
0.000000
0.000000
0.000000
0.000000
0.000000
0.000000
0.000000
0.000000
0.000000
0.000000
0.000000
0.000000
0.000000
0.000000
0.000000
0.000000
0.000000
0.000000
0.000000
0.000000
0.000000
0.000000
0.000000
0.000000
0.000000
0.000000
0.000000
0.000000
0.000000
0.000000
0.000000
0.000002
0.000002
0.000002
0.000000
0.000001
0.000000
0.000000
0.000000
0.000000
0.000000
0.000000
0.000000
0.000000
0.000000
0.000000
0.000000
0.000000
0.000000
0.000001
0.000023
0.000405
0.001942
0.002640
0.002993
0.000012
0.000009
0.000005
0.000000
0.000000
0.000000
0.000000
0.000000
0.000001
0.000000
0.000002
0.000002
0.000002
0.000003
0.000004
0.000451
0.000537
0.000496
0.000697
0.000654
0.042174
0.164687
0.176712
5.783811
5.803176
5.716344
4.558145
3.375751
0.000011
0.000004
0.000003
0.000004
0.000001
0.000001
0.000001
0.000000
0.000000
0.000001
0.000001
0.000000
0.000001
0.000001
0.000001
0.000001
0.000001
0.000001
0.000002
0.000004
0.000004
0.000002
0.000002
0.000000
0.000000
0.000001
0.000001
0.000001
0.000001
0.000001
0.000006
0.000001
0.000002
0.000035
0.000096
0.000011
0.000011
0.000013
0.000010
0.000004
0.000004
0.000002
0.000001
0.000003
0.000259
0.000254
0.000004
0.000005
0.000013
0.000006
0.000005
0.000005
0.000003
0.000007
0.000006
0.000007
0.000007
0.000006
0.000046
0.000056
0.000012
0.000010
0.000019
0.000063
0.000143
0.000154
0.000232
0.000110
0.035459
3.767264
3.704452
3.343749
3.021360
2.608258
0.346635
0.191731
0.000207
0.000404
0.000390
0.000420
0.000707
0.025412
2.380397
0.921895
3.300335
3.641988
3.809976
0.001131
0.000367
0.000072
0.000027
0.000014
0.000009
0.000007
0.000005
0.000005
0.000007
0.000005
0.000016
0.000011
0.000008
0.000007
0.000003
0.000005
0.000017
0.000015
0.000011
0.000065
0.000108
0.000124
0.000057
0.000061
0.000060
0.000104
0.065327
0.083585
0.096842
1.302516
3.598280
4.698913
5.209931
5.984209
6.542645
7.174280
7.382263
7.787093
0.001130
0.001041
0.001157
0.000951
8.313708
8.509815
8.750297
8.823383
8.806392
8.636575
8.465702
0.078030
0.000302
0.000182
0.000416
0.000402
0.000350
0.000127
0.000092
0.000025
0.000036
0.000025
0.000034
0.000023
0.000094
0.000079
0.000085
0.000087
0.000024
0.000005
0.000004
0.000006
0.000008
0.000028
0.000018
0.000007
0.000005
0.000004
0.000003
0.000003
0.000029
0.000027
0.000026
0.000017
0.000011
0.000005
0.000004
0.000023
0.000020
0.000016
0.000033
0.001425
0.000172
0.000089
0.000016
0.000013
0.000010
0.000009
0.000033
0.000028
0.000026
0.000008
0.000004
0.000004
0.000004
0.000009
0.000004
0.000006
0.000010
0.000008
0.000023
0.000080
0.000092
0.000061
0.000087
0.000108
0.000995
0.001480
0.001154
0.002912
8.303605
8.645138
8.820234
8.919926
9.008281
9.069515
9.040653
8.990526
8.897461
7.797385
0.003185
0.006156
0.004045
0.003027
0.132028
0.110396
0.098462
6.357507
0.062340
5.461018
5.157644
4.888770
0.001442
0.000859
0.000231
0.000144
0.000086
0.000102
0.000055
0.000029
0.000009
0.000008
0.000006
0.000006
0.000008
0.000005
0.000009
0.000006
0.000005
0.000007
0.000009
0.000011
0.000007
0.000015
0.000014
0.000008
0.000017
0.000011
0.000013
0.000017
0.000009
0.000010
0.000015
0.000014
0.000015
0.000014
0.000009
0.000007
0.001446
0.000966
0.000800
0.000769
0.000784
0.000899
0.001032
0.001029
0.001032
0.001037
0.001004
0.001010
0.000955
0.000888
0.000826
0.000791
0.000751
0.000025
0.000017
0.000008
0.000007
0.000008
0.000009
0.000010
0.000010
0.000007
0.000013
0.000012
0.000007
0.000009
0.000005
0.000005
0.000010
0.000010
0.000004
0.000004
0.000005
0.000007
0.000007
0.000006
0.000005
0.000227
0.000379
0.000426
0.000363
0.000363
0.000290
0.000011
0.000008
0.000007
0.000009
0.000012
0.000011
0.000007
0.000008
0.000007
0.000007
0.000007
0.000009
0.000007
0.000008
0.000012
0.000007
0.000006
0.000008
0.000012
0.000010
0.000013
0.000011
0.000007
0.000008
0.000007
0.000012
0.000015
0.000011
0.000012
0.000014
0.000014
0.000013
0.000012
0.000006
0.000004
0.000003
0.000011
0.000018
0.000021
0.000021
0.000009
0.000007
0.000006
0.000010
0.000017
0.000021
0.000021
0.000009
0.000008
0.000004
0.000005
0.000005
0.000007
0.000006
0.000005
0.000004
0.000004
0.000006
0.000007
0.000008
0.000007
0.000013
0.000012
0.000006
0.000007
0.000005
0.000007
0.000010
0.000009
0.000004
0.000004
0.000012
0.000013
0.000012
0.000006
0.000005
0.000004
0.000006
0.000010
0.000009
0.000007
0.000006
0.000005
0.000005
0.000014
0.000010
0.000012
0.000011
0.000006
0.000007
0.000005
0.000004
0.000005
0.000009
0.000007
0.000006
0.000005
0.000004
0.000004
0.000006
0.000010
0.000009
0.000012
0.000009
0.000007
0.000008
0.000007
0.000011
0.000013
0.000010
0.000011
0.000012
0.000013
0.000012
0.000011
0.000006
0.000004
0.000003
0.000009
0.000016
0.000019
0.000019
0.000008
0.000006
0.000005
0.000008
0.000010
0.000012
0.000011
0.000007
0.000009
0.000008
0.000008
0.000008
0.000012
0.000011
0.000008
0.000004
0.000005
0.000009
0.000011
0.000009
0.000006
0.000014
0.000013
0.000007
0.000007
0.000005
0.000008
0.000012
0.000009
0.000008
0.000011
0.000012
0.000012
0.000011
0.000005
0.000004
0.000002
0.000010
0.000014
0.000011
0.000010
0.000006
0.000007
0.000006
0.000017
0.000018
0.000023
0.000023
0.000008
0.000008
0.000004
0.000006
0.000006
0.000008
0.000007
0.000006
0.000009
0.000006
0.000006
0.000008
0.000010
0.000009
0.000012
0.000009
0.000006
0.000007
0.000006
0.000010
0.000012
0.000009
0.000008
0.000011
0.000012
0.000012
0.000011
0.000005
0.000004
0.000002
0.000009
0.000016
0.000017
0.000021
0.000007
0.000006
0.000006
0.000009
0.000016
0.000021
0.000022
0.000008
0.000006
0.000003
0.000003
0.000004
0.000006
0.000005
0.000003
0.000003
0.000004
0.000006
0.000009
0.000007
0.000005
0.000006
0.000005
0.000005
0.000006
0.000008
0.000006
0.000005
0.000004
0.000004
0.000005
0.000007
0.000008
0.000007
0.000011
0.000007
0.000006
0.000007
0.000006
0.000009
0.000011
0.000008
0.000007
0.000010
0.000011
0.000011
0.000011
0.000005
0.000004
0.000002
0.000006
0.000013
0.000016
0.000021
0.000006
0.000006
0.000005
0.000007
0.000010
0.000012
0.000016
0.000009
0.000011
0.000011
0.000012
0.000014
0.000021
0.000023
0.001342
0.001406
0.001566
0.001567
0.001633
0.001821
0.002215
0.002404
0.002709
0.003087
0.003560
0.003609
0.003703
0.003532
0.003310
0.003103
0.002908
0.002981
0.000373
0.002147
0.198923
4.532813
4.753625
4.578700
0.786981
0.027680
6.487005
7.186506
7.846399
8.630092
8.666321
8.580547
8.419422
7.977297
7.422194
6.833643
6.033212
5.090171
4.042491
0.638653
0.002566
0.001411
0.002779
0.001668
0.000370
0.000257
0.000166
0.000167
0.000182
0.000262
0.000340
0.000692
0.001615
6.784004
7.865745
8.962679
9.140693
9.201747
9.252480
9.543894
9.712341
9.861172
9.989129
9.999612
9.999566
9.999478
9.999709
9.999564
9.999264
9.999253
9.999663
9.999743
9.999432
9.999390
9.999424
9.998793
9.998410
9.997961
9.998217
9.998687
9.998102
9.998158
9.998387
9.999428
9.999338
9.999372
9.999610
9.999730
9.999563
9.999671
9.999799
9.999757
9.999459
9.999274
9.999315
9.999745
9.999881
9.999917
9.999666
9.999645
9.999856
9.999836
9.999287
9.995538
9.984385
9.922014
9.900162
9.410510
9.410377
9.410464
9.410635
9.410612
9.410458
9.410218
9.409689
9.409656
9.410051
9.409724
9.407834
9.406593
9.407320
9.407999
9.408246
9.408467
9.409587
9.409529
9.408919
9.408001
9.407989
9.408488
9.408911
9.408913
9.408774
9.408560
9.409207
9.409486
9.410036
9.410401
9.410545
9.403204
9.384273
9.112888
8.864633
8.211126
7.686759
6.611101
5.875885
0.210230
0.005787
0.253095
0.053437
0.021488
0.212991
3.579122
3.214662
2.669443
0.008700
0.004595
0.004539
0.000779
0.000547
0.000428
0.000181
0.000201
0.000100
0.000136
0.000080
0.000061
0.000051
0.001526
0.001705
0.003264
0.001157
0.000746
0.000796
0.000583
0.000051
0.000016
0.000009
0.000009
0.000015
0.000010
0.000007
0.000004
0.000004
0.000004
0.000006
0.000005
0.000003
0.000005
0.000032
0.000029
0.000021
0.000015
0.000006
0.000012
0.000006
0.000008
0.000028
0.000034
0.000036
0.000055
0.000015
0.000011
0.000022
0.017390
1.908258
0.214852
0.013248
0.005164
0.000474
0.000375
0.000436
0.000379
0.000340
0.000307
0.000144
0.000013
0.000011
0.000018
0.000023
0.000036
0.000017
0.000023
0.000093
0.000082
0.000076
0.000112
0.000305
0.000059
0.000069
0.000095
0.000045
0.000188
0.000918
0.000076
0.000026
0.000019
0.000024
0.000016
0.000005
0.000004
0.000004
0.000004
0.000002
0.000003
0.000003
0.000023
0.000014
0.003300
0.003521
0.000006
0.000003
0.000002
0.000001
0.000001
0.000002
0.000002
0.000002
0.000002
0.000005
0.000006
0.000002
0.000001
0.000001
0.000000
0.000000
0.000001
0.000002
0.000001
0.000002
0.000002
0.000001
0.000001
0.000001
0.000000
0.000000
0.000001
0.000001
0.000001
0.000001
0.000001
0.000001
0.000002
0.000000
0.000000
0.000000
0.000001
0.000002
0.000001
0.000002
0.000002
0.000001
0.000000
0.000000
0.000000
0.000000
0.000000
0.000000
0.000000
0.000000
0.000000
0.000001
0.000001
0.000001
0.000000
0.000000
0.000000
0.000000
0.000000
0.000000
0.000000
0.000000
0.000000
0.000001
0.000001
0.000001
0.000001
0.000001
0.000001
0.000001
0.000003
0.000001
0.000000
0.000000
0.000001
0.000002
0.000010
0.000004
0.000002
0.000001
0.000002
0.000002
0.000003
0.000010
0.000000
0.000000
0.000000
0.000000
0.000000
0.000000
0.000000
0.000000
0.000000
0.000000
0.000000
0.000000
0.000000
0.000001
0.000000
0.000000
0.000000
0.000000
0.000000
0.000001
0.000001
0.000001
0.000001
0.000002
0.000002
0.000000
0.000000
0.000000
0.000000
0.000000
0.000000
0.000000
0.000000
0.000000
0.000000
0.000000
0.000000
0.000000
0.000000
0.000000
0.000000
0.000000
0.000000
0.000000
0.000000
0.000000
0.000000
0.000000
0.000000
0.000000
0.000000
0.000000
0.000000
0.000000
0.000000
0.000000
0.000000
0.000000
0.000000
0.000000
0.000000
0.000000
0.000000
0.000000
0.000000
0.000000
0.000000
0.000000
0.000000
0.000000
0.000001
0.000000
0.000000
0.000000
0.000000
0.000000
0.000000
0.000000
0.000000
0.000000
0.000000
0.000000
0.000000
0.000000
0.000000
0.000000
0.000000
0.000000
0.000000
0.000000
0.000000
0.000000
0.000000
0.000000
0.000000
0.000000
0.000000
0.000000
0.000000
0.000000
0.000000
0.000000
0.000000
0.000000
0.000000
0.000000
0.000000
0.000000
0.000000
0.000000
0.000000
0.000000
0.000000
0.000000
0.000000
0.000000
0.000000
0.000000
0.000000
0.000000
0.000000
0.000000
0.000000
0.000000
0.000000
0.000000
0.000000
0.000000
0.000000
0.000000
0.000000
0.000000
0.000000
0.000000
0.000000
0.000000
0.000000
0.000000
0.000000
0.000000
0.000000
0.000000
0.000000
0.000000
0.000000
0.000000
0.000000
0.000000
0.000000
0.000000
0.000000
0.000000
0.000000
0.000000
0.000000
0.000000
0.000000
0.000000
0.000000
0.000000
0.000000
0.000000
0.000000
0.000000
0.000000
0.000000
0.000000
0.000000
0.000000
0.000000
0.000000
0.000000
0.000000
0.000000
0.000000
0.000000
0.000000
0.000000
0.000000
0.000000
0.000000
0.000000
0.000000
0.000000
0.000000
0.000000
0.000000
0.000000
0.000000
0.000000
0.000000
0.000000
0.000000
0.000000
0.000000
0.000000
0.000000
0.000000
0.000000
0.000000
0.000000
0.000000
0.000000
0.000000
0.000000
0.000000
0.000000
0.000000
0.000000
0.000000
0.000000
0.000000
0.000000
0.000000
0.000000
0.005116
0.004218
2.171341
2.157167
2.008824
1.642106
0.321105
0.277089
0.004451
0.000000
0.000000
0.000000
0.000000
0.000000
0.000000
0.000000
0.000000
0.000000
0.000000
0.000000
0.000000
0.000000
0.000000
0.000000
0.000000
0.000000
0.000000
0.000000
0.000000
0.000000
0.000000
0.000000
0.000000
0.000000
0.000000
0.000000
0.000000
0.000000
0.000000
0.000000
0.000000
0.000000
0.000000
0.000000
0.000000
0.000000
0.000000
0.000000
0.000000
0.000000
0.000000
0.000000
0.000000
0.000000
0.000000
0.000000
0.000000
0.000000
0.000000
0.000000
0.000000
0.000000
0.000000
0.000000
0.000000
0.000000
0.004406
0.141001
0.074279
0.060141
0.040981
0.041818
0.227858
0.224520
0.206759
0.155552
0.138645
0.039893
0.037592
0.012047
0.000000
0.000000
0.000000
0.000000
0.000000
0.000000
0.000000
0.000000
0.000000
0.000000
0.000000
0.000000
0.000000
0.000000
0.000000
0.000000
0.000000
0.000000
0.000000
0.000000
0.000000
0.000000
0.000000
0.000000
0.000000
0.000000
0.000000
0.000000
0.000000
0.000000
0.000000
0.000000
0.000000
0.000000
0.000000
0.000000
0.000000
0.000000
0.000000
0.000000
0.000000
0.000000
0.000000
0.000000
0.000000
0.000000
0.000000
0.000000
0.000000
0.000000
0.000000
0.000000
0.000000
0.000000
