0.000000
0.001054
0.000993
0.001706
0.001750
0.001890
0.002001
0.004108
0.004093
0.004010
0.000287
0.000278
0.001656
0.004068
0.004791
0.009371
0.010160
0.010532
0.022902
0.023280
0.075330
0.128221
0.173808
0.354136
0.459751
3.597713
3.591842
3.357743
3.050362
2.625279
2.307218
2.138537
0.041270
0.020266
0.004045
0.003334
0.002686
0.002284
0.002057
0.002206
0.002359
0.003518
0.000032
0.000025
0.000038
0.000050
0.000031
0.000020
0.000025
0.000018
0.000030
0.000032
0.000027
0.000200
0.000112
0.000064
0.000051
0.000013
0.000012
0.000013
0.000016
0.000025
0.000012
0.000018
0.000079
0.000087
0.000347
0.000400
0.000893
0.288696
0.304921
1.530502
1.878267
3.050250
3.393408
0.008260
0.008374
0.007005
4.233118
4.815061
5.491709
6.462860
7.244242
7.803790
8.262935
8.871565
9.112819
9.375129
9.491517
9.542043
9.565738
9.568509
9.566111
9.563564
9.563277
9.564671
9.566987
9.569222
9.570803
9.570813
9.570915
9.571726
9.571905
9.571694
9.571763
9.571842
9.571850
9.571861
9.572016
9.571816
9.570924
9.570940
9.571576
9.994981
9.997390
9.998067
9.998211
9.998923
9.999180
9.999154
9.999370
9.999550
9.999526
9.999462
9.999335
9.998107
9.996345
9.992515
9.991421
9.992736
9.994769
9.996003
9.992533
9.990335
9.991207
9.993777
9.985044
9.976157
9.957151
9.935734
9.833296
9.729077
9.895911
9.926779
9.909874
9.901093
9.856282
9.777706
9.672212
9.583045
9.028457
7.941772
5.251134
7.815937
8.801674
0.007630
0.004814
0.002450
0.000277
0.000129
0.000129
0.000160
0.000161
0.000160
0.000111
0.000109
0.000067
0.000144
0.000123
0.000340
0.000775
0.000023
0.000028
0.000094
0.000108
0.000118
0.000151
0.000439
0.000443
0.000546
0.175526
9.068350
9.397536
9.606233
9.688412
9.737140
9.807101
9.806671
9.811892
9.829917
9.845028
9.865071
9.936076
9.954646
9.964218
9.964195
9.962996
9.962354
9.961972
9.961877
9.961971
9.961141
9.957611
9.953131
9.950296
9.946622
9.943019
9.858026
9.768340
9.293862
0.317163
0.286379
0.001277
0.000991
0.268117
0.247120
0.233667
0.009482
0.004767
0.004168
0.002794
0.000005
0.000002
0.000001
0.000001
0.000000
0.000000
0.000000
0.000000
0.000000
0.000000
0.000000
0.000000
0.000000
0.000001
0.000000
0.000000
0.000000
0.000001
0.000000
0.000000
0.000000
0.000001
0.000000
0.000001
0.000001
0.000002
0.000001
0.000002
0.000000
0.000000
0.000001
0.000000
0.000001
0.000001
0.000001
0.000002
0.000000
0.000000
0.000000
0.000000
0.000000
0.000000
0.000000
0.000000
0.000000
0.000000
0.000001
0.000000
0.000003
0.000001
0.000002
0.000001
0.000000
0.000001
0.000000
0.000000
0.000000
0.000000
0.000000
0.000001
0.000001
0.000001
0.000001
0.000001
0.000001
0.000001
0.000001
0.000001
0.000000
0.000001
0.000001
0.000001
0.000000
0.000000
0.000000
0.000001
0.000000
0.000000
0.000000
0.000000
0.000000
0.000000
0.000001
0.000001
0.000001
0.000001
0.000000
0.000000
0.000001
0.000001
0.000001
0.000004
0.000001
0.000000
0.000000
0.000000
0.000000
0.000000
0.000000
0.000000
0.000000
0.000000
0.000000
0.000000
0.000000
0.000000
0.000000
0.000000
0.000000
0.000001
0.000001
0.000002
0.000002
0.000000
0.000000
0.000000
0.000000
0.000002
0.000000
0.000000
0.000000
0.000000
0.000000
0.000000
0.000001
0.000001
0.000000
0.000000
0.000000
0.000000
0.000000
0.000001
0.000001
0.000001
0.000001
0.000002
0.000004
0.000003
0.000005
0.000001
0.000002
0.000008
0.000009
0.000039
0.000115
0.000138
0.000200
7.578377
7.673226
0.188682
0.187476
7.495883
7.765870
8.516960
8.802276
8.989054
9.106770
9.200751
9.251042
9.315405
9.331239
9.373851
9.430609
9.502212
9.583800
9.620681
9.630727
9.640210
9.643284
9.643074
9.644388
9.646985
9.645617
9.643271
9.633822
9.629017
9.601187
9.590021
9.581651
9.575195
9.563325
9.557975
9.337042
9.294019
9.013388
9.023902
9.025710
9.029400
9.028432
9.025526
9.023095
9.016467
9.016125
9.019316
9.023948
9.024799
9.024734
9.024802
9.021247
9.019467
9.022939
9.022037
9.099146
9.251231
9.285669
9.292272
9.289271
9.276896
9.259608
9.246213
9.223380
9.133591
9.277027
9.329332
0.000002
0.000001
0.000001
0.000000
0.000000
0.000000
0.000000
0.000000
0.000000
0.000000
0.000000
0.000000
0.000000
0.000000
0.000000
0.000000
0.000000
0.000000
0.000000
9.280790
9.255091
9.227130
9.209079
9.169746
9.155920
9.143298
9.130572
9.111313
9.097496
9.087703
0.001129
0.000689
0.000888
0.000763
0.001471
0.002277
0.000095
0.000068
0.000100
0.000514
0.000254
0.000281
0.000336
0.000303
0.000450
0.002028
0.001127
0.000158
0.000133
0.000443
0.000056
0.000065
0.000016
0.000016
0.000021
0.000008
0.000013
0.000009
0.000004
0.000003
0.000004
0.000011
0.000008
0.000009
0.000015
0.000084
0.000113
0.000160
0.000275
0.001418
0.001770
9.133442
9.161729
9.163460
9.163165
9.165242
9.166494
9.168837
9.170788
9.173380
9.163913
9.153630
9.139569
0.013546
0.014821
0.005160
0.005172
9.109149
9.108514
0.002487
0.002297
9.089722
9.081406
9.080950
9.075458
9.073678
9.060414
9.030627
8.868957
8.752051
8.506766
8.347005
6.827402
4.100684
2.834376
0.042633
0.011493
0.000009
0.000000
0.000001
0.000001
0.000001
0.000003
0.000002
0.000003
0.000005
0.000001
0.000002
0.000003
0.000001
0.000002
0.000004
0.000002
0.000002
0.000001
0.000001
0.000003
0.000001
0.000003
0.000004
0.000000
0.000001
0.000001
0.000003
0.000008
0.000004
0.000007
0.000027
0.000022
0.000043
0.000005
0.000010
0.000038
0.000039
0.000001
0.000000
0.000000
0.000001
0.000001
0.000002
0.000001
0.000001
0.000001
0.000000
0.000000
0.000001
0.000001
0.000000
0.000001
0.000000
0.000003
0.000000
0.000000
0.000000
0.000000
0.000000
0.000000
0.000000
0.000000
0.000000
0.000001
0.000000
0.000000
0.000001
0.000001
0.000002
0.000015
0.000000
0.000001
0.000000
0.000000
0.000000
0.000000
0.000000
0.000000
0.000001
0.000003
0.000001
0.000002
0.000001
0.000001
0.000002
0.000003
0.000051
0.001348
0.001517
0.001537
0.000018
0.000007
0.000002
0.000001
0.000001
0.000000
0.000001
0.000001
0.000000
0.000001
0.000001
0.000003
0.000001
0.000000
0.000000
0.000001
0.000000
0.000000
0.000000
0.000000
0.000000
0.000000
0.000000
0.000000
0.000000
0.000000
0.000000
0.000000
0.000000
0.000000
0.000000
0.000000
0.000000
0.000000
0.000002
0.000001
0.000001
0.000000
0.000000
0.000001
0.000000
0.000001
0.000000
0.000000
0.000000
0.000000
0.000000
0.000000
0.000000
0.000000
0.000000
0.000000
0.000000
0.000000
0.000000
0.000000
0.000000
0.000000
0.000000
0.000000
0.000000
0.000000
0.000000
0.000000
0.000000
0.000000
0.000000
0.000000
0.000000
0.000001
0.000000
0.000000
0.000000
0.000000
0.000000
0.000000
0.000000
0.000000
0.000000
0.000000
0.000000
0.000000
0.000000
0.000000
0.000000
0.000000
0.000000
0.000000
0.000000
0.000000
0.000000
0.000000
0.000000
0.000000
0.000000
0.000000
0.000000
0.000000
0.000000
0.000000
0.000000
0.000000
0.000000
0.000000
0.000000
0.000000
0.000000
0.000000
0.000000
0.000000
0.000000
0.000000
0.000000
0.000000
0.000000
0.000000
0.000000
0.000000
0.000000
0.000000
0.000000
0.000000
0.000000
0.000000
0.000000
0.000000
0.000000
0.000000
0.000000
0.000000
0.000000
0.000000
0.000000
0.000000
0.000000
0.000000
0.000000
0.000000
0.000000
0.000000
0.000000
0.000000
0.000000
0.000000
0.000000
0.000000
0.000000
0.000000
0.000000
0.000000
0.000000
0.000000
0.000000
0.000000
0.000000
0.000000
0.000000
0.000000
0.000000
0.000000
0.000000
0.000000
0.000000
0.000000
0.000000
0.000000
0.000000
0.000000
0.000000
0.000000
0.000000
0.000000
0.000000
0.000000
0.000000
0.000000
0.000000
0.000000
0.000000
0.000000
0.000000
0.000000
0.000000
0.000000
0.000000
0.000000
0.000000
0.000000
0.000000
0.000000
0.000000
0.000000
0.000000
0.000000
0.000000
0.000000
0.000000
0.000000
0.000000
0.000000
0.000000
0.000000
0.000000
0.000000
0.000000
0.000000
0.000000
0.000000
0.000000
0.000000
0.000000
0.000000
0.000000
0.000000
0.000000
0.000000
0.000000
0.000000
0.000000
0.000000
0.000000
0.000000
0.000000
0.000000
0.000000
0.000000
0.000000
0.000000
0.000000
0.000000
0.000000
0.000000
0.000000
0.000000
0.000000
0.000000
0.000000
0.000000
0.000000
0.000000
0.000000
0.000000
0.000000
0.000000
0.000000
0.000000
0.000000
0.000000
0.000000
0.000000
0.000000
0.000000
0.000000
0.000000
0.000000
0.000000
0.000000
0.000000
0.000000
0.000000
0.000000
0.000000
0.000000
0.000000
0.000000
0.000000
0.000000
0.000000
0.000000
0.000000
0.000000
0.000000
0.000000
0.000000
0.000000
0.000000
0.000000
0.000000
0.000000
0.000000
0.000000
0.000000
0.000000
0.000000
0.000000
0.000000
0.000000
0.000000
0.000000
0.000000
0.000000
0.000000
0.000000
0.000000
0.000000
0.000000
0.000000
0.000000
0.000000
0.000000
0.000000
0.000000
0.000000
0.000000
0.000000
0.000000
0.000000
0.000000
0.000000
0.000000
0.000000
0.000000
0.000000
0.000000
0.000000
0.000000
0.000000
0.000000
0.000000
0.000000
0.000000
0.000000
0.000000
0.000000
0.000000
0.000000
0.000000
0.000000
0.000000
0.000000
0.000000
0.000000
0.000000
0.000000
0.000000
0.000000
0.000000
0.000000
0.000000
0.000000
0.000000
0.000000
0.000000
0.000000
0.000000
0.000000
0.000000
0.000000
0.000000
0.000000
0.000000
0.000000
0.000000
0.000000
0.000000
0.000000
0.000000
0.000000
0.000000
0.000000
0.000000
0.000000
0.000000
0.000000
0.000000
0.000000
0.000000
0.000000
0.000000
0.000000
0.000000
0.000000
0.000000
0.000000
0.000000
0.000000
0.000000
0.000000
0.000000
0.000000
0.000000
0.000000
0.000000
0.000000
0.000000
0.000000
0.000000
0.000000
0.000000
0.000000
0.000000
0.000000
0.000000
0.000000
0.000000
0.000000
0.000000
0.000000
0.000000
0.000000
0.000000
0.000000
0.000000
0.000000
0.000000
0.000000
0.000000
0.000000
0.000000
0.000000
0.000000
0.000000
0.000000
0.000000
0.000000
0.000000
0.000000
0.000000
0.000000
0.000000
0.000000
0.000000
0.000000
0.000000
0.000000
0.000000
0.000000
0.000000
0.000000
0.000000
0.000000
0.000000
0.000000
0.000000
0.000000
0.000000
0.000000
0.000000
0.000000
0.000000
0.000000
0.000000
0.000000
0.000000
0.000000
0.000000
0.000000
0.000000
