0.000000
0.000469
0.006068
0.023805
0.022737
0.021391
0.020361
0.011219
0.011200
0.006485
0.006374
0.000227
0.000092
0.002509
0.003359
0.007604
0.007243
0.022796
0.030248
1.284419
1.060462
0.652545
0.443563
0.164726
0.111717
0.033896
0.036508
0.058443
0.059397
0.062541
0.065437
0.000479
0.000315
0.000193
0.000217
0.000571
0.081209
0.095420
0.276576
0.462133
0.494096
0.507478
0.213400
0.488411
0.027615
0.215391
0.005654
0.001666
0.000071
0.000196
0.000211
0.005092
0.005085
0.026030
0.027551
0.028243
0.028756
0.030414
0.039651
0.205599
1.190400
1.382991
1.462761
0.204683
0.082635
0.030455
0.001102
0.001544
0.001491
0.000484
0.000207
0.000027
0.000044
0.000038
0.000264
0.000260
0.000498
0.000120
0.000150
0.000341
0.001165
0.001477
0.002802
0.003053
0.004866
0.011481
0.016321
1.859018
2.056652
2.104074
2.138880
2.197146
0.018642
2.029656
2.010450
2.066304
2.076175
2.053446
2.005577
1.962023
0.021268
0.000117
0.000093
0.000146
0.000033
0.000034
0.000037
0.000080
0.000038
0.000041
0.000107
0.001033
0.001025
0.001079
0.018182
1.821133
1.759347
0.017619
0.040482
1.223206
1.336551
0.011769
1.873689
2.131765
0.090370
3.066381
3.361688
3.561069
3.782510
3.888710
4.141526
4.194967
4.260861
4.295007
4.335775
4.291086
4.394832
4.448369
4.558535
4.590707
4.656502
5.265493
5.551948
5.592547
5.627204
5.623013
5.615686
5.563949
5.461997
5.321035
5.242233
5.091122
4.984672
4.948049
4.793413
4.460940
4.236302
4.082800
3.966912
3.836199
3.629073
3.516892
3.239800
2.883323
2.461755
2.254723
1.911377
1.704839
1.270927
0.076352
0.062230
0.005296
0.002382
0.002438
0.004666
0.005507
0.002613
0.003285
0.003311
0.000688
0.001041
0.501444
1.397045
1.645323
3.125252
3.670260
4.361515
4.280270
0.001491
0.000979
0.000730
0.000509
0.000270
0.000282
0.000899
0.000804
4.117165
4.087927
4.067891
4.066155
4.094971
4.109943
4.138401
0.014514
0.019131
4.333023
4.427341
4.514951
4.675295
4.708229
4.759479
4.831232
4.881016
4.893326
4.898490
4.925470
4.954840
4.913716
4.893054
4.862296
4.810740
0.043160
4.873086
4.944805
5.040554
5.255375
5.309539
5.423301
5.485196
5.563909
5.617257
5.708753
5.752256
5.800600
5.812530
5.811705
5.679139
5.703875
5.627621
5.585601
5.399473
5.494752
5.426537
5.358367
5.311036
5.238866
5.184170
5.140531
0.016548
5.122812
5.124098
5.238927
5.277197
5.362822
5.432686
5.504197
5.572481
5.585460
5.586374
5.600387
5.609424
5.578816
5.529235
5.491316
5.394729
5.353888
5.275012
5.138606
4.977041
4.866466
4.774114
4.632931
4.428752
4.265153
4.012969
0.067501
3.840723
3.709403
3.471491
3.207980
2.836742
2.596519
2.400705
2.233338
2.045976
0.048051
1.151434
1.106215
1.247952
1.198780
2.289385
2.536152
2.838611
3.020513
3.293669
3.563791
0.007251
3.982344
4.182061
4.341734
4.495685
4.651131
4.801789
4.990983
5.153656
5.366182
5.446449
5.528868
5.612098
5.675111
5.701746
5.703099
5.583750
5.596126
5.441900
5.221812
5.005806
4.802200
4.515049
4.007574
3.607341
3.310674
3.059470
2.843093
2.665882
0.044839
0.037384
0.025517
0.058957
0.052711
0.049543
0.045904
0.043506
0.040192
0.028255
0.019756
0.013323
0.012384
0.011443
0.010559
0.010552
0.008334
0.000064
0.000082
0.000276
0.000241
0.000149
0.000101
0.000134
0.000105
0.000124
0.000141
0.003831
0.003640
0.003565
0.003439
0.003035
0.000125
0.000099
0.000087
0.000114
0.000084
0.000077
0.000044
0.000034
0.000063
0.000997
0.001883
0.002156
0.005053
0.005615
0.006574
0.010120
0.019182
0.021214
0.036745
0.061467
0.063281
1.899329
0.013286
0.016250
2.221164
2.310908
2.626917
2.756689
2.876368
3.119819
3.280091
3.441664
3.583321
3.888864
0.008914
0.004224
0.004475
0.002985
0.000074
0.000031
0.000016
0.000024
0.000009
0.000005
0.000085
0.000072
0.000053
0.000045
0.000071
0.000078
4.111655
4.171136
4.244353
4.311690
4.218587
0.001400
0.000093
0.000155
0.000097
0.000037
0.000024
0.000006
0.000008
0.000006
0.000006
0.000011
0.000010
0.000009
0.000822
3.898532
3.860464
3.739484
3.356296
0.205934
3.481167
0.000693
0.000019
0.000015
0.000012
0.000022
0.000026
0.000016
0.000025
0.000020
0.000018
0.000014
0.000019
0.000021
0.000207
0.000207
0.025734
0.026091
3.964079
4.181457
4.451667
4.775894
4.879229
4.967726
5.115836
5.262549
5.353638
5.415008
0.000917
0.000887
5.377406
5.526584
5.564099
5.625955
5.716951
5.656230
5.637648
5.481454
4.759432
5.857896
6.158611
6.520152
6.999434
7.268117
7.303324
7.332551
0.000108
0.000030
0.000026
0.000023
0.000053
0.000056
0.000019
0.000163
0.000078
0.000110
0.000125
0.000445
0.000889
0.001579
7.441960
7.474599
7.480776
7.521493
7.564034
7.607135
7.643938
7.675445
7.656118
7.651276
7.645480
7.590449
7.581476
7.596862
7.495062
7.454868
7.388767
7.281881
7.197195
7.140561
7.088775
7.067440
7.050989
7.058707
7.095035
7.100251
7.105544
7.123697
7.013202
6.938385
6.870044
6.812716
6.585151
5.610661
4.680214
3.948086
3.404889
2.981164
2.494300
2.128065
0.968964
0.565507
0.476017
0.443234
0.266229
0.030164
0.028639
0.068335
0.085236
0.091690
0.102065
0.426127
0.440358
0.457476
0.457234
0.416593
0.030619
0.022165
0.021826
0.022337
0.022032
0.029320
0.000413
0.000010
0.000015
0.000008
0.000013
0.000009
0.000018
0.000004
0.000006
0.000008
0.000005
0.000004
0.000004
0.000003
0.000008
0.000006
0.000008
0.000008
0.000006
0.000011
0.000160
0.000141
0.000129
0.000026
0.000018
0.000021
0.000015
0.000015
0.000031
0.000026
0.000013
0.000008
0.000010
0.000021
0.000049
0.000034
0.000022
0.000022
0.000022
0.000022
0.000048
0.000077
0.000043
0.000015
0.000009
0.000029
0.000042
0.000023
0.000014
0.000016
0.000014
0.000014
0.000301
0.000058
0.000072
0.038423
0.040202
0.783060
0.801429
0.806843
0.729467
0.000375
0.021339
0.022395
0.001904
0.000287
0.000171
0.005787
0.005026
0.004094
0.003302
0.000299
0.000251
0.000151
0.000129
0.000110
0.000136
0.001344
0.001245
0.000186
0.388765
0.447252
0.431741
0.422786
0.573871
0.602169
0.618266
0.593766
0.580617
0.551472
0.529619
0.476161
0.408601
0.370619
0.160562
0.047216
0.093954
0.091677
0.096066
0.101839
0.099980
0.094234
0.086137
0.029827
0.028608
0.027067
0.024834
0.023468
0.005899
0.005442
0.006523
0.006245
0.006531
0.010318
0.010705
0.011662
0.011783
0.020169
0.082844
0.088247
0.113901
0.119420
0.121027
0.140292
0.156036
0.146314
0.002725
0.000321
0.017345
0.018221
0.018329
0.029211
0.033327
0.000058
0.000898
0.000851
0.000876
0.000073
0.000042
0.000036
0.000012
0.000010
0.000017
0.000020
0.008674
0.008102
0.008130
0.057672
0.064808
0.178270
0.226693
0.226086
0.192444
0.183661
0.168453
0.012123
0.025714
0.022373
0.004218
0.003871
0.000501
0.000447
0.000348
0.003243
0.004575
0.085392
0.129312
0.133092
0.140519
0.149284
0.151606
0.145954
0.135551
0.074791
0.074809
0.067683
0.004493
0.004152
0.004398
0.004937
0.005694
0.006339
0.000082
0.000093
0.000062
0.000077
0.000147
0.000531
0.034578
0.212210
0.238933
0.252783
0.266263
0.263276
0.262647
0.261967
0.250481
0.015067
0.025101
0.000251
0.000032
0.000029
0.000026
0.000487
0.000593
0.000732
0.000930
0.023646
0.080228
0.084514
0.090381
0.105555
0.121345
0.134536
0.135929
0.137657
0.134808
0.123802
0.013914
0.069133
0.096307
0.193305
0.353233
0.515709
1.286137
1.602358
1.944965
0.035059
0.001656
0.000046
0.000051
0.000068
0.000083
0.000167
0.000332
0.011640
0.029847
0.074875
0.091295
2.463334
2.818356
3.218028
3.663256
4.313078
0.001908
0.002628
0.004530
0.012626
0.016415
6.361960
6.972227
7.123080
7.208650
7.288203
7.465837
7.625922
7.717316
7.744092
7.757515
7.782484
7.679960
7.622968
7.571687
7.530446
7.476629
7.415189
7.342417
7.129923
6.703254
6.410269
6.152376
5.446912
3.771415
3.494572
0.013075
0.005418
0.004233
0.006243
0.005796
0.003612
0.000892
0.000513
0.000057
0.000032
0.000031
0.000023
0.000021
0.000011
0.000013
0.000454
0.000447
0.000710
0.000889
0.002904
0.001892
0.002055
0.002236
0.002366
0.002709
0.000416
0.000589
0.000838
0.001419
4.498936
0.006031
0.017281
0.015234
0.016905
0.013998
0.223086
4.851689
5.087877
5.492559
5.846127
6.294068
6.833699
7.386153
8.039811
8.585146
8.647100
8.790736
8.978563
9.055340
9.112603
9.137202
9.159900
9.172694
9.191576
9.208099
9.224079
9.234976
0.000000
0.000000
0.000000
0.000000
0.000000
0.000000
0.000000
0.000000
0.000000
0.000000
0.000000
0.000000
0.000000
0.000000
0.000000
0.000000
0.000000
0.000000
0.000000
0.000000
0.000000
0.000000
0.000000
0.000000
0.000000
0.000000
0.000000
0.000000
0.000000
0.000000
0.000000
0.000000
0.000000
0.000000
0.000000
0.000000
0.000000
0.000000
0.000000
0.000000
0.000000
0.000000
0.000000
0.000000
0.000000
0.000000
0.000000
0.000000
0.000000
0.000000
0.000000
0.000000
0.000000
0.000000
0.000000
0.000000
0.000000
0.000001
9.250100
9.394607
9.390169
9.322447
9.279052
9.219186
9.098223
8.940658
8.756035
8.577773
8.254836
7.819207
7.426619
7.049619
6.694293
6.327517
5.826891
5.375028
5.031303
4.694774
4.350296
4.060326
3.818378
3.596439
0.089062
0.006266
0.006200
0.006014
0.004659
0.000361
0.000326
0.007864
2.831419
2.747492
0.191734
0.001294
0.000527
0.000512
0.000398
0.000424
0.000683
0.000412
0.000383
0.112643
0.072479
0.033937
0.032717
0.039735
0.266547
3.120672
3.260965
3.400495
3.562374
0.431310
0.020565
0.026191
0.577652
0.658559
0.113006
0.000069
0.000056
0.000035
0.000037
0.000027
0.000038
0.000044
0.000065
0.000138
0.000187
0.000194
0.000328
0.000622
0.003833
0.012180
0.013356
5.978353
6.806992
7.731658
8.407622
8.968353
9.075326
9.253655
9.314609
9.289748
9.260740
9.211861
9.177888
9.137631
0.010774
0.010494
0.006229
0.009978
0.009584
0.005470
9.075568
9.097317
9.122345
9.160799
9.172739
9.179024
9.073735
9.089022
9.094514
9.080205
9.013371
0.005545
0.004671
0.004357
0.004242
0.004078
0.004011
0.000117
0.000030
0.000017
0.000015
0.000022
0.000018
0.000022
0.000012
0.000006
0.000017
0.000053
0.000310
0.000018
0.000008
0.000007
0.000025
0.000020
0.000004
0.000004
8.757182
8.653139
8.428341
7.893261
7.447936
6.932779
0.787119
0.066290
0.029125
0.024370
0.555093
0.226748
4.938753
4.768436
0.074169
0.052542
0.060930
0.066504
0.001236
0.000931
0.000850
0.000806
0.001049
0.000907
0.070776
4.746835
4.943084
4.961139
4.842492
0.370770
4.637049
4.953841
5.461128
5.711585
5.840303
5.923524
5.980300
6.078959
6.124226
6.028190
5.729201
5.491106
5.175021
4.967304
0.066578
0.056200
0.053881
0.003312
0.000212
0.000128
0.000155
0.000146
0.000102
0.000126
0.000137
0.000191
0.000241
0.000548
0.008166
0.033048
0.121392
4.354978
4.592868
4.962147
5.196223
5.261489
5.595759
5.895898
6.139548
6.336879
6.541949
6.702815
6.899330
7.190398
7.815103
8.050622
8.342801
8.774029
8.843112
8.713441
0.000258
0.000188
0.000071
0.000022
0.000015
0.000011
0.000006
0.000003
0.000002
0.000001
0.000001
0.000000
0.000000
0.000001
0.000001
0.000002
0.000003
0.000001
0.000001
0.000001
0.000002
0.000002
0.000003
0.000009
0.000013
0.000027
8.744353
8.864393
8.893849
8.911348
8.929736
8.934049
8.937906
8.935459
8.929821
8.921735
8.924077
8.925921
8.928859
8.932481
8.937458
8.944679
8.945355
8.945599
8.967114
9.202432
9.301484
9.317146
9.313913
9.302531
9.342183
0.013452
0.003679
0.003015
0.002631
0.002187
0.001784
8.982340
8.991012
8.984396
8.983242
8.962985
8.944752
8.947010
8.957126
8.961630
8.966179
8.984105
8.997710
9.003935
9.042915
9.022497
9.015410
9.005377
8.993427
8.964011
8.861429
8.769231
8.497315
7.988934
0.213590
7.213369
0.101053
0.041774
0.005255
0.004944
0.004442
0.004216
0.004184
0.004214
0.004225
0.004298
0.004410
0.037796
0.102626
7.247246
7.237139
7.288706
7.313648
7.160811
7.044786
6.851272
6.617307
6.416021
6.108053
0.142663
0.001253
0.002217
0.004755
0.000000
0.000000
0.000000
0.000000
0.000000
0.005431
0.009311
5.876613
5.728822
5.613956
5.531396
5.439044
0.001334
0.000690
0.000726
0.000898
0.003894
5.278576
5.087897
4.964133
4.802556
4.616884
4.287825
3.803720
3.424826
0.004678
0.004541
0.005218
0.002074
2.883286
2.678366
0.162354
0.060449
2.467474
2.429721
0.041155
2.228926
0.011976
0.003348
0.003892
0.010089
0.038121
0.041813
0.050260
0.049312
0.040385
0.037191
0.037820
0.035925
0.032900
0.029946
0.026715
0.017920
0.017091
0.003466
0.003780
0.004127
0.004556
0.004511
0.004480
0.004691
0.004555
0.004338
0.003578
0.003074
0.002661
0.002404
0.002351
0.002207
0.001745
0.000201
0.000055
0.000033
0.000019
0.000020
0.000019
0.000024
0.000015
0.000018
0.000024
0.000054
0.000092
0.000040
0.000030
0.000061
0.000021
0.000022
0.000028
0.000038
0.000032
0.000019
0.000023
0.000021
0.000019
0.000020
0.000025
0.000025
0.000026
0.000033
0.000037
0.000028
0.000031
0.000036
0.001038
0.001302
0.001573
0.001601
0.001618
0.001776
0.001892
0.002045
0.001941
0.001758
0.001801
0.034093
0.068125
0.069043
0.096192
2.212909
2.256542
0.013935
2.099591
2.073196
0.003169
0.002966
0.002851
0.002762
0.002722
0.000004
0.000002
0.000001
0.000001
0.000001
0.000000
0.000000
0.000000
0.000001
0.000001
0.000002
0.000001
0.000000
0.000000
0.000001
0.000000
0.000000
0.000000
0.000000
0.000001
0.000002
0.000001
0.000001
0.000000
0.000001
0.000001
0.000003
0.000001
0.000001
0.000001
0.000002
0.000022
0.000016
0.000002
0.000001
0.000001
0.000001
0.000001
0.000001
0.000001
0.000002
0.000003
0.000002
0.002821
0.003005
0.002919
0.004063
0.004998
0.005087
0.007271
0.007820
0.003813
0.003600
0.002957
0.000027
0.000152
0.000012
0.000004
0.000001
0.000001
0.000003
0.000004
0.000004
0.000002
0.000001
0.000001
0.000002
0.000002
0.000000
0.000001
0.000003
0.000003
0.000001
0.000000
0.000001
0.000001
0.000002
0.000003
0.000001
0.000002
0.000001
0.000002
0.000001
0.000001
0.000001
0.000001
0.000002
0.000002
0.000001
0.000001
0.000002
0.000002
0.000004
0.000002
0.000002
0.000001
0.000002
0.000002
0.000004
0.000001
0.000001
0.000001
0.000001
0.000002
0.000000
0.000000
0.000001
0.000001
0.000001
0.000000
0.000000
0.000000
0.000001
0.000001
0.000001
0.000002
0.000001
0.000001
0.000001
0.000002
0.000001
0.000001
0.000001
0.000001
0.000002
0.000002
0.000002
0.000002
0.000002
0.000003
0.000004
0.000003
0.000002
0.000001
0.000001
0.000002
0.000005
0.000002
0.000001
0.000001
0.000002
0.000002
0.000001
0.000000
0.000001
0.000001
0.000001
0.000001
0.000001
0.000001
0.000003
0.000004
0.000002
0.000002
0.000001
0.000002
0.000002
0.000001
0.000001
0.000001
0.000002
0.000002
0.000001
0.000001
0.000002
0.000003
0.000005
0.000002
0.000002
0.000001
0.000001
0.000002
0.000006
0.000003
0.000001
0.000001
0.000002
0.000002
0.000001
0.000001
0.000001
0.000001
0.000001
0.000001
0.000001
0.000001
0.000004
0.000004
0.000002
0.000002
0.000002
0.000003
0.000002
0.000002
0.000002
0.000002
0.000002
0.000002
0.000002
0.000001
0.000002
0.000003
0.000006
0.000003
0.000003
0.000001
0.000001
0.000002
0.000006
0.000003
0.000001
0.000002
0.000002
0.000002
0.000001
0.000001
0.000001
0.000001
0.000002
0.000001
0.000001
0.000002
0.000005
0.000005
0.000002
0.000003
0.000002
0.000003
0.000003
0.000002
0.000004
0.000005
0.000003
0.000003
0.000002
0.000001
0.000004
0.000012
0.000021
0.000006
0.000003
0.000001
0.000002
0.000003
0.000010
0.000006
0.000002
0.000002
0.000002
0.000003
0.000001
0.000001
0.000001
0.000001
0.000002
0.000001
0.000001
0.000002
0.000005
0.000006
0.000003
0.000003
0.000002
0.000004
0.000003
0.000003
0.000007
0.000006
0.000003
0.000003
0.000003
0.000002
0.000004
0.000021
0.000026
0.000003
0.000003
0.000001
0.000002
0.000002
0.000007
0.000004
0.000002
0.000002
0.000002
0.000002
0.000001
0.000001
0.000002
0.000001
0.000001
0.000001
0.000001
0.000002
0.000002
0.000004
0.000002
0.000003
0.000002
0.000004
0.000003
0.000003
0.000002
0.000002
0.000003
0.000003
0.000003
0.000002
0.000003
0.000006
0.000008
0.000004
0.000003
0.000001
0.000002
0.000003
0.000009
0.000006
0.000002
0.000002
0.000003
0.000003
0.000001
0.000001
0.000002
0.000002
0.000002
0.000001
0.000002
0.000003
0.000007
0.000007
0.000003
0.000004
0.000003
0.000005
0.000004
0.000003
0.000004
0.000003
0.000003
0.000003
0.000003
0.000002
0.000003
0.000006
0.000008
0.000006
0.000004
0.000001
0.000003
0.000004
0.000016
0.000014
0.000002
0.000003
0.000003
0.000003
0.000001
0.000001
0.000002
0.000002
0.000002
0.000002
0.000002
0.000003
0.000008
0.000008
0.000004
0.000004
0.000003
0.000005
0.000004
0.000003
0.000004
0.000004
0.000004
0.000003
0.000003
0.000003
0.000004
0.000006
0.000009
0.000006
0.000004
0.000002
0.000003
0.000005
0.000018
0.000016
0.000003
0.000003
0.000003
0.000003
0.000001
0.000001
0.000002
0.000003
0.000003
0.000002
0.000002
0.000004
0.000009
0.000009
0.000004
0.000005
0.000003
0.000006
0.000004
0.000004
0.000010
0.000010
0.000004
0.000004
0.000004
0.000003
0.000005
0.000034
0.000039
0.000004
0.000005
0.000002
0.000003
0.000004
0.000011
0.000009
0.000003
0.000003
0.000004
0.000004
0.000001
0.000001
0.000003
0.000003
0.000003
0.000003
0.000003
0.000005
0.000011
0.000008
0.000004
0.000004
0.000003
0.000006
0.000006
0.000005
0.000016
0.000015
0.000006
0.000006
0.000005
0.000004
0.000006
0.000038
0.000048
0.000004
0.000004
0.000002
0.000003
0.000004
0.000013
0.000010
0.000003
0.000003
0.000004
0.000004
0.000001
0.000001
0.000002
0.000003
0.000003
0.000002
0.000003
0.000004
0.000010
0.000010
0.000004
0.000005
0.000004
0.000007
0.000005
0.000005
0.000014
0.000014
0.000005
0.000005
0.000005
0.000004
0.000006
0.000038
0.000048
0.000004
0.000004
0.000002
0.000003
0.000004
0.000015
0.000012
0.000003
0.000105
0.000049
0.000191
0.000086
0.000092
0.000004
0.000003
0.000003
0.000002
0.000003
0.000004
0.000011
0.000011
0.000004
0.000005
0.000003
0.000010
0.000005
0.000005
0.000005
0.000004
0.000005
0.000003
0.000003
0.000004
0.000005
0.000008
0.000012
0.000004
0.000004
0.000002
0.000003
0.000005
0.000023
0.000022
0.000003
0.000005
0.000006
0.000140
0.000159
0.004130
0.004120
0.003974
0.003640
0.004034
0.001489
0.001408
0.000055
0.000016
0.000009
0.000010
0.000004
0.000007
0.000007
0.000093
0.000080
0.000073
0.000067
0.000050
0.000005
0.000011
0.000013
0.000045
0.000051
0.000005
0.000004
0.000002
0.000004
0.000005
0.000018
0.000017
0.000003
0.000004
0.000006
0.000005
0.000003
0.000002
0.000003
0.000005
0.000004
0.000004
0.000011
0.000007
0.000016
0.000016
0.000008
0.000010
0.000004
0.000007
0.000006
0.000007
0.000007
0.000007
0.000007
0.000004
0.000005
0.000013
0.000016
0.000033
0.000035
0.000007
0.000004
0.000002
0.000004
0.000007
0.000033
0.000033
0.000004
0.000005
0.000007
0.000006
0.000004
0.000002
0.000003
0.000005
0.000004
0.000004
0.000012
0.000007
0.000016
0.000016
0.000008
0.000010
0.000004
0.000006
0.000007
0.000007
0.000007
0.000007
0.000007
0.000004
0.000005
0.000014
0.000016
0.000046
0.000049
0.000004
0.000004
0.000002
0.000004
0.000005
0.000018
0.000018
0.000003
0.000003
0.000004
0.000003
0.000001
0.000001
0.000003
0.000003
0.000002
0.000002
0.000003
0.000004
0.000007
0.000005
0.000006
0.000014
0.000003
0.000027
0.001344
0.003909
0.008568
0.010360
0.012186
0.012031
0.002390
0.000101
0.000009
0.000011
0.000011
0.000013
0.000013
0.000004
0.000004
0.000005
0.000005
0.000006
0.000006
0.000003
0.000003
0.000004
0.000005
0.000004
0.000002
0.000001
0.000003
0.000002
0.000002
0.000001
0.000001
0.000002
0.000003
0.000003
0.000004
0.000011
0.000003
0.000005
0.000003
0.000005
0.000009
0.000008
0.000007
0.000006
0.000009
0.000007
0.000005
0.000006
0.000007
0.000009
0.000011
0.000004
0.000006
0.000017
0.000018
0.000023
0.000021
0.000015
0.000017
0.000014
0.000016
0.000027
0.000032
0.000044
0.000209
0.010472
1.612553
1.552556
1.471425
0.055000
0.000176
0.000665
0.000252
0.000128
0.000111
0.019219
0.020877
0.034288
0.101357
0.109603
0.118096
0.215359
0.328125
1.107692
0.007214
3.863697
4.310357
4.861388
5.545937
6.636052
7.400163
7.832727
8.404441
8.512408
8.561182
8.578958
8.609756
8.627748
8.663892
8.681397
8.698019
8.721281
8.749703
8.777749
8.862809
8.893187
8.899921
8.903352
8.904091
8.905338
8.895640
8.892159
8.889146
8.891532
8.899447
8.884754
8.874132
8.863657
8.859390
8.842845
8.838219
8.840280
8.848820
8.844245
0.000313
0.000258
0.000125
0.000103
0.000125
0.000019
0.000027
0.000028
0.000055
8.830105
8.835484
8.849429
8.869521
8.876634
8.876923
8.876576
8.876720
8.876764
8.874657
0.000035
0.000021
0.000007
0.000008
0.000014
0.000006
0.000035
0.000041
0.000047
0.000068
0.000086
0.000337
8.879723
8.877185
8.873417
8.873315
8.876677
8.882114
8.885085
8.887389
8.877223
8.897614
9.268249
9.396378
9.430851
9.452381
9.453455
9.459372
9.467212
9.475022
9.482464
9.486708
9.487664
9.477795
9.486633
9.500453
9.498650
9.495877
9.493625
9.489994
9.485811
9.481504
9.479156
9.479158
9.477604
9.474877
9.465046
9.461609
9.459781
9.461289
9.466030
9.466522
9.464510
9.462236
9.460560
9.458051
9.457918
9.451212
9.447333
9.155897
9.024141
8.354269
8.002888
7.567196
0.070142
0.019711
7.303327
7.561392
7.568905
7.577147
7.590264
7.671941
7.821267
7.807077
0.039641
7.714164
7.603294
7.982671
8.034974
7.894292
8.050564
8.158248
0.029341
8.248949
8.254225
8.275195
8.313300
8.296008
8.312835
8.333999
8.144401
7.874297
7.666767
7.522150
7.410622
5.776583
4.864547
4.116977
3.557743
3.106258
2.231422
1.741245
1.266079
0.631743
0.265980
0.094361
0.026565
0.013208
0.005688
0.005464
0.079101
0.087692
0.108568
0.234773
0.378536
0.538156
0.852521
0.954725
0.000359
0.000088
0.000085
0.000103
0.000121
0.000033
0.000029
0.000035
0.000039
0.000041
0.000076
0.000212
0.000062
0.000117
0.000168
0.000225
0.000572
0.001209
0.002460
1.835970
2.061866
2.232923
2.573064
2.677330
2.814711
2.878959
3.010325
3.068564
3.096292
3.164561
3.181254
3.200992
2.926556
2.881486
0.124063
0.000067
0.000037
0.000037
0.000036
0.000012
0.000014
0.000121
0.000026
0.000013
0.000018
0.000014
0.000006
0.000005
0.000005
0.000005
0.000009
0.000009
0.000008
0.000018
0.000018
0.000004
0.000030
0.055414
0.073182
3.853470
4.058855
4.131512
4.198693
4.202552
4.201829
4.185375
0.021969
0.000397
0.000450
0.000866
0.000479
0.000416
0.000178
0.000388
0.000418
0.004129
0.000015
0.000029
0.000075
0.000021
0.000020
0.000011
0.000016
0.000305
0.006346
4.345538
4.338610
4.321899
4.320290
4.303926
4.194563
4.150840
0.000653
0.000867
0.000973
4.142516
0.000205
0.000136
0.000015
0.000006
0.000006
0.000010
0.000024
0.000061
0.000123
0.000042
0.000043
0.001936
4.102162
4.070180
4.041408
4.024397
3.946767
3.830696
0.000000
3.360909
3.276533
3.213009
3.125869
0.025061
0.025145
0.027472
3.089412
3.070839
3.049631
2.933289
0.046131
0.037367
0.003295
0.020865
2.941218
2.784889
2.336306
0.038697
0.000489
0.000271
0.000191
0.000040
0.000043
0.000013
0.000011
0.000007
0.000008
0.000005
0.000008
0.000010
0.000018
0.000071
0.000065
0.000051
0.000056
0.000017
0.000050
0.000012
0.000008
0.000006
0.000010
0.000007
0.000011
0.000006
0.000008
0.000016
0.000007
0.000007
0.000004
0.000007
0.000013
0.000002
0.000004
0.000005
0.000002
0.000003
0.000005
0.000004
0.000014
0.000076
0.000061
0.000065
0.000074
0.000044
0.000082
0.000002
0.000002
0.000001
0.000002
0.000001
0.000001
0.000001
0.000001
0.000000
0.000001
0.000000
0.000001
0.000001
0.000003
0.000000
0.000001
0.000001
0.000001
0.000001
0.000003
0.000003
0.000004
0.000007
0.000001
0.000001
0.000001
0.000001
0.000001
0.000001
0.000001
0.000001
0.000001
0.000001
0.000001
0.000001
0.000001
0.000002
0.000002
0.000002
0.000001
0.000002
0.000001
0.000000
0.000000
0.000000
0.000000
0.000001
0.000002
0.000001
0.000001
0.000000
0.000000
0.000001
0.000001
0.000001
0.000001
0.000005
0.000001
0.002436
0.001203
0.000573
0.000246
0.000057
0.000027
0.000022
0.000022
0.000013
0.000039
0.000020
0.000015
0.000022
0.000015
0.000032
0.000041
0.000048
0.000051
0.000066
0.000070
0.000070
0.000067
0.000061
0.000046
0.000043
0.000053
0.000073
0.000115
0.000232
0.000334
0.000856
0.000991
0.001431
0.001525
0.001560
0.001629
0.001742
0.001777
0.001753
0.001739
0.000003
0.000001
0.000001
0.000001
0.000001
0.000001
0.000003
0.000001
0.000001
0.000003
0.000001
0.000000
0.000000
0.000000
0.000000
0.000054
0.000053
0.000060
0.000239
0.000000
0.000000
0.000000
0.000000
0.000001
0.000000
0.000000
0.000000
0.000000
0.000001
0.000001
0.000000
0.000000
0.000000
0.000000
0.000001
0.000000
0.000000
0.000004
0.000004
0.000004
0.000001
0.000000
0.000000
0.000000
0.000000
0.000001
0.000000
0.000000
0.000000
0.000000
0.000000
0.000000
0.000000
0.000000
0.000000
0.000001
0.000000
0.000000
0.000000
0.000000
0.000000
0.000000
0.000000
0.000000
0.000000
0.000000
0.000000
0.000000
0.000000
0.000000
0.000000
0.000000
0.000000
0.000000
0.000000
0.000000
0.000000
0.000000
0.000006
0.000006
0.000004
0.000424
0.000024
0.000018
0.000023
0.000033
0.000035
0.000000
0.000000
0.000000
0.000000
0.000000
0.000000
0.000000
0.000000
0.000000
0.000000
0.000000
0.000000
0.000000
0.000000
0.000000
0.000000
0.000000
0.000000
0.000000
0.000000
0.000000
0.000000
0.000000
0.000000
0.000000
0.000000
0.000000
0.000000
0.000000
0.000000
0.000000
0.000000
0.000000
0.000000
0.000000
0.000000
0.000001
0.000004
0.000004
0.000003
0.000001
1.019075
0.903076
0.674113
0.523139
0.255295
0.129008
0.082263
0.033738
0.014001
0.013524
0.000543
0.000178
0.000146
0.000293
0.000257
0.000053
0.000006
0.000000
0.000007
0.000006
0.000006
0.000004
0.000003
0.000003
0.000001
0.000001
0.000066
0.000088
0.000044
0.000095
0.000081
0.000025
0.000030
0.000011
0.000035
0.000032
0.000013
0.000000
0.000000
0.000001
0.000001
0.000000
0.000000
0.000000
0.000000
0.000000
0.000011
0.000007
0.000004
0.000006
0.000000
0.000000
0.000000
0.000001
0.000001
0.000001
0.000000
0.000000
0.000000
0.000000
0.000000
0.000002
0.000002
0.000002
0.000013
0.000005
0.000006
0.000006
0.000002
0.000007
0.000003
0.000014
0.000025
0.000014
0.000015
0.000010
0.000014
0.000001
0.000002
0.000000
0.000001
0.000001
0.000001
0.000001
0.000001
0.000001
0.000002
0.000112
0.000153
0.000197
0.000221
0.000248
0.000278
0.000263
0.000248
0.000190
0.000011
0.000001
0.000000
0.000000
0.000000
0.000000
0.000000
0.000000
0.000000
0.000000
0.000000
0.000000
0.000005
0.000001
0.000000
0.000000
0.000000
0.000000
0.000000
0.000000
0.000000
0.000000
0.000000
0.000001
0.000001
0.000000
0.000000
0.000000
0.000000
0.000000
0.000000
0.000000
0.000001
0.000000
0.000006
0.000007
0.000007
0.000007
0.000007
0.000007
0.000013
0.000008
0.000012
0.000017
0.000033
0.000046
0.000008
0.000006
0.000006
0.000000
0.000025
0.000032
0.000138
0.000014
0.000013
0.000000
0.000000
0.000000
0.000000
0.000000
0.000024
0.000024
0.005651
0.005660
0.005711
0.005735
0.005761
0.005803
0.005851
0.005838
0.005849
0.005880
0.005906
0.005883
0.000018
0.000015
0.000000
0.000000
0.000000
0.000000
0.000000
0.000000
0.000000
0.000000
0.000000
0.000009
0.000008
0.000007
0.000007
0.000007
0.000008
0.000013
0.010560
0.009595
0.013741
0.012764
0.012339
0.011919
0.060211
0.061208
0.058513
0.055754
0.048694
0.049392
0.002382
0.002177
0.000713
0.000748
0.000389
0.000393
0.000000
0.000000
0.000000
0.000000
0.000000
0.000000
0.000000
0.000000
0.000001
0.000001
0.000000
0.000001
0.000000
0.000000
0.000000
0.000000
0.000000
0.000000
0.000000
0.000000
0.000000
0.000000
0.000000
0.000000
0.000000
0.000000
0.000000
0.000000
0.000000
0.000000
0.000000
0.000000
0.000000
0.000006
0.000003
0.000003
0.000004
0.000004
0.000006
0.000006
0.000000
0.000000
0.000000
0.000000
0.000000
0.000000
0.000000
0.000000
0.000000
0.000000
0.000004
0.000005
0.000006
0.000009
0.000013
0.000015
0.000014
0.000000
0.000000
0.000000
0.000000
0.000000
0.000000
0.000000
0.000000
0.000000
0.000000
0.000000
0.000711
0.000695
0.000635
0.000354
0.000350
0.000032
0.000037
0.000019
0.000017
0.000000
0.000000
0.000000
0.000000
0.000000
0.000000
0.000000
0.000000
0.000000
0.000000
0.000000
0.000000
0.000000
0.000000
0.000000
0.000000
0.000000
0.000000
0.000000
0.000000
0.000000
0.000000
0.000000
0.000000
0.000000
0.000000
0.000000
0.000000
0.000040
0.001505
0.001359
0.001219
0.001081
0.000783
0.000045
0.000009
0.000000
0.000000
0.000000
0.000000
0.000000
0.000000
0.000000
0.000000
0.000000
0.000000
0.000000
0.000000
0.000000
0.000000
0.000000
0.000000
0.000000
0.000000
0.000000
0.000000
0.000000
0.000000
0.000000
0.000000
0.000000
0.000000
0.000000
0.000275
0.006428
0.006557
0.007851
0.068684
0.066494
0.000360
0.000195
0.000163
0.000148
0.000000
0.000000
0.000000
0.000000
0.000000
0.000000
0.000000
0.000000
0.000000
0.000000
0.000000
0.000000
0.000000
0.000000
0.000000
0.000000
0.000000
0.000000
0.000000
0.000000
0.000016
0.000001
0.000000
0.000000
0.000000
0.000000
0.000000
0.000000
0.000006
0.000002
0.000002
0.000000
0.000001
0.000002
0.000001
0.000000
0.000000
0.000000
0.000000
0.000000
0.000000
0.000000
0.000000
0.000009
0.000010
