0.003813
0.001252
0.000934
0.000377
0.000413
0.002393
0.002414
0.002492
0.002698
0.002780
0.002751
0.002745
0.002762
0.000018
0.003603
0.003734
0.004122
0.004112
0.004167
0.004260
0.004934
1.273844
1.143360
0.070457
0.058375
0.030752
0.031340
0.028431
0.025357
0.021608
0.019803
0.007762
0.000904
0.002139
0.001739
0.006422
0.016751
0.017399
0.020665
0.078494
0.088256
0.131932
0.141143
0.161153
0.179867
0.189394
0.184219
0.158022
0.157276
0.155935
0.157342
0.157183
0.122582
0.039164
0.038725
0.003192
0.000211
0.000237
0.000434
0.000805
0.008840
0.008165
0.460526
0.511293
0.565815
0.723278
0.831279
1.290810
1.586006
1.759850
2.108586
2.359135
2.552813
2.772193
2.932607
3.162810
3.220294
3.221296
3.227820
3.235310
3.253265
3.254111
3.213847
3.215113
3.214249
0.001180
0.000786
3.203596
3.191546
3.184682
3.184751
3.184830
3.182198
3.182431
3.299254
3.286928
3.313690
3.306106
3.306517
3.303356
3.294556
3.293730
3.304210
3.305123
0.000073
0.000055
0.000029
0.000020
0.000018
0.000011
0.000003
0.000007
0.000007
0.000007
0.000002
0.000002
0.000001
0.000001
0.000002
0.000001
0.000001
0.000002
0.000003
0.000005
0.000002
0.000002
0.000004
0.000020
0.000019
0.000017
0.000005
0.000005
0.000002
0.000002
0.000002
0.000009
0.000020
0.000084
0.000198
0.000239
0.000165
0.000132
0.000149
0.000033
0.000034
0.000047
0.000087
0.000804
3.337110
3.336484
3.331740
3.327856
3.224872
3.225439
3.231516
3.233926
0.009525
0.011009
3.353251
3.357590
3.357679
3.354443
0.000423
0.000287
0.000455
0.000307
0.000739
0.001612
3.346500
3.346296
3.346421
3.346700
3.347441
3.346453
3.342006
3.329819
3.319706
3.314545
3.281227
3.247893
3.218000
3.197379
3.175136
0.000568
0.000089
0.000034
0.000041
0.000042
0.000035
0.000014
0.000011
0.000028
0.000028
0.000019
0.000020
0.000076
0.000019
0.000012
0.000013
0.000019
0.000026
0.000013
0.000282
0.000327
0.000947
0.001080
0.001937
0.006539
3.129930
3.390833
3.385382
3.383392
3.388887
3.403538
3.397381
3.394642
3.401012
3.393601
3.369324
3.379823
3.370767
3.196622
3.049202
0.000589
0.000017
0.000016
0.000022
0.000010
0.000011
0.000003
0.000003
0.000036
0.000028
0.000014
0.000008
0.000010
0.000021
0.000019
0.000020
2.747000
2.578208
2.402378
2.229296
2.068413
1.932844
1.819925
1.724450
1.622415
0.004227
1.550354
1.473436
1.364483
1.268770
1.127267
1.024293
0.960959
0.605366
0.387126
0.329471
0.071083
0.008462
0.008296
0.007770
0.000419
0.000015
0.000013
0.000008
0.000008
0.000008
0.000006
0.000011
0.000005
0.000004
0.000005
0.000008
0.000012
0.000012
0.000009
0.000006
0.000006
0.000007
0.000006
0.000012
0.000005
0.000004
0.000006
0.000009
0.000014
0.000015
0.000010
0.000006
0.000005
0.000005
0.000005
0.000009
0.000005
0.000004
0.000006
0.000011
0.000012
0.000015
0.000015
0.000470
0.000450
0.000826
0.145691
0.330728
1.579472
1.757783
1.950231
2.124535
2.335590
2.672681
2.972101
3.364894
3.528029
3.705272
3.827175
3.904062
3.962106
4.017610
4.028054
4.045621
4.050573
4.104074
0.000157
0.000101
0.000116
0.000114
0.000105
0.000138
3.916977
3.927632
3.913378
0.020259
3.932457
3.971701
4.001449
4.116398
4.226099
4.224669
4.223924
4.222994
4.219345
4.211699
4.207873
4.206557
4.206055
4.205213
4.201787
4.202679
4.199988
4.197019
0.000099
0.000089
0.000049
0.000042
0.000044
0.000078
0.000040
0.000015
0.000009
0.000005
0.000003
0.000004
0.000009
0.000016
0.000018
0.000033
0.000045
0.000061
0.000042
0.000010
0.000014
0.000010
0.000008
0.000012
0.000072
0.000118
0.000132
0.000213
0.000302
0.000649
4.223001
4.226097
4.221370
4.215655
4.204669
4.183096
4.164118
4.047411
3.828848
3.554236
0.189024
3.401094
3.460805
3.314307
3.116463
2.866758
2.651415
2.056469
1.875383
0.067121
0.036120
0.157194
1.854084
2.163599
2.430431
2.610038
2.805499
3.154176
3.189482
3.331079
3.427539
3.677377
3.729969
0.049238
3.926048
4.018822
4.085517
4.163269
4.240411
4.347307
4.346113
4.342202
4.346850
4.350333
4.358575
4.378704
4.380884
4.382773
4.390039
4.398494
4.388934
4.345935
4.297876
4.298027
4.300936
4.293488
4.289522
4.294306
4.263439
4.230803
4.204269
4.182046
4.130297
4.103442
4.079772
3.931947
4.151363
4.234049
4.324182
4.416681
4.455226
4.487326
4.517735
4.521986
4.530125
4.532128
4.535321
4.535875
4.475948
4.405518
4.221628
4.072954
0.164452
0.194736
4.328923
4.420296
4.468451
4.490804
4.501205
4.492627
4.501816
4.498114
4.483393
4.436162
4.414193
4.393877
4.286571
4.138911
0.001702
0.001066
0.000840
0.000675
0.000286
0.000391
0.000402
0.000335
0.000751
0.001025
3.855555
3.808805
3.764748
3.688061
3.623920
3.567793
3.261975
3.138316
3.016212
2.960311
2.937315
2.925903
0.058430
3.599777
3.858891
3.960549
4.008632
4.016653
4.030622
4.035466
4.031990
4.029191
4.020506
4.024461
4.014079
4.007078
4.012721
3.992869
3.976986
3.970321
3.930997
3.809359
3.730811
3.687421
3.626512
3.599140
3.551648
3.512195
3.066589
2.648470
2.311229
2.033155
1.785440
1.527021
1.093233
0.030186
0.050704
0.162938
0.251596
0.309067
0.368069
0.000150
0.000116
0.000093
0.000093
0.000040
0.000023
0.000011
0.000022
0.000017
0.000019
0.000014
0.000047
0.000082
0.000033
0.000070
0.000104
0.000253
0.000349
0.000437
0.754064
0.845604
1.002819
1.168411
1.392460
1.547627
1.606861
1.625013
1.820158
1.844366
1.866822
1.847241
1.815496
1.773060
1.710004
0.016223
1.452428
0.000388
0.000650
0.000093
0.000089
0.000110
0.000143
0.000062
0.000157
0.000128
0.000105
1.319442
1.209999
1.103330
0.982484
0.009479
0.004915
0.001700
0.002083
0.002949
0.003078
0.004971
0.087142
0.464153
0.457190
0.449093
0.010777
0.001755
0.018036
0.170695
0.351757
0.914753
1.049339
1.113000
1.242021
1.462686
1.621731
1.800176
1.950351
2.064781
2.243914
2.261354
0.007524
2.160029
2.265419
2.301243
2.650386
2.897514
3.174210
3.489633
3.615895
3.745430
3.808780
3.803367
3.808185
3.820389
3.830858
3.929490
3.992578
4.000839
3.978533
0.040921
0.002366
0.002571
0.000143
0.003194
0.002793
0.002785
0.021620
3.669946
3.583189
3.450602
3.314970
3.147655
0.032712
2.728721
2.880372
3.066875
3.625519
3.757613
3.870562
4.044386
4.222007
4.464858
4.558763
4.617365
4.674496
4.753579
4.788734
4.822993
4.864130
5.060738
5.001077
4.932960
4.875111
4.840739
0.007015
0.015303
0.011893
0.010466
0.010501
4.725464
4.790113
4.851801
4.907142
4.992755
5.097759
5.176739
5.204021
5.233747
5.489508
5.540043
5.572025
5.605973
5.607021
5.577366
5.552895
5.521748
5.452829
5.376438
5.292890
5.197255
5.072048
4.954308
4.845694
4.667343
4.735327
4.690070
4.615184
4.476316
4.296587
4.054007
3.471426
2.998977
2.262509
1.794822
1.517856
0.090007
0.079311
0.068253
0.060777
0.034625
0.030934
0.000713
0.000819
0.000609
0.002915
0.005421
0.005905
0.005678
0.014218
0.029908
0.029253
0.053484
0.088167
0.095368
0.119361
0.180951
0.353036
0.425289
0.649955
0.770928
0.908137
1.027401
2.007193
2.487436
4.151782
4.970842
5.005029
5.067487
5.141939
5.198498
5.233161
5.265799
5.312790
5.351800
5.341759
5.276283
5.241485
0.045850
5.366612
5.394144
5.430291
5.445763
5.355610
5.317073
5.264058
5.216786
5.129349
0.000165
0.000043
0.000037
0.000038
0.000031
0.000037
0.000063
5.046020
5.023283
5.025485
5.031769
5.055763
5.071825
5.058280
5.033036
4.982800
4.939786
4.844855
4.691891
4.552789
4.446927
4.350296
4.180894
4.021296
3.906419
3.780695
0.001300
0.000827
0.000416
0.000235
0.000088
0.000046
0.000032
0.000035
0.000024
0.000019
0.000030
0.000005
0.000035
0.000029
0.000053
0.000026
0.000020
0.000018
0.000021
0.000035
0.000190
0.000170
0.000157
3.591957
3.514348
3.458520
3.404378
3.352644
3.302900
3.262934
3.145053
3.063413
2.954616
2.863444
2.725867
2.605469
2.464302
2.077818
1.828867
1.523668
1.218007
0.126206
0.085797
0.011867
0.002141
0.001899
0.003172
0.003626
0.003934
0.004066
0.004583
0.005249
0.005538
0.002187
0.002490
0.003147
0.003108
0.005630
0.006004
0.006307
0.006498
0.006817
0.007313
0.007574
0.007989
0.008667
0.010182
0.011286
0.514689
0.578472
0.695785
1.081194
1.721326
1.911358
2.241258
2.641430
3.140039
3.279718
3.635807
3.871745
3.945260
4.047017
4.168873
4.214222
4.281526
4.105049
3.945010
3.620219
0.022782
0.006171
0.010624
2.904259
2.807861
2.630205
2.465194
2.270081
1.792725
1.514549
1.281890
1.050555
0.985177
0.827006
0.691684
0.190047
0.088502
0.015610
0.006726
0.005379
0.001319
0.005765
0.006443
0.003014
0.004113
0.003809
0.000061
0.000067
0.000088
0.000165
0.000212
0.000067
0.000060
0.000040
0.000103
0.000152
0.000132
0.000153
0.000160
0.000235
0.004812
0.004474
0.004719
0.885751
1.005174
1.124453
1.245227
1.379517
1.641835
1.983735
2.556987
3.078309
3.643482
4.219262
5.014843
5.212665
5.480965
5.663593
5.747378
5.792840
5.841591
5.886075
6.085391
6.111227
6.114838
6.150881
6.146582
6.153981
6.160905
6.054820
6.026393
6.004060
5.984148
5.960687
0.000856
0.000535
0.000470
0.000494
6.157012
6.138150
6.117634
6.042008
5.967719
5.927090
5.845774
5.712597
5.581708
5.275069
4.990050
4.784675
4.608446
4.082207
3.389984
0.011599
2.564973
0.028853
1.997232
0.053675
1.734404
1.603808
0.022546
0.026224
0.958887
0.901167
0.751183
0.480652
0.427987
0.245293
0.266951
0.253387
0.181112
0.117955
0.064434
0.000452
0.000704
0.000405
0.000394
0.042271
0.055144
0.078936
0.083423
0.190191
0.192030
0.191146
0.184584
0.095352
0.091834
0.036991
0.000087
0.000083
0.000063
0.000068
0.000044
0.000048
0.000053
0.000109
0.000113
0.000431
0.016162
0.127811
0.133776
0.134603
0.090956
0.093471
0.074735
0.047192
0.052078
0.989146
1.177175
1.378101
1.606051
1.899664
2.191217
2.765105
3.405455
3.760152
3.793001
3.768176
3.820132
3.866126
3.918089
3.924409
3.980525
4.027077
4.071505
0.000340
0.000310
0.000076
0.000013
0.000010
0.000007
0.000016
0.000025
0.000023
0.000026
0.000028
0.000052
0.000173
4.114285
4.136203
4.159964
4.164223
4.122961
4.066034
4.017245
3.984005
3.967159
3.976885
3.991950
4.004913
3.982118
3.959588
0.001699
0.000412
0.000193
0.000207
0.001445
0.000409
0.000445
0.000819
3.933353
3.875069
3.803611
3.788448
3.735054
3.576664
3.427712
3.297114
3.199143
2.995156
2.778275
2.614909
2.384712
0.041124
0.037848
0.000024
0.000020
0.000016
0.000200
0.000068
0.000048
0.000041
0.000017
0.000018
0.034414
2.135289
2.005922
1.830206
1.617323
0.069740
0.061296
0.000017
0.000018
0.056927
0.049820
0.058334
0.189361
0.264643
0.385521
0.570544
0.719104
0.857964
0.956757
1.064371
1.338490
1.601727
1.965007
2.333237
2.774264
3.358033
4.073731
4.691082
4.879753
0.000202
0.000041
0.000026
0.000004
0.000107
0.000151
0.001864
0.001794
0.000171
0.000168
0.000179
0.000183
0.000204
0.000201
0.000270
0.000253
0.000158
0.000017
0.000015
0.000037
0.000020
0.000010
0.000010
0.000004
0.000004
0.000009
0.000006
0.000004
0.000005
0.000071
0.000071
0.000120
0.000133
0.000006
0.000008
0.000012
0.000006
0.000008
0.000011
0.000011
0.000009
0.000009
0.000014
0.000005
0.000003
0.000004
0.000007
0.000005
0.000019
0.000016
0.000014
0.000014
0.000003
0.000002
0.000003
0.000007
0.000039
0.000011
0.000006
0.000017
0.000005
0.000005
0.000006
0.000004
0.000006
0.000007
0.000003
0.000002
0.000003
0.000006
0.000002
0.000002
0.000039
0.000015
0.000007
0.000006
0.000007
0.000003
0.000003
0.000003
0.000015
0.000011
0.000009
0.000017
0.000010
0.000006
0.000005
0.000003
0.000018
0.000015
0.000010
0.000013
0.000007
0.000012
0.000006
0.000009
0.000018
0.000013
0.000010
0.000010
0.000017
0.000005
0.000006
0.000005
0.000010
0.000023
0.000013
0.000012
0.000011
0.000006
0.000006
0.000014
0.000009
0.000009
0.000030
0.000023
0.000018
0.000013
0.000012
0.000036
0.000049
0.000242
0.000498
0.007137
0.011705
0.016460
5.321300
5.508498
5.664187
5.787446
5.885587
6.073376
6.399671
6.463497
6.461195
6.471684
6.469456
6.439524
6.431263
6.411942
6.406029
6.361979
6.204473
6.053063
5.664414
5.288204
4.983072
4.647515
4.067663
3.615282
3.156287
2.832692
2.461492
1.958082
1.775756
0.349739
0.113802
0.034939
0.055130
0.023577
0.247783
0.277681
0.276858
0.281226
0.288332
0.003162
0.765655
0.820407
0.784645
0.750608
0.730206
0.708558
0.670663
0.626913
0.119250
0.418798
0.486249
0.490044
0.480532
0.032767
0.044205
0.019269
0.000027
0.000022
0.041030
0.042600
0.039880
0.000659
0.027069
0.100534
0.637078
0.849471
1.008718
1.112836
1.224991
1.438488
1.687211
1.847181
2.036064
2.376691
2.545015
2.725770
2.924757
3.056766
3.213134
3.371042
3.532037
3.607542
3.669489
3.738670
3.825900
3.943957
4.119400
4.343020
4.618264
4.653002
4.744065
4.803458
3.920792
3.827701
3.740535
4.356968
4.267327
4.146638
4.104713
4.078629
4.043090
4.036371
4.032936
4.046668
3.969833
3.896059
3.829005
3.785404
3.582160
3.425677
0.014421
0.017967
2.139382
2.586261
2.777622
2.948350
3.876305
4.128300
4.470192
4.627510
4.859064
5.157415
0.000096
0.000049
0.000052
0.000052
0.000078
0.000122
0.000102
0.000058
0.000227
0.000653
0.000770
0.001382
5.383118
5.783381
6.215205
6.216161
6.213897
6.206182
6.202683
6.202459
6.197882
6.196630
6.195663
6.193841
0.005398
6.199954
6.200114
6.200333
6.193098
6.190353
6.189401
6.181812
6.176585
5.850092
5.849335
5.847064
5.845193
5.841442
5.777827
5.718684
4.935471
4.932771
4.930111
4.933487
4.937087
4.935657
4.937886
4.940926
4.945989
4.951573
4.951625
4.953092
4.969101
4.964812
4.959687
4.955788
4.950493
4.945547
4.927327
4.925822
4.919933
4.913577
4.891085
4.873049
4.841667
5.023169
5.011322
4.995105
4.990559
4.988673
4.995521
5.015094
4.971886
4.935934
4.923095
4.913123
4.888003
4.875653
4.872411
4.876651
4.845048
4.778944
4.745682
4.713112
4.572065
4.359259
4.125914
3.883679
3.338150
2.790098
1.664850
0.832332
0.723964
0.519108
0.129496
0.011813
0.011733
0.011202
0.011410
0.011045
0.010898
0.010692
0.010665
0.010716
0.010842
0.010878
0.010902
0.091371
0.117788
0.232667
0.246242
0.011992
0.011671
0.012033
0.032751
0.060165
0.070720
2.605283
3.358489
4.008578
4.906740
5.287423
5.689897
5.740622
5.801425
5.888354
5.932642
5.948719
5.950792
5.953985
5.957765
5.957492
5.949982
5.939673
5.893393
5.777784
5.568385
5.398007
5.242555
4.956909
4.357191
3.935113
3.326442
3.036718
2.556409
2.077876
1.495507
0.946881
0.515215
0.009543
0.127574
2.051736
2.501240
2.737510
2.998765
3.288961
3.512971
3.779285
3.994755
4.237179
4.462584
4.719859
4.826565
4.912856
4.992954
5.113499
5.186815
5.219011
5.250439
5.337400
5.356270
5.365994
5.366514
5.362326
5.361455
5.311580
5.313899
5.314304
5.312194
5.310646
5.306682
5.299506
5.286299
5.277281
5.271688
5.262441
5.225584
5.185706
5.155416
5.138277
5.114749
5.094796
4.963485
4.810506
4.773484
4.600393
4.534666
4.454854
4.237098
4.028883
3.726130
3.473586
3.271983
3.084921
2.857635
2.611137
2.251440
0.015615
0.046764
0.040086
0.026531
0.025943
0.026704
0.026581
0.025803
0.025143
0.025385
0.025160
0.000229
0.000383
0.000431
0.247684
0.486929
0.896166
0.800826
1.114903
1.330317
1.421625
1.492725
1.563797
1.639315
1.740067
0.113485
0.009041
0.009758
0.010849
0.000037
0.000025
0.000022
0.000045
0.000034
0.000044
0.000030
0.000041
0.000019
0.000037
0.000031
0.000019
0.000020
0.000043
0.000031
0.000055
0.000031
0.000031
0.000010
0.000004
0.000004
0.000004
0.000012
0.000011
0.000030
0.000059
0.000043
0.000028
0.000032
0.000011
0.000010
0.001317
0.001427
0.001409
0.001395
0.014584
0.037591
0.044959
2.540684
2.846346
3.231673
3.700214
3.968713
4.100649
0.000034
4.310489
4.378970
4.413516
4.413596
4.387261
4.371148
4.365120
4.358107
4.349282
4.358266
4.378383
4.416928
4.398661
4.364074
4.346261
0.004915
0.001034
0.000755
0.000224
0.000102
0.000100
0.003991
0.004841
4.346969
4.335246
4.088875
3.696823
3.347689
2.886342
2.472121
2.160952
1.869752
1.634241
0.013158
0.001625
0.001206
0.001182
0.000355
0.000162
0.000162
0.000176
0.000147
0.000145
0.000048
0.000048
0.000047
0.000073
0.000050
0.000213
0.000127
0.000151
0.000034
0.000037
0.000056
0.000044
0.000067
0.000066
0.000190
0.000096
0.000066
0.000071
0.000443
0.003697
1.097697
0.982046
0.888687
0.815524
0.480498
0.425275
0.351828
0.154618
0.142906
0.012382
0.001839
0.000693
0.000003
0.000003
0.000009
0.000004
0.000003
0.000003
0.000003
0.000002
0.000002
0.000002
0.000002
0.000003
0.000002
0.000005
0.000001
0.000001
0.000001
0.000001
0.000001
0.000001
0.000001
0.000002
0.000002
0.000002
0.000002
0.000003
0.000001
0.000001
0.000001
0.000002
0.000002
0.000002
0.000003
0.000004
0.000003
0.000004
0.000004
0.000003
0.000003
0.000001
0.000001
0.000001
0.000001
0.000001
0.000001
0.000001
0.000001
0.000001
0.000003
0.000014
0.000006
0.000006
0.000002
0.000004
0.000017
0.000003
0.000001
0.000003
0.000003
0.000002
0.000001
0.000002
0.000001
0.000002
0.000002
0.000002
0.000003
0.000002
0.000003
0.000002
0.000002
0.000002
0.000001
0.000002
0.000002
0.000001
0.000001
0.000001
0.000001
0.000001
0.000001
0.000003
0.000002
0.000001
0.000001
0.000012
0.000009
0.000003
0.000003
0.000070
0.000100
0.000177
0.000001
0.000000
0.000000
0.000001
0.000001
0.000002
0.000002
0.000003
0.000000
0.000000
0.000001
0.000001
0.000001
0.000003
0.000001
0.000001
0.000001
0.000001
0.000002
0.000001
0.000002
0.000002
0.000001
0.000002
0.000003
0.000004
0.000022
0.000035
0.000002
0.000001
0.000002
0.000001
0.000002
0.000002
0.000001
0.003685
0.112394
0.114535
0.114555
0.170854
0.175430
0.213833
0.212900
0.217336
0.219216
0.210705
0.202363
0.194606
0.187256
0.173163
0.161426
0.146176
0.136624
0.121500
0.000929
0.000369
0.005958
0.008652
0.008897
0.006330
0.006224
0.006248
0.006042
0.006102
0.005993
0.000000
0.000000
0.000000
0.000000
0.000000
0.000000
0.000000
0.000000
0.000000
0.000000
0.000000
0.000000
0.000000
0.000000
0.000000
0.000000
0.000000
0.000000
0.000000
0.000000
0.000000
0.000000
0.000000
0.000000
0.000000
0.000000
0.000000
0.000000
0.000000
0.000000
0.000000
0.000000
0.000000
0.000000
0.000000
0.000000
0.000000
0.000000
0.000000
0.000813
0.000213
0.000203
0.000143
0.000000
0.000001
0.000001
0.000002
0.000000
0.000000
0.000000
0.000002
0.000001
0.000001
0.000001
0.000000
0.000000
0.000000
0.000000
0.000000
0.000000
0.000000
0.000000
0.000000
0.000000
0.000000
0.000000
0.000000
0.000000
0.000000
0.000000
0.000001
0.000001
0.000001
0.000002
0.000002
0.000002
0.000000
0.000000
0.000000
0.000000
0.000000
0.000000
0.000000
0.000000
0.000001
0.000000
0.000669
0.005166
0.003859
0.017057
0.019085
0.032176
0.033117
0.047342
0.078907
0.118907
0.143800
0.172503
0.235547
0.330911
0.518916
0.582788
0.669300
0.756623
0.874084
0.952196
0.957489
0.962719
0.964795
0.946313
0.910198
0.805708
0.785723
0.722282
0.611539
0.491381
0.003752
0.000000
0.000001
0.000636
0.227518
0.207768
0.106300
0.100957
0.097185
0.093309
0.082035
0.102701
0.014286
0.050745
0.048959
0.022477
0.000478
0.000000
0.000000
0.000000
0.000000
0.000000
0.000000
0.000000
0.000000
0.000000
0.000000
0.000000
0.000000
0.000000
0.000000
0.000000
0.000000
0.016627
0.019452
0.044322
0.070004
0.074298
0.307409
0.292981
0.272667
0.198340
0.181525
0.104442
0.082322
0.042509
0.000000
0.000000
0.000000
0.000000
0.000000
0.000000
0.000000
0.000000
0.000000
0.000027
0.000013
0.000010
0.000001
0.000000
0.000001
0.000000
0.000000
0.000000
0.000000
0.000000
0.000447
0.063416
0.032032
0.010684
0.000079
0.000000
0.000000
0.000000
0.000000
0.000000
0.000000
0.000000
0.000000
0.000000
0.000000
0.000000
0.000000
0.000000
0.000000
0.000000
0.000000
0.000000
0.000000
0.000000
0.000000
0.000000
0.000000
0.000000
0.000000
0.000000
0.000000
0.000000
0.000000
0.000000
0.000000
0.000000
0.000000
0.000000
0.000000
0.000000
0.000000
0.000000
0.000000
0.000000
0.000000
0.000000
0.000000
0.000000
0.000000
0.000000
0.000000
0.000000
0.000000
0.000000
0.000000
0.000000
0.000000
0.000000
0.000000
0.000000
0.000000
0.000000
0.000000
0.000000
0.000000
0.000000
0.000000
0.000000
0.000000
0.000000
0.000000
0.000000
0.000000
0.000000
0.000000
0.000000
0.000000
0.000000
0.000000
0.000000
0.000000
0.000000
0.000000
0.000000
0.000000
0.000000
0.000000
0.000000
0.000000
0.000000
0.000000
0.000000
0.000000
0.000000
0.000000
0.000000
0.000000
0.000000
0.000000
0.000000
0.000000
0.000000
0.000000
0.000000
0.000000
0.000000
0.000000
0.000000
0.000000
0.000000
0.000000
0.000000
0.000000
0.000000
0.000000
0.000000
0.000000
0.000000
0.000000
0.000000
0.000000
0.000000
0.000000
0.000000
