0.074446
0.017774
0.007708
0.000000
0.000000
0.000000
0.000000
0.000000
0.000000
0.000000
0.000000
0.000000
0.000000
0.000000
0.000000
0.000000
0.000000
0.000000
0.000000
0.000000
0.000000
0.000000
0.000000
0.000000
0.000000
0.000000
0.000000
0.000000
0.000000
0.000000
0.000000
0.000000
0.000000
0.000000
0.000000
0.000000
0.000000
0.000000
0.000000
0.000000
0.000000
0.000000
0.000000
0.000000
0.000000
0.000000
0.000000
0.000000
0.000000
0.000000
0.000000
0.000000
0.000000
0.000000
0.000000
0.000000
0.000000
0.000000
0.000000
0.000000
0.000000
0.000000
0.000000
0.000000
0.000000
0.000000
0.000000
0.000000
0.000000
0.000000
0.000000
0.000000
0.000000
0.000000
0.000000
0.000000
0.000000
0.000000
0.000000
0.000000
0.000000
0.000000
0.000000
0.000000
0.000000
0.000000
0.000000
0.000000
0.000000
0.000000
0.000000
0.000000
0.000000
0.000000
0.000000
0.000000
0.000000
0.000000
0.000000
0.000000
0.000000
0.000000
0.000000
0.000000
0.000000
0.000000
0.000000
0.000000
0.000000
0.000000
0.000000
0.000000
0.000000
0.000000
0.000000
0.000000
0.000000
0.000000
0.000000
0.000000
0.000000
0.000000
0.000000
0.000000
0.000000
0.000000
0.000000
0.000000
0.000000
0.000000
0.000000
0.000000
0.000000
0.000000
0.000000
0.000000
0.000000
0.000000
0.000000
0.000000
0.000000
0.000000
0.000000
0.000000
0.000000
0.000000
0.000000
0.000000
0.000000
0.000000
0.000000
0.000000
0.000000
0.000000
0.000000
0.000000
0.000000
0.000000
0.000000
0.000000
0.000000
0.000000
0.000000
0.000000
0.000000
0.000000
0.000000
0.000000
0.000000
0.000000
0.000000
0.000000
0.000000
0.000000
0.000000
0.000000
0.000000
0.000000
0.000000
0.000000
0.000000
0.000000
0.000000
0.000000
0.000000
0.000000
0.000000
0.000000
0.000000
0.000000
0.000000
0.000000
0.000000
0.000000
0.000000
0.000000
0.000000
0.000000
0.000000
0.000000
0.000000
0.000000
0.000000
0.000000
0.000000
0.000000
0.000000
0.000000
0.000000
0.000000
0.000000
0.000000
0.000000
0.000000
0.000000
0.000000
0.000000
0.000000
0.000000
0.000000
0.000000
0.000000
0.000000
0.000000
0.000000
0.000000
0.000000
0.000000
0.000000
0.000000
0.000000
0.000000
0.000000
0.000000
0.000000
0.000000
0.000000
0.000000
0.000000
0.000000
0.000000
0.000000
0.000000
0.000000
0.000000
0.000000
0.000000
0.000014
0.000007
0.000006
0.000005
0.000007
0.000007
0.000012
0.000598
0.000677
0.000000
0.000000
0.000000
0.000000
0.000000
0.000000
0.000000
0.000000
0.000000
0.000000
0.000000
0.000000
0.000000
0.000000
0.000000
0.000000
0.000000
0.000000
0.000000
0.000000
0.000000
0.000000
0.000000
0.000000
0.000000
0.000000
0.000000
0.000000
0.000000
0.000000
0.000000
0.000000
0.000000
0.000000
0.000000
0.000000
0.000000
0.000000
0.000000
0.000000
0.000000
0.000000
0.000000
0.000000
0.000000
0.000000
0.000000
0.000000
0.000000
0.000143
0.006192
0.006498
0.006590
0.006911
0.007234
0.000000
0.000000
0.000000
0.000000
0.000000
0.000000
0.000000
0.000000
0.000000
0.000000
0.000000
0.000000
0.000000
0.000000
0.000000
0.000000
0.000000
0.000000
0.000000
0.000000
0.000000
0.000000
0.000000
0.000000
0.000000
0.000000
0.000000
0.000000
0.000000
0.000000
0.000000
0.000000
0.000000
0.000000
0.000000
0.000000
0.000000
0.000000
0.000000
0.000000
0.000000
0.000000
0.000000
0.000000
0.000000
0.000000
0.000000
0.000000
0.000000
0.000000
0.000000
0.000000
0.000000
0.000000
0.000000
0.000000
0.000000
0.000000
0.000000
0.000000
0.000000
0.000000
0.000000
0.000000
0.000000
0.000000
0.000000
0.000000
0.000000
0.000000
0.000000
0.000000
0.000000
0.000000
0.000000
0.000000
0.000000
0.000000
0.000000
0.000000
0.000000
0.000000
0.000000
0.000000
0.000000
0.000000
0.000000
0.000000
0.000000
0.000000
0.000000
0.000000
0.000000
0.000000
0.000000
0.000000
0.000000
0.000000
0.000000
0.000000
0.000000
0.000000
0.000000
0.000000
0.000000
0.000000
0.000000
0.000000
0.000000
0.000000
0.000000
0.000000
0.000000
0.000000
0.000000
0.000000
0.000000
0.000000
0.000000
0.000000
0.000000
0.000000
0.000000
0.000000
0.000000
0.000000
0.000000
0.000000
0.000000
0.000000
0.000000
0.000000
0.000000
0.000000
0.000000
0.000000
0.000000
0.000000
0.000000
0.000000
0.000000
0.000000
0.000000
0.000000
0.000000
0.000000
0.000000
0.000000
0.000000
0.000000
0.000000
0.000000
0.000000
0.000000
0.000000
0.000000
0.000000
0.000000
0.000000
0.000000
0.000000
0.000000
0.000000
0.000000
0.000000
0.000000
0.000000
0.000000
0.000000
0.000000
0.000000
0.000000
0.000000
0.000000
0.000000
0.000000
0.000000
0.000000
0.000000
0.000000
0.000000
0.000000
0.000000
0.000000
0.000000
0.000000
0.000000
0.000000
0.000000
0.000000
0.000000
0.000000
0.000000
0.000000
0.000000
0.000000
0.000000
0.000000
0.000000
0.000000
0.000000
0.000000
0.000000
0.000000
0.000000
0.000000
0.000000
0.000000
0.000000
0.000000
0.000000
0.000000
0.000000
0.000000
0.000000
0.000000
0.000000
0.000000
0.000000
0.000000
0.000000
0.000000
0.000000
0.000000
0.000000
0.000000
0.000000
0.000000
0.000000
0.000000
0.000000
0.000000
0.000000
0.000000
0.000000
0.000000
0.000000
0.000000
0.000000
0.000000
0.000000
0.000000
0.000000
0.000000
0.000000
0.000000
0.000000
0.000000
0.000000
0.000000
0.000000
0.000000
0.000000
0.000000
0.000000
0.000000
0.000000
0.000000
0.000000
0.000000
0.000000
0.000000
0.000000
0.000000
0.000000
0.000000
0.000000
0.000000
0.000000
0.000000
0.000000
0.000000
0.000000
0.000000
0.000000
0.000000
0.000000
0.000000
0.000000
0.000000
0.000000
0.000000
0.000000
0.000000
0.000000
0.000000
0.000000
0.000000
0.000000
0.000000
0.000000
0.000000
0.000000
0.000000
0.000000
0.000000
0.000000
0.000000
0.000000
0.000000
0.000000
0.000000
0.000000
0.000000
0.000000
0.000000
0.000000
0.000000
0.000000
0.000000
0.000000
0.000000
0.000000
0.000000
0.000000
0.000000
0.000000
0.000000
0.000000
0.000000
0.000000
0.000000
0.000000
0.000000
0.000000
0.000000
0.000000
0.000000
0.000000
0.000000
0.000000
0.000000
0.000000
0.000000
0.000000
0.000000
0.000000
0.000000
0.000000
0.000000
0.000000
0.000000
0.000000
0.000000
0.000000
0.000000
0.000000
0.000000
0.000000
0.000000
0.000000
0.000000
0.000000
0.000000
0.000000
0.000000
0.000000
0.000000
0.000000
0.000000
0.000000
0.012268
0.017164
0.017365
0.017386
0.017563
0.017535
0.000300
0.000035
0.000037
0.000000
0.000000
0.000000
0.000000
0.000000
0.000000
0.000000
0.000000
0.000000
0.000000
0.000000
0.000000
0.000000
0.000000
0.000000
0.000000
0.000000
0.000000
0.000000
0.000000
0.000000
0.000000
0.000000
0.000000
0.000000
0.000000
0.000000
0.000000
0.000000
0.000000
0.000000
0.000022
0.000022
0.000019
0.000005
0.000055
0.000026
0.000021
0.000019
0.000032
0.000000
0.000000
0.000000
0.000000
0.000000
0.000000
0.000000
0.000000
0.000000
0.000000
0.000000
0.000000
0.000000
0.000000
0.000000
0.000000
0.000000
0.000000
0.000000
0.000000
0.000000
0.000000
0.000000
0.000000
0.000000
0.000000
0.000000
0.000000
0.000000
0.000000
0.000000
0.000000
0.000000
0.000000
0.000000
0.000000
0.000000
0.000000
0.000000
0.000000
0.000000
0.000000
0.000000
0.000000
0.000000
0.000000
0.000000
0.000000
0.000000
0.000000
0.000000
0.000000
0.000000
0.000000
0.000000
0.000000
0.000000
0.000000
0.000000
0.000000
0.000000
0.000000
0.000000
0.000000
0.000000
0.000000
0.000000
0.000000
0.000000
0.000000
0.000000
0.000000
0.000000
0.000000
0.000000
0.000000
0.000000
0.000000
0.000000
0.000000
0.000000
0.000000
0.000000
0.000000
0.000000
0.000000
0.000000
0.000000
0.000000
0.000000
0.000000
0.000000
0.000000
0.000000
0.000000
0.000000
0.000000
0.000015
0.000011
0.006824
0.006830
0.006837
0.007022
0.007063
0.000000
0.000000
0.000000
0.000000
0.000000
0.000000
0.000000
0.000000
0.000000
0.000000
0.000000
0.000000
0.000000
0.000000
0.000001
0.000000
0.000000
0.000000
0.000000
0.000000
0.000000
0.000000
0.000000
0.000000
0.000000
0.000000
0.000000
0.000000
0.000000
0.000000
0.000000
0.000000
0.000000
0.000012
0.000020
0.000000
0.000000
0.000000
0.000000
0.000000
0.000000
0.000000
0.000000
0.000000
0.000000
0.000000
0.000000
0.000000
0.000000
0.000000
0.000000
0.000000
0.000000
0.000000
0.000000
0.000000
0.000000
0.000001
0.000000
0.000000
0.000000
0.000000
0.000000
0.000000
0.000000
0.000000
0.000001
0.000001
0.000001
0.000000
0.000000
0.000000
0.000000
0.000004
0.000002
0.000002
0.000002
0.000002
0.000003
0.000096
0.000092
0.000094
0.000049
0.000034
0.000031
0.000000
0.000000
0.000000
0.000000
0.000000
0.000000
0.000000
0.000001
0.000001
0.000001
0.000001
0.000000
0.000001
0.000001
0.000000
0.000000
0.000001
0.000003
0.000002
0.000001
0.000001
0.000003
0.000002
0.000001
0.000001
0.000002
0.000001
0.000001
0.000001
0.000003
0.000018
0.008212
0.015454
0.020702
0.020728
0.021822
0.022308
0.022685
0.031973
0.034258
0.036130
0.038978
0.053637
0.058096
0.146090
1.617195
2.083469
2.545271
2.894385
3.328314
3.476626
0.000017
0.000005
0.000006
0.000012
0.000008
0.000009
0.000013
0.000019
0.000002
0.000004
0.000005
0.000005
0.000005
0.000006
0.000005
0.000003
0.000005
0.000015
0.000009
0.000008
0.000030
0.000006
0.000006
0.000008
0.000007
0.000008
0.000003
0.000003
0.000003
0.000004
0.000032
0.000027
0.000017
0.000029
0.000026
0.000015
0.000015
0.000027
0.000013
0.000010
0.000022
0.000017
0.000022
0.000015
0.000027
0.000024
0.000034
0.000049
0.000059
0.000094
0.000076
0.000041
0.000034
0.000021
0.000015
0.000047
0.000071
0.000053
0.000068
0.000046
0.000059
0.000101
0.000179
0.000223
0.000489
0.000859
0.010647
0.013117
3.880689
4.293492
4.682620
5.109302
5.220694
0.006731
0.006823
5.180896
5.220262
5.287264
5.302241
5.341062
5.354961
5.345560
5.234189
4.930005
4.911903
4.781344
4.415922
3.998268
0.113573
0.032680
0.030311
0.010617
0.009819
0.010191
2.946489
3.554859
4.183748
4.697394
5.025412
5.083518
5.114908
5.131666
5.385392
5.389737
5.371805
5.366517
5.373910
5.382899
5.433258
5.468117
5.497446
5.528433
5.566283
5.565464
5.566257
5.567042
5.548277
0.001663
0.000421
0.000259
0.000100
0.000079
0.000059
0.000031
0.000030
0.000035
0.000006
0.000010
0.000007
0.000006
0.000007
0.000008
0.000010
0.000013
0.000007
0.000004
0.000002
0.000014
0.000010
0.000005
0.000003
0.000003
0.000005
0.000013
0.000010
0.000008
0.000006
0.000005
0.000008
0.000004
0.000005
0.000029
0.000023
0.000024
0.000031
0.000007
0.000006
0.000009
0.000010
0.000010
0.000006
0.000006
0.000017
0.000023
0.000058
0.000101
0.000145
0.000306
0.000625
0.001329
5.598183
5.737570
5.924921
0.000003
0.000002
0.000001
0.000001
0.000000
0.000000
0.000000
0.000000
0.000000
0.000000
0.000000
0.000000
0.000000
0.000000
0.000000
0.000000
0.000001
0.000000
0.000000
0.000000
0.000000
0.000000
0.000000
0.000000
0.000000
0.000000
0.000000
0.000000
0.000000
0.000000
0.000001
0.000002
0.000003
0.000001
0.000014
0.000015
0.000021
0.000031
0.000050
0.000087
0.000178
0.003777
5.924831
5.965150
5.920509
5.844930
5.807648
5.683118
5.269630
4.923149
4.596787
4.062864
5.683077
5.778753
5.854537
5.845434
5.766470
5.849887
5.860923
5.896435
5.914833
5.955713
5.966044
5.971013
5.971865
5.969837
5.968895
5.970263
5.968303
5.958594
5.956899
5.911091
5.899249
5.793161
5.694135
5.624396
5.541040
0.041242
0.041697
5.461399
5.477267
5.443675
5.420627
5.261234
4.938493
4.658662
4.196481
3.408068
3.440149
0.001679
0.000773
0.000933
0.000885
0.000953
0.001134
0.001735
0.002368
0.003088
5.405049
5.606425
5.831938
5.810508
5.811043
5.795238
5.774818
5.688479
5.638313
5.565425
5.440048
5.296469
5.172824
4.937380
4.586474
4.366825
4.106452
2.661323
2.653641
2.662235
2.667485
3.888185
4.496386
4.662162
4.858085
5.010995
5.222218
5.968888
6.343780
6.743811
7.332278
7.674142
7.884983
7.957450
8.050736
8.060827
8.011031
8.139337
8.114370
8.161666
8.155104
8.192939
8.169814
8.120038
7.822491
6.049292
6.953664
7.411394
7.799958
8.078585
0.000099
0.000044
0.000025
0.000011
0.000007
0.000002
0.000001
0.000001
0.000003
0.000002
0.000002
0.000002
0.000001
0.000001
0.000001
0.000001
0.000002
0.000001
0.000001
0.000001
0.000001
0.000001
0.000002
0.000001
0.000001
0.000000
0.000001
0.000001
0.000003
0.000002
0.000002
0.000003
0.000001
0.000000
0.000001
0.000001
0.000002
0.000001
0.000001
0.000001
0.000002
0.000001
0.000002
0.000001
0.000001
0.000000
0.000001
0.000001
0.000002
0.000002
0.000002
0.000003
0.000002
0.000003
0.000007
0.000017
0.000026
0.000064
0.000140
0.000589
8.204352
8.531157
8.587512
8.605866
8.627707
8.673113
8.709938
8.720273
8.732792
8.745623
8.751476
8.759262
8.761049
8.769958
8.772845
8.776022
8.781229
8.789577
8.796100
8.804100
8.813288
8.816778
8.825167
8.827120
8.828995
8.828922
8.829039
8.828541
8.821537
8.815117
8.808141
8.795152
8.793716
8.796414
8.798134
8.798594
8.809573
8.821609
8.828364
8.829145
8.829267
8.828685
8.818803
8.809773
8.791403
8.786087
8.780046
8.738960
8.615698
8.457964
8.031344
7.104786
1.592898
4.901914
0.007677
0.010784
0.123702
5.300730
0.661288
0.817821
6.744409
7.340152
8.241278
8.937317
8.975169
9.005860
9.011422
9.018980
9.018403
9.018352
9.020133
9.019465
8.998774
8.984258
0.025822
0.016882
0.005800
0.004905
8.684869
8.682163
8.955860
8.979012
8.998060
9.384569
9.415444
9.413494
9.399351
0.001496
0.000605
0.000214
0.000111
0.000095
0.000036
0.000015
0.000010
0.000004
0.000003
0.000002
0.000002
0.000001
0.000001
0.000000
0.000000
0.000001
0.000004
0.000002
0.000001
0.000001
0.000001
0.000001
0.000001
0.000001
0.000002
0.000002
0.000002
0.000001
0.000006
0.000002
0.000001
0.000001
0.000001
0.000007
0.000003
0.000003
0.000003
0.000004
0.000006
0.000015
0.000036
0.000071
0.000175
9.319649
9.326910
9.304343
9.298780
9.303935
9.278201
9.218701
9.029779
8.986720
8.959965
8.950455
8.856206
8.655016
7.797874
7.968818
8.079139
8.644515
9.151368
9.200416
9.207028
9.422588
9.465049
9.505159
9.506511
9.501505
9.480539
9.477218
9.462047
9.369188
0.063268
9.457116
9.493259
9.547276
9.595517
9.571152
9.524573
9.475422
9.356508
9.256295
9.054305
8.943458
8.854223
8.782090
8.688839
8.605101
8.273827
0.001052
0.000451
0.000281
8.118045
8.068043
7.930541
7.781360
7.346621
7.494568
7.590220
7.698885
7.805601
7.922111
7.976420
8.023693
8.090563
8.168321
8.192337
8.250921
8.295655
8.283711
8.273773
8.316484
8.322346
8.511884
8.551106
8.588978
8.628690
8.677761
8.751592
8.763558
8.781660
8.796985
8.813055
8.825820
8.815917
8.787739
8.756630
8.746036
8.749089
8.654654
8.505927
8.349056
0.049092
0.046047
0.043955
8.302039
8.355125
8.356427
8.395121
8.380870
8.356959
8.338745
8.354361
8.298344
8.238306
8.174946
8.090726
7.872731
7.696728
7.521767
7.040149
6.560727
6.095374
5.732732
5.210606
3.945962
3.926080
3.973343
4.004764
0.016716
0.017764
0.020870
0.043092
5.742254
5.975614
6.233827
6.483474
6.763763
7.133301
7.550218
8.002020
8.566938
8.599580
8.609107
8.558878
8.266986
8.250742
8.253054
8.268941
8.255135
8.228937
8.215153
8.202063
8.187366
8.196026
8.225546
8.231100
8.251517
8.273220
8.253077
8.208269
8.081028
7.916269
7.779109
7.663553
7.588741
7.404956
7.318447
7.262968
7.189713
6.408204
6.932972
7.139232
7.535508
7.714990
7.944894
8.019425
8.108070
8.154211
8.205880
8.266218
8.283688
8.299757
8.289974
8.279487
8.255040
8.241534
8.213700
8.162564
8.039075
8.032498
8.021974
8.010486
7.995677
7.957120
7.891994
7.820163
7.368094
7.296656
7.146034
7.042160
6.763539
6.734027
6.635715
6.550425
6.505120
6.375608
6.295120
6.238032
6.086653
5.759193
5.599139
5.432971
5.386835
5.261775
5.111962
4.915172
4.690012
4.582045
4.401564
4.422077
4.315386
4.108535
3.567130
2.925094
2.341815
0.602463
0.007756
0.007987
0.008350
0.033349
1.695686
2.342963
3.228120
3.817255
4.313932
4.828233
5.475243
5.745726
5.920098
6.092543
6.135935
6.125031
6.059641
6.195897
6.266749
6.453912
6.559840
6.673493
6.761310
7.097504
7.349239
7.469616
7.512309
7.590262
7.596940
7.628108
7.598774
7.611864
7.620795
7.623336
7.625852
7.624247
7.621524
7.621949
7.624654
7.622963
7.620304
7.619793
7.618208
7.614960
7.610344
7.604716
7.586934
7.570245
7.554729
7.547293
7.534718
7.527250
7.529183
7.538344
7.540049
7.534810
7.532256
7.514778
7.495907
7.484175
7.481644
7.444133
7.411058
7.391939
7.390312
7.351243
7.286194
7.279871
7.263421
7.262260
7.179989
7.119457
6.879407
6.659832
0.023769
6.275644
6.048893
5.829966
5.637916
5.515315
5.316339
5.050949
4.840366
4.389779
3.894123
0.022683
0.014601
0.008086
0.001368
0.001164
0.001076
0.000431
3.042778
2.690877
2.236189
1.864022
1.546466
0.389866
0.344130
0.084457
0.036096
0.006532
0.000161
0.015833
0.012324
0.006759
0.006276
0.005857
0.001831
0.011885
0.013128
0.012883
0.012252
0.013016
0.017702
0.022129
0.025110
0.110816
0.425353
1.084346
1.199847
0.099595
0.000072
0.000051
0.000019
0.000011
0.000007
0.000007
0.000007
0.000003
0.000002
0.000001
0.000001
0.000003
0.000007
0.000003
0.000002
0.000001
0.000000
0.000001
0.000001
0.000000
0.000000
0.000000
0.000000
0.000001
0.000000
0.000000
0.000001
0.000001
0.000000
0.000001
0.000001
0.000001
0.000000
0.000000
0.000000
0.000000
0.000000
0.000000
0.000002
0.000001
0.000001
0.000000
0.000000
0.000003
0.000001
0.000003
0.000005
0.000001
0.000001
0.000001
0.000003
0.000001
0.000000
0.000001
0.000000
0.000000
0.000001
0.000001
0.000002
0.000000
0.000000
0.000000
0.000000
0.000000
0.000000
0.000000
0.000000
0.000001
0.000001
0.000001
0.000001
0.000001
0.000000
0.000000
0.000001
0.000001
0.000000
0.000000
0.000001
0.000001
0.000001
0.000001
0.018597
0.002076
0.001740
0.001437
0.005008
0.744852
0.028843
0.022362
0.004811
0.002171
0.002100
0.002063
0.001802
0.001639
0.001509
0.001054
0.000825
0.000052
0.000051
0.000058
0.000059
0.000054
0.007579
0.007015
0.007102
0.007017
0.006845
0.006518
0.005983
0.000620
0.004694
0.005329
0.023479
1.070416
1.125890
1.142094
1.029520
0.624472
0.392122
0.278888
0.242913
0.168465
0.149625
0.032523
0.019074
0.016099
0.201799
0.118463
0.019041
