0.010341
0.009462
0.005340
0.005208
0.000001
0.000019
0.000012
0.000007
0.000007
0.000007
0.000005
0.000011
0.000012
0.000024
0.000019
0.000030
0.000025
0.000015
0.000003
0.000002
0.000001
0.000000
0.000000
0.000000
0.000000
0.000000
0.000012
0.000011
0.000011
0.000010
0.000009
0.000007
0.000007
0.000008
0.000156
0.000160
0.000139
0.000108
0.000059
0.000016
0.000016
0.000018
0.000217
0.000232
0.000225
0.000216
0.000228
0.000009
0.000012
0.000986
0.001003
0.000219
0.000219
0.000234
0.000186
0.000353
0.000106
0.000090
0.000082
0.000128
0.000117
0.000103
0.000098
0.000098
0.000078
0.000079
0.000078
0.000069
0.000064
0.000058
0.000055
0.000050
0.000006
0.000002
0.000003
0.000291
0.000290
0.000257
0.000215
0.000157
0.000130
0.000145
0.000229
0.000253
0.001554
0.001891
0.386086
0.337676
0.071294
0.052876
0.055128
0.056754
0.039528
0.039489
0.000077
0.000019
0.000005
0.000003
0.000003
0.000003
0.000005
0.000003
0.000002
0.000002
0.000007
0.000007
0.000010
0.002262
0.000009
0.051712
0.060597
0.060378
0.061259
0.028500
0.042646
0.044775
0.056737
0.137897
0.380266
0.650439
0.949117
1.986997
2.420642
3.003826
3.679690
4.361749
4.612776
4.679162
4.805381
0.000098
0.004769
5.023594
5.281210
5.510323
5.787392
6.080423
6.122520
0.095437
6.414655
6.676572
6.814303
0.000290
0.000023
0.000019
0.000004
0.000002
0.000002
0.000001
0.000011
0.000011
0.000004
0.000003
0.000003
0.000016
0.000010
0.000005
0.000008
0.000013
0.000005
0.000002
0.000003
0.000012
0.000044
0.000006
0.000004
0.000006
0.000004
0.000003
0.000004
0.000002
0.000077
0.000060
0.000057
0.000011
0.000009
0.000008
0.000028
0.000012
0.000009
0.000018
0.000006
0.000006
0.000008
0.000008
0.000010
0.000030
0.000022
0.000051
0.000028
0.000012
0.000007
0.000008
0.000008
0.000022
0.000057
0.000043
0.000031
0.000011
0.000180
0.000177
0.000233
0.000206
0.000031
0.000039
0.000054
0.000546
0.000551
0.000548
0.000821
7.015697
7.061728
7.092312
7.106829
7.145726
7.191083
7.214658
7.250352
7.294562
7.357736
7.438405
7.493940
7.500118
7.503311
7.498388
7.489310
0.009588
7.518745
7.518478
7.515150
7.515713
7.517064
7.516214
0.014538
0.015746
7.503899
7.518976
7.527046
7.536718
7.559472
7.654465
7.665997
7.631471
0.006024
0.005291
0.003346
0.000202
0.000183
0.000235
0.000067
0.000055
0.000035
0.000057
0.000270
0.000115
0.000039
0.000012
0.000017
0.000017
0.000019
0.000023
0.000060
0.000037
0.000025
0.000073
0.000108
0.000011
0.000020
0.000013
0.000020
0.000453
0.000876
0.000996
7.602663
7.610403
7.616490
7.621027
7.631197
7.637472
7.641279
7.644336
7.646436
7.650720
7.654915
7.659454
7.665885
7.675177
7.691390
7.819736
7.862119
7.883127
7.918723
7.963091
8.016481
8.058015
8.129152
8.140105
8.122315
8.108959
8.093890
8.068587
8.034432
7.883370
7.887693
7.894345
7.904984
7.900477
7.882086
7.867712
7.784682
8.013748
8.024200
8.041328
8.042119
8.041260
8.040369
8.038926
8.035534
8.033982
8.035673
8.037564
8.276953
8.306853
8.311858
8.310779
8.303375
8.161781
8.045404
0.006905
0.006339
0.006133
0.006027
0.006031
0.006148
0.006471
8.242771
8.184966
8.205278
8.208384
8.203207
8.182333
8.143614
7.997374
7.419609
0.819280
7.490829
7.764600
7.998226
8.095279
8.127299
8.163545
8.206551
8.213237
8.233389
8.238141
8.244232
8.242907
8.242873
8.242382
8.222281
8.221429
8.432725
8.442965
8.438778
8.428753
8.375723
0.084989
8.267422
8.312157
8.364697
8.425863
8.440096
8.446108
8.448436
8.448887
8.449743
8.449238
8.449330
8.479006
8.481708
8.482179
8.482645
8.484632
8.482898
8.480928
8.470448
8.442682
8.442315
8.439953
8.438212
8.440792
8.448908
8.452748
8.453246
8.550615
8.627086
8.891436
0.003810
0.002093
0.001683
0.001616
0.000298
0.000201
0.000122
0.000113
0.000175
0.000219
0.000026
0.000029
0.000047
8.678724
8.702962
8.714372
8.740732
8.771406
8.824120
8.864578
8.910361
8.975542
8.991933
8.997446
9.295930
9.567208
9.602455
9.612955
9.614342
9.619474
9.627868
9.627505
9.628702
9.628779
9.629334
9.631071
9.632828
9.632581
9.630947
9.630464
9.629918
9.631123
9.631586
9.631494
9.632270
9.630009
9.629922
9.630723
9.630133
9.629426
9.628117
9.628023
9.628917
9.631106
9.632145
9.631115
9.631288
9.632464
9.633326
9.633110
9.632949
9.632643
9.628178
9.610528
9.594421
9.338561
9.335295
9.332121
9.326521
9.286525
9.201610
9.148317
9.141320
9.004460
9.014715
9.011017
9.008665
9.006908
9.008338
9.010197
9.011637
9.010907
9.051224
9.046647
9.051610
9.043586
9.031485
8.990491
8.999920
9.123840
9.179407
9.212925
9.275189
9.287462
9.292189
9.294221
9.299360
9.304659
9.304489
9.305139
9.303759
9.302280
9.297190
9.298652
9.309387
9.308165
9.302977
9.122212
9.024330
8.605922
8.373155
8.053936
7.699788
7.364281
7.062927
6.669580
5.837513
4.810802
0.065897
0.011125
0.007387
0.006422
0.005266
0.004833
0.004546
2.087491
0.098215
0.069297
0.024489
0.025318
0.025396
0.002507
0.002647
0.121611
0.307056
4.474502
5.892958
6.620168
7.593114
8.000853
8.267863
8.523854
8.642299
8.694300
8.729742
8.793036
8.784415
8.673929
8.558261
8.474108
0.004057
0.001090
0.000769
0.000425
0.000423
0.000431
0.000592
0.000871
0.003648
0.004254
8.471792
8.490758
8.470136
8.334139
7.999377
7.504681
6.917722
6.481003
5.702012
5.021440
7.963565
8.063245
8.147176
8.157137
7.135790
0.008349
0.005449
0.003628
0.002008
0.001269
0.000303
0.000132
0.000061
0.000024
0.000014
0.000009
0.000013
0.000016
0.000014
0.000007
0.000094
0.000064
0.000054
0.000021
0.000010
0.000006
0.000007
0.000009
0.000009
0.000007
0.000013
0.000008
0.000003
0.000004
0.000006
0.000005
0.000005
0.000003
0.000004
0.000002
0.000002
0.000002
0.000003
0.000003
0.000003
0.000002
0.000006
0.000011
0.000008
0.000004
0.000004
0.000003
0.000002
0.000003
0.000002
0.000005
0.000003
0.000002
0.000002
0.000003
0.000002
0.000002
0.000007
0.000007
0.000010
0.000004
0.000005
0.000003
0.000005
0.000418
0.000339
0.000364
0.000023
0.000021
0.000002
0.000001
0.000000
0.000001
0.000001
0.000001
0.000001
0.000003
0.000003
0.000003
0.000001
0.000001
0.000003
0.000002
0.000001
0.000004
0.000004
0.000011
0.000012
0.000009
0.000003
0.000002
0.000001
0.000002
0.000000
0.000000
0.000000
0.000000
0.000000
0.000031
0.000018
0.000014
0.000008
0.000008
0.000002
0.000000
0.000000
0.000000
0.000000
0.000000
0.000000
0.000000
0.000000
0.000001
0.000001
0.000000
0.000001
0.000001
0.000000
0.000000
0.000000
0.000000
0.000000
0.000001
0.000001
0.000001
0.000001
0.000000
0.000001
0.000002
0.000000
0.000000
0.000000
0.000000
0.000000
0.000000
0.000001
0.000001
0.000002
0.000003
0.000004
0.000010
0.000000
0.000000
0.000000
0.000000
0.000000
0.000001
0.000001
0.000001
0.000001
0.000001
0.000000
0.000000
0.000000
0.000000
0.000000
0.000000
0.000000
0.000000
0.000000
0.000000
0.000000
0.000000
0.000000
0.000000
0.000000
0.000000
0.000000
0.000000
0.000000
0.000000
0.000000
0.000000
0.000000
0.000000
0.000000
0.000000
0.000000
0.000000
0.000000
0.000000
0.000000
0.000000
0.000000
0.000000
0.000000
0.000000
0.000000
0.000000
0.000000
0.000000
0.000000
0.000000
0.000000
0.000000
0.000000
0.000000
0.000000
0.000000
0.000000
0.000000
0.000000
0.000000
0.000000
0.000000
0.000000
0.000000
0.000000
0.000000
0.000000
0.000000
0.000000
0.000000
0.000000
0.000000
0.000000
0.000000
0.000000
0.000000
0.000000
0.000000
0.000000
0.000000
0.000000
0.000000
0.000000
0.000000
0.000000
0.000000
0.000000
0.000000
0.000000
0.000000
0.000000
0.000000
0.000000
0.000000
0.000000
0.000000
0.000000
0.000000
0.000000
0.000000
0.000000
0.000000
0.000000
0.000000
0.000000
0.000000
0.000000
0.000000
0.000000
0.000000
0.000000
0.000000
0.000000
0.000000
0.000000
0.000000
0.000000
0.000000
0.000000
0.000000
0.000000
0.000000
0.000000
0.000000
0.000000
0.000000
0.000000
0.000000
0.000000
0.000000
0.000000
0.000000
0.000000
0.000000
0.000000
0.000000
0.000000
0.000000
0.000000
0.000000
0.000000
0.000000
0.000000
0.000000
0.000000
0.000000
0.000000
0.000000
0.000000
0.000000
0.000000
0.000000
0.000000
0.000000
0.000000
0.000000
0.000000
0.000000
0.000000
0.000000
0.000000
0.000000
0.000000
0.000000
0.000000
0.000000
0.000000
0.000000
0.000000
0.000000
0.000000
0.000000
0.000000
0.000000
0.000000
0.000000
0.000000
0.000000
0.000000
0.000000
0.000000
0.000000
0.000000
0.000000
0.000000
0.000000
0.000000
0.000000
0.000000
0.000000
0.000000
0.000000
0.000000
0.000000
0.000000
0.000000
0.000000
0.000000
0.000000
0.000000
0.000000
0.000000
0.000000
0.000000
0.000000
0.000000
0.000000
0.000000
0.000000
0.000000
0.000000
0.000000
0.000000
0.000000
0.000000
0.000000
0.000000
0.000000
0.000000
0.000000
0.000000
0.000000
0.000000
0.000000
0.000000
0.000000
0.000000
0.000000
0.000000
0.000000
0.000000
0.000000
0.000000
0.000000
0.000000
0.000000
0.000000
0.000000
0.000000
0.000000
0.000000
0.000000
0.000000
0.000000
0.000000
0.000000
0.000000
0.000000
0.000000
0.000000
0.000000
0.000000
0.000000
0.000000
0.000000
0.000000
0.000000
0.000000
0.000000
0.000000
0.000000
0.000000
0.000000
0.000000
0.000000
0.000000
0.000000
0.000000
0.000000
0.000000
0.000000
0.000000
0.000000
0.000000
0.000000
0.000000
0.000000
0.000000
0.000000
0.000000
0.000000
0.000000
5.952128
5.323829
4.349111
3.343213
3.051327
0.001757
0.001624
0.000621
0.000352
0.000224
0.000107
0.000092
0.000072
0.000050
0.000071
0.000077
0.000057
0.000039
0.000034
0.000043
0.000027
0.000019
0.000031
0.000046
0.000044
0.000024
0.000014
0.000010
0.000008
0.000006
0.000003
0.000003
0.000002
0.000004
0.000004
0.000003
0.000005
0.000003
0.000004
0.000004
0.000010
0.000003
0.000004
0.000002
0.000002
0.000004
0.000003
0.000003
0.000002
0.000004
0.000003
0.000004
0.000015
0.000010
0.000016
0.000013
0.000014
0.000013
0.000012
0.000014
0.011553
0.008363
0.006680
0.004512
0.004269
0.003562
2.203983
1.813932
1.008092
0.818788
0.555248
0.541403
0.010233
0.000000
0.000000
0.009729
0.009458
0.009034
0.008623
0.000000
0.000000
0.000000
0.000000
0.000000
0.000000
0.000000
0.000000
0.000000
0.000000
0.000000
0.000000
0.000000
0.000000
0.000000
0.000000
0.000000
0.000000
0.000000
0.000000
0.000000
0.000000
0.000000
0.000000
0.000000
0.000000
0.000000
0.000000
0.000000
0.000000
0.000000
0.008732
0.383201
0.375276
0.230932
0.193632
0.154819
0.153160
0.146614
0.123250
0.122814
0.114603
0.009021
0.000010
0.000007
0.000009
0.000003
0.000002
0.000002
0.000003
0.000002
0.000002
0.000006
0.000003
0.000011
0.000005
0.000002
0.000002
0.000002
0.000003
0.000005
0.000002
0.000002
0.000002
0.000002
0.000001
0.000001
0.000000
0.000001
0.000000
0.000000
0.000001
0.000001
0.000001
0.000003
0.000001
0.000000
0.000004
0.000002
0.000001
0.000001
0.000003
0.000002
0.008887
0.013154
0.015735
0.121670
0.131759
0.130300
0.018129
0.016437
0.008543
0.000002
0.000002
0.000000
0.000000
0.000000
0.000002
0.000002
0.000000
0.000000
0.000000
0.000000
0.000000
0.000000
0.000000
0.000000
0.000000
0.000000
0.000000
0.000000
0.000000
0.000000
0.000000
0.000000
0.000000
0.000000
0.000000
0.000000
0.000000
0.000000
0.000000
0.000000
0.000000
0.000199
0.000192
0.000186
0.000197
0.000240
0.000001
0.000000
0.000000
0.000000
0.000000
0.000000
0.000000
0.000000
0.000000
0.000000
0.000000
0.000000
0.000000
0.000000
0.000000
0.000000
0.000000
0.000000
0.000000
0.000001
0.013370
0.013371
0.013428
0.013602
0.013652
0.013778
0.012959
0.001424
0.000001
0.000001
0.000000
0.000000
0.000000
0.000000
0.000000
0.000000
0.000000
0.000000
0.000000
0.000000
0.000000
0.000000
0.000000
0.000000
0.000000
0.000000
0.000000
0.000000
0.000000
0.000000
0.000000
0.000000
0.000000
0.000000
0.000000
0.000000
0.000000
0.000000
0.000000
0.000000
0.000000
0.000000
0.000000
0.000000
0.000000
0.000000
0.000000
0.000000
0.000000
0.000000
0.000000
0.000000
0.000000
0.000000
0.000000
0.000000
0.000000
0.000000
0.000000
0.000000
0.000000
0.000000
0.000000
0.000000
0.000000
0.000000
0.000000
0.000000
0.000000
0.000000
0.000000
0.000000
0.000000
0.000000
0.000000
0.000000
0.000000
0.000000
0.000000
0.000000
0.000000
0.000000
0.000000
0.000000
0.000000
0.000000
0.000000
0.000000
0.000000
0.000000
0.000000
0.000000
0.000000
0.000000
0.000000
0.000000
0.000000
0.000000
0.000000
0.000000
0.000000
0.000000
0.000000
0.000000
0.000000
0.000000
0.000000
0.000000
0.000000
0.000000
0.000000
0.000000
0.000000
0.000000
0.000000
0.000000
0.000000
0.000000
0.000000
0.000000
0.000000
0.000000
0.000000
0.000000
0.000000
0.000000
0.000000
0.000000
0.000000
0.000000
0.000000
0.000000
0.000000
0.000000
0.000000
0.000000
0.000000
0.000000
0.000000
0.003490
0.003673
0.314221
