0.000966
0.000021
0.000011
0.000011
0.000004
0.000005
0.000009
0.000481
0.000902
0.000904
0.000849
0.001076
0.001081
0.005325
1.907830
1.603139
1.119986
0.580227
0.376221
0.056040
0.015299
0.003540
0.001822
0.000059
0.000042
0.000018
0.000029
0.000031
0.000032
0.000022
0.000000
0.000000
0.000000
0.000000
0.000000
0.000000
0.000000
0.000000
0.000000
0.000000
0.000000
0.000000
0.000000
0.000000
0.000000
0.000000
0.000000
0.000000
0.000000
0.000000
0.000000
0.000000
0.000000
0.000014
0.001944
0.001656
0.059225
0.063252
0.059345
0.080129
0.079552
0.088676
0.088680
0.087172
0.099602
0.101759
0.000000
0.000000
0.000000
0.000000
0.000000
0.000000
0.000000
0.000000
0.000000
0.000000
0.000000
0.000000
0.000000
0.000000
0.000000
0.000000
0.000000
0.000000
0.000000
0.000000
0.000000
0.000000
0.000000
0.000000
0.000000
0.000000
0.000000
0.000000
0.000000
0.000000
0.000000
0.000000
0.000000
0.000000
0.000000
0.000000
0.000000
0.000000
0.000000
0.000000
0.000000
0.000000
0.000000
0.000000
0.000000
0.000000
0.000000
0.000000
0.000000
0.000000
0.000000
0.000000
0.000000
0.000000
0.000878
0.097248
0.098952
0.104043
0.110414
0.113983
0.115486
0.109400
0.115914
0.122404
0.121464
0.118023
0.113952
0.106157
0.093870
0.083965
0.001203
0.000099
0.000103
0.000000
0.000000
0.000000
0.000000
0.000000
0.000000
0.000000
0.000000
0.000000
0.000000
0.000000
0.000000
0.000000
0.000000
0.000000
0.000000
0.000000
0.000000
0.000000
0.000000
0.000000
0.000000
0.000000
0.000000
0.000000
0.000000
0.000000
0.000000
0.000000
0.000000
0.000000
0.000000
0.000000
0.000000
0.000000
0.000000
0.000000
0.000000
0.000000
0.000000
0.000000
0.000000
0.000000
0.000000
0.000000
0.000000
0.000000
0.000000
0.000000
0.000000
0.000000
0.000000
0.000000
0.000000
0.000000
0.000000
0.000000
0.000000
0.000000
0.000000
0.000000
0.000000
0.000000
0.000000
0.000000
0.000000
0.000000
0.000000
0.000000
0.000000
0.000000
0.000000
0.000000
0.000000
0.000000
0.000000
0.000000
0.000000
0.000000
0.000000
0.000000
0.000000
0.000000
0.000000
0.000000
0.000001
0.000000
0.000001
0.000000
0.000000
0.000000
0.000000
0.000000
0.000000
0.000000
0.000000
0.000000
0.000000
0.000000
0.000000
0.000000
0.000000
0.000000
0.000000
0.000000
0.000000
0.000000
0.000000
0.000000
0.000000
0.000000
0.000000
0.000000
0.000000
0.000000
0.000000
0.000000
0.000000
0.000000
0.000000
0.000000
0.000000
0.000000
0.000000
0.000000
0.000000
0.000000
0.000000
0.000374
0.074119
0.066964
0.059486
0.054935
0.051333
0.035358
0.025744
0.005031
0.002326
0.002312
0.001352
0.000039
0.000000
0.000000
0.000000
0.000000
0.000000
0.000001
0.000000
0.000000
0.000002
0.000000
0.000000
0.000000
0.000000
0.000001
0.000001
0.000121
0.000022
0.000003
0.000002
0.000001
0.000001
0.000000
0.000000
0.000000
0.000000
0.000001
0.000001
0.000001
0.000000
0.000001
0.000001
0.000001
0.000001
0.000001
0.000001
0.000001
0.000000
0.000001
0.000002
0.000002
0.000001
0.000001
0.000001
0.000001
0.000001
0.000001
0.000007
0.000001
0.000002
0.000002
0.000001
0.000002
0.000002
0.000002
0.000006
0.000004
0.000014
0.000012
0.000009
0.000002
0.000005
0.000006
0.000006
0.000002
0.000005
0.000004
0.000004
0.000188
0.000226
0.004257
0.004589
0.004812
0.000004
0.000003
0.000002
0.000001
0.000003
0.000002
0.000002
0.000005
0.000001
0.000001
0.000001
0.000001
0.000002
0.000004
0.000003
0.000002
0.000004
0.000007
0.000011
0.000007
0.000010
0.000033
0.000035
0.000029
0.005388
0.005669
0.005828
0.005920
0.005655
0.005718
0.005626
0.007029
0.007223
0.005109
0.004910
0.004729
0.004426
0.004000
0.003638
0.003284
0.000010
0.000006
0.000006
0.000004
0.000003
0.000005
0.000004
0.000010
0.000002
0.000009
0.000008
0.000006
0.000005
0.000004
0.000004
0.000008
0.000004
0.000003
0.000005
0.000007
0.000012
0.000012
0.000019
0.000024
0.000011
0.000009
0.000009
0.000008
0.000016
0.000012
0.000008
0.000014
0.006679
0.007751
0.007805
0.006279
0.006618
0.006950
0.010154
0.015179
0.014543
0.013661
0.010780
0.011054
0.013500
0.007720
0.008066
0.000294
0.000372
0.000461
0.103439
0.116450
0.182943
0.279549
0.325338
0.383257
0.000046
0.000023
0.000038
0.000046
0.000161
0.000532
0.000520
0.000974
0.000097
0.000163
0.000314
0.000000
0.000000
0.000000
0.000569
1.411114
1.579102
1.682099
1.692619
1.696154
1.737131
1.722195
1.675897
1.608816
1.621025
1.523507
1.412995
0.584033
0.541205
0.277411
0.174185
0.045226
0.046081
0.008726
0.000284
0.000033
0.000027
0.000465
0.015937
0.016115
0.018311
0.017826
0.026067
0.028526
0.003071
0.000031
0.000019
0.000020
0.000011
0.000009
0.000103
0.000093
0.000100
0.000104
0.000104
0.000105
0.000276
0.000067
0.000069
0.000095
0.000095
0.000190
0.000621
0.000579
0.000607
0.000666
0.000647
0.001829
0.074961
0.077203
0.081783
0.094332
0.110473
0.111477
0.008502
0.132157
0.140990
0.173070
1.260391
1.366839
1.483139
1.620728
1.786039
0.000373
0.000109
0.003690
0.003420
0.003145
0.003083
0.001074
0.001096
0.002740
0.004321
0.005554
0.006207
0.002073
2.170444
2.408845
2.803678
3.183543
3.618193
4.166852
4.273307
4.270157
0.000450
0.000374
0.000493
0.000428
0.000128
0.000105
0.000617
0.000808
0.001058
0.001870
0.003355
2.654618
4.297581
5.403608
5.586567
5.627789
5.557141
6.031927
0.000722
0.000692
0.000172
0.000094
0.000061
0.000052
0.000159
0.000117
0.000716
6.118406
6.183386
6.208092
6.214378
6.221191
6.232238
6.244252
6.254835
6.260633
6.265109
6.268795
6.267427
0.000000
0.000000
0.000000
0.000000
0.000000
0.000000
0.000000
0.000000
0.000000
0.000000
0.000000
0.000000
0.000000
0.000000
0.000000
0.000000
0.000000
0.000000
0.000000
0.000000
0.000000
0.000000
0.000000
0.000000
0.000000
0.000000
0.000000
0.000000
0.000000
0.000000
0.000000
0.000000
0.000000
0.000000
0.000000
0.000000
0.000000
0.000000
0.000000
0.000000
0.000000
0.000000
0.000000
0.000000
0.000000
0.000000
0.000000
0.000000
0.000000
0.000000
0.000000
0.000000
0.000000
0.000000
0.000000
0.000000
0.000000
0.000000
0.000000
0.000000
0.000000
0.000000
0.000000
0.000000
0.000000
0.000000
0.000000
0.000000
0.000000
0.000000
0.000000
0.000000
0.000000
0.000000
0.000000
0.000000
0.000000
0.000000
0.000000
0.000000
0.000000
0.000000
0.000000
0.000000
0.000000
0.000000
0.000000
0.000000
0.000000
0.000000
0.000000
0.000000
0.000000
0.000000
0.000000
0.000000
0.000000
0.000000
0.000000
0.000000
0.000000
0.000000
0.000000
0.000000
0.000000
0.000000
0.000000
0.000000
0.000000
0.000000
0.000000
0.000000
0.000000
0.000000
0.000000
0.000000
0.000000
0.000000
0.000000
0.000000
0.000000
0.000000
0.000000
0.000000
0.000000
0.000000
0.000000
0.000000
0.000000
0.000000
0.000000
0.000000
0.000000
0.000000
0.000000
0.000000
0.000000
0.000000
0.000000
0.000000
0.000000
0.000000
0.000000
0.000000
0.000000
0.000000
0.000000
0.000000
0.000000
0.000000
0.000000
0.000000
0.000000
0.000000
0.000000
0.000000
0.000000
0.000000
0.000000
0.000000
0.000000
0.000000
0.000000
0.000000
0.000000
0.000000
0.000000
0.000000
0.000000
0.000000
0.000000
0.000000
0.000000
0.000000
0.000000
0.000000
0.000000
0.000000
0.000000
0.000000
0.000000
0.000000
0.000000
0.000000
0.000000
0.000000
0.000000
0.000000
0.000000
0.000000
0.000000
0.000000
0.000000
0.000000
0.000000
0.000000
0.000000
0.000000
0.000000
0.000000
0.000000
0.000000
0.000000
0.000000
0.000000
0.000000
0.000000
0.000000
0.000000
0.000000
0.000000
0.000000
0.000000
0.000000
0.000000
0.000000
0.000000
0.000000
0.000000
0.000000
0.000000
0.000000
0.000000
0.000000
0.000000
0.000000
0.000000
0.000000
0.000000
0.000000
0.000000
0.000000
0.000000
0.000000
0.000000
0.000000
0.000000
0.000000
0.000000
0.000000
0.000000
0.000000
0.000000
0.000000
0.000000
0.000000
0.000000
0.000000
0.000000
0.000000
0.000000
0.000000
0.000000
0.000000
0.000000
0.000000
0.000000
0.000000
0.000000
0.000000
0.000000
0.000000
0.000000
0.000000
0.000000
0.000000
0.000000
0.000000
0.000000
0.000000
0.000000
0.000000
0.000000
0.000000
0.000000
0.000000
0.000000
0.000000
0.000000
0.000000
0.000000
0.000000
0.000000
0.000000
0.000000
0.000000
0.000000
0.000000
0.000000
0.000000
0.000000
0.000000
0.000000
0.000000
0.000000
0.000000
0.000000
0.000000
0.000000
0.000000
0.000000
0.000000
0.000000
0.000000
0.000000
0.000000
0.000000
0.000000
0.000000
0.000000
0.000000
0.000000
0.000000
0.000000
0.000000
0.000000
0.000000
0.000000
0.000000
0.000000
0.000000
0.000000
0.000000
0.000000
0.000000
0.000000
0.000000
0.000000
0.000000
0.000000
0.000000
0.000000
0.000000
0.000000
0.000000
0.000000
0.000000
0.000000
0.000000
0.000000
0.000000
0.000000
0.000000
0.000000
0.000000
0.000000
0.000000
0.000000
0.000000
0.000000
0.000000
0.000000
0.000000
0.000000
0.000000
0.000000
0.000000
0.000000
0.000000
0.000000
0.000000
0.000000
0.000000
0.000000
0.000000
0.000000
0.000000
0.000000
0.000000
0.000000
0.000000
0.000000
0.000000
0.000000
0.000000
0.000000
0.000000
0.000000
0.000000
0.000000
0.000000
0.000000
0.000000
0.000000
0.000000
0.000000
0.000000
0.000000
0.000000
0.000000
0.000000
0.000000
0.000000
0.000000
0.000000
0.000000
0.000000
0.000000
0.000000
0.000000
0.000000
0.000000
0.000000
0.000000
0.000000
0.000000
0.000000
0.000000
0.000000
0.000000
0.000000
0.000000
0.000000
0.000000
0.000000
0.000000
0.000000
0.000000
0.000000
0.000000
0.000000
0.000000
0.000000
0.000000
0.000000
0.000000
0.000000
0.000000
0.000000
0.000000
0.000000
0.000000
0.000000
0.000000
0.000000
0.000000
0.000000
0.000000
0.000000
0.000000
0.000000
0.000000
0.000000
0.000000
0.000000
0.000000
0.000000
0.000000
0.000000
0.000000
0.000000
0.000000
0.000000
0.000000
0.000000
0.000000
0.000000
0.000000
0.000000
0.000000
0.000000
0.000000
0.000000
0.000000
0.000000
0.000000
0.000000
0.000000
0.000000
0.000000
0.000000
0.000000
0.000000
0.000000
0.000000
0.000000
0.000000
0.000000
0.000000
0.000000
0.000000
0.000000
0.000000
0.000000
0.000000
0.000000
0.000000
0.000000
0.000000
0.000000
0.000000
0.000000
0.000000
0.000000
0.000000
0.000000
0.000000
0.000000
0.000000
0.000000
0.000000
0.000000
0.000000
0.000000
0.000000
0.000000
0.000000
0.000000
0.000000
0.000000
0.000000
0.000000
0.000000
0.000000
0.000000
0.000000
0.000000
0.000000
0.000000
0.000000
0.000000
0.000000
0.000000
0.000000
0.000000
0.000000
0.000000
0.000000
0.000000
0.000000
0.000000
0.000000
0.000000
0.000000
0.000000
0.000000
0.000000
0.000000
0.000000
0.000000
0.000000
0.000000
0.000000
0.000000
0.000000
0.000000
0.000000
0.000000
0.000000
0.000000
0.000000
0.000000
0.000000
0.000000
0.000000
0.000000
0.000000
0.000000
0.000000
0.000000
0.000000
0.000000
0.000000
0.000000
0.000000
0.000000
0.000000
0.000000
0.000000
0.000000
0.000000
0.000000
0.000000
0.000000
0.000000
0.000000
0.000000
0.000000
0.000000
0.000000
0.000000
0.000000
0.000000
0.000000
0.000000
0.000000
0.000000
0.000000
0.000000
0.000000
0.000000
0.000000
0.000000
0.000000
0.000000
0.000000
0.000000
0.000000
0.000000
0.000000
0.000000
0.000000
0.000000
0.000000
0.000000
0.000000
0.000000
0.000000
0.000000
0.000000
0.000000
0.000000
0.000000
0.000000
0.000000
0.000000
0.000000
0.000000
0.000000
0.000000
0.000000
0.000000
0.000000
0.000000
0.000000
0.000000
0.000000
0.000000
0.000000
0.000000
0.000000
0.000000
0.000000
0.000000
0.000000
0.000000
0.000000
0.000000
0.000000
0.000000
0.000000
0.000000
0.000000
0.000000
0.000000
0.000000
0.000000
0.000000
0.000000
0.000000
0.000000
0.000000
0.000000
0.000000
0.000000
0.000000
0.000000
0.000000
0.000000
0.000000
0.000000
0.000000
0.000000
0.000000
0.000000
0.000000
0.000000
0.000000
0.000000
0.000000
0.000000
0.000000
0.000000
0.000000
0.000000
0.000000
0.000000
0.000000
0.000000
0.000000
0.000000
0.000000
0.000000
0.000000
0.000000
0.000000
0.000000
0.000000
0.000000
0.000000
0.000000
0.000000
0.000000
0.000000
0.000000
0.000000
0.000000
0.000000
0.000000
0.000000
0.000000
0.000000
0.000000
0.000000
0.000000
0.000000
0.000000
0.000000
0.000000
0.000000
0.000000
0.000000
0.000000
0.000000
0.000000
0.000000
0.000000
0.000000
0.000000
0.000000
0.000000
0.000000
0.000000
0.000000
0.000000
0.000000
0.000000
0.000000
0.000000
0.000000
0.000000
0.000000
0.000000
0.000000
0.000000
0.000000
0.000000
0.000000
0.000000
0.000000
0.000000
0.000000
0.000000
0.000000
0.000000
0.000000
0.000000
0.000000
0.000000
0.000000
0.000000
0.000000
0.000000
0.000000
0.000000
0.000000
0.000000
0.000000
0.000000
0.000000
0.000000
0.000000
0.000000
0.000000
0.000000
0.000000
0.000000
0.000000
0.000000
0.000000
0.000000
0.000000
0.000000
0.000000
0.000000
0.000000
0.000000
0.000000
0.000000
0.000000
0.000000
0.000000
0.000000
0.000000
0.000000
0.000000
0.000000
0.000000
0.000000
0.000000
0.000000
0.000000
0.000000
0.000000
0.000000
0.000000
0.000000
0.000000
0.000000
0.000000
0.000000
0.000000
0.000000
0.000000
0.000000
0.000000
0.000000
0.000000
0.000000
0.000000
0.000000
0.000000
0.000000
0.000000
0.000000
0.000000
0.000000
0.000000
0.000000
0.000000
0.000000
0.000000
0.000000
0.000000
0.000000
0.000000
0.000000
0.000000
0.000000
0.000000
0.000000
0.000000
0.000000
0.000000
0.000000
0.000000
0.000000
0.000000
0.000000
0.000000
0.000000
0.000000
0.000000
0.000000
0.000000
0.000000
0.000000
0.000000
0.000000
0.000000
0.000000
0.000000
0.000000
0.000000
0.000000
0.000000
0.000000
0.000000
0.000000
0.000000
0.000000
0.000000
0.000000
0.000000
0.000000
0.000000
0.000000
0.000000
0.000000
0.000000
0.000000
0.000000
0.000000
0.000000
0.000000
0.000000
0.000000
0.000000
0.000000
0.000000
0.000000
0.000000
0.000000
0.000000
0.000000
0.000000
0.000000
0.000000
0.000000
0.000000
0.000000
0.000000
0.000000
0.000000
0.000000
0.000000
0.000000
0.000000
0.000000
0.000000
0.000000
0.000000
0.000000
0.000000
0.000000
0.000000
0.000000
0.000000
0.000000
0.000000
0.000000
0.000000
0.000000
0.000000
0.000000
0.000000
0.000000
0.000000
0.000000
0.000000
0.000000
0.000000
0.000000
0.000001
0.000000
0.000000
0.000000
0.000000
0.000000
0.000000
0.000000
0.000000
0.000000
0.000000
0.000000
0.000000
0.000000
0.000000
0.000000
0.000000
0.000000
0.000000
0.000000
0.000000
0.000000
0.000000
0.000000
0.000000
0.000000
0.000000
0.000000
0.000000
0.000000
0.000000
0.000000
0.000000
0.000000
0.000000
0.000005
0.000003
0.000003
0.000001
0.000000
0.000000
0.000000
0.000000
0.000000
0.000000
0.000000
0.000000
0.000000
0.000000
0.000000
0.000000
0.000000
0.000000
0.000000
0.000000
0.000000
0.000001
0.000001
0.000000
0.000000
0.000000
0.000000
0.000000
0.000000
0.000000
0.000000
0.000007
0.000004
0.000000
0.000000
0.000000
0.000000
0.000000
0.000000
0.000000
0.000000
0.000001
0.000001
0.000000
0.000000
0.000000
0.000000
0.000000
0.000000
0.000000
0.000000
0.000000
0.000000
0.000000
0.000000
0.000000
0.000000
0.000000
0.000000
0.000000
0.000000
0.000000
0.000000
0.000000
0.000000
0.000000
0.000001
0.000001
0.000001
0.000003
0.000000
0.000000
0.000000
0.000000
0.000000
0.000000
0.000000
0.000000
0.000000
0.000000
0.000000
0.000000
0.000001
0.000002
0.000002
0.000001
0.000002
0.000000
0.000000
0.000000
0.000000
0.000000
0.000000
0.000000
0.000000
0.000001
0.000000
0.000000
0.000000
0.000000
0.000002
0.000004
0.000001
0.000000
0.000000
0.000002
0.000002
0.000002
0.000001
0.000000
0.000001
0.000000
0.000001
0.000001
0.000008
0.000004
0.000002
0.000001
0.000002
0.000001
0.000000
0.000000
0.000000
0.000002
0.000002
0.000002
0.000000
0.000000
0.000001
0.000001
0.000001
0.000001
0.000000
0.000000
0.000000
0.000000
0.000000
0.000001
0.000000
0.000000
0.000000
0.000000
0.000001
0.000000
0.000000
0.000000
0.000000
0.000000
0.000000
0.000000
0.000000
0.000001
0.000002
0.000002
0.000002
0.000000
0.000000
0.000000
0.000000
0.000000
0.000000
0.000000
0.000000
0.000001
0.000000
0.000000
0.000000
0.000001
0.000001
0.000000
0.000000
0.000001
0.000000
0.000000
0.000000
0.000000
0.000000
0.000000
0.000000
0.000000
0.000000
0.000000
0.000000
0.000000
0.000000
0.000000
0.000000
0.000001
0.000001
0.000001
0.000000
0.000000
0.000000
0.000000
0.000000
0.000000
0.000000
0.000000
0.000001
0.000001
0.000000
0.000000
0.000000
0.000000
0.000001
0.000000
0.000000
0.000001
0.000000
0.000000
0.000003
0.000004
0.000001
0.000001
0.000001
0.000003
0.000003
0.000000
0.000000
0.000000
0.000000
0.000000
0.000000
0.000000
0.000000
0.000000
0.000000
0.000000
0.000000
0.000000
0.000000
0.000000
0.000001
0.000001
0.000000
0.000000
0.000001
0.000001
0.000000
0.000000
0.000000
0.000000
0.000002
0.000001
0.000003
0.000004
0.000001
0.000001
0.000002
0.000049
0.000015
0.000005
0.000003
0.000001
0.000001
0.000001
0.000002
0.000002
0.000001
0.000001
0.000001
0.000001
0.000001
0.000001
0.000002
0.000002
0.000002
0.000003
0.000002
0.000001
0.000001
0.000007
0.000005
0.000003
0.000004
0.000007
0.000012
0.000014
0.000001
0.000002
0.000012
0.000012
0.000007
0.000003
0.000008
0.000006
0.000005
0.000002
0.000002
0.000001
0.000001
0.000002
0.000002
0.000002
0.000003
0.000028
0.000003
0.000002
0.000003
0.000004
0.000002
0.000025
0.000031
0.000004
0.000002
0.000003
0.000009
0.000012
0.000011
0.000003
0.000010
0.000010
0.000013
0.000020
0.000005
0.000001
0.000000
0.000006
0.000007
0.000004
0.000002
0.000003
0.000025
0.000025
0.000013
0.000007
0.000002
0.000004
0.000005
0.000013
0.000010
0.000012
0.000038
0.000049
0.000081
0.000164
0.000297
0.000515
6.633070
6.666789
6.668535
6.679721
6.682701
6.684102
6.680398
6.680283
6.680708
6.658987
6.595229
6.540871
6.497253
6.072269
5.112380
4.287893
3.575575
3.045578
2.397058
0.005315
0.001658
0.000663
0.000502
0.000396
0.035199
0.035089
0.032697
0.002546
0.001742
0.001596
0.001335
0.001169
0.001077
0.001394
1.481100
1.345037
1.163405
0.997894
0.893965
0.686426
0.196690
0.123451
0.050124
0.047182
0.004576
0.000023
0.000023
0.000018
0.000025
0.004293
0.010672
0.010642
0.010496
0.010386
0.010235
0.010277
0.008836
0.022272
0.089413
0.383602
0.415938
0.432844
0.446784
0.462920
0.467386
0.499726
0.503688
0.484623
0.478351
0.465640
0.385965
0.390825
0.390441
0.007176
0.012773
0.012426
0.006575
0.006936
0.006960
0.006923
0.000213
0.000528
0.000520
0.642499
0.646792
0.642016
0.620180
0.595033
0.543698
0.509189
0.499704
0.002396
0.000008
0.000004
0.000005
0.000006
0.000023
0.000009
0.000009
0.000012
0.000011
0.000019
0.002242
0.407145
0.410994
0.423956
0.428484
0.380263
0.259947
0.228764
0.164595
0.051738
0.023276
0.019182
0.005761
0.005291
0.002713
0.071065
0.072972
0.082536
0.085676
0.117257
0.115540
0.062513
0.125946
0.130501
0.005772
0.000053
0.000025
0.000031
0.000125
0.000061
0.000085
0.000107
0.000160
0.000136
0.000143
0.000398
0.114243
0.085188
0.069054
0.056667
0.015541
0.012606
0.012468
0.012087
0.000827
0.021879
0.041720
0.044066
0.048675
0.049929
0.051402
0.053919
0.000034
0.000030
0.000062
0.047705
0.059726
0.061225
0.061606
0.061234
0.056441
0.052545
0.001329
0.001564
0.001217
0.003751
0.005832
0.006185
0.013639
0.074674
0.078211
0.126204
0.132960
0.144362
0.145146
0.150377
0.152757
0.158292
0.155822
0.015456
0.015558
0.015299
0.014560
0.012018
0.007898
0.007094
0.006857
0.006488
0.006053
0.005625
0.005773
0.005863
0.018338
0.054554
0.418868
0.490119
0.519147
0.549119
0.596229
0.619265
0.648516
0.681688
0.052815
0.037183
0.036834
0.037476
0.029677
0.016007
0.017417
0.011580
0.000869
0.012785
0.024724
0.760799
0.735577
0.001653
0.000367
0.002183
0.003138
0.001215
0.008934
1.131586
1.216145
1.357289
1.450632
1.333837
1.662475
0.116833
2.207669
2.486860
2.735769
2.999960
3.210962
3.348741
3.334776
0.001703
0.001198
0.001367
0.000060
0.000041
0.000037
0.000034
0.000049
0.000114
0.001553
0.001628
0.002518
0.003083
0.021064
2.751242
4.655495
5.512357
6.130844
0.002750
0.002670
0.002730
0.002834
0.002540
0.002501
0.002431
0.002383
0.002354
0.002203
0.002119
0.002040
0.001917
0.001870
0.001886
0.001925
0.000046
0.000050
0.000052
0.000124
0.001737
0.002334
0.003693
0.010601
0.047088
7.292272
8.439902
8.627269
8.740166
8.824450
8.862071
8.870601
8.920634
8.977344
9.080387
9.099032
9.125598
9.155268
9.160652
9.106234
9.089289
0.000328
0.000276
0.000231
0.000192
0.000190
0.000192
0.000197
0.000229
0.000378
0.000442
0.000616
9.166239
9.170022
9.138921
8.795649
0.286482
0.001307
0.000551
0.000339
0.000084
0.000021
0.000014
0.000006
0.000005
0.000005
0.000004
0.000005
0.000002
0.000003
0.000003
0.000005
0.000009
0.000019
0.000031
0.000057
0.000150
0.000447
0.000805
0.034001
8.579046
8.854634
8.975941
9.044894
9.246715
9.304333
9.408055
9.412789
9.426789
9.438213
9.437370
9.388949
9.453502
9.455964
9.441907
9.336435
9.257066
9.059434
8.791917
8.607417
6.922020
7.237137
5.925990
7.815264
0.001217
0.000496
0.000197
0.000097
0.000065
0.000040
0.000034
0.000030
0.000035
0.000005
0.000009
0.000002
0.000004
0.000003
0.000004
0.000005
0.000004
0.000006
0.000005
0.000012
0.000012
0.000013
0.000024
0.000006
0.000008
0.000010
0.000012
0.000015
0.000040
0.000057
0.000127
0.000669
8.037052
8.395797
8.980227
9.164708
9.241116
9.327350
9.299179
8.949661
8.785171
8.581260
0.090298
8.968190
9.139438
9.157683
9.171200
9.180903
9.178788
9.173008
9.162973
9.151154
0.048527
0.052691
9.373732
9.376875
9.381887
9.374333
9.508888
9.553799
9.559144
9.531710
9.215351
9.214663
9.211353
9.210735
9.206217
9.197833
9.188529
9.226851
9.161696
9.009034
8.833364
8.582488
8.245956
7.480653
1.723812
6.818680
6.879070
0.324634
0.037688
0.000267
0.000057
0.000036
0.000047
0.000024
0.000013
0.000009
0.000004
0.000004
0.000004
0.000003
0.000002
0.000002
0.000002
0.000002
0.000002
0.000006
0.000009
0.000015
0.000011
0.000007
0.000004
0.000005
0.000001
0.000003
0.000003
0.000003
0.000004
0.000002
0.000003
0.000002
0.000002
0.000003
0.000003
0.000006
0.000009
0.000007
0.000008
0.000006
0.000009
0.000018
0.000041
0.000036
0.000018
0.000017
0.000007
0.000011
0.000009
0.000012
0.000013
0.000009
0.000136
0.000078
0.000112
0.000079
0.000161
0.000018
0.000013
0.000014
0.000013
0.000017
0.000027
0.000572
0.000211
0.000157
0.435108
7.834749
8.409699
8.584925
8.701760
8.732235
0.000452
0.000321
0.000246
0.000170
0.000126
0.000013
0.000004
0.000008
0.000005
0.000006
0.000007
0.000016
0.000569
0.000568
0.000560
0.000718
0.000168
0.000302
0.000312
0.000405
0.000037
0.000096
0.001087
0.001273
0.001256
0.000125
0.000053
0.000017
0.000013
0.000009
0.000014
0.000019
0.000016
0.000061
0.000006
0.000284
0.000217
0.000462
0.000437
0.000671
0.000543
0.000831
0.001321
0.004651
0.006304
8.723457
8.653102
8.626061
8.619343
8.344194
8.075124
7.829375
0.098940
0.024569
6.971262
6.743609
6.597141
6.248918
6.224846
6.058020
5.821041
5.570841
5.249797
5.032275
4.811141
0.012337
0.020508
0.019400
0.016062
0.014916
0.017073
0.014970
0.008256
0.010331
0.010738
4.263570
0.071386
0.056078
3.850368
3.533928
3.480912
0.163033
0.272652
0.011946
0.014505
3.034096
3.368764
0.068743
0.073237
0.074430
0.015752
0.001473
0.001411
0.003408
0.003081
0.002449
0.069168
0.104039
0.111453
4.165810
4.613677
4.989355
5.470565
6.098052
6.520179
6.840177
0.017233
0.000314
0.000385
0.000364
0.000238
0.000157
0.000134
0.000141
0.000153
0.000209
0.000425
0.006809
0.005492
0.000274
0.000172
0.000194
0.001303
0.001317
0.001316
0.001373
0.001368
0.001397
0.001330
0.001268
0.000107
0.000066
0.000087
0.000087
0.000137
0.002181
0.006404
0.006486
0.007516
0.013687
0.014118
0.015925
0.018152
0.000054
0.000025
0.000020
0.000007
0.000021
0.000021
0.000048
0.000059
0.000199
0.000343
0.000516
0.000609
0.025528
7.389471
7.780435
7.977269
8.116821
7.510331
6.837192
6.061055
5.228183
4.493372
3.646225
0.946044
0.018485
0.066118
2.343447
3.128438
6.449100
6.854977
7.231425
7.405423
7.622068
7.869825
8.155701
8.244762
8.299360
8.103705
8.135445
8.131978
8.106273
8.107652
8.102283
8.096112
8.091790
8.091874
8.092695
8.051424
8.065745
8.145647
8.190804
8.194612
8.205036
8.226135
8.224311
8.036673
8.044116
8.033011
8.006669
7.968972
7.909599
0.018001
0.017690
7.815599
7.818213
7.820512
7.797335
7.521949
0.335818
7.616704
7.530136
7.523724
7.497305
7.467111
7.449497
7.413640
7.372588
7.312185
0.013740
0.011062
0.002751
0.000621
0.000333
0.000330
0.000056
0.000023
0.000046
0.000045
0.000043
0.000056
0.000065
0.000091
0.000241
0.000126
0.000214
0.000393
0.000534
0.000951
7.234012
7.400466
7.461745
7.324285
7.370627
7.402468
7.404207
7.399354
7.396692
7.397669
7.398221
7.418620
7.414592
7.407206
7.369114
7.343484
7.328888
7.323426
7.316853
7.311665
7.306486
7.300927
7.298971
7.298481
7.271982
7.252326
0.001911
0.001785
0.001811
0.001059
0.001750
0.002106
0.006916
0.010336
7.440956
7.455726
7.483439
7.499525
7.500489
7.503723
7.504856
7.503686
7.503429
7.496816
7.492588
7.489930
7.493977
7.497666
7.509736
7.527338
7.524146
7.515512
7.425446
7.371655
7.344957
7.326419
7.306828
7.285959
7.199927
0.003350
0.000527
0.000294
0.000082
0.000042
0.000026
0.000016
0.000012
0.000005
0.000004
0.000004
0.000011
0.000008
0.000007
0.000007
0.000058
0.000047
0.000027
0.000024
0.000035
0.000049
0.000076
0.000119
0.000188
0.000244
6.992817
6.978297
6.972878
6.969077
6.970319
6.969530
6.970355
6.973115
6.980326
6.980056
6.975725
6.973016
6.971071
6.863437
6.770618
6.671840
6.575094
5.813122
5.237871
3.253344
2.673212
2.022394
1.369181
1.245310
1.140843
0.902291
0.758144
0.573747
0.022428
0.013717
0.000498
0.000133
0.001101
0.001151
0.001140
0.000954
0.000060
0.000060
0.000040
0.000032
0.000027
0.000015
0.000014
0.000025
0.000041
0.000042
0.000027
0.000023
0.000033
0.000057
0.000009
0.000010
0.000008
0.000011
0.000283
0.000223
0.000217
0.000157
0.000139
0.000006
0.000009
0.000011
0.000406
0.000296
0.000007
0.000008
0.000006
0.000004
0.000007
0.000013
0.000005
0.000003
0.000176
0.000151
0.000046
0.000023
0.000024
0.000012
0.000033
0.000024
0.000014
0.000014
0.000026
0.000060
0.000041
0.000027
0.000014
0.000011
0.000018
0.000236
0.000309
0.000273
0.001329
0.309982
0.274315
0.218892
0.182479
0.172164
0.164834
0.149771
0.143173
0.081473
0.080021
0.026626
0.025492
0.018915
0.011692
0.007305
0.003292
0.000291
0.000036
0.000003
0.000002
0.000001
0.000001
0.000001
0.000002
0.000005
0.000005
0.000009
0.000010
0.000004
0.000001
0.000003
0.000002
0.000002
0.000003
0.000003
0.000042
0.000043
0.000045
0.000054
0.000064
0.000097
0.000128
0.000165
0.004608
0.003203
0.001197
0.001139
0.002870
0.004340
0.004569
0.004657
0.004676
0.004709
0.004722
0.004712
0.004734
0.004750
0.004770
0.004779
0.004805
0.004840
0.000483
0.000004
0.000003
0.000003
0.000002
0.000001
0.000002
0.000003
0.000006
0.000003
0.000002
0.000006
0.000001
0.000000
0.000001
0.000003
0.000003
0.000008
0.000010
0.000011
0.000000
0.000001
0.000001
0.000001
0.000002
0.000006
0.000007
0.000013
0.000834
0.080979
0.084584
0.086954
0.088257
0.087363
0.088256
0.084898
0.080681
0.058165
0.056353
0.024174
0.006860
0.005551
0.005054
0.004382
0.000421
0.000005
0.000006
0.000005
0.000004
0.000000
0.000000
0.000000
0.000000
0.000006
0.000007
0.000002
0.000001
0.000001
0.000001
0.000001
0.000001
0.000000
0.000003
0.000003
0.000031
0.000028
0.000004
0.000003
0.000006
0.000005
0.000007
0.000046
0.000050
0.000030
0.000036
0.000001
0.000000
0.000000
0.000000
0.000000
0.000001
0.000001
0.000000
0.000000
0.000000
0.000000
0.000000
0.000000
0.000000
0.000000
0.000000
0.000001
0.000001
0.000001
0.000000
0.000000
0.000000
0.000000
0.000000
0.000001
0.000001
0.000000
0.000001
0.000000
0.000000
0.000000
0.000000
0.000000
0.000001
0.000134
0.001590
0.001542
0.001607
0.001533
0.001269
0.001214
0.000552
0.000920
0.000892
0.005664
0.005893
0.005996
0.000007
0.000010
0.000009
0.000015
0.000031
0.000017
0.000025
0.000026
0.000288
0.000296
0.000320
0.000340
0.000046
0.000000
0.000000
0.000000
0.000000
0.000000
0.000000
0.000001
0.000001
0.000000
0.000000
0.000000
0.000000
0.000000
0.000000
0.000000
0.000000
0.000000
0.000000
0.000050
0.016172
0.017975
0.019517
0.021195
0.020998
0.021486
0.013031
0.000000
0.000000
0.000000
0.000000
0.000000
0.000000
0.000000
0.000000
0.000000
0.000000
0.000000
0.000000
0.000000
0.000000
0.000000
0.000000
0.000000
0.000000
0.000000
0.000000
0.007783
0.014203
0.014889
0.015282
0.015694
0.016048
0.009103
0.000000
0.000000
0.000000
0.000000
0.000000
0.000000
0.000000
0.000000
0.000000
0.000000
0.000000
0.000000
0.000000
0.000000
0.000000
0.000000
0.000000
0.000000
0.000000
0.000000
0.000000
0.000000
0.000000
0.000000
0.000000
0.000000
0.000000
0.000000
0.000000
0.000000
0.000000
0.000000
0.000000
0.000000
0.000000
0.000000
0.000000
0.000000
0.000000
0.000000
0.000000
0.000000
0.000000
0.000000
0.000000
0.000000
0.000000
0.000000
0.000000
0.000000
0.000000
0.000000
0.000000
0.000000
0.000000
0.000000
0.000000
0.000000
0.000000
