0.000246
0.000002
0.000002
0.000000
0.000000
0.000000
0.000000
0.000000
0.000000
0.000000
0.000000
0.000000
0.000000
0.000000
0.000000
0.000002
0.000001
0.000001
0.000001
0.000002
0.069867
0.028852
0.022216
0.015491
0.013371
0.009681
0.000100
0.000107
0.001283
0.000819
0.000840
0.000854
0.000796
0.000771
0.000754
0.000745
0.000755
0.000771
0.000783
0.000795
0.000804
0.000800
0.000473
0.000472
0.000462
0.000457
0.000466
0.000050
0.000030
0.000014
0.000011
0.000002
0.000002
0.000004
0.000001
0.000001
0.000004
0.000004
0.000003
0.000002
0.000002
0.000152
0.000186
0.000211
0.000245
0.000261
0.000297
0.000412
0.000487
0.000493
0.000501
0.000531
0.000535
0.000540
0.000547
0.000558
0.000558
0.000559
0.000559
0.000558
0.000557
0.000550
0.000541
0.000540
0.000536
0.000531
0.000526
0.000492
0.000003
0.000001
0.000001
0.000000
0.000000
0.000000
0.000000
0.000000
0.000000
0.000000
0.000000
0.000000
0.000000
0.000000
0.000000
0.000000
0.000000
0.000001
0.000001
0.000392
0.000433
0.000513
0.000631
0.000611
0.000577
0.000550
0.000528
0.000507
0.000475
0.000434
0.000364
0.000284
0.000134
0.000106
0.000283
0.000332
0.000305
0.000279
0.000145
0.000102
0.000118
0.000526
0.000537
0.000550
0.000551
0.000552
0.000553
0.000552
0.000534
0.000038
0.000037
0.000037
0.000085
0.004332
0.004562
0.004343
0.001579
0.000188
0.000146
0.000140
0.000133
0.000009
0.000011
0.000277
0.000277
0.000282
0.000272
0.000263
0.000362
0.001234
0.001146
0.014794
0.016194
0.021945
0.024903
0.743500
0.689833
0.631078
0.572564
0.477064
0.119167
0.072576
0.051575
0.047081
0.030174
0.026440
0.012648
0.006513
0.000001
0.000001
0.000006
0.000008
0.000009
0.000010
0.003406
0.003260
0.003020
0.002726
0.010389
0.010405
0.000703
0.000581
0.017018
0.017131
0.023683
0.023265
0.033715
0.036074
0.044090
0.043753
0.042666
0.040948
0.040502
0.033995
0.028034
0.019248
0.005114
0.005485
0.005473
0.005371
0.000000
0.000000
0.000000
0.000020
0.000024
0.000026
0.000025
0.000022
0.000020
0.000023
0.000001
0.000000
0.000000
0.000000
0.000000
0.000000
0.000000
0.000000
0.000000
0.000000
0.000000
0.000000
0.000006
0.000007
0.000008
0.000017
0.000023
0.000027
0.000032
0.000033
0.000033
0.000032
0.000031
0.000031
0.000030
0.000028
0.000026
0.000024
0.000022
0.000022
0.000022
0.000023
0.000024
0.000028
0.000033
0.000041
0.000044
0.000045
0.000047
0.000048
0.000047
0.000047
0.000048
0.000048
0.000049
0.000047
0.000044
0.000001
0.000001
0.000001
0.000000
0.000000
0.000000
0.000000
0.000000
0.000004
0.000114
0.000112
0.000163
0.000166
0.000168
0.000212
0.007049
0.007897
0.007811
0.007236
0.007349
0.021038
0.022699
0.025780
0.001040
0.000119
0.004435
0.004221
0.004641
0.004742
0.004789
0.004873
0.004876
0.000000
0.000000
0.000001
0.000001
0.000001
0.000001
0.000001
0.000002
0.000000
0.000000
0.000000
0.000000
0.000000
0.000000
0.000006
0.000006
0.000008
0.000565
0.000559
0.000545
0.000092
0.000006
0.000000
0.000000
0.000000
0.000000
0.000000
0.000000
0.000000
0.000000
0.000000
0.000000
0.000000
0.000000
0.000000
0.000000
0.000000
0.000000
0.000000
0.000000
0.000000
0.000000
0.000000
0.000000
0.000000
0.000000
0.000000
0.000000
0.000000
0.000000
0.000000
0.000000
0.000000
0.000000
0.000000
0.000000
0.000000
0.000000
0.000000
0.000000
0.000000
0.000000
0.000000
0.000000
0.000000
0.000000
0.000000
0.000000
0.000000
0.000011
0.000015
0.000018
0.000021
0.000023
0.000020
0.000008
0.000008
0.013493
0.014149
0.014896
0.015650
0.014982
0.014724
0.007112
0.006232
0.000027
0.000027
0.000026
0.000024
0.000017
0.000011
0.000000
0.000000
0.000001
0.000013
0.000014
0.000017
0.000017
0.000016
0.000017
0.000015
0.000015
0.000014
0.000013
0.000003
0.000003
0.000004
0.000018
0.000024
0.000027
0.000028
0.000028
0.000027
0.000025
0.000002
0.000002
0.000000
0.000000
0.000000
0.000000
0.000000
0.000000
0.000002
0.000002
0.000000
0.000000
0.000000
0.000000
0.000000
0.000000
0.000000
0.000001
0.000001
0.000000
0.000000
0.000000
0.000000
0.000159
0.002168
0.004936
0.002179
0.000359
0.000006
0.000005
0.000000
0.000000
0.000000
0.000000
0.000000
0.000000
0.000000
0.000000
0.000000
0.000000
0.000000
0.000000
0.000000
0.000000
0.000000
0.000000
0.000000
0.000000
0.000000
0.000004
0.000005
0.000006
0.000005
0.000005
0.000005
0.000006
0.000006
0.000007
0.000008
0.000009
0.000002
0.000000
0.000000
0.000000
0.000000
0.000002
0.000003
0.000002
0.000001
0.000001
0.000003
0.000005
0.000000
0.000001
0.000004
0.000003
0.000000
0.000000
0.000002
0.000002
0.000002
0.000001
0.000000
0.000000
0.000000
0.000000
0.000000
0.000000
0.000001
0.000001
0.000000
0.000000
0.000048
0.000048
0.000046
0.000036
0.000031
0.000000
0.000000
0.000000
0.000000
0.000000
0.000000
0.000000
0.000000
0.000000
0.000000
0.000001
0.000001
0.000010
0.000010
0.000011
0.000017
0.000016
0.000011
0.000013
0.000014
0.000016
0.000021
0.000032
0.000033
0.000036
0.000045
0.000045
0.000046
0.000046
0.000046
0.000045
0.000045
0.000047
0.000050
0.000069
0.000067
0.000064
0.000063
0.000063
0.000064
0.000066
0.000068
0.000066
0.000066
0.000061
0.000041
0.000040
0.000145
0.000161
0.000163
0.000155
0.000139
0.000125
0.000113
0.000093
0.000089
0.000088
0.000079
0.000001
0.000004
0.000002
0.000001
0.000006
0.000002
0.000001
0.000001
0.000000
0.000001
0.000001
0.000002
0.000003
0.000220
0.000238
0.000243
0.000254
0.000257
0.000258
0.000259
0.000259
0.000259
0.000259
0.000260
0.000260
0.000266
0.000264
0.000246
0.000233
0.000204
0.000026
0.000003
0.000002
0.000001
0.000000
0.000000
0.000000
0.000000
0.000030
0.000031
0.000031
0.000037
0.000039
0.000000
0.000000
0.000000
0.000000
0.000000
0.000000
0.000000
0.000000
0.000000
0.000000
0.000000
0.000000
0.000000
0.000000
0.000000
0.000000
0.000000
0.000000
0.000000
0.000000
0.000000
0.000000
0.000002
0.027470
0.433764
0.485549
0.542680
0.569717
0.597973
0.022121
0.005817
0.003571
0.000196
0.000000
0.000000
0.000000
0.000000
0.000000
0.000000
0.000000
0.000000
0.000000
0.000000
0.000000
0.000000
0.000000
0.000000
0.000000
0.000000
0.000000
0.000000
0.000000
0.000013
0.000019
0.000026
0.000035
0.000076
0.000075
0.658198
0.661653
0.589687
0.502760
0.464248
0.434301
0.240602
0.188479
0.058471
0.054879
0.024071
0.022607
0.019411
0.001231
0.000602
0.000007
0.001476
0.000039
0.000046
0.000051
0.000045
0.000045
0.000040
0.000036
0.000044
0.000005
0.000004
0.000002
0.000213
0.003004
0.003601
0.004103
0.010251
0.006440
0.006577
0.012774
0.125634
0.149189
0.162500
0.187088
0.233533
0.300900
0.448734
0.750840
0.865374
1.491139
1.715325
0.000001
0.000003
0.000002
0.000001
0.000001
0.000001
0.000001
0.000001
0.000001
0.000002
0.000003
0.000001
0.000002
0.000002
0.000002
0.000001
0.000001
0.000001
0.000001
0.000001
0.000002
0.000002
0.000006
0.000004
0.000055
0.000121
0.000113
0.000138
0.000084
0.000157
0.000214
0.000287
0.000275
0.000665
0.000008
0.000024
0.000014
0.000008
0.000015
0.000043
0.000043
0.000045
0.000048
0.000048
0.000055
0.000031
0.000025
0.000019
0.000019
0.000016
0.000028
0.000022
0.000010
0.000007
0.000006
0.000004
0.000011
0.000010
0.000017
0.000012
0.000018
0.000024
0.000023
0.000021
0.000016
0.000019
0.000025
0.000065
0.000193
0.000195
0.000192
0.000175
0.000122
0.000099
0.000017
0.000019
0.000032
0.000048
0.000058
0.000040
0.000044
0.000169
0.000127
0.000239
0.000256
0.000474
0.001764
0.007669
0.013005
2.437978
0.000002
0.000000
0.000000
0.000000
0.000000
0.000000
0.000000
0.000000
0.000000
0.000000
0.000000
0.000000
0.000000
0.000000
0.000001
0.000002
2.853887
3.415438
4.041241
4.413238
4.510035
4.838998
0.000001
0.000000
0.000001
0.000001
0.000004
0.000002
0.000002
0.000003
0.000000
0.000000
5.136726
5.207440
5.263853
5.315439
5.342762
5.382852
5.433822
0.000004
0.000001
0.000000
0.000000
0.000000
0.000000
0.000000
0.000000
0.000000
0.000000
0.000000
0.000000
0.000000
0.000000
0.000000
0.000000
0.000000
0.000000
0.000000
0.000000
0.000000
0.000000
0.000000
0.000000
0.000001
0.000001
0.000001
0.000001
0.000001
0.000004
0.000005
0.000000
0.000000
0.000001
0.000001
0.000002
0.000002
0.000001
0.000001
0.000001
0.000013
0.000001
0.000001
0.000002
0.000002
0.000003
5.494827
5.573537
0.000002
0.000021
0.000021
0.000003
0.000000
0.000000
0.000000
0.000000
0.000000
0.000000
0.000000
0.000000
0.000006
0.000001
0.000014
0.000011
5.613749
5.580036
0.000006
0.000002
0.000000
0.000000
0.000000
0.000000
0.000000
0.000000
0.000000
0.000000
0.000000
0.000000
0.000000
0.000000
0.000000
0.000000
0.000000
0.000000
0.000000
0.000002
0.000002
0.000002
0.000000
0.000002
0.000003
0.000003
0.000000
0.000001
0.000001
0.000000
0.000000
0.000000
0.000007
0.000001
0.000001
0.000001
0.000000
0.000000
0.000000
0.000001
0.000003
0.000001
0.000001
0.000001
0.000001
0.000000
0.000000
0.000000
0.000000
0.000000
0.000000
0.000000
0.000000
0.000000
0.000001
0.000001
0.000000
0.000001
0.000001
0.000000
0.000001
0.000001
0.000000
0.000000
0.000001
0.000001
0.000001
0.000001
0.000000
0.000000
0.000001
0.000000
0.000000
0.000001
0.000000
0.000000
0.000000
0.000000
0.000001
0.000001
0.000001
0.000001
0.000002
0.000001
0.000001
0.000001
0.000000
0.000000
0.000001
0.000000
0.000001
0.000001
0.000001
0.000002
0.000004
0.000003
0.000004
0.000006
0.000006
0.000008
0.000008
0.000028
0.000007
0.000050
0.000042
0.000025
0.000012
0.000018
0.000008
0.000012
0.000061
0.000043
0.000540
0.000590
0.000709
0.001895
0.005724
0.000006
0.000008
0.012814
5.321039
5.791180
6.152784
6.284229
6.313658
6.334377
6.333524
6.320333
6.309448
0.000027
0.000019
0.000005
0.000004
0.000005
0.000001
0.000000
0.000001
0.000000
0.000000
0.000000
0.000000
0.000000
0.000000
0.000000
0.000000
0.000000
0.000000
0.000001
0.000007
0.000004
0.000003
0.000000
0.000000
0.000002
0.000005
0.000003
0.000001
0.000001
0.000001
0.000001
0.000001
0.000004
0.000001
0.000000
0.000000
0.000001
0.000000
0.000001
0.000003
0.000011
0.000011
0.000002
0.000001
0.000002
0.000002
0.000004
0.000005
0.000013
0.000021
0.000309
6.299691
6.262360
6.261245
6.168720
6.047177
5.945372
5.792807
5.628876
5.594485
5.481588
5.181361
4.881562
4.621824
0.000032
0.000008
0.000005
0.000009
0.000008
0.000003
0.000003
0.000002
0.000002
0.000001
0.000001
0.000002
0.000003
0.000002
0.000002
0.000002
0.000003
0.000001
0.000002
0.000004
0.000001
0.000001
0.000003
0.000004
0.000015
0.000007
0.000004
0.000006
0.000011
0.000009
0.000018
0.000006
0.000004
0.000003
0.000005
0.000008
0.000005
0.000005
0.000004
0.000004
0.000003
0.000001
0.000005
0.000006
0.000007
0.000008
0.000003
0.006566
0.006697
4.407909
3.816720
3.188199
1.892358
1.456498
1.328995
1.227642
1.125656
0.778184
0.724754
0.008146
0.000567
0.000266
0.000236
0.000174
0.000127
0.000183
0.000723
0.000687
0.000014
0.000012
0.000015
0.000021
0.046869
0.056040
0.185532
0.785907
1.097309
1.304509
0.010890
0.000013
0.000003
0.000004
0.000007
0.000038
0.000016
0.000021
0.000145
0.011588
2.116039
2.598654
3.268759
3.735042
4.084911
4.504151
4.936361
5.305967
5.806282
6.046917
6.196710
6.347401
6.533758
6.637416
6.698182
7.019988
7.106495
0.000196
0.000157
0.000039
0.000047
0.000046
0.000068
0.000003
0.000001
0.000017
0.000008
0.000008
0.000016
0.000016
0.000007
0.000006
0.000005
0.000005
0.000008
0.000007
0.000011
0.000014
0.000002
0.000002
0.000006
0.000047
0.000008
0.000005
0.000010
0.000010
0.000002
0.000003
0.000025
0.000019
0.000014
0.000030
0.000055
0.000025
0.000117
0.000180
0.000123
0.000087
0.000006
0.000026
0.000015
0.000012
0.000017
0.000018
0.000008
0.000006
0.000018
0.000025
0.000030
0.000043
0.000326
7.189154
7.264403
7.274242
7.458686
7.442285
7.407147
7.343891
7.236672
6.727717
6.784736
6.897180
6.928183
7.005725
7.050267
0.031851
7.159246
7.256047
7.356333
7.438496
0.000042
0.000033
0.000025
0.000044
0.000038
0.000004
0.000003
0.000010
0.000009
0.000015
0.000004
0.000002
0.000007
0.000005
0.000003
0.000002
0.000002
0.000001
0.000002
0.000004
0.000012
0.000009
0.000004
0.000002
0.000002
0.000001
0.000001
0.000015
0.000008
0.000006
0.000039
0.000021
0.000014
0.000009
0.000012
0.000007
0.000028
0.000027
0.000019
0.000013
0.000024
0.000016
0.000012
0.000018
0.000021
0.000030
0.000046
0.000103
0.000596
0.000711
0.002623
0.003162
0.017434
7.530418
7.550156
7.573520
7.893485
7.956689
7.973788
7.981713
7.999444
8.172100
8.053524
7.948848
8.013683
7.959209
7.900805
7.864251
7.774718
7.684034
7.592395
7.432979
7.020524
6.650095
2.094649
2.114911
2.106329
5.987462
6.326931
6.707799
7.023742
7.381716
7.888168
8.236110
8.479507
8.593151
8.734104
8.760061
8.757008
8.756980
8.759289
8.972523
8.983616
8.983232
8.986737
8.996189
8.965215
8.932493
8.911172
8.693529
8.704076
8.712957
8.731708
8.739299
8.749160
8.749763
8.749625
8.750081
8.750039
8.749667
8.749096
8.746502
8.746320
8.748176
8.749828
8.749602
8.747422
8.747179
8.747315
8.741211
8.738672
8.738753
8.740324
8.731392
8.718705
8.715665
8.707680
8.704624
8.708334
8.716608
8.711359
8.704525
8.690920
8.670617
8.776855
8.815451
8.825226
8.602366
8.528761
8.583364
8.645004
8.589841
8.309493
7.877746
7.318242
6.913489
6.437704
0.173552
0.181005
0.120944
0.000225
0.000291
0.000462
0.000544
0.019865
0.022948
0.028029
0.484390
8.662456
8.679499
8.661749
8.662681
8.624859
8.625132
8.927274
8.940304
8.943426
8.966133
8.981828
9.007090
9.020572
9.046223
9.079007
9.080056
9.086057
9.101973
9.125111
9.137153
9.151319
9.162845
9.178145
9.186388
9.187493
9.184301
9.102052
8.797038
8.724886
8.251919
8.328385
8.299868
8.272211
8.227033
8.202370
8.056459
8.237178
8.342807
8.476231
8.516881
8.576698
8.657433
8.718813
8.697772
0.000276
0.000133
0.000099
0.000092
0.000066
0.000038
0.000010
0.000012
0.000016
0.000052
0.000066
0.000091
0.000244
0.000388
8.770099
8.788921
8.710734
8.245901
7.566864
0.080366
0.000158
0.000091
0.000072
0.000029
0.000018
0.000018
0.000011
0.000008
0.000017
0.000014
0.000006
0.000003
0.000027
0.000023
0.000002
0.000002
0.000050
0.000028
0.000022
0.000022
0.000019
0.000010
0.000011
0.000029
0.000018
0.000007
0.000051
0.000022
0.000010
0.000007
0.000007
0.000005
0.000004
0.000004
0.000003
0.000003
0.000011
0.000009
0.000011
0.000007
0.000002
0.000003
0.000005
0.000001
0.000003
0.000004
0.000006
0.000012
0.000021
0.000039
0.000042
0.000019
0.000011
0.000011
0.000019
0.000020
0.000016
0.000018
0.000028
0.000016
0.000010
0.000026
0.000065
0.000064
0.000112
0.000817
0.014633
6.533865
1.562507
6.407236
6.840566
7.016873
7.166796
7.407362
7.523601
7.463313
7.403595
7.360565
7.138475
6.943614
6.838494
6.464202
6.213619
5.898538
5.555702
5.370272
0.078692
0.014760
5.237968
0.030804
0.032263
0.022643
5.581784
5.827979
0.009300
0.011435
6.719113
7.157463
7.532470
7.734240
7.888825
8.138114
8.293812
8.367704
8.414480
8.488699
8.571771
8.635365
8.703383
8.721159
8.724963
8.803960
8.849868
8.849562
8.863996
8.862000
8.875970
8.890074
8.947034
9.209947
9.261525
9.316752
9.383652
9.401755
0.001295
0.000931
0.000400
0.000335
0.000289
0.000188
0.000159
0.000153
0.000161
0.000575
0.000721
9.132362
9.311009
9.418990
9.418852
9.404254
9.393512
9.383125
9.149066
8.918171
8.919679
8.917977
8.912283
8.908599
8.899853
8.888816
8.826800
8.761313
8.688542
8.564994
8.281719
7.698203
1.380779
1.340690
6.276618
6.630108
6.935469
7.183768
7.556977
7.752010
7.793444
7.847171
8.003121
8.175302
8.304573
8.496179
8.569935
8.635406
8.672213
8.951192
8.982470
8.967969
8.979243
8.980422
8.978851
8.866697
8.900364
8.924033
8.943294
8.944708
8.948545
8.956084
8.953856
8.949758
8.935564
8.921704
8.896855
8.862673
8.800946
8.770714
8.650129
8.532101
8.469664
8.621315
8.443091
8.333033
8.228931
8.158372
8.012713
7.888964
7.851869
7.714095
7.480297
7.134676
6.591379
5.962997
5.451892
0.140951
3.784185
0.611235
0.486720
0.442751
0.305878
0.195745
0.173592
0.148877
0.000600
0.000563
0.000301
0.000076
0.000108
0.000112
0.000175
0.000080
0.000057
0.000074
0.000119
0.000223
0.000182
0.000089
0.000022
0.000031
0.000022
0.000027
0.000027
0.000037
0.000031
0.000046
0.000049
0.000041
0.000050
0.000054
0.000038
0.000749
0.000074
0.000090
0.000048
0.000096
0.000069
0.000088
0.000058
0.000068
0.000133
0.000439
0.000624
0.030132
0.205269
2.749506
2.749419
0.048827
3.000359
4.633965
5.309544
5.778798
6.149460
6.492768
6.855524
7.037759
7.178060
7.255373
7.346952
7.425929
7.560565
7.643073
7.782698
7.945448
8.047291
8.163612
8.355635
8.394295
8.431502
8.441085
8.410453
0.002715
0.001745
0.001192
0.001003
0.000071
0.000037
0.000012
0.000005
0.000003
0.000002
0.000001
0.000001
0.000002
0.000002
0.000001
0.000001
0.000001
0.000001
0.000001
0.000002
0.000004
0.000004
0.000008
0.000013
0.000075
0.000096
0.000140
0.000198
0.000623
7.893997
7.899940
7.842659
7.850042
7.846036
7.842547
7.841058
7.841795
7.845791
7.851761
7.876079
7.877938
7.834537
7.798964
7.813467
7.823933
0.006410
0.006762
7.861970
7.857784
7.880593
7.899693
7.902602
7.911450
7.914607
7.983841
8.002327
8.055696
8.256569
8.403673
8.418146
8.407172
8.406835
8.410497
8.400175
8.393521
8.388886
8.375833
8.361110
8.352192
8.288829
8.242787
8.217524
8.206737
8.164412
8.145780
8.107531
8.078099
0.059716
8.171423
8.209295
8.247690
8.259025
8.268550
8.258974
8.253656
8.259281
8.223287
8.178257
8.140388
8.100702
8.077238
8.070713
8.073490
8.079207
8.108481
8.154157
8.173369
8.190721
8.222889
8.296136
8.357997
8.410211
8.421792
8.420451
8.344993
8.264057
8.179922
8.024480
0.021671
0.017190
0.002444
0.001268
0.001153
0.000581
0.000249
0.000254
0.000522
0.000281
7.511957
7.424814
7.342300
7.202236
6.739891
6.325537
5.963703
5.744006
5.094688
4.524430
4.085124
3.446514
2.880912
0.010965
2.152644
1.953313
1.677814
1.352439
0.370581
0.351803
0.321589
0.146729
0.081475
0.075884
0.054535
0.037014
0.000146
0.000090
0.000108
0.000090
0.000499
0.001222
0.000978
0.000949
0.000891
0.000516
0.000590
0.001184
0.001311
0.001187
0.001090
0.001037
0.000833
0.000128
0.000416
0.000389
0.000419
0.463927
0.447301
0.419870
0.379068
0.327542
0.305116
0.252399
0.212489
0.167729
0.157802
0.152063
0.117391
0.102185
0.064792
0.008781
0.008609
0.026932
0.028838
0.023647
0.024072
0.024285
0.023490
0.023433
0.022832
0.022592
0.021977
0.010920
0.000043
0.000027
0.000028
0.000041
0.000020
0.000034
0.000072
0.000033
0.000041
0.000035
0.000027
0.000017
0.000005
0.000005
0.000005
0.000002
0.000001
0.000003
0.000003
0.000004
0.000002
0.000002
0.000001
0.000006
0.000006
0.000008
0.000021
0.000003
0.000005
0.000001
0.000002
0.000003
0.000002
0.000005
0.000024
0.000032
0.003801
0.003825
0.012796
0.012941
0.013012
0.012861
0.011395
0.004415
0.014428
0.014232
0.013962
0.013984
0.013908
0.012938
0.012787
0.012855
0.012928
0.012584
0.011779
0.009586
0.011715
0.012314
0.012347
0.009772
0.009717
0.009632
0.009596
0.009398
0.001767
0.008001
0.009961
0.010797
0.011031
0.011410
0.010067
0.003099
0.008106
0.008592
0.009062
0.009539
0.009657
0.009650
0.009650
0.009647
0.009635
0.009624
0.009591
0.009553
0.009504
0.009487
0.009485
0.009470
0.009388
0.009348
0.009127
0.008937
0.008725
0.008745
0.008763
0.008728
0.008606
0.008482
0.008379
0.008332
0.008340
0.008414
0.008467
0.008535
0.008653
0.008980
0.009347
0.009505
0.009555
0.009573
0.009637
0.009640
0.009643
0.009641
0.009642
0.009645
0.009877
0.009967
0.009999
0.010047
0.010013
0.009978
0.009877
0.009752
0.009636
0.009641
0.009639
0.009640
0.009776
0.009709
0.009648
0.009648
0.009643
0.009654
0.009658
0.011232
0.011394
0.011931
0.012127
0.012121
0.011712
0.011197
0.010877
0.010679
0.000399
0.011161
0.011362
0.011602
0.011868
0.011932
0.012039
0.012303
0.012436
0.012539
0.012676
0.012698
0.012612
0.009701
0.010142
0.010185
0.010272
0.010393
0.010408
0.010429
0.010485
0.010501
0.010566
0.010582
0.010593
0.010595
0.010650
0.010724
0.010733
0.010726
0.010699
0.000251
0.010003
0.009929
0.010042
0.010196
0.010373
0.010586
0.010681
0.010820
0.010847
0.010854
0.010883
0.010901
0.010901
0.010887
0.010881
0.010879
0.010853
0.010814
0.010792
0.009677
0.009667
0.009655
0.009652
0.009637
0.009610
0.009522
0.009379
0.009021
0.008375
0.008178
0.007841
0.007743
0.007614
0.007550
0.007499
0.007506
0.007435
0.007461
0.007473
0.007317
0.006939
0.006539
0.006152
0.004329
0.001487
0.001361
0.005385
0.007537
0.007904
0.008756
0.008888
0.008982
0.009081
0.009105
0.009069
0.008870
0.008751
0.008550
0.008488
0.008426
0.008437
0.008485
0.008420
0.008425
0.008441
0.008462
0.008532
0.008791
0.009066
0.009343
0.009555
0.009591
0.009601
0.009608
0.009629
0.009632
0.009623
0.009620
0.009624
0.009630
0.009635
0.009636
0.009631
0.009627
0.009625
0.009626
0.009631
0.009632
0.009627
0.009627
0.009628
0.009633
0.009633
0.009629
0.009625
0.009627
0.009620
0.009607
0.009515
0.008753
0.008121
0.001429
0.001391
0.001437
0.001502
0.001640
0.001661
0.001630
0.001613
0.001606
0.001500
0.000057
0.000055
0.000070
0.000057
0.000065
0.000067
0.000730
0.000818
0.000753
0.000591
0.000193
0.000832
0.000818
0.000311
0.000710
0.001104
0.001277
0.001538
0.001560
0.001558
0.001557
0.000006
0.000002
0.000009
0.000008
0.000009
0.000011
0.000016
0.000839
0.000849
0.001149
0.001446
0.001761
0.002184
0.002994
0.004461
0.004650
0.004778
0.008826
0.009640
0.009826
0.004908
0.004402
0.003891
0.002611
0.001187
0.007932
0.008749
0.008984
0.008642
0.001544
0.001469
0.001322
0.002645
0.017188
0.031538
0.008560
0.008527
0.008544
0.008433
0.008408
0.008378
0.008311
0.008339
0.008344
0.008413
0.008465
0.008501
0.008607
0.008428
0.008320
0.006989
0.006475
0.006009
0.005645
0.005339
0.005046
0.004900
0.004864
0.004834
0.004818
0.004839
0.004898
0.005103
0.005099
0.005124
0.005033
0.002053
0.005291
0.007167
0.007666
0.008636
0.009530
0.009575
0.009647
0.009634
0.009624
0.009626
0.009642
0.009635
0.009635
0.009637
0.009643
0.009680
0.009678
0.009671
0.009671
0.009637
0.009632
0.009632
0.009634
0.009622
0.009615
0.009612
0.009613
0.009618
0.009621
0.009689
0.009658
0.009658
0.009659
0.009661
0.009639
0.009026
0.008162
0.006102
0.002508
0.006068
0.006973
0.007623
0.007642
0.007568
0.005602
0.004769
0.004536
0.001631
0.004841
0.005902
0.007069
0.008136
0.009293
0.009637
0.009491
0.009497
0.009502
0.009492
0.009363
0.009306
0.009303
0.009260
0.009198
0.009050
0.008706
0.008658
0.008672
0.008800
0.008941
0.009116
0.009283
0.009280
0.009264
0.009244
0.009078
0.008896
0.008702
0.000010
0.000007
0.000001
0.000030
0.000006
0.000007
0.000073
0.000068
0.000063
0.000000
0.000000
0.000000
0.000000
0.000000
0.000000
0.000000
0.000000
0.000000
0.000000
0.000000
0.000000
0.000000
0.000000
0.000000
0.000000
0.000000
0.000000
0.000003
0.000005
0.000007
0.000326
0.000453
0.000937
0.001327
0.001851
0.002054
0.002172
0.002276
0.002007
0.001783
0.001761
0.001526
0.000001
0.000000
0.000000
0.000000
0.000003
0.001252
0.000449
0.010438
0.030524
