0.000809
0.000754
0.000700
0.000000
0.000000
0.000000
0.000000
0.000000
0.000000
0.000000
0.000000
0.000000
0.000000
0.000000
0.000000
0.000000
0.000000
0.000000
0.000000
0.000000
0.000000
0.000000
0.000024
0.000008
0.000007
0.000002
0.000001
0.000001
0.000003
0.000004
0.000005
0.000029
0.000000
0.000000
0.000000
0.000000
0.000000
0.000000
0.000000
0.000000
0.000000
0.000000
0.000000
0.000000
0.000000
0.000000
0.000000
0.000000
0.000000
0.000000
0.000000
0.000000
0.000000
0.000000
0.000000
0.000000
0.000000
0.000000
0.000015
0.001885
0.002146
0.002422
0.003757
0.003870
0.004111
0.004452
1.137730
0.760483
0.484186
0.242309
0.107228
0.076640
0.052450
0.012298
0.003614
0.002905
0.000027
0.000023
0.000013
0.000014
0.000012
0.000000
0.000000
0.000000
0.000000
0.000000
0.000000
0.000000
0.000000
0.000000
0.000000
0.000000
0.000000
0.000000
0.000000
0.000000
0.000000
0.000000
0.000000
0.000000
0.000000
0.000000
0.000000
0.000000
0.000000
0.000000
0.000044
0.000042
0.000076
0.000077
0.000041
0.000011
0.000011
0.000009
0.000000
0.000000
0.000000
0.000000
0.000000
0.000000
0.000000
0.000000
0.000000
0.000000
0.000000
0.000000
0.000007
0.000010
0.000008
0.002575
0.002077
0.001820
0.002100
0.011965
0.010857
0.010922
0.009534
0.004276
0.004204
0.001104
0.000361
0.000269
0.000008
0.000013
0.000005
0.000000
0.000000
0.000000
0.000000
0.000000
0.000001
0.000130
0.000000
0.000006
0.000002
0.000002
0.000002
0.000000
0.000000
0.000001
0.000000
0.000000
0.000000
0.000000
0.000001
0.000000
0.000000
0.000000
0.000000
0.000001
0.000002
0.000006
0.000010
0.000000
0.000000
0.000000
0.000000
0.000000
0.000000
0.000000
0.000000
0.000000
0.000000
0.000000
0.000000
0.000000
0.000000
0.000000
0.000000
0.000000
0.000000
0.000001
0.000000
0.000000
0.000000
0.000000
0.000000
0.000000
0.000000
0.000000
0.000000
0.000000
0.000000
0.000000
0.000000
0.000000
0.000000
0.000000
0.000000
0.000000
0.000000
0.000000
0.000000
0.000000
0.000000
0.000000
0.000000
0.000000
0.000000
0.000000
0.000000
0.000000
0.000000
0.000000
0.000000
0.000000
0.000000
0.000000
0.000000
0.000000
0.000000
0.000000
0.000000
0.000000
0.000000
0.000000
0.000000
0.000000
0.000000
0.000000
0.000000
0.000000
0.000000
0.000000
0.000000
0.000000
0.000000
0.000000
0.000000
0.000000
0.000000
0.000000
0.000000
0.000000
0.000000
0.000000
0.000000
0.000000
0.000000
0.000000
0.000000
0.000000
0.000000
0.000000
0.000000
0.000000
0.000000
0.000000
0.000000
0.000000
0.000000
0.000000
0.000000
0.000000
0.000000
0.000000
0.000000
0.000000
0.000000
0.000000
0.000000
0.000000
0.000000
0.000000
0.000000
0.000000
0.000000
0.000000
0.000000
0.000000
0.000000
0.000000
0.000000
0.000000
0.000000
0.000000
0.000000
0.000000
0.000000
0.000000
0.000000
0.000000
0.009014
0.008637
0.008715
0.009409
0.000000
0.000000
0.000000
0.000000
0.000000
0.000000
0.000000
0.000000
0.000000
0.000000
0.000000
0.000000
0.000000
0.000000
0.000000
0.000000
0.000000
0.000000
0.000000
0.000000
0.000000
0.000000
0.000000
0.000000
0.000000
0.000000
0.000000
0.000000
0.000000
0.000000
0.000000
0.000000
0.000000
0.000000
0.000000
0.000000
0.000000
0.000000
0.000000
0.000000
0.000000
0.000000
0.000000
0.000000
0.000000
0.000000
0.000001
0.000001
0.000000
0.000000
0.000000
0.000000
0.000000
0.000000
0.000000
0.000000
0.000000
0.000000
0.000000
0.000000
0.000000
0.000000
0.000001
0.000000
0.000000
0.000000
0.000000
0.000000
0.000000
0.000000
0.000000
0.000000
0.000000
0.000000
0.000000
0.000000
0.000000
0.000000
0.000000
0.000000
0.000000
0.000000
0.000000
0.000000
0.000000
0.000000
0.000000
0.000000
0.000000
0.000000
0.000000
0.000000
0.000000
0.000000
0.000000
0.000000
0.000000
0.000000
0.000000
0.000000
0.000000
0.000000
0.000000
0.001169
0.000000
0.000000
0.000000
0.000000
0.000000
0.000000
0.000000
0.000000
0.000000
0.000000
0.000000
0.000000
0.000000
0.000000
0.000000
0.000000
0.000000
0.000000
0.000000
0.000000
0.000000
0.000000
0.000000
0.000000
0.000000
0.000000
0.000000
0.000000
0.000000
0.000000
0.000000
0.000000
0.000000
0.000000
0.000000
0.000000
0.000000
0.000001
0.000000
0.000000
0.000000
0.000000
0.000000
0.000000
0.000001
0.000000
0.000000
0.000000
0.000000
0.000001
0.000000
0.000000
0.000000
0.000000
0.000001
0.000003
0.000003
0.000001
0.000000
0.000000
0.000000
0.000000
0.000000
0.000000
0.000000
0.000000
0.000000
0.000000
0.000000
0.000001
0.000001
0.000001
0.000001
0.000000
0.000000
0.000000
0.000000
0.000000
0.000000
0.000000
0.000000
0.000000
0.000003
0.000002
0.000001
0.000000
0.000000
0.000002
0.000001
0.000003
0.000009
0.000017
0.000000
0.000000
0.000000
0.000000
0.000010
0.000008
0.000006
0.000002
0.000002
0.000006
0.000004
0.000005
0.000006
0.000006
0.000001
0.000002
0.000002
0.000000
0.000000
0.000001
0.000001
0.000000
0.000000
0.000001
0.000001
0.000002
0.000004
0.000006
0.000000
0.000000
0.000000
0.000000
0.000000
0.000000
0.000000
0.000000
0.000000
0.000001
0.000000
0.000000
0.000000
0.000000
0.000000
0.000000
0.000001
0.000000
0.000000
0.000000
0.000000
0.000000
0.000000
0.000000
0.000000
0.000000
0.000000
0.000000
0.000000
0.000000
0.000000
0.000000
0.000000
0.000000
0.000000
0.000000
0.000000
0.000000
0.000000
0.000000
0.000000
0.000000
0.000000
0.000000
0.000000
0.000000
0.000000
0.000000
0.000000
0.000000
0.000000
0.000000
0.000000
0.000000
0.000000
0.000000
0.000000
0.000000
0.000000
0.000000
0.000000
0.000000
0.000000
0.000000
0.000000
0.000000
0.000000
0.000000
0.000000
0.000000
0.000000
0.000000
0.000000
0.000000
0.000000
0.000000
0.000000
0.000000
0.000000
0.000000
0.000000
0.000000
0.000000
0.000000
0.000000
0.000000
0.000000
0.000000
0.000001
0.000002
0.000001
0.000001
0.000001
0.000003
0.000009
0.000004
0.000001
0.000001
0.000000
0.000001
0.000002
0.000000
0.000000
0.000000
0.000000
0.000000
0.000000
0.000000
0.000000
0.000000
0.000000
0.000000
0.000000
0.000000
0.000000
0.000000
0.000000
0.000000
0.000000
0.000000
0.000000
0.000000
0.000000
0.000000
0.000000
0.000000
0.000000
0.000000
0.000000
0.000000
0.000000
0.000000
0.000000
0.000000
0.000000
0.000000
0.000000
0.000000
0.000000
0.000000
0.000000
0.000000
0.000000
0.000000
0.000001
0.000001
0.000003
0.000002
0.000002
0.000002
0.000001
0.000002
0.000523
0.000010
0.000005
0.000002
0.000001
0.000001
0.000001
0.000002
0.000001
0.000001
0.000001
0.000010
0.000004
0.000004
0.000005
0.000001
0.000000
0.000000
0.000000
0.000000
0.000000
0.000000
0.000000
0.000000
0.000000
0.000000
0.000000
0.000000
0.000000
0.000000
0.000000
0.000000
0.000000
0.000000
0.000000
0.000000
0.000000
0.000000
0.000000
0.000000
0.000000
0.000000
0.000001
0.000001
0.000001
0.000001
0.000002
0.000002
0.000003
0.000002
0.000001
0.000002
0.000002
0.000003
0.000001
0.000001
0.000002
0.000001
0.000003
0.000006
0.000005
0.000000
0.000000
0.000000
0.000000
0.000000
0.000000
0.000000
0.000000
0.000000
0.000000
0.000000
0.000000
0.000000
0.000000
0.000000
0.000000
0.000000
0.000000
0.000000
0.000000
0.000000
0.000000
0.000000
0.000000
0.000000
0.000000
0.000000
0.000000
0.000000
0.000000
0.000000
0.000000
0.000000
0.000000
0.000000
0.000000
0.000000
0.000000
0.000000
0.000000
0.000000
0.000000
0.000000
0.000000
0.000000
0.000000
0.000000
0.000000
0.000000
0.000000
0.000000
0.000000
0.000000
0.000000
0.000000
0.000000
0.000000
0.000000
0.000000
0.000000
0.000000
0.000000
0.000000
0.000000
0.000000
0.000000
0.000000
0.000000
0.000000
0.000000
0.000000
0.000000
0.000000
0.000000
0.000000
0.000000
0.000000
0.000000
0.000000
0.000000
0.000000
0.000000
0.000000
0.000000
0.000000
0.000000
0.000000
0.000000
0.000000
0.000000
0.000000
0.000000
0.000000
0.000000
0.000000
0.000000
0.000000
0.000000
0.000000
0.000000
0.000000
0.000000
0.000000
0.000001
0.000003
0.000007
0.000005
0.000000
0.000000
0.000000
0.000000
0.000000
0.000000
0.000000
0.000000
0.000000
0.000000
0.000000
0.000000
0.000000
0.000000
0.000000
0.000000
0.000000
0.000000
0.000000
0.000000
0.000000
0.000000
0.000000
0.000000
0.000001
0.000000
0.000000
0.000000
0.000000
0.000000
0.000000
0.000000
0.000000
0.000000
0.000000
0.000000
0.000000
0.000000
0.000000
0.000000
0.000000
0.000000
0.000000
0.000000
0.000000
0.000000
0.000000
0.000000
0.000000
0.000000
0.000000
0.000000
0.000000
0.000000
0.000000
0.000000
0.000000
0.000000
0.000000
0.000000
0.000000
0.000000
0.000000
0.000000
0.000000
0.000000
0.000000
0.000000
0.000000
0.000000
0.000000
0.000000
0.000000
0.000000
0.000000
0.000001
0.000000
0.000000
0.000002
0.000001
0.000000
0.000000
0.000000
0.000000
0.000000
0.000000
0.000003
0.000003
0.000005
0.000014
0.000004
0.000007
0.000010
0.000000
0.000000
0.000000
0.000000
0.000000
0.000000
0.000000
0.000000
0.000002
0.000003
0.000004
0.000000
0.000001
0.000001
0.000001
0.000000
0.000001
0.000000
0.000000
0.000000
0.000000
0.000000
0.000000
0.000000
0.000000
0.000000
0.000000
0.000000
0.000000
0.000000
0.000000
0.000000
0.000000
0.000000
0.000001
0.000001
0.000003
0.000001
0.000001
0.000001
0.000002
0.000002
0.000001
0.000001
0.000002
0.000004
0.000005
0.000002
0.000002
0.000004
0.000002
0.000003
0.000005
0.000006
0.000038
0.000035
0.000035
0.000044
0.000004
0.000006
0.000007
0.000002
0.000002
0.000001
0.000001
0.000001
0.000002
0.000002
0.000002
0.000001
0.000001
0.000001
0.000002
0.000001
0.000001
0.000002
0.000002
0.000034
0.000033
0.000037
0.000046
0.000002
0.000005
0.000006
0.000007
0.000005
0.000003
0.000003
0.000003
0.000004
0.000007
0.000003
0.000005
0.000009
0.000011
0.000015
0.000006
0.000009
0.000010
0.000005
0.000005
0.000029
0.000005
0.000006
0.000023
0.000031
0.000007
0.000013
0.000027
0.000005
0.000006
0.000018
0.000007
0.000018
0.000015
0.000015
0.000011
0.000015
0.000016
0.000018
0.000023
0.000010
0.000020
0.000031
0.000017
0.000007
0.000012
0.000018
0.000028
0.000021
0.000026
0.000035
0.000020
0.000023
0.000020
0.000022
0.000015
0.000016
0.000014
0.000023
0.000022
0.000012
0.000013
0.000019
0.000034
0.000044
0.000031
0.000078
0.000089
0.000102
0.000130
0.000165
0.000093
0.000328
0.078769
0.115221
0.139661
0.155921
0.156265
0.000498
0.000022
0.000023
0.000003
0.000009
0.000007
0.000031
0.000006
0.005127
0.005441
0.007664
0.008291
0.007966
0.126358
0.249288
0.258600
0.321464
0.331825
0.000183
0.000330
0.000017
0.000096
0.000074
0.000034
0.000058
0.000044
0.000043
0.000020
0.000017
0.000018
0.000039
0.000077
0.000098
0.000116
0.000241
0.001377
0.000982
0.000050
0.000105
0.000170
0.000267
0.000972
0.000647
0.372186
0.405131
0.501072
0.568072
0.570539
0.565568
0.155821
0.483788
0.490882
0.471860
0.464416
0.439397
0.006012
0.006314
0.005841
0.005827
0.005299
0.363199
0.346789
0.301089
0.286334
0.266176
0.101935
0.008064
0.007681
0.007272
0.007189
0.002345
0.001819
0.001519
0.001310
0.000019
0.000017
0.000006
0.000322
0.000010
0.000013
0.000002
0.000003
0.000002
0.000003
0.000004
0.000011
0.000011
0.000006
0.000004
0.000010
0.000023
0.000021
0.000013
0.000234
0.001066
0.008583
0.008701
0.021098
0.022160
0.027607
0.032696
0.033983
0.048228
0.053988
0.059500
0.056858
0.025759
0.000573
0.000574
0.000081
0.000047
0.000042
0.000035
0.000068
0.000074
0.000076
0.000035
0.000004
0.000003
0.000002
0.000003
0.000002
0.000003
0.000005
0.000004
0.000004
0.000003
0.000004
0.000005
0.000009
0.000017
0.002039
0.005484
0.004650
0.005422
0.009467
0.011648
0.011801
0.011724
0.010061
0.009798
0.009142
0.000031
0.000019
0.000012
0.000011
0.000007
0.000014
0.000015
0.000012
0.000011
0.000065
0.000093
0.000010
0.000009
0.000010
0.000007
0.000013
0.000009
0.000010
0.000009
0.000008
0.000011
0.000014
0.000030
0.004751
0.006940
0.082974
0.194118
0.212915
0.304428
0.359680
0.384496
0.467626
0.504927
0.534630
0.567836
0.623157
0.668672
0.711277
0.773902
0.819413
0.907032
0.000397
0.000397
0.000380
0.000351
0.000350
0.000308
0.000293
0.000272
0.000287
0.000381
0.000316
0.000061
0.000057
0.000048
0.000072
0.000109
0.000108
0.000122
0.000479
0.000189
0.000119
0.001457
0.001420
0.001421
0.001423
0.001452
0.001552
0.001565
0.002107
0.001744
0.000072
0.000050
0.000025
0.000023
0.000027
0.000029
0.000032
0.000059
0.000046
0.000060
0.000096
0.000795
0.000963
0.004358
0.004509
0.004746
0.004781
0.004958
0.004788
0.004724
0.006024
0.006423
0.005505
0.000828
0.000880
0.000899
0.000973
0.001370
0.001511
0.000017
0.000012
0.000027
0.000037
0.000041
0.008637
0.008775
0.009624
0.008943
0.009005
0.009018
0.009126
0.015390
0.014849
0.014491
0.000300
0.000230
0.000214
0.000028
0.000033
0.000016
0.000038
0.000040
0.000048
0.000036
0.000088
0.000146
0.000149
0.000136
0.001306
0.013010
0.014177
0.015166
0.016016
0.017341
0.020117
1.426539
1.483865
1.718935
1.956547
2.187925
2.360967
0.014339
0.008898
0.000613
0.000621
0.000616
0.000460
0.000604
0.000665
0.000467
0.000468
0.000410
0.000461
0.000493
0.001411
0.000067
0.000069
0.000055
0.000076
0.000101
0.000308
0.000532
0.005042
0.112063
2.909707
3.357274
3.618046
3.852097
0.003795
4.312932
4.590128
4.856595
5.155273
5.576479
6.063023
6.409065
6.644694
6.818075
7.108142
7.296685
7.392346
7.987508
8.038677
8.040444
8.046455
8.053749
8.058473
8.058679
8.060583
8.063618
8.063558
8.063706
8.064193
8.065154
8.069221
8.076290
8.246313
8.333032
8.342270
8.344172
8.344520
8.344522
8.338834
8.338816
8.344304
8.343618
8.343427
8.340557
8.307076
8.237905
8.173771
7.202349
0.024032
6.473614
4.999231
7.284940
8.038844
8.466147
8.556810
8.571500
8.573804
8.574833
8.575741
8.575624
8.575649
8.575705
8.575679
8.575763
8.575659
8.575465
8.575231
8.819988
8.822339
8.823527
8.823490
8.823529
8.822328
8.816651
8.813053
8.800549
8.361871
8.248166
8.306632
8.353508
8.361983
8.378248
8.393988
8.411868
8.409437
8.409544
8.412313
8.412543
8.409648
8.407591
8.407344
8.406255
8.406537
8.408794
8.413366
8.414078
8.413252
8.383636
8.323863
8.272862
0.057323
8.329956
8.367161
8.404482
8.414384
8.415261
8.415441
8.415136
8.413727
8.412299
8.409789
8.395703
8.211344
8.188271
8.186385
8.186009
8.185758
8.185300
8.184192
8.181730
8.174658
7.994660
7.798531
7.446568
7.080236
6.669853
6.094205
5.402935
0.003815
0.001454
0.001061
0.000814
0.000371
0.000347
0.000182
0.000129
0.000167
0.000550
3.787727
4.054719
3.169046
5.403765
6.074689
6.636418
0.001869
0.000047
0.000079
0.000068
0.000053
0.000025
0.000020
0.000198
0.000095
0.000066
0.000089
0.000060
0.016136
0.016308
0.005616
0.008478
6.708454
6.973333
7.290145
7.648599
8.024655
8.045152
8.055649
8.067749
0.000172
0.000132
0.000121
0.000098
0.000109
0.000124
0.000147
0.000195
0.000266
0.000371
0.000950
0.002460
8.406264
8.422385
8.425922
8.688298
8.695646
8.697461
8.701792
8.702581
8.701267
8.701583
8.703644
8.703174
8.702717
8.702292
8.700636
8.693522
8.433069
7.794663
7.225783
7.780275
8.171627
8.475118
8.664328
8.699987
8.698223
8.695886
8.653326
8.416971
8.271902
7.997073
7.956987
7.945169
7.931088
7.755700
7.600916
7.368519
7.203886
0.258629
0.253418
6.775014
7.101568
7.367829
7.557957
7.748112
7.851673
7.899321
7.942457
7.933549
7.940978
7.960944
7.964038
7.964485
7.963842
7.964754
7.966339
7.966443
7.965917
7.965454
7.965648
7.965857
7.965616
7.964775
7.964059
7.964503
7.965610
7.965758
7.965040
7.964988
7.964248
7.961119
7.960753
7.962879
7.980660
7.981239
7.982869
7.983536
7.982696
7.985683
7.989603
7.991360
7.960867
7.957644
7.958477
7.954779
7.951979
7.953906
7.961018
7.961725
7.959362
7.829903
8.027282
8.201427
8.217571
8.236570
8.244389
8.246619
8.247286
8.250679
8.252157
8.252356
8.253375
8.250610
8.246374
8.242018
8.403445
8.410832
8.414899
8.461737
8.503918
8.545976
8.555602
8.557194
8.559063
8.560049
8.559843
8.559910
8.560330
8.560115
8.559344
8.558732
8.558310
8.851779
8.889286
8.882599
8.834794
8.700351
8.671083
8.607937
8.529158
8.478282
8.423273
8.413136
8.409156
8.405609
8.406760
8.298186
8.217724
8.140669
8.081059
7.889245
7.726235
7.559665
7.354812
7.228434
7.058466
6.886732
6.637762
6.005368
5.406301
0.000011
0.000008
0.000007
0.000006
0.000006
3.149951
1.871812
2.263512
2.411129
2.258239
2.130512
0.292441
0.448393
0.396253
0.000901
0.000416
0.000172
0.000131
0.000098
0.000028
0.000009
0.000012
0.000018
0.000029
0.000022
0.000016
0.002201
0.076425
0.071024
2.156222
2.330468
2.578670
0.000121
0.000063
0.000046
0.000016
0.000009
0.000008
0.000006
0.000004
0.000023
0.000016
0.000010
0.000015
0.000016
0.000009
0.000008
0.000010
0.000008
0.000006
0.000005
0.000005
0.000007
0.000005
0.000004
0.000003
0.000015
0.000012
0.000015
0.000010
0.000021
0.000012
0.000023
0.000007
0.000005
0.000005
0.000006
0.000006
0.000004
0.000012
0.000009
0.000009
0.000005
0.000006
0.000005
0.000003
0.000004
0.000013
0.000021
0.000014
0.000030
0.000026
0.000027
0.000030
0.000052
0.000062
0.000252
0.000582
0.002363
0.003643
0.008471
5.906053
6.776046
7.636979
8.143643
8.536435
8.897234
9.139671
9.174962
9.182282
9.185396
9.182540
9.184647
9.186322
9.181183
9.178617
9.181381
9.193133
9.211323
9.228021
9.228591
9.230173
9.229782
9.227681
9.214323
9.198710
9.168115
9.158574
9.140139
9.120883
9.080919
8.915181
8.886339
8.709192
8.695378
8.688061
0.164431
0.164005
8.393271
8.416603
8.438551
8.470780
8.515150
8.542708
8.593309
8.640584
8.692864
8.701911
8.704476
8.706934
8.709507
8.730021
8.748100
8.754305
8.752013
8.739168
8.739538
8.738620
8.739107
8.740395
8.741041
8.740876
8.739736
8.738627
8.734238
8.723731
8.700002
8.674792
8.657607
8.479450
8.479008
8.482054
8.482137
8.483678
8.539498
8.567809
8.592735
8.620216
8.660105
8.678968
8.706008
8.711769
8.691295
8.794669
8.711738
8.768782
8.777368
8.771187
8.760466
8.749267
8.652611
0.000716
0.000512
0.000387
0.000352
0.000333
0.000335
0.000335
0.000345
0.000393
0.000453
0.000596
8.746936
8.771612
8.773392
8.775643
8.781018
8.781811
8.782422
8.781799
8.782190
8.783274
8.783086
8.777622
8.776316
8.776984
8.775248
8.774592
8.778733
8.784490
8.786631
8.797063
8.814635
8.800011
8.787527
8.741851
8.646224
8.627079
8.539562
8.512577
8.498703
8.489850
8.483399
8.480229
8.475407
8.465070
8.414381
8.389237
8.368391
8.300205
0.051904
8.292246
8.392416
8.302487
8.306194
8.305134
8.304814
8.304915
8.304775
8.304751
8.304888
8.307705
8.307774
8.307685
8.307651
8.307889
8.309312
8.442480
8.456992
8.446983
8.443954
8.275888
8.238126
8.182430
8.156850
8.118826
8.004730
7.927770
7.604171
7.024917
6.224559
0.535240
0.037255
5.549978
6.494808
7.419522
8.023224
8.204629
8.252938
8.267683
8.270582
8.269806
8.265805
8.252724
8.054514
7.854205
7.495116
7.244083
6.708496
6.204434
5.790399
0.025301
5.639170
5.276166
4.361888
3.754808
3.229230
2.758028
0.098574
0.047049
0.038494
0.019228
0.016436
0.002558
0.000252
0.000333
0.000068
0.000062
0.000044
0.000046
0.000055
0.000049
0.000047
0.000151
0.000033
0.000027
0.000087
0.000026
0.000050
0.000072
0.000070
0.000092
0.000469
0.000633
0.000752
0.000106
0.000057
0.000047
0.000029
0.000032
0.000025
0.000017
0.000036
0.000218
0.002268
0.003174
0.000025
0.000018
0.000011
0.000295
0.000199
0.000148
0.000261
0.000206
0.000134
0.000101
0.000101
0.000099
0.000109
0.000101
0.000104
0.000104
0.000084
0.000011
0.000009
0.000010
0.000007
0.000013
0.000013
0.000017
0.000013
0.000488
0.000373
0.000087
0.000055
0.000029
0.000023
0.000018
0.000026
0.000024
0.000017
0.000019
0.000033
0.000035
0.000055
0.000298
0.000348
0.002762
0.002844
0.003031
0.003200
0.003524
0.003596
0.003551
0.003563
0.003436
0.003291
0.003092
0.003100
0.004190
0.004217
0.004008
0.003967
0.003991
0.003843
0.002606
0.001982
0.001525
0.000005
0.000228
0.000247
0.000283
0.000170
0.001018
0.001397
0.010281
0.013194
0.014302
0.014007
0.017855
0.019496
1.717676
1.519833
0.029505
0.026173
0.022717
0.020320
0.000420
0.000144
0.000144
0.000074
0.000075
0.000081
0.000052
0.000039
0.000079
0.000080
0.000043
0.000043
0.000056
0.000036
0.000025
0.000027
0.000127
0.000564
0.000428
0.000472
0.000575
0.039087
0.074107
0.079722
0.034061
0.031728
0.027521
0.025598
0.000125
0.000091
0.000091
0.000081
0.000026
0.000027
0.000063
0.000054
0.000037
0.000235
0.000213
0.000173
0.000009
0.000015
0.000012
0.000016
0.000034
0.000015
0.000016
0.000080
0.000043
0.000051
0.000059
0.000031
0.006561
0.013341
0.017167
0.018209
0.019642
0.971905
0.913299
0.837043
0.782511
0.010537
0.000007
0.000012
0.000004
0.000008
0.000023
0.010229
0.010948
0.011788
0.012896
0.013803
0.013837
0.014036
0.014533
0.013896
0.013064
0.000660
0.002139
0.543446
0.541603
0.512255
0.486445
0.459144
0.443093
0.409113
0.359155
0.324599
0.294904
0.074805
0.155577
0.155088
0.016896
0.004364
0.001254
0.000182
0.000223
0.000179
0.000192
0.000135
0.000218
0.000226
0.000276
0.000329
0.000304
0.000375
0.009708
0.009647
0.009654
0.014591
0.014019
0.006418
0.006607
0.007268
0.007961
0.008343
0.000282
0.000204
0.000207
0.000064
0.000069
0.000092
0.000016
0.007360
0.023686
0.022987
0.023716
0.024595
0.037054
0.079499
0.427384
0.447344
0.448450
0.030754
0.011046
0.057070
0.684349
0.743173
0.732901
0.665277
0.370677
0.001691
0.000557
0.000629
0.000762
0.000962
0.000047
0.000029
0.000029
0.000030
0.000037
0.001133
0.001443
0.001403
0.001408
0.001409
0.001444
0.001463
0.001477
0.001520
0.001558
0.001615
0.001701
0.001825
0.002020
0.002109
0.002144
0.003546
0.003211
0.003695
0.064534
0.073998
0.079394
0.087830
0.002303
0.002316
0.002335
0.002228
0.000046
0.000036
0.000040
0.000014
0.000018
0.000026
0.000018
0.000026
0.000015
0.000014
0.000011
0.000010
0.000010
0.000009
0.000011
0.000050
0.000059
0.000062
0.000053
0.000070
0.000053
0.000052
0.009032
0.173020
0.739656
0.830691
2.010562
2.309858
2.685963
3.138860
3.038679
2.951320
2.805811
2.703105
2.537147
0.000350
0.000174
0.000136
0.000259
0.000065
0.000044
0.000023
0.000011
0.000015
0.000015
0.000009
0.000011
0.000014
0.000044
2.423013
2.425958
2.479388
2.454215
0.032101
0.001753
0.000054
0.000120
0.000126
0.000176
0.000251
0.000313
0.000011
0.000010
0.000027
0.000017
0.000007
0.000009
0.000031
0.000020
0.000045
0.000010
0.000008
0.000019
0.000005
0.000003
0.000003
0.000005
0.000006
0.000006
0.000007
0.000005
0.000007
0.000017
0.000020
0.000018
0.000026
0.000023
0.000005
0.000003
0.000002
0.000001
0.000001
0.000003
0.000003
0.000008
0.000020
0.000017
0.000005
0.000005
0.000002
0.000021
0.000003
0.000007
0.000008
0.000008
0.000003
0.000021
0.000007
0.000004
0.000010
0.000013
0.000007
0.000013
0.000237
0.000006
0.000010
0.000003
0.000003
0.000003
0.000003
0.000006
0.000013
0.000044
0.000054
0.000068
0.000056
0.000358
0.000375
0.000363
0.024971
2.858301
3.021907
3.278893
0.006616
0.000711
0.000410
0.000298
0.001016
0.014861
0.026640
3.204651
3.179543
3.152274
0.001097
0.000979
0.000894
0.000324
0.000333
0.000384
0.000234
0.000163
0.000144
0.000015
0.000008
0.000010
0.000026
0.000023
0.000033
0.000005
0.000004
0.000007
0.000005
0.000005
0.000020
0.000007
0.000012
0.000006
0.000008
0.000020
0.000017
0.000015
0.000016
0.000020
0.000011
0.000016
0.000040
0.000009
0.000039
0.000010
0.000012
0.000007
0.000007
0.000010
0.000008
0.000004
0.000004
0.000002
0.000002
0.000002
0.000002
0.000004
0.000005
0.000020
0.000019
0.000015
0.000010
0.000019
0.000009
0.000010
0.000007
0.000015
0.000019
0.000011
0.000047
0.000018
0.000011
0.000004
0.000004
0.000134
0.000114
0.000058
0.000057
0.000016
0.000012
0.000036
0.000054
0.000023
0.000033
0.000038
0.000453
0.000015
0.000525
0.000019
0.000014
0.000035
0.000029
0.000033
0.000006
0.000007
0.000004
0.000007
0.000010
0.000007
0.000009
0.000005
0.000005
0.000010
0.000007
0.000001
0.000001
0.000001
0.000002
0.000004
0.000003
0.000001
0.000001
0.000001
0.000002
0.000003
0.000005
0.000005
0.000005
0.000002
0.000002
0.000002
0.000002
0.000002
0.000002
0.000002
0.000003
0.000003
0.000002
0.000002
0.000004
0.000003
0.000002
0.000001
0.000001
0.000004
0.000003
0.000002
0.000002
0.000002
0.000006
0.000006
0.000004
0.000001
0.000003
0.000001
0.000002
0.000044
0.000006
0.000005
0.000004
0.000003
0.000003
0.000005
0.000001
0.000001
0.000001
0.000001
0.000000
0.000001
0.000001
0.000002
0.000002
0.000001
0.000001
0.000000
0.000001
0.000001
0.000002
0.000001
0.000002
0.000002
0.000003
0.000002
0.000001
0.000001
0.000000
0.000001
0.000001
0.000001
0.000001
0.000004
0.000001
0.000001
0.000001
0.000001
0.000001
0.000001
0.000002
0.000002
0.000001
0.000003
0.000002
0.000003
0.000001
0.000003
0.000004
0.000001
0.000001
0.000001
0.000000
0.000000
0.000001
0.000001
0.000002
0.000034
0.000022
0.000017
0.000009
0.000014
0.000008
0.000001
0.000005
0.006513
3.161242
0.000512
0.000489
0.000474
0.000320
0.000917
0.000571
3.199502
3.292348
3.340577
3.441891
3.523634
0.000386
0.000052
0.000004
0.000002
0.000000
0.000001
0.000001
0.000002
0.000001
0.000001
0.000002
0.000001
0.000002
0.000004
0.000006
0.000006
0.000005
0.000004
0.000002
0.000002
0.000002
0.000031
0.000029
0.000000
0.000000
0.000000
0.000002
0.000001
0.000000
0.000000
0.000001
0.000002
0.000000
0.000000
0.000000
0.000000
0.000000
0.000000
0.000000
0.000000
0.000000
0.000000
0.000000
0.000001
0.000002
0.000000
0.000000
0.000000
0.000000
0.000001
0.000001
0.000001
0.000001
0.000000
0.000000
0.000000
0.000000
0.000000
0.000001
0.000001
0.000001
0.000000
0.000000
0.000025
0.000009
0.000005
0.000001
0.000001
0.000016
0.000020
0.000375
0.000241
0.000005
0.000005
0.000036
0.000002
0.000001
0.000001
0.000001
0.000000
0.000000
0.000000
0.000000
0.000001
0.000002
0.000001
0.000001
0.000002
0.000002
0.000002
0.000001
0.000000
0.000001
0.000002
0.000002
0.000002
0.000003
0.000003
0.000002
0.000002
0.000003
0.000046
0.000297
3.521418
3.531317
3.528143
3.510914
3.414670
3.018181
1.553240
0.694040
0.110724
0.094101
0.041886
0.010628
0.001479
0.000000
0.000000
0.000000
0.000000
0.000000
0.000000
0.000001
0.000000
0.000000
0.000000
0.000000
0.000000
0.000000
0.000000
0.000000
0.000000
0.000000
0.000001
0.000001
0.000000
0.000000
0.000000
0.000000
0.000000
0.000000
0.000000
0.000000
0.000000
0.000000
0.000000
0.000000
0.000000
0.000000
0.000000
0.000000
0.000000
0.000000
0.000000
0.000000
0.000000
0.000000
0.000000
0.000000
0.000000
0.000000
0.000000
0.000000
0.000000
0.000000
0.000000
0.000000
0.000000
0.000000
0.000000
0.000000
0.000000
0.000000
0.000000
0.000000
0.000000
0.000000
0.000000
0.000000
0.000000
0.000000
0.000000
0.000000
0.000000
0.000000
0.000000
0.000000
0.000000
0.000000
0.000000
0.000000
0.000000
0.000000
0.000000
0.000000
0.000000
0.000000
0.000000
0.000000
0.000000
0.000000
0.000000
0.000000
0.000000
0.000000
0.000000
0.000000
0.000000
0.000000
0.000000
0.000000
0.000000
0.000000
0.000000
0.000000
0.000000
0.000000
0.000000
0.000000
0.000000
0.000000
0.000000
0.000000
0.000000
0.000000
0.000000
0.000000
0.000000
0.000000
0.000000
0.000000
0.000000
0.000000
0.000000
0.000000
0.000007
0.000002
0.000002
0.000000
0.000000
0.000000
0.000000
0.000000
0.000000
0.000000
0.000000
0.000000
0.000000
0.000000
0.000000
0.000000
0.000000
0.000000
0.000000
0.000000
0.000000
0.000000
0.000000
0.000000
0.000000
0.000000
0.000000
0.000000
0.000000
0.000000
0.000000
0.000000
0.000000
0.000000
0.000000
0.000000
0.000000
0.000000
0.000000
0.000000
0.000000
0.000000
0.000000
0.000000
0.000000
0.000000
0.000000
0.000000
0.000000
0.000000
0.000000
0.000000
0.000000
0.000000
0.000000
0.000000
0.000000
0.000000
0.000000
0.000000
0.000000
0.000000
0.000000
0.000000
0.000000
0.000000
0.000000
0.000000
0.000000
0.000000
0.000000
0.000000
0.000000
0.000000
0.000000
0.000000
0.000000
0.000000
0.000000
0.000000
0.000000
0.000000
0.000000
0.000000
0.000000
0.000000
0.000000
0.000000
0.000000
0.000000
0.000000
0.000000
0.000000
0.000000
0.000000
0.000000
0.000000
0.000000
0.000000
0.000000
0.000000
0.000000
0.000000
0.000000
0.000000
0.000000
0.000000
0.000000
0.000000
0.000000
0.000000
0.000000
0.000000
0.000000
0.000000
0.000000
0.000000
0.000000
0.000000
0.000000
0.000000
0.000000
0.000000
0.000000
0.000000
0.000000
0.000000
0.000000
0.000000
0.000000
0.000000
0.000000
0.000000
0.000000
0.000000
0.000000
0.000000
0.000000
0.000000
0.000000
0.000002
0.000002
0.000001
0.000002
0.000002
0.000003
0.000003
0.000004
0.000003
0.000010
0.000000
0.000000
0.000000
0.000000
0.000000
0.000000
0.000000
0.000000
0.000000
0.000000
0.000000
0.000000
0.000000
0.000000
0.000000
0.000000
0.000000
0.000000
0.000000
0.000000
0.000000
0.000000
0.000000
0.000000
0.000000
0.000000
0.000000
0.000000
0.000000
0.000000
0.000000
0.000000
0.000000
0.000000
0.000000
0.000000
0.000000
0.000000
0.000000
0.000000
0.000000
0.000000
0.000000
0.000000
0.000000
0.000000
0.000000
0.000000
0.000000
0.000000
0.000000
0.000000
0.000000
0.000000
0.000000
0.000000
0.000000
0.000000
0.000000
0.000000
0.000000
0.000000
0.000000
0.000000
0.000000
0.000000
0.000000
0.000000
0.000000
0.000000
0.000000
0.000000
0.000000
0.000000
0.000000
0.000000
0.000000
0.000000
0.000000
0.000000
0.000000
0.000000
0.000000
0.000000
0.000000
0.000000
0.000000
0.000000
0.000000
0.000000
0.000000
0.000000
0.000000
0.000000
0.000000
0.000000
0.000000
0.000000
0.000000
0.000000
0.000000
0.000000
0.000000
0.000000
0.000000
0.000000
0.000000
0.000000
0.000009
0.000006
0.000008
0.000008
0.000007
0.000008
0.000005
0.000006
0.000004
0.000000
0.000000
0.000000
0.000000
0.000000
0.000000
0.000000
0.000000
0.000000
0.000000
0.000000
0.000000
0.000000
0.000000
0.000000
0.000000
0.000000
0.000000
0.000000
0.000000
0.000000
0.000000
0.000007
0.000007
0.000007
0.000007
0.000007
0.000009
0.000010
0.000012
0.000013
0.000013
0.000012
0.000011
0.000011
0.000064
0.000349
0.000007
0.006634
0.009464
0.003356
0.003244
0.003122
0.003696
0.003866
0.001421
0.003918
0.004573
0.005272
0.007201
0.007902
0.008338
0.009303
0.010500
0.011499
0.011615
0.011060
0.010913
0.010765
0.010520
0.010244
0.000000
0.000000
0.000000
0.000000
0.000000
0.000000
0.000000
0.000000
0.000000
0.000000
0.000000
0.000000
0.000000
0.000000
0.000000
0.000000
0.000000
0.000000
0.000000
0.000000
0.000000
0.000000
0.000000
0.000000
0.000000
0.000000
0.000000
0.000000
0.000001
0.000000
0.000000
0.000000
0.000000
0.000000
0.000000
0.000000
0.000000
0.000000
0.000000
0.000000
0.000000
0.000000
0.000000
0.000000
0.000000
0.000000
0.000000
0.000000
0.000000
0.000000
0.010067
0.010302
0.009677
0.009086
0.008652
0.007659
0.004876
0.004720
0.004543
0.004515
0.004557
0.004136
0.003293
0.000000
0.000000
0.000000
0.000000
0.000000
0.000000
0.000000
0.000000
0.000102
0.000061
0.000000
0.000000
0.000000
0.000000
0.000000
0.000000
0.000000
0.000000
0.000000
0.000000
0.000000
0.000000
0.000000
0.000000
0.000000
0.000000
0.000000
0.000000
0.000000
0.000000
0.000000
0.000000
0.000000
0.000000
0.000028
0.000334
0.000199
0.000174
0.000712
0.000924
0.003286
0.003171
0.003041
0.003001
0.002906
0.002665
0.001046
0.001007
0.000925
0.000070
0.000054
0.000006
0.000006
0.000005
0.000002
0.000001
0.000000
0.000000
0.000001
0.000042
0.000041
0.000004
0.000009
0.000009
0.000009
0.004297
0.004295
0.004283
0.004270
0.000036
0.000050
0.000061
0.000063
0.000075
0.000072
0.000000
0.000000
0.000000
0.000000
0.000000
0.000000
0.000000
0.000000
0.000000
0.000000
0.000000
0.000066
