0.027778
0.015081
0.007386
0.000000
0.000000
0.000000
0.000000
0.000000
0.000000
0.000000
0.000000
0.000000
0.000000
0.000000
0.000000
0.000000
0.000041
0.001234
0.002777
0.000293
0.000000
0.000000
0.000000
0.000000
0.000000
0.000000
0.000000
0.000000
0.000000
0.000000
0.000000
0.000000
0.000000
0.000000
0.000000
0.000000
0.000000
0.000000
0.000000
0.000000
0.000000
0.000000
0.000000
0.000000
0.000000
0.000000
0.000000
0.000000
0.000000
0.000000
0.000000
0.000000
0.000000
0.000000
0.000000
0.000000
0.000000
0.000000
0.000000
0.000000
0.000000
0.000000
0.000000
0.000000
0.000000
0.000000
0.000000
0.000000
0.000000
0.000000
0.000000
0.000000
0.000012
0.000007
0.000012
0.000008
0.000000
0.000000
0.000000
0.000000
0.000030
0.000135
0.006959
0.007057
0.006975
0.003715
0.000000
0.000000
0.000000
0.000000
0.000000
0.000000
0.000000
0.000000
0.000000
0.000000
0.000000
0.000000
0.000000
0.000000
0.000000
0.000000
0.000000
0.000000
0.000000
0.000000
0.000000
0.000000
0.000000
0.000000
0.000000
0.000000
0.000000
0.000000
0.000000
0.000006
0.000004
0.000005
0.000004
0.000006
0.000007
0.000009
0.000009
0.000008
0.000008
0.000010
0.000010
0.000012
0.000010
0.000000
0.000000
0.000000
0.000000
0.000000
0.000000
0.000000
0.000000
0.000000
0.000000
0.000000
0.000000
0.000000
0.000000
0.000000
0.000000
0.000000
0.000000
0.000000
0.000000
0.000000
0.000000
0.000000
0.000000
0.000000
0.000000
0.000000
0.000000
0.000000
0.000000
0.000000
0.000000
0.000000
0.000000
0.000000
0.000000
0.000048
0.000000
0.000000
0.000000
0.000000
0.000000
0.000000
0.000000
0.000000
0.000000
0.000000
0.000000
0.000000
0.000000
0.000000
0.000000
0.000000
0.000000
0.000000
0.000000
0.000000
0.000000
0.000000
0.000000
0.000000
0.000000
0.000000
0.000035
0.000021
0.000000
0.000000
0.000000
0.000000
0.000000
0.000000
0.000000
0.000000
0.000000
0.000000
0.000000
0.000000
0.000000
0.000000
0.000000
0.000000
0.000000
0.000000
0.000000
0.000000
0.000000
0.000000
0.000000
0.000000
0.000000
0.000000
0.000000
0.000000
0.000000
0.000000
0.000000
0.000000
0.000000
0.000000
0.000000
0.000000
0.000000
0.000000
0.000000
0.000000
0.000000
0.000000
0.000000
0.000000
0.000000
0.000002
0.000008
0.000009
0.000061
0.000061
0.000001
0.000000
0.000000
0.000000
0.000000
0.000000
0.000000
0.000000
0.000000
0.000001
0.000000
0.000000
0.000001
0.000000
0.000000
0.000000
0.000000
0.000000
0.000000
0.000000
0.000001
0.000004
0.000004
0.000002
0.000001
0.000001
0.000001
0.000001
0.000001
0.000001
0.000001
0.000000
0.000001
0.000001
0.000000
0.000001
0.000001
0.000001
0.000000
0.000001
0.000002
0.000002
0.000003
0.000003
0.000002
0.000004
0.000009
0.000007
0.000016
0.001331
0.002022
0.002047
0.002162
0.002255
0.002253
0.002398
0.002451
0.002458
0.002428
0.002459
0.002435
0.009325
0.010710
0.000209
0.000007
0.000004
0.000005
0.000009
0.000008
0.000008
0.000010
0.000024
0.000024
0.000082
0.000133
0.009441
0.011937
0.012918
0.014858
0.023015
0.096185
0.109131
0.164036
0.222266
5.183329
5.408764
5.421667
5.422524
5.425136
5.422747
5.421916
5.518769
5.530467
5.544408
5.561987
5.903108
5.940236
5.960563
5.985123
0.000390
0.000355
5.990937
5.988960
5.988515
0.000169
5.982028
5.972697
5.967367
5.953463
5.954234
5.904829
5.905580
5.903099
5.900746
5.901142
5.904352
5.904505
5.902460
5.898781
5.898606
5.898128
5.895223
5.890719
5.890253
5.889879
5.892331
5.898552
5.900627
5.899069
5.887296
6.066966
6.044958
6.030526
6.011813
5.882837
5.883114
5.887338
5.896486
5.908874
5.923485
5.925433
5.925609
5.926882
5.927250
5.927620
5.926617
6.019957
6.006378
5.921164
5.858638
5.760213
5.717853
5.676572
5.644460
5.539126
5.471337
5.430237
5.411012
5.247841
5.152948
5.005539
4.946045
4.890128
4.725239
4.417127
0.013603
0.050396
3.367022
4.081942
4.267263
4.450078
4.668428
4.942637
5.220699
0.011524
5.536914
5.634638
5.731169
5.813074
5.907298
5.979513
6.022349
6.033223
6.037530
6.049460
6.055663
6.082581
6.112911
6.150290
6.148085
6.147522
6.278181
6.291965
6.188793
0.006213
0.003321
0.000394
0.000085
0.000055
0.000029
0.000023
0.000022
0.000017
0.000014
0.000004
0.000007
0.000003
0.000008
0.000015
0.000012
0.000035
0.000041
5.870503
5.876474
6.048921
6.050914
0.000074
0.000033
0.000026
0.000013
0.000069
0.000034
0.000024
0.000020
0.000031
0.000030
0.000076
0.000027
0.000030
0.000003
0.000003
0.000001
0.000002
0.000002
0.000006
0.000006
0.000006
0.000011
0.000002
0.000006
0.000005
0.000003
0.000009
0.000009
0.000002
0.000002
0.000010
0.000007
0.000003
0.000003
0.000039
0.000029
0.000019
0.000021
0.000012
0.000012
0.000010
0.000008
0.000007
0.000013
0.000013
0.000014
0.000004
0.000004
0.000024
0.000021
0.000006
0.000004
0.000045
0.000022
0.000026
0.000004
0.000005
0.000007
0.000010
0.000025
0.000036
0.000025
0.000006
0.000009
0.000011
0.000011
0.000017
0.000010
0.000012
0.000006
0.000004
0.000016
0.000007
0.000010
0.000020
0.000011
0.000014
0.000010
0.000012
0.000105
0.000119
0.000149
0.000715
0.000002
0.000003
0.000004
0.000001
0.000002
0.000001
0.000000
0.000005
0.000003
0.000002
0.000008
0.000005
0.000003
0.000010
0.000010
0.000013
0.000022
0.000021
0.000027
0.000080
0.000020
0.000050
0.000050
0.000101
0.000271
0.000353
6.074036
6.081500
6.076622
6.061369
6.060001
6.032213
6.032016
6.034684
6.030658
0.000175
0.000104
0.000220
0.000168
0.000120
0.000179
0.000021
0.000014
0.000007
0.000004
0.000017
0.000010
0.000007
0.000008
0.000023
0.000010
0.000018
0.000013
0.000012
0.000012
0.000005
0.000002
0.000003
0.000002
0.000003
0.000004
0.000004
0.000000
0.000000
0.000001
0.000001
0.000002
0.000011
0.000003
0.000003
0.000006
0.000006
0.000007
0.000006
0.000008
0.000012
6.004300
5.976903
5.957374
6.106161
6.147326
6.177543
6.220246
6.280916
6.753719
6.802151
6.825458
6.848477
6.872795
6.881215
6.893693
6.907163
6.921370
6.923170
6.913836
6.919413
6.923806
6.923745
6.931154
6.946137
7.106259
7.179878
7.208691
7.202617
7.199766
7.176967
7.172527
7.156617
7.146556
7.138037
7.378696
7.244966
7.058966
6.896018
6.562429
7.176043
7.273350
7.319896
7.387420
7.434681
0.000068
0.000042
0.000041
0.000029
0.000016
0.000016
0.000014
0.000038
0.000026
0.000031
0.000063
0.000084
0.000211
7.381405
7.638946
7.647624
7.670854
7.693779
7.714434
7.741196
0.000141
0.000103
0.000683
0.000038
0.000037
0.000042
0.000016
0.000086
0.000090
0.000093
0.000035
0.000131
0.000034
0.000007
0.000008
0.000009
0.000013
0.000017
0.000045
0.000002
0.000002
0.000001
0.000003
0.000004
0.000005
0.000005
0.000015
0.000022
0.000005
0.000006
0.000010
0.000012
0.000026
0.000020
0.000053
0.000043
0.000067
7.728160
7.728121
7.720842
7.715689
7.710039
7.694664
7.691147
7.682750
7.677456
0.000019
0.000035
0.000051
0.000033
0.000049
0.000062
0.000078
0.000114
0.000287
0.000497
0.001248
0.002420
0.005958
7.856173
7.865164
7.746088
7.650395
6.708373
6.667137
6.628270
0.006132
0.005997
0.001456
0.001384
0.001208
6.500916
6.498053
6.457109
6.384521
6.347927
6.316323
6.267464
6.210985
6.473121
6.457529
6.428566
6.367660
6.120653
5.872678
5.659132
5.433349
4.806459
4.062341
3.350286
2.669289
2.191945
1.174920
0.436157
0.390710
0.341654
0.236854
0.174798
0.140700
0.059735
0.014102
0.012789
0.012064
0.009125
0.008275
0.000208
0.000180
0.000092
0.000076
0.000102
0.005634
0.015638
0.027542
0.060864
0.060807
0.061708
0.063174
0.063459
0.057936
0.064111
0.065514
0.067850
0.069791
0.073033
0.079367
0.080443
0.081515
0.081640
0.087798
0.003131
0.000927
0.000105
0.000039
0.000051
0.000054
0.000105
0.000066
0.000066
0.000244
0.003016
0.003034
0.003034
0.003055
0.003250
0.002900
0.002728
0.002608
0.000627
0.000280
0.000273
0.000263
0.000813
0.001072
0.001282
0.001304
0.001415
0.001458
0.001577
0.001605
0.001585
0.001573
0.001566
0.001569
0.001508
0.001080
0.000176
0.000277
0.000290
0.000340
0.001341
0.001521
0.001678
0.005905
0.006285
0.007359
0.029997
0.693614
0.945887
1.119473
1.495907
1.923555
2.103638
0.006795
0.005118
0.006361
0.007313
0.006810
0.069275
0.095510
0.122513
0.132294
0.139037
0.141848
0.141780
0.138112
0.138166
0.117333
0.119294
0.109535
0.098127
0.138478
0.149089
0.160965
0.202649
0.218683
0.220381
0.218773
0.213810
0.208521
0.201369
0.187768
0.018604
0.016041
0.008938
0.000836
0.000693
0.000629
0.004723
0.008506
0.153337
0.151628
0.122830
0.112995
0.101662
0.058230
0.052074
0.036120
0.022405
0.013612
0.000888
0.000109
0.000060
0.000080
0.000706
0.000852
0.000561
0.037189
0.044294
0.053024
0.059237
0.065504
0.072463
0.077714
0.085139
0.093147
0.104084
0.137372
0.158475
0.177961
2.957582
3.416997
3.989639
4.597102
5.106086
5.896331
6.119307
6.248065
6.348235
6.476023
6.580115
6.621507
6.667490
6.752404
6.832565
0.006916
0.014320
6.960517
6.915707
6.894542
6.886866
6.789448
6.655540
6.524734
6.369467
5.973245
5.232269
0.011886
0.008565
0.007574
0.006763
0.005259
0.000986
0.000931
0.000897
0.000886
0.000837
0.000790
0.000768
0.000825
0.000870
0.000020
0.000011
0.000006
0.000004
0.000002
0.000005
0.000005
0.000003
0.000004
0.000001
0.000001
0.000003
0.000001
0.000002
0.000002
0.000002
0.000007
0.000003
0.000001
0.000001
0.000005
0.000005
0.000004
0.000004
0.000002
0.000001
0.000001
0.000001
0.000002
0.000002
0.000004
0.000004
0.000002
0.000001
0.000001
0.000003
0.000003
0.000002
0.000003
0.000001
0.000001
0.000001
0.000001
0.000002
0.000002
0.000005
0.000007
0.000003
0.000002
0.000002
0.000005
0.000012
0.000019
0.000022
0.000013
0.000067
0.000086
0.002147
0.003317
0.015377
0.020003
6.592837
6.849976
6.968935
7.051217
7.027893
7.223817
7.298125
7.394986
7.668012
7.668467
7.663325
7.597967
7.560224
7.525427
7.505929
7.414014
0.034002
7.270754
7.256850
7.200152
7.145411
7.098967
7.072861
7.061987
7.050491
7.069859
7.035415
6.767627
6.513835
6.273827
4.450967
4.291658
4.160242
3.883503
4.560842
4.613285
4.651986
0.001627
0.001824
0.001219
0.014426
0.050706
4.895563
4.983013
5.104041
5.183249
5.214542
5.277851
5.327550
5.343697
5.215158
5.103225
4.817123
4.522316
4.037518
3.607360
2.988930
2.536550
2.200608
1.912232
1.339371
1.060601
0.365145
0.321703
0.288328
0.229197
0.105795
0.512310
0.030500
0.005834
0.000049
0.000029
0.000028
0.000052
0.000085
0.000090
0.000060
0.000016
0.000011
0.000018
0.000023
0.000019
0.000027
0.000031
0.000065
0.000040
0.000033
0.000041
0.000049
0.000069
0.000047
0.000050
0.000011
0.000016
0.000015
0.000014
0.000029
0.000159
0.000035
0.000029
0.000078
0.000078
0.000023
0.000032
0.000048
0.013485
0.014558
0.013641
0.007204
0.000030
0.000018
0.000033
0.000037
0.000063
0.000103
0.000112
0.000034
0.000037
0.000016
0.000018
0.000038
0.000030
0.000026
0.000035
0.000029
0.000017
0.000018
0.000027
0.000037
0.000050
0.000037
0.000047
0.000009
0.000014
0.000014
0.000016
0.000030
0.000158
0.000023
0.000018
0.000070
0.000061
0.000019
0.000019
0.000033
0.000037
0.000135
0.000046
0.000029
0.000024
0.000016
0.000027
0.000028
0.000030
0.000040
0.000106
0.000114
0.000274
0.000450
0.000702
1.538850
1.645553
1.752192
1.880140
2.006694
2.126914
2.338631
2.586939
2.765867
2.958876
3.159422
3.371034
3.512046
3.763038
4.007368
4.279060
4.303942
4.317288
0.001903
0.001340
0.001524
4.327940
4.298283
4.130928
4.047511
3.975331
0.113322
0.056008
0.043712
0.037473
0.018782
3.754290
3.825789
3.875763
3.934231
0.005317
0.005677
0.064312
0.078988
4.394298
4.473507
4.442186
4.393939
4.337822
4.192194
3.943345
3.731322
3.539671
3.380517
3.218403
2.993997
2.828392
2.549523
2.279141
2.050026
1.424584
1.221188
0.000905
0.000702
0.000160
0.000131
0.000060
0.000045
0.000051
0.000076
0.004448
0.034318
0.146428
0.650085
1.044618
1.086514
0.004144
1.516323
1.608661
1.710448
0.006146
2.016245
2.160425
2.342566
2.519135
2.673137
2.866460
2.974511
3.070436
0.061947
3.268782
3.348907
3.381507
3.372717
3.368670
0.024617
0.004953
3.279866
3.286744
3.366132
3.399296
3.450789
3.538343
3.598215
3.614213
0.001966
0.001729
0.002817
0.003832
0.005494
0.005175
0.001713
0.000193
0.000191
0.000162
0.003576
0.004569
0.000615
0.003865
3.655390
3.673480
3.701605
3.716559
3.755613
3.815660
3.763333
3.703806
3.524792
3.406107
3.277181
3.130407
3.062180
2.999818
2.881076
0.013937
2.892882
2.902151
0.018246
0.002436
0.002147
0.002254
0.002266
0.002349
0.002360
0.002317
0.005736
0.022354
0.024000
3.064607
3.133293
3.166663
3.212635
3.250612
3.238715
0.002518
3.258924
3.266442
3.269870
3.248772
3.203121
3.152227
3.080523
2.733535
0.023791
0.021770
0.011980
0.011846
0.013178
0.013479
0.005833
0.005034
0.002515
0.002483
0.002479
0.002497
0.002460
0.002487
0.002548
0.002713
0.002843
0.010044
3.031134
3.335705
3.477921
3.639927
3.783377
3.860192
3.674862
3.527005
3.441431
3.343102
0.014259
0.009425
0.007044
0.003261
0.000036
0.000046
0.000030
0.000022
0.000054
3.007793
2.767130
2.491769
2.266695
2.046223
0.011667
0.000022
0.000039
0.000020
0.000019
0.000015
0.000015
0.000014
0.000016
0.000030
0.000029
0.000049
0.000098
0.000045
0.003899
0.003816
1.526222
1.424084
1.328216
1.135213
0.129444
0.011500
0.000393
0.000237
0.000147
0.000088
0.000049
0.000035
0.000050
0.000031
0.000059
0.000224
0.000879
0.000856
0.000713
0.000715
0.000705
0.010231
0.056522
0.128682
0.821823
0.881681
0.022014
0.022710
0.005791
0.005592
0.012137
0.043088
2.173128
2.426010
2.574875
2.724876
2.862492
3.151167
3.227047
3.302414
3.376363
3.365368
3.301357
3.232714
3.182289
2.987010
2.787695
0.037041
1.846780
0.200378
0.003476
0.026838
0.040133
2.464860
3.084694
3.275377
3.439946
3.662099
3.748702
3.682869
3.626727
3.607754
3.590524
3.401762
3.230105
3.053078
2.861307
0.215117
0.023761
0.003143
0.002851
0.003830
0.865890
2.168625
2.322417
2.488058
2.638624
2.772246
3.237297
3.479582
3.661165
3.742694
3.826420
3.887576
3.811923
3.702592
3.620889
3.534683
3.288327
0.196648
0.062667
0.048744
0.048289
0.050123
0.050378
0.050271
0.030543
0.029770
0.028877
0.028566
0.028096
0.052147
2.176060
2.133710
0.311457
2.736368
2.980690
3.232861
3.507840
3.800518
4.131558
4.493628
4.738365
5.034572
5.426201
5.897084
5.998317
6.045364
6.073044
5.987172
5.930393
5.890766
5.867151
0.005210
5.860396
5.977678
5.978213
5.961565
5.951051
5.952077
5.945513
5.885755
5.805201
5.727526
5.543665
5.340748
4.946350
4.692896
4.443416
0.021529
0.001700
0.001022
0.000624
0.000622
0.000364
0.000346
0.000520
0.000153
0.000167
0.000210
0.000215
0.000138
0.000184
0.000324
0.000163
0.000175
0.000113
0.000012
0.000009
0.000017
0.000058
0.000086
0.000039
0.000032
0.000030
0.000037
0.000047
0.000133
0.000072
0.000064
0.000043
0.000096
0.000244
0.000174
0.000267
0.014872
3.912252
0.213656
3.851302
3.916261
4.041154
4.040265
0.124513
0.174192
4.272022
4.486837
4.643465
4.748737
4.823176
4.913559
5.007201
5.112087
5.214049
5.261930
5.276841
5.106427
4.906940
4.867979
4.724622
4.311830
4.112370
4.512029
4.529825
4.573963
0.000877
0.000594
0.000022
0.000024
0.000033
0.000049
0.000013
0.000049
0.000052
0.000142
0.000745
4.885935
5.028860
5.087230
5.152920
5.218559
5.258770
5.247818
5.201266
5.176824
5.152783
5.074043
4.999220
4.938657
4.525052
4.608821
4.535313
4.507530
4.465376
4.263297
4.357404
0.006755
0.001396
0.000363
0.000323
0.000297
0.000213
0.000088
0.000055
0.000078
0.000030
0.000022
0.000038
0.000007
0.000010
0.000015
0.000010
0.000012
0.000011
0.000011
0.000021
0.000013
0.000011
0.000006
0.000007
0.000009
0.000015
0.000022
0.000013
0.000009
0.000012
0.000016
0.000026
0.000079
0.000108
0.000151
0.000603
0.001095
5.357865
5.317977
0.000183
0.000058
0.000046
0.000014
0.000004
0.000004
0.000012
0.000014
0.000186
0.000021
0.000032
0.000026
5.276255
5.249386
5.134090
4.757010
4.575424
4.300931
3.952477
1.165807
1.072401
0.007302
0.000694
0.000373
0.000329
0.000061
0.000051
0.000048
0.000042
0.000006
0.000008
0.000012
0.000018
0.000035
0.000104
0.000044
0.000113
0.000076
0.000090
0.000018
0.000032
0.000093
0.000051
0.000022
0.000013
0.000012
0.000194
0.000165
0.000181
0.000199
0.000196
0.000202
0.000190
0.000197
0.000215
0.000204
0.000204
0.000222
0.000196
0.000238
0.000206
0.004068
0.000117
0.000118
0.000098
0.000147
0.000004
0.000004
0.000003
0.000005
0.000006
0.000005
0.000002
0.000006
0.000003
0.000004
0.000004
0.000002
0.000004
0.000006
0.000002
0.000004
0.000001
0.000001
0.000001
0.000002
0.000005
0.000145
0.000083
0.000075
0.000096
0.000127
0.000138
0.000061
0.000015
0.000022
0.000257
2.545716
2.750550
3.059741
3.785789
4.059591
4.263119
4.461962
4.653253
4.773800
0.000108
4.926696
5.078656
5.147402
5.231778
0.000043
0.000036
0.000035
0.000001
0.000001
0.000003
0.000002
0.000002
0.000003
0.000001
0.000001
0.000004
0.000003
0.000002
0.000031
0.000003
0.000002
0.000001
0.000001
0.000001
0.000001
0.000001
0.000002
0.000002
0.000004
0.000007
0.000009
0.000005
0.000003
0.000003
0.000007
0.000001
0.000001
0.000001
0.000001
0.000001
0.000001
0.000001
0.000001
0.000002
0.000001
0.000028
0.000009
0.000012
0.000003
0.000002
0.000003
0.000003
0.000003
0.000004
5.229807
5.190123
5.075301
5.002591
4.888455
0.001305
0.000119
0.000089
0.000067
0.000073
0.000042
0.000028
0.000008
0.000007
0.000005
0.000047
0.000066
0.000018
0.000120
0.000107
0.000112
0.000130
0.000088
0.000043
0.000007
0.000044
0.000041
0.000432
0.000477
0.000250
4.737703
4.238197
0.000162
0.000006
0.000002
0.000001
0.000001
0.000001
0.000004
0.000004
0.000004
0.000001
0.000000
0.000000
0.000000
0.000000
0.000000
0.000001
0.000001
0.000004
0.000002
0.000001
0.000001
0.000002
0.000001
0.000001
0.000000
0.000000
0.000000
0.000002
0.000002
0.000000
0.000000
0.000000
0.000000
0.000000
0.000000
0.000000
0.000000
0.000005
0.000001
0.000001
0.000001
0.000001
0.000001
0.000007
0.000002
0.000001
0.000000
0.000000
0.000000
0.000001
0.000001
0.000000
0.000000
0.000000
0.000000
0.000000
0.000000
0.000000
0.000000
0.000000
0.000000
0.000000
0.000000
0.000000
0.000000
0.000000
0.000000
0.000000
0.000000
0.000000
0.000000
0.000000
0.000000
0.000000
0.000000
0.000000
0.000000
0.000000
0.000000
0.000000
0.000000
0.000000
0.000000
0.000000
0.000000
0.000000
0.000000
0.000000
0.000000
0.000000
0.000000
0.000000
0.000000
0.000108
0.000086
0.000118
0.000102
0.000000
0.000000
0.000000
0.000000
0.000000
0.000000
0.000000
0.000000
0.000000
0.000000
0.000000
0.000000
0.000000
0.000000
0.000000
0.000000
0.000000
0.000000
0.000000
0.000000
0.000113
3.804083
0.019791
2.098109
2.055524
2.951812
3.122985
3.277593
0.035562
0.001635
0.001330
0.000108
0.000050
0.000104
0.000061
0.000084
0.000068
0.000037
0.000027
0.000021
0.000006
0.000013
0.000030
0.000043
0.000019
0.000009
0.000018
0.000017
0.000014
0.000023
0.000044
0.000044
0.000007
0.000012
0.000005
0.000007
0.000012
0.000003
0.000005
0.000003
0.000007
0.000007
0.000007
0.000013
0.000017
0.000003
0.000002
0.000002
0.000002
0.000002
0.000003
0.000002
0.000001
0.000002
0.000003
0.000003
0.000004
0.000004
0.000003
0.000003
0.000007
0.000032
0.000033
0.000014
0.000003
0.000004
0.000008
0.000007
0.000002
0.000003
0.000004
0.000003
0.000004
0.000003
0.000002
0.000002
0.000003
0.000010
0.000019
0.000001
0.000001
0.000001
0.000001
0.000001
0.000001
0.000002
0.000001
0.000001
0.000005
0.000003
0.000006
0.000006
0.000006
0.000003
0.000001
0.000000
0.000001
0.000001
0.000001
0.000001
0.000044
0.000049
0.000058
0.000064
0.000002
0.000002
0.000001
0.000001
0.000001
0.000002
0.000001
0.000002
0.000001
0.000005
0.000004
0.000005
0.000004
0.000008
0.000010
0.000011
0.000002
0.000004
0.000004
0.000003
0.000001
0.000001
0.000000
0.000001
0.000001
0.000000
0.000001
0.000000
0.000000
0.000005
0.000003
0.000005
0.000001
0.000000
0.000000
0.000000
0.000000
0.000000
0.000000
0.000000
0.000000
0.000000
0.000000
0.000000
0.000000
0.000000
0.000000
0.000000
0.000000
0.000000
0.000000
0.000000
0.000000
0.000001
0.000330
0.000108
3.354492
3.205789
2.975770
2.900082
2.817630
2.622335
2.441809
2.275693
1.572748
0.079320
0.000046
0.000021
0.000011
0.000006
0.000003
0.000005
0.000009
0.000047
0.000054
0.000020
0.000019
0.000015
0.000002
0.000003
0.000007
0.000004
0.000005
0.000009
0.000009
0.000011
0.000017
0.000013
0.000012
0.000010
0.000012
0.000003
0.000002
0.000001
0.000000
0.000001
0.000001
0.000002
0.000006
0.000005
0.000002
0.000003
0.010968
0.830997
0.068330
0.021933
0.008197
0.000005
0.000021
0.000000
0.000013
0.000000
0.000000
0.000000
0.000000
0.000000
0.000000
0.000000
0.000008
0.000008
0.000009
0.000007
0.000008
0.000003
0.000004
0.000005
0.000009
0.000000
0.000000
0.000000
0.000000
0.000000
0.000000
0.000000
0.000000
0.000009
0.511524
0.447058
0.274103
0.101008
0.062038
0.015348
0.006060
0.003154
0.000000
0.000000
0.000000
0.000000
0.000000
0.000000
0.000000
0.000052
0.000060
0.000047
0.000041
0.000037
0.000024
