0.000056
0.000001
0.000001
0.000001
0.000001
0.000001
0.000003
0.000000
0.000000
0.000000
0.000000
0.000008
0.000301
0.000312
0.000331
0.000358
0.000352
0.000052
0.000001
0.000001
0.000002
0.000003
0.000006
0.000039
0.000027
0.000005
0.000002
0.000001
0.000001
0.000001
0.000001
0.000001
0.000001
0.000056
0.000064
0.000062
0.000055
0.000047
0.000043
0.000042
0.000044
0.000040
0.000037
0.000041
0.000845
0.000630
0.000610
0.000621
0.000580
0.002198
0.005077
0.005545
0.010897
0.011751
0.012432
0.012132
0.013414
0.024250
0.054549
0.132321
0.336035
0.974478
2.851040
3.409207
4.149004
4.526356
4.920609
5.449644
5.568650
5.651310
5.658864
0.002504
0.002667
5.651383
5.659606
5.679775
5.710982
5.707629
5.714082
5.723216
5.731875
5.741416
5.756765
0.000036
0.000021
0.000010
0.000006
0.000003
0.000002
0.000002
0.000001
0.000001
0.000002
0.000001
0.000006
0.000002
0.000003
0.000002
0.000002
0.000001
0.000002
0.000003
0.000012
0.000694
0.000702
0.000880
0.001188
0.001317
0.002531
0.003129
6.018605
6.026060
6.034099
6.052370
6.053846
6.281277
6.282313
6.282839
6.283192
6.283613
6.284058
6.287562
6.288211
6.288381
6.287815
6.288522
6.288568
6.288230
6.287265
6.283054
6.283400
6.283235
6.282772
6.282384
6.281250
6.325935
6.501966
6.434889
0.045261
0.045396
0.046244
0.047783
6.295889
6.388997
6.406560
6.415652
6.421939
6.428251
6.446197
6.452406
6.453780
6.461326
6.473099
6.585511
6.589561
6.596187
6.602696
6.618888
6.599145
6.557878
0.038248
6.629303
6.612361
6.594374
6.575717
6.531057
6.497681
0.048045
0.047323
0.072398
6.464104
6.469388
6.258898
6.161309
5.913605
5.733796
5.585489
5.410169
5.142150
4.996078
4.764643
4.595458
0.281970
0.053071
4.325752
4.543724
4.829884
4.920169
4.905591
0.189268
5.481271
5.105535
5.553421
5.700734
5.765437
6.005647
5.797944
5.979606
5.983982
6.055042
6.083639
6.108909
6.095927
6.094544
6.093871
6.101804
6.181738
6.179141
6.416869
6.411593
6.409387
6.407360
6.406167
6.405692
6.405257
6.392417
6.383272
6.342995
0.002827
0.002220
0.002046
0.000777
0.000799
0.000439
0.000484
0.000607
0.000830
0.002192
6.309784
6.341770
6.407980
6.442679
6.461654
0.014702
0.020763
0.022458
0.024846
6.775366
7.117733
7.262542
7.295626
7.299098
7.300038
7.300429
7.300707
7.326577
7.300561
7.300340
7.300411
7.300628
7.300507
7.300488
7.300319
7.299183
7.298241
7.291997
7.281721
7.208004
7.162251
7.141694
7.564224
7.566342
7.508906
7.356256
7.355740
7.355639
7.355588
7.355205
7.366249
7.377425
7.382215
7.386263
7.391510
7.396118
7.401602
0.000000
0.000000
0.000000
0.000000
0.000000
0.000000
0.000000
0.000000
0.000000
0.000000
0.000000
0.000000
0.000000
0.000000
0.000000
0.000000
0.000000
0.000000
0.000001
7.599059
7.870283
7.900863
7.904392
7.904731
7.865830
7.864002
8.244879
7.973147
7.972019
8.198971
8.200764
8.200576
8.201638
8.202155
8.202895
8.203216
8.394175
8.404162
8.294131
8.330687
8.338584
8.340260
8.340285
8.339927
8.340197
8.340868
8.340948
8.340932
8.783068
8.784753
8.785245
8.785555
8.785797
8.785843
8.785858
8.785847
8.785344
8.783495
8.782801
8.784479
8.785719
8.788133
8.791586
8.968749
0.000004
0.000001
0.000001
0.000001
0.000001
0.000000
0.000000
0.000000
0.000000
0.000000
0.000000
0.000000
0.000000
0.000000
0.000000
0.000000
0.000000
0.000000
0.000000
0.000000
0.000000
0.000000
0.000000
0.000000
0.000000
0.000000
0.000000
0.000000
0.000000
0.000000
0.000000
0.000000
0.000000
0.000000
0.000000
0.000000
0.000000
0.000001
0.000000
0.000000
0.000000
0.000000
0.000000
0.000000
0.000000
0.000000
0.000000
0.000000
0.000000
0.000000
0.000000
0.000000
0.000000
0.000000
0.000000
0.000000
0.000000
0.000000
0.000000
0.000000
0.000000
0.000000
0.000000
0.000000
0.000000
0.000000
0.000000
0.000000
0.000000
0.000000
0.000000
0.000000
0.000000
0.000000
0.000000
0.000000
0.000000
0.000000
0.000000
0.000000
0.000000
0.000000
0.000001
0.000001
0.000002
0.000002
0.000004
0.000009
0.000031
0.000051
0.000121
8.796280
8.804813
8.809176
8.811433
8.813522
8.814897
8.816211
8.812453
8.811925
8.816740
8.825937
8.827624
8.828813
8.831888
8.836550
8.839693
8.842249
8.844408
8.846584
8.848582
8.850556
8.852690
8.854816
8.856831
8.856268
0.000843
0.000671
0.000565
0.000535
0.000091
0.000071
0.000025
0.000004
0.000003
0.000000
0.000000
0.000000
0.000000
0.000000
0.000000
0.000000
0.000000
0.000000
0.000000
0.000001
0.000002
0.000002
0.000010
0.000002
0.000011
0.000001
0.000001
0.000002
8.697262
8.698007
8.701534
8.706390
8.712195
8.719895
8.734205
8.741335
8.744961
8.750391
8.750073
8.743980
8.737951
8.718258
8.695313
8.615225
8.637665
8.665870
8.819559
8.836868
8.852660
8.831857
8.702673
8.751605
8.763302
8.769069
8.909990
0.000153
0.000249
0.000270
0.000008
0.000007
0.000002
0.000002
0.000002
0.000005
0.000008
0.000027
0.000419
0.000568
0.000589
0.000645
0.000748
0.001241
0.002019
0.005563
9.177976
9.187962
9.191518
9.193942
9.195859
9.197792
9.199046
9.201152
9.204465
9.206712
9.208797
9.210828
9.212872
9.215106
9.217104
9.219025
9.220683
9.602145
9.607172
9.610752
9.616117
9.602554
9.304922
9.305871
9.307550
9.308890
9.310830
9.312498
9.314039
9.310737
9.298900
9.217175
9.180766
9.173319
8.956957
8.957679
8.959363
8.961951
8.963999
8.965709
8.967834
8.968565
8.969300
8.969164
8.968996
8.969018
8.969190
8.969063
8.969066
8.969287
8.969407
8.969555
9.204131
9.276919
9.285934
9.286539
9.285678
9.283697
9.282523
9.280155
9.275044
9.269625
9.267540
9.477264
9.508092
9.524172
9.538169
9.547798
9.525709
8.996160
0.768823
8.232790
8.874479
9.148590
9.169801
9.237688
9.257145
9.271838
9.273757
9.274755
9.275935
9.270203
9.218185
0.020909
0.018149
9.157583
9.159231
9.159904
9.082540
8.809214
0.217994
8.014368
8.249239
8.242368
0.194486
8.554729
8.832993
9.101882
9.175740
9.224258
9.238821
9.244574
9.241928
0.015958
0.016490
0.021488
0.025343
9.438303
9.468585
9.452496
9.442970
9.434489
9.420865
9.405978
9.404306
9.411476
9.416513
9.433471
9.445364
9.452187
9.447649
9.431508
9.422992
9.390111
9.379306
9.381142
9.382452
9.347783
9.321916
9.289342
9.204810
9.190580
9.140894
9.080415
8.901972
0.136066
8.486381
8.291091
7.874015
7.478321
6.746049
5.797582
5.373480
0.352085
0.050241
0.017854
0.014742
0.007129
0.006851
0.006951
0.007152
0.015612
0.016815
1.099288
2.923373
3.415835
3.765730
4.017047
4.249080
4.620311
4.830965
4.923149
4.805261
4.798753
4.018048
3.750406
4.096667
4.345809
4.484313
4.717998
4.849680
4.871641
0.000340
0.000079
0.000043
0.000085
0.000037
0.000051
0.000030
0.000043
0.000037
0.000039
0.000019
0.000008
0.000022
0.000017
0.000017
0.000027
0.000024
0.000039
0.000024
0.000045
5.171234
5.081013
4.939553
5.379080
5.951191
6.406872
6.664981
6.632875
6.262055
6.031537
5.864900
5.596946
5.513887
5.419735
5.272817
5.063170
4.714646
3.391444
2.640970
2.094939
1.526531
0.025869
0.014789
0.000852
0.000671
0.000551
0.001681
0.001027
0.000866
0.193397
1.651777
1.670577
1.584949
0.219616
0.029546
0.028081
0.008731
0.008909
0.008296
0.008025
0.000353
0.000328
0.000002
0.000000
0.000000
0.000001
0.000001
0.000001
0.000001
0.000002
0.000003
0.003833
