0.003606
0.000346
0.000551
0.000532
0.000378
0.000073
0.001866
0.001945
0.003960
0.004139
0.004430
0.005369
0.005280
0.005338
0.005404
0.005626
0.001716
0.000025
0.000011
0.000005
0.000011
0.000006
0.000006
0.000005
0.000005
0.000002
0.000002
0.000002
0.000002
0.000012
0.000011
0.000010
0.000002
0.000003
0.000007
0.000006
0.000011
0.000022
0.002071
0.002278
0.033284
0.000088
0.000994
0.001173
0.025203
0.076444
0.111912
0.137959
0.839005
0.956820
0.984756
3.738665
4.126212
4.316924
4.528028
4.527224
4.594594
0.233412
5.352006
4.891082
4.416656
3.999420
3.701283
3.423208
3.149568
0.004132
0.004174
0.003257
0.000953
0.000575
0.000479
0.000418
2.738099
0.023282
0.001473
2.316350
2.061712
1.845290
1.684112
1.392479
0.004053
0.075058
0.071517
0.175001
0.175300
0.178733
0.158625
0.022223
0.030234
0.001462
0.060664
0.455082
0.510519
0.629579
0.721286
0.876216
0.928315
0.819234
0.222632
0.223474
0.251770
0.002411
0.001958
0.001857
0.000316
1.382028
1.517410
1.680274
1.884057
2.119001
2.365738
2.636027
2.893670
3.376370
3.589782
3.839528
4.091314
4.298941
0.013090
0.002382
0.001110
0.024814
0.295058
5.496642
6.006586
6.379893
6.690487
7.036536
6.965461
6.911365
6.737451
6.690133
6.553110
6.216699
5.964164
0.101728
0.019049
6.108439
6.178162
6.249795
0.106486
6.710901
7.067527
7.378353
7.849061
8.058078
0.060810
8.114008
8.276183
8.443314
8.588090
8.625825
8.676864
8.707049
8.752652
8.764796
8.765941
8.765474
8.765102
8.764686
8.765700
8.766542
8.763574
8.753395
8.744718
8.693622
0.000827
0.000436
0.000371
0.000083
0.000071
0.000018
0.000017
0.000003
0.000003
0.000001
0.000002
0.000004
0.000003
0.000005
0.000001
0.000001
0.000001
0.000001
0.000003
0.000003
0.000005
0.000001
0.000001
0.000001
0.000001
0.000003
0.000003
0.000005
0.000001
0.000001
0.000001
0.000001
0.000002
0.000002
0.000002
0.000002
0.000001
0.000001
0.000002
0.000001
0.000002
0.000002
0.000002
0.000002
0.000001
0.000001
0.000002
0.000001
0.000002
0.000002
0.000002
0.000002
0.000001
0.000001
0.000002
0.000001
0.000002
0.000002
0.000002
0.000002
0.000001
0.000001
0.000002
0.000001
0.000002
0.000002
0.000002
0.000002
0.000001
0.000001
0.000002
0.000001
0.000002
0.000002
0.000002
0.000002
0.000001
0.000001
0.000002
0.000001
0.000002
0.000002
0.000002
0.000002
0.000001
0.000001
0.000002
0.000001
0.000002
0.000002
0.000002
0.000002
0.000001
0.000001
0.000002
0.000001
0.000002
0.000002
0.000002
0.000002
0.000001
0.000001
0.000002
0.000001
0.000002
0.000002
0.000002
0.000002
0.000001
0.000001
0.000002
0.000001
0.000002
0.000002
0.000002
0.000002
0.000001
0.000001
0.000002
0.000001
0.000002
0.000002
0.000002
0.000002
0.000001
0.000001
0.000002
0.000001
0.000002
0.000002
0.000002
0.000002
0.000001
0.000001
0.000002
0.000002
0.000002
0.000001
0.000001
0.000002
0.000001
0.000002
0.000002
0.000002
0.000002
0.000001
0.000001
0.000002
0.000001
0.000002
0.000002
0.000002
0.000002
0.000001
0.000001
0.000002
0.000001
0.000003
0.000003
0.000007
0.000012
0.000019
0.000040
0.000074
0.000220
0.000536
0.001088
8.634806
8.924295
8.932413
8.855429
8.795623
8.750386
7.712694
7.729640
7.882256
7.988351
8.073585
8.177321
8.289875
8.450220
8.637066
8.798845
8.916865
8.933220
8.944528
8.951724
8.956405
8.953674
8.940483
8.854420
8.750132
0.100085
8.671611
8.735818
9.007811
8.962586
8.805058
8.820240
8.825452
8.830226
8.830073
8.829854
8.830342
8.829729
8.829859
8.830688
8.829213
8.825340
8.824758
8.828884
8.835186
9.159173
9.171156
9.170110
9.168746
9.144285
8.700642
7.605170
6.576175
0.550544
0.927830
2.805855
3.815385
4.495820
5.078032
6.005723
6.825381
7.646057
8.504867
8.832104
8.940641
8.879393
8.741357
8.632709
8.527168
8.446168
8.296460
0.014619
0.016231
8.048866
8.083437
8.002620
8.029058
7.913411
7.848598
7.518822
7.199767
6.952673
6.535208
6.143825
0.019533
0.025368
0.028012
0.122448
5.142629
4.307101
5.428561
5.674857
6.382736
7.304049
8.092333
8.264420
8.369366
8.446550
8.426083
8.417903
8.413233
8.482758
8.497893
8.408140
8.382656
8.359655
8.272958
0.021062
0.021122
0.021446
0.021791
0.021731
0.022387
8.293775
8.336025
8.403770
8.828162
8.959367
0.000767
0.000413
0.000283
0.000060
0.000027
0.000018
0.000081
0.000068
0.000084
0.000084
0.000124
0.000021
0.000025
0.000016
0.000022
0.000049
0.000018
0.000065
0.000074
0.000143
0.000296
9.097715
9.229513
9.209419
9.221445
9.211952
9.074719
9.072576
9.022367
8.993548
8.981317
0.020962
0.024130
0.021380
0.005838
0.005540
0.004615
0.004957
8.926067
8.990954
9.054648
9.114226
9.083812
9.105761
9.149739
9.103191
9.023085
8.948373
8.877975
8.842013
8.623001
8.226651
7.751311
6.937763
6.370783
5.918996
0.093055
5.138438
0.046731
4.560421
0.147875
0.120297
0.103412
0.022178
0.002028
0.008215
4.147327
4.097025
3.884185
0.034618
0.003877
0.049881
0.078004
0.083319
0.085244
0.084854
0.000112
0.000086
0.000099
0.076919
2.990957
3.378857
3.695939
3.917749
4.071197
0.000183
0.000165
0.000069
0.000049
0.000038
0.000033
0.000028
0.000061
0.000066
0.000062
0.000024
0.000059
0.000098
0.000097
0.000349
0.000713
0.016856
0.017901
4.331625
4.938687
6.336946
7.350479
8.192964
8.592191
8.879211
9.027036
9.320693
9.375057
0.037406
0.036920
0.034971
0.034440
0.034912
0.035209
9.561069
9.469778
0.149263
0.147806
9.394216
9.415586
9.730883
9.968531
9.992632
9.997369
9.999503
9.999183
9.995081
9.975589
9.927694
9.768549
9.513732
0.113735
9.384427
9.181881
8.953824
8.453785
8.207364
7.544408
7.206826
6.955324
5.534791
5.601534
7.882739
8.741483
9.267553
9.744259
9.863666
9.907612
9.721800
9.721663
9.721391
9.721322
9.719440
9.717020
9.714741
9.714344
9.710593
9.636681
9.297748
9.023337
0.372540
9.142544
9.279873
9.266408
9.248560
9.189809
9.251075
9.265489
9.274173
9.284514
9.286303
9.360789
9.391798
9.415251
9.414368
9.415411
9.417584
9.419220
9.418251
9.417031
9.418868
9.418891
9.417102
9.594313
9.738128
9.742861
0.000502
0.000311
0.000251
0.000239
0.000184
0.000228
0.000313
0.000380
0.000978
0.004243
9.527949
9.583586
9.619679
9.576476
0.016264
0.002371
0.000697
0.000601
0.000406
0.000184
0.000135
0.000107
0.000110
0.000170
0.000006
0.000006
0.000016
0.000003
0.000001
0.000002
0.000001
0.000007
0.000007
0.000004
0.000004
0.000042
0.000043
0.000036
0.000020
0.000040
0.000087
0.000228
0.000004
0.000003
0.000011
0.000016
0.000002
0.000002
0.000002
0.000004
0.000007
0.000006
0.000007
0.000008
0.000073
0.000119
0.000002
0.000002
0.000009
0.000009
0.000010
0.000062
0.000080
0.000222
0.000716
9.171981
9.179094
9.158206
9.007872
8.940450
8.898420
8.879363
8.871151
8.858514
8.840308
8.812189
8.784140
8.803728
8.842511
8.828734
0.000368
0.000096
0.002517
0.002362
0.000158
0.000005
0.000014
0.000011
0.000019
0.000013
0.000011
0.000015
0.000017
0.000003
0.002413
0.002303
0.002745
0.000010
0.000003
0.000001
0.000002
0.000002
0.000003
0.000014
0.000013
0.000002
0.000002
0.000004
0.000004
0.000003
0.000003
0.000002
0.000002
0.000002
0.000002
0.000003
0.000004
0.000002
0.000003
0.000003
0.000009
0.000005
0.000012
0.000006
0.000006
0.000005
0.000009
0.000009
0.000018
0.000048
0.000114
0.000228
0.000465
0.004815
0.005878
0.007667
9.197836
9.213996
9.212660
9.216380
9.223085
9.227085
9.224821
9.223932
9.209383
9.173547
0.023356
9.006321
9.002801
8.999950
8.992123
0.000695
0.000415
0.000377
0.000316
0.000263
0.000015
0.000008
0.000007
0.000004
0.000003
0.000007
0.000014
0.000031
0.000025
0.000022
0.000006
0.000013
0.000010
0.000016
0.000016
0.000027
0.000065
0.000289
0.001037
0.001881
0.021568
9.377757
9.403552
9.426863
9.463014
9.487325
9.508096
9.508202
9.507475
9.506447
9.487801
9.449547
9.345961
9.306109
9.258011
9.198376
9.114124
0.000822
0.000455
0.000213
0.000137
0.000058
0.000065
0.006393
0.004571
0.004525
0.002314
0.002454
0.002304
0.002245
0.002241
0.002258
0.002211
0.001973
0.001995
0.001902
0.001414
0.001281
0.001182
0.001063
0.001720
0.001226
0.001215
0.001089
0.000018
0.000015
0.000025
0.000013
0.000030
0.000028
0.000036
0.000008
0.000021
0.000004
0.000004
0.000004
0.000004
0.000005
0.000011
0.000023
0.000069
0.000103
0.005595
8.787570
8.769623
8.630844
8.605312
8.612469
8.605654
8.596000
8.575388
8.560702
8.546024
8.535244
8.465455
0.101249
0.000205
0.000039
0.000024
0.000011
0.000006
0.000004
0.000005
0.000003
0.000007
0.000009
0.000046
0.000009
0.000023
0.000003
0.000003
0.000619
0.000472
0.000257
0.000185
0.000144
0.000122
0.000092
0.000062
0.000108
0.000182
0.000042
0.000367
0.000046
0.000042
0.000050
0.000076
0.000090
0.001052
0.107225
7.829198
7.948413
8.000041
8.071028
0.000268
0.000302
0.000287
0.000302
0.000335
8.112144
8.120477
8.114609
8.106127
8.102022
8.115053
8.097986
8.054067
7.588605
7.475838
0.001167
0.001216
0.001176
0.002117
0.003701
7.377082
7.589289
7.857021
7.923204
7.937666
7.944359
0.002418
0.001040
0.000661
0.003417
0.002538
0.000979
0.000106
0.000075
0.000012
0.000026
0.000032
0.000026
0.000017
0.000052
0.000031
0.000018
0.000068
0.000066
0.000053
0.000007
0.000006
0.000009
0.000016
0.000009
0.000014
0.000053
0.000053
7.870373
7.871266
7.873122
7.871796
0.000198
0.000184
0.000152
0.000142
0.000331
0.000487
7.882557
7.884013
7.882007
0.003741
7.879346
7.878841
7.877520
7.879782
8.119037
8.127088
0.000367
0.000113
0.000072
0.000049
0.000025
0.000024
0.000020
0.000019
0.000083
0.000096
0.000110
0.000181
0.000391
8.122617
8.211450
8.247195
8.297943
8.361355
8.386537
8.395885
8.401466
8.403023
8.405030
8.404668
8.405267
8.413398
8.423308
8.442481
8.440863
8.439821
8.433477
0.000332
0.000272
0.000130
0.000079
0.000073
0.000129
0.000126
0.000135
8.428583
8.427466
8.425277
8.422127
8.418604
8.411302
8.403867
8.399386
0.000724
0.000097
0.000053
0.000058
0.000035
0.000013
0.000014
0.000027
0.000002
0.000002
0.000002
0.000002
0.000002
0.000001
0.000006
0.000023
0.000013
0.000018
0.000013
0.000011
0.000013
0.000004
0.000027
0.000049
0.000123
8.343870
8.343954
8.335414
8.328997
8.282769
8.250799
8.210843
8.184214
0.000041
0.000035
0.000018
0.000014
0.000011
0.000005
0.000008
0.000002
0.000003
0.000005
0.000002
0.000002
0.000002
0.000002
0.000002
0.000001
0.000001
0.000002
0.000001
0.000001
0.000002
0.000001
0.000001
0.000001
0.000006
0.000037
0.000035
0.000038
0.000005
0.000002
0.000001
0.000001
0.000002
0.000002
0.000001
0.000001
0.000002
0.000004
0.000005
0.000002
0.000002
0.000003
0.000011
0.000019
0.000066
0.000007
0.000002
0.000001
0.000001
0.000002
0.000002
0.000001
0.000001
0.000000
0.000000
0.000001
0.000002
0.000000
0.000000
0.000007
0.000003
0.000002
0.000001
0.000001
0.000000
0.000000
0.000000
0.000000
0.000000
0.000000
0.000001
0.000002
0.000000
0.000000
0.000000
0.000001
0.000000
0.000000
0.000001
0.000000
0.000001
0.000002
0.000005
0.000006
0.000013
0.000066
7.976405
7.979414
7.977993
7.981577
7.983029
7.984685
7.985020
7.983523
7.716771
7.721826
7.724846
7.725238
7.743041
7.743062
7.741010
7.738830
0.000274
0.000247
0.000240
0.000209
0.000204
0.000192
0.000176
7.733539
7.727457
7.748192
7.753475
7.757711
7.756509
7.754607
7.716976
7.714432
7.709793
0.000037
0.000016
0.000009
0.000007
0.000006
0.000422
0.000270
0.000186
0.000149
0.000123
0.000034
0.000007
0.000005
0.000004
0.000010
0.000008
0.000013
0.000016
0.000046
0.000016
0.000001
0.000001
0.000000
0.000001
0.000001
0.000001
0.000001
0.000002
0.000003
0.000005
0.000004
0.000009
7.666504
7.662172
0.000028
0.000038
0.000035
0.000040
0.000007
0.000011
0.000068
7.656285
7.648117
7.635105
7.601689
7.573235
7.539316
0.000034
0.000012
0.000008
0.000006
0.000008
0.000007
0.000012
0.000004
0.000032
0.000034
0.000009
0.000008
0.000007
0.000030
0.000056
0.000047
0.000044
0.000050
0.000047
0.000076
0.000038
0.000007
0.000009
0.000011
0.000014
0.000025
0.000076
0.000125
7.485810
7.333549
7.295463
7.293838
7.279559
0.000057
0.000038
0.000039
0.000009
0.000002
0.000001
0.000001
0.000004
0.000006
7.272423
7.184774
7.145043
0.014084
0.014994
7.083205
7.081461
7.077450
7.064208
7.029674
6.941920
6.912913
0.000321
0.000290
0.000178
0.000010
0.000010
0.000004
0.000019
0.000015
0.000026
0.000002
0.000002
0.000004
0.000004
0.000004
0.000018
0.000019
0.000009
0.000007
0.000008
0.000071
0.002316
0.002325
0.002320
0.002230
0.002186
0.002041
0.000394
0.000369
0.000372
0.002730
0.003321
0.003334
0.003358
0.003410
0.003318
0.002705
0.002395
0.002147
0.001922
0.001861
0.001798
0.001368
0.000383
0.001133
0.001243
0.001391
0.001392
0.001383
0.001381
0.001383
0.001391
0.001456
0.001524
0.001569
0.001639
0.001684
0.001573
0.001348
0.000162
0.000165
0.000165
0.003865
0.004432
0.004607
0.004819
0.005260
0.005642
0.005797
0.005989
6.869339
5.648088
5.988157
6.213855
6.509391
6.810480
6.947596
6.988753
6.986619
0.000022
0.000009
0.000007
0.000005
0.000002
0.000002
0.000002
0.000001
0.000001
0.000001
0.000000
0.000000
0.000000
0.000000
0.000000
0.000000
0.000000
0.000000
0.000000
0.000000
0.000000
0.000000
0.000000
0.000000
0.000000
0.000000
0.000000
0.000000
0.000000
0.000000
0.000000
0.000000
0.000000
0.000001
0.000001
0.000003
0.000002
0.000004
0.000001
0.000000
0.000001
0.000001
0.000000
0.000000
0.000000
0.000000
0.000000
0.000000
0.000000
0.000002
0.000002
0.000001
0.000003
0.000003
0.000003
0.000001
0.000001
0.000000
0.000001
0.000001
0.000000
0.000000
0.000002
0.000002
0.000006
0.000267
0.000231
0.000199
0.000230
0.000241
0.000001
0.000001
0.000004
0.000001
0.000000
0.000000
0.000000
0.000000
0.000004
0.000005
0.000001
0.000001
0.000001
0.000000
0.000000
0.000000
0.000000
0.000000
0.000000
0.000001
0.000001
0.000002
0.000003
0.000006
0.000013
0.000025
0.000061
6.882105
6.886270
0.003197
0.002532
0.000006
0.000001
0.000001
0.000001
0.000001
0.000001
0.000001
0.000002
0.000001
0.000000
0.000000
0.000001
0.000000
0.000001
0.000000
0.000000
0.000001
0.000001
0.000002
0.000000
0.000000
0.000000
0.000000
0.000000
0.000000
0.000000
0.000000
0.000001
0.000001
0.000003
6.891762
6.895199
6.899084
6.903505
6.906517
6.909107
0.000009
0.000001
0.000001
0.000001
0.000000
0.000017
0.000016
6.910095
6.904723
6.889295
6.858811
6.769894
6.819751
6.857991
6.864919
6.871405
6.873038
6.888408
6.898650
6.901605
6.905186
6.888695
6.866279
6.862414
6.761317
6.762238
0.000011
0.000011
0.000011
6.747789
6.752099
6.755429
6.758066
6.759158
6.760889
6.762540
6.758760
6.758572
6.759560
0.001546
0.000056
0.000011
0.000012
0.000041
6.778272
6.859515
6.887526
6.915228
6.911509
6.910638
0.000425
0.000447
0.000356
0.000326
0.000255
0.000223
0.000176
0.000157
0.000227
0.000216
0.000005
0.000004
0.000002
0.000001
0.000000
0.000000
0.000000
0.000000
0.000000
0.000000
0.000000
0.000000
0.000000
0.000000
0.000000
0.000000
0.000000
0.000000
0.000000
0.000000
0.000000
0.000000
0.000000
0.000000
0.000000
6.912756
6.914843
6.914014
6.912039
6.805544
0.000255
0.000151
6.795098
6.796558
6.798666
6.800816
6.802427
0.000193
6.804348
6.805931
6.809782
6.812186
6.806345
6.789651
6.770652
6.740880
6.611273
0.001695
0.001382
0.000875
0.000741
0.000125
0.000038
0.000036
0.000026
0.000067
0.000065
0.000106
0.000074
0.000179
0.002267
0.002857
0.000001
6.629888
6.656395
0.001423
6.657830
6.661522
6.663274
6.665191
6.666697
6.664709
6.663280
6.663488
6.664084
6.639037
0.000012
0.000004
0.000003
0.000001
0.000001
0.000001
0.000000
0.000000
0.000001
0.000001
0.000000
0.000000
0.000000
0.000000
0.000000
0.000000
0.000000
0.000000
0.000000
0.000000
0.000000
0.000000
0.000000
0.000000
0.000000
0.000000
0.000001
0.000001
0.000001
0.000000
0.000000
0.000000
0.000000
0.000000
0.000000
0.000001
0.000000
0.000000
0.000000
0.000001
0.000001
0.000000
0.000000
0.000000
0.000000
0.000000
0.000000
0.000000
0.000000
0.000000
0.000000
0.000000
0.000000
0.000000
0.000000
0.000000
0.000000
0.000000
0.000000
0.000000
0.000000
0.000000
0.000000
0.000000
0.000000
0.000000
0.000000
0.000000
0.000000
0.000001
0.000001
0.000679
0.000643
0.000618
0.000153
0.000303
0.000326
0.000462
0.000513
0.000532
0.000060
0.000055
0.000064
6.669264
6.668951
6.662021
6.656115
6.652580
6.639684
6.631074
0.003117
0.000458
0.000147
0.000098
0.000040
0.000024
0.000083
0.000075
0.000125
0.000006
0.000071
0.000033
0.000025
0.000023
0.000022
0.000072
0.000006
0.000007
0.000010
0.000028
0.000014
0.000237
0.000247
0.000150
6.616496
6.619208
