0.002274
0.000098
0.000769
0.000764
0.000759
0.000752
0.000726
0.000234
0.000260
0.000465
0.000489
0.001593
0.001649
0.001671
0.001663
0.003194
0.003377
0.004359
0.004238
0.002035
0.005360
0.005401
0.005682
0.006331
0.006293
0.009193
0.017835
0.018097
0.017725
0.013775
0.012407
0.011088
0.002804
0.002980
0.003124
0.003171
0.003232
0.000107
0.000087
0.000022
0.000016
0.000068
0.000390
0.006594
0.017036
0.018742
0.049463
0.069843
0.084692
0.098337
0.105081
0.115235
2.422240
0.902670
0.707843
0.558202
0.219675
0.032003
0.019454
0.000150
0.000145
0.019538
0.019945
0.004838
0.018358
0.031601
0.781825
0.730223
0.309253
0.206696
0.004520
0.005413
0.027833
0.066127
0.814305
0.108800
1.179047
1.327909
1.444613
1.499635
1.816742
2.021399
2.288641
2.503738
2.811221
3.248915
3.507635
3.622776
0.011956
0.007052
3.837753
3.887803
3.820092
3.719982
3.685296
3.617987
3.579594
3.589260
3.574397
3.503955
3.441127
0.032331
0.031871
0.031648
3.117496
2.848567
2.699607
2.492636
2.338439
2.121853
1.946254
1.767057
0.037650
0.032098
0.000265
0.000272
0.000320
0.000620
0.000466
0.000043
0.000022
0.000014
0.000852
0.000759
0.000750
0.000727
0.000883
0.000846
0.000903
0.000858
0.000030
0.000013
0.000013
0.000024
0.000021
0.000026
0.000028
0.000047
0.000174
0.000369
0.021709
0.134290
0.314033
0.741649
2.412519
2.694416
3.040226
3.498190
3.833413
4.238001
4.695371
5.162074
0.002577
0.002827
0.018657
5.418069
5.532746
5.668129
5.828169
6.073888
6.068107
6.099509
6.119852
6.114359
6.020238
5.883881
5.707606
1.323599
0.936206
5.351908
5.780244
6.176031
6.611266
6.970518
7.178697
7.116075
7.058019
6.801995
6.610192
6.297764
6.017801
5.476116
4.809977
4.186857
3.486537
2.407175
2.086093
0.812515
0.746221
0.639503
0.576705
0.060864
0.040280
0.034698
0.000724
0.000664
0.000727
0.000408
0.000330
0.000217
0.106003
0.106366
0.103780
0.106922
0.198419
0.204304
0.198834
0.002258
0.000456
0.000387
0.000475
0.000375
0.000302
0.021117
0.332453
0.502958
0.593910
0.648659
0.707821
1.260368
1.433840
1.619362
1.999976
3.591024
4.174786
5.014571
5.991419
6.967554
7.750814
8.552168
8.841703
9.008441
9.030278
9.040633
9.032830
8.955785
8.892217
8.810764
8.611519
8.590015
8.801065
8.824898
8.807316
8.933066
8.952707
8.953914
8.957556
8.974873
9.000792
9.012918
9.025336
9.046743
9.074036
9.078533
8.881924
8.895192
8.919548
8.938579
8.950677
8.959317
8.972717
9.001384
9.004282
9.004437
9.006402
9.011392
9.011679
9.012156
9.012178
9.114927
9.115227
9.115604
9.115366
9.114773
9.114485
9.115035
9.108172
9.054181
9.014229
0.070717
9.094567
9.102875
9.098778
9.098543
9.093305
9.081977
9.062590
9.048790
9.040937
9.053871
9.059652
9.072425
9.085750
9.087404
9.094594
9.105780
9.102308
9.080830
9.066897
9.062587
9.050444
9.043458
8.811946
8.813775
8.817416
8.818902
8.820188
8.820078
8.809789
8.784947
0.070082
8.757332
8.768035
8.745568
8.735548
8.686079
8.627028
8.522947
8.447649
8.386662
8.243479
8.112077
8.018040
7.955505
7.886181
7.773350
7.563487
7.408492
7.455904
7.422758
7.383685
7.356802
7.248180
7.101716
6.896863
6.622122
6.104377
5.451351
0.004832
0.003390
0.002924
0.001761
0.001367
0.000394
0.000106
0.000152
0.000030
0.000018
0.000021
0.000027
0.000011
0.000021
0.000014
0.000019
0.000028
0.000017
0.000008
0.000012
0.000021
0.000008
0.000010
0.000015
0.000003
0.000003
0.000003
0.000013
0.000009
0.000007
0.000006
0.000396
0.000054
0.000033
0.000003
0.000003
0.000005
0.000005
0.000005
0.000002
0.000008
0.000012
0.000002
0.000002
0.000001
0.000002
0.000003
0.000001
0.000001
0.000002
0.000001
0.000001
0.000002
0.000003
0.000003
0.000002
0.000002
0.000004
0.000001
0.000001
0.000003
0.000002
0.000002
0.000000
0.000001
0.000001
0.000002
0.000002
0.000002
0.000002
0.000002
0.000001
0.000001
0.000001
0.000001
0.000001
0.000001
0.000001
0.000002
0.000001
0.000001
0.000001
0.000001
0.000003
0.000001
0.000001
0.000002
0.000003
0.000001
0.000000
0.000001
0.000000
0.000000
0.000000
0.000000
0.000000
0.000000
0.000000
0.000001
0.000000
0.000001
0.000000
0.000001
0.000000
0.000000
0.000000
0.000000
0.000000
0.000000
0.000000
0.000001
0.000000
0.000000
0.000002
0.000000
0.000000
0.000000
0.000000
0.000000
0.000001
0.000001
0.000002
0.000000
0.000001
0.000000
0.000001
0.000001
0.000001
0.000002
0.000000
0.000000
0.000000
0.000000
0.000000
0.000000
0.000000
0.000000
0.000000
0.000000
0.000001
0.000001
0.000001
0.000001
0.000000
0.000000
0.000000
0.000000
0.000000
0.000000
0.000000
0.000000
0.000000
0.000000
0.000000
0.000000
0.000000
0.000000
0.000000
0.000000
0.000000
0.000000
0.000000
0.000000
0.000000
0.000000
0.000000
0.000000
0.000000
0.000000
0.000000
0.000000
0.000000
0.000000
0.000000
0.000000
0.000000
0.000000
0.000000
0.000000
0.000000
0.000000
0.000000
0.000000
0.000000
0.000000
0.000000
0.000000
0.000000
0.000000
0.000000
0.000000
0.000000
0.000000
0.000007
0.000001
0.000001
0.000000
0.000000
0.000000
0.000000
0.000000
0.000000
0.000000
0.000000
0.000000
0.000000
0.000000
0.000000
0.000000
0.000000
0.000000
0.000000
0.000000
0.000000
0.000000
0.000000
0.000000
0.000000
0.000000
0.000000
0.000000
0.000000
0.000000
0.000000
0.000000
0.000000
0.000000
0.000000
0.000000
0.000000
0.000001
0.000001
0.000000
0.000000
0.000000
0.000001
0.000001
0.000001
4.496885
4.173927
3.840916
0.016628
0.035483
3.368837
3.112332
2.703658
0.009944
0.000004
0.000003
0.000002
0.000002
0.000001
0.000001
0.000000
0.000000
0.000000
0.000000
0.000000
0.000002
0.000001
0.000001
0.000001
0.000000
0.000000
0.000000
0.000001
0.000000
0.000000
0.000000
0.000000
0.000000
0.000000
0.000000
0.000000
0.000000
0.000000
0.000000
0.000000
0.000000
0.000000
0.000000
0.000000
0.000000
0.000001
0.000002
0.000000
0.000000
0.000000
0.000000
0.000000
0.000000
0.000000
0.000000
0.000000
0.000000
0.000000
0.000001
0.000001
0.000001
0.000001
0.000001
0.000001
0.000000
0.000000
0.000000
0.000000
0.000000
0.000000
0.000001
0.000000
0.000002
0.000002
0.000001
0.000001
0.000002
0.000000
0.000000
0.000000
0.000000
0.000000
0.000000
0.000001
0.000000
0.000000
0.000000
0.000000
0.000000
0.000000
0.000000
0.000000
0.000000
0.000000
0.000000
0.000000
0.000000
0.000000
0.000000
0.000000
0.000000
0.000000
0.000000
0.000000
0.000000
0.000000
0.000000
0.000000
0.000000
0.000000
0.000000
0.000000
0.000000
1.996332
1.874505
1.112016
0.414323
0.015930
0.003071
0.003318
0.025545
0.171356
0.230681
0.013032
0.000000
0.000000
0.000000
0.000000
0.000000
0.000000
0.000000
0.000000
0.000000
0.000000
0.000000
0.000000
0.000000
0.000000
0.000000
0.000000
0.000000
0.000000
0.000001
0.000000
0.000000
0.000000
0.000000
0.000000
0.000000
0.000000
0.000000
0.000000
0.000000
0.000000
0.000000
0.000000
0.000000
0.000000
0.002358
0.009734
3.039938
3.209723
3.551090
3.533609
3.472872
3.253861
3.033621
2.724556
2.427097
2.057240
1.742672
1.568979
0.000000
0.000000
0.000000
0.000000
0.000000
0.000000
0.000000
0.000000
0.000000
0.000000
0.000000
0.000000
0.000000
0.000000
0.000000
0.000000
0.000000
0.000000
0.000000
0.000000
0.000000
0.000000
0.000000
0.000000
0.000000
0.000000
0.000000
0.000000
0.000000
0.000000
0.000000
0.000000
0.000000
0.000000
0.000000
0.000000
0.000000
0.000000
0.000000
0.000000
0.000000
0.000000
0.000000
0.000000
0.000000
0.000000
0.000000
0.000000
0.000000
0.000000
0.000000
0.000000
0.000000
0.000000
0.000000
0.000000
0.000000
0.000000
0.000000
0.000002
0.000002
0.000000
0.000000
0.000000
0.000000
0.000000
0.010944
0.000001
0.000000
0.000000
0.000000
0.000000
0.000000
0.000000
0.000000
0.000000
0.000000
0.000001
0.000001
0.000000
0.000000
0.000000
0.000000
0.000000
0.000000
0.000000
0.000000
0.000000
0.000000
0.000000
0.005563
0.815574
0.448519
0.334255
0.005382
0.001711
0.000173
0.000189
0.000134
0.000000
0.000000
0.000000
0.000000
0.000000
0.000000
0.000000
0.000000
0.000000
0.000000
0.000000
0.000000
0.000000
0.000000
0.000000
0.000000
0.000000
0.000000
0.000000
0.000000
0.000000
0.000000
0.000000
0.000000
0.000001
0.000002
0.000002
0.000000
0.000000
0.000000
0.000000
0.000000
0.000000
0.000000
0.000000
0.000000
0.000000
0.000000
0.000000
0.000000
0.000000
0.000000
0.000000
0.000000
0.000000
0.007872
0.005702
0.010423
0.004145
0.001175
0.001039
0.002109
0.002946
0.003058
0.003480
0.003557
0.002952
0.001775
0.000164
0.000000
0.000000
0.000000
0.000000
0.000000
0.000000
0.000000
0.000000
0.000000
0.000000
0.000000
0.000000
0.000000
0.000000
0.000000
0.000000
0.000000
0.000000
0.000000
0.000000
0.000000
0.000000
0.000000
0.000000
0.000000
0.000000
0.000000
0.000325
0.007944
0.013087
0.014836
0.017302
0.075174
0.711169
1.266954
1.386783
1.757166
1.978870
0.018393
2.944581
3.342582
3.949872
4.553103
0.000107
0.000165
0.000236
0.000673
0.000182
0.000301
0.000451
5.472217
6.141645
6.479862
6.587621
6.786392
0.000261
0.000293
0.000339
0.000132
0.000176
0.000035
0.000062
0.000117
0.000069
0.000130
0.000068
0.000096
0.000162
0.000176
0.000418
0.001734
7.482401
7.683046
7.654945
7.732557
7.739587
0.058802
7.363039
7.312173
7.027338
6.852700
6.684299
6.361995
6.106993
0.000006
0.000001
0.000001
0.000001
0.053950
0.049726
5.357410
5.605230
5.937213
5.978579
5.968237
5.887637
5.774402
5.678485
5.588403
5.344433
5.241689
5.167636
4.885326
0.001044
0.000703
0.000554
0.000149
0.000056
0.000038
0.000016
0.000008
0.000006
0.000002
0.000002
0.000003
0.000003
0.000001
0.000003
0.000003
0.000003
0.000006
0.000005
0.000002
0.000002
0.000002
0.000002
0.000002
0.000003
0.000003
0.000003
0.000004
0.000003
0.000004
0.000003
0.000002
0.000005
0.000007
0.000008
0.000011
0.000003
0.000006
0.000010
0.000055
0.000005
0.000009
0.000009
0.000007
0.000008
0.000005
0.000014
0.000013
0.000023
0.000017
0.000031
0.000056
0.000017
0.000007
0.000010
0.000004
0.000006
0.000005
0.000002
0.000002
0.000003
0.000004
0.000005
0.000009
0.000004
0.000004
0.000017
0.000016
0.000018
0.000047
0.000014
0.000016
0.000008
0.000014
0.000016
0.000020
0.000039
0.000021
0.000006
0.000018
0.000011
0.000015
0.000030
0.000003
0.000009
0.000014
0.000016
0.000002
0.000008
0.000009
0.000011
0.000011
0.000003
0.000003
0.000005
0.000001
0.000001
0.000003
0.000002
0.045506
4.571778
4.434099
0.019212
0.008067
0.023648
0.077935
4.812809
4.431622
0.000003
0.000002
0.000000
0.000000
0.000000
0.000001
0.000000
0.000000
0.000001
0.000001
0.000001
0.000001
0.000001
0.000000
0.000000
0.000000
0.000000
0.000000
0.000000
0.000002
0.000002
0.000002
0.000005
0.000008
0.000002
0.000005
0.000002
0.000002
0.000004
0.000002
0.000001
0.000001
0.000000
0.000001
0.000002
0.000001
0.000325
0.000218
0.000001
0.000001
0.000001
0.000001
0.000000
0.000000
0.000000
0.000000
0.000000
0.000000
0.000000
0.000000
0.000000
0.000006
0.000006
0.000010
0.000008
4.138695
3.897094
3.690389
3.434555
3.215645
2.854942
2.542800
0.000446
0.000297
0.000190
0.001112
0.022739
0.015129
0.005660
0.004637
0.000588
0.000000
0.000000
0.000000
0.000001
0.000001
0.000000
0.000000
0.000000
0.000000
0.000001
0.000019
0.000000
0.000000
0.000000
0.000004
2.218787
1.968491
0.005900
0.005888
0.004742
0.003226
0.006721
0.007301
0.019362
1.438333
1.310420
0.539730
0.022045
0.254613
0.261023
0.566526
0.528105
0.549707
0.500959
0.014746
0.001288
0.006592
0.013004
0.020147
0.064995
1.114868
0.673535
0.134302
0.512383
1.160641
3.238571
0.000275
0.000346
3.996533
4.434534
0.009839
0.011063
0.013653
5.045337
5.594597
5.714045
5.794604
5.760898
5.632936
5.489731
5.367888
4.847611
4.481402
4.102198
3.748437
3.096117
2.163864
1.357858
0.942858
0.278247
0.080806
0.069973
0.001836
0.001684
0.001375
0.000513
0.000435
0.001302
0.001439
0.001632
0.001867
0.002242
0.002683
0.002759
0.002936
0.003089
