0.001021
0.000005
0.012879
0.012344
0.011809
0.006887
0.003246
0.002812
0.002659
0.001568
0.001577
0.004555
0.004543
0.004552
0.004674
0.004696
0.004667
0.003457
0.016416
0.024982
0.028280
0.029345
0.008662
0.008107
0.007663
0.007154
0.003243
0.000025
0.000015
0.000010
0.000009
0.000013
0.000323
0.013288
0.013280
0.013078
0.013182
0.013574
0.018345
0.008691
0.000052
0.000060
0.000011
0.000087
0.000214
0.014306
0.027856
1.277396
0.098317
0.075061
0.032634
0.010025
0.004073
0.002114
0.002214
0.002329
0.002438
0.002497
0.002716
0.015290
0.015836
0.016195
0.016269
0.016297
0.015795
0.013939
0.008254
0.003539
0.000040
0.000021
0.000022
0.000032
0.000048
0.000060
0.000066
0.000053
0.000062
0.000107
0.002534
0.002796
0.005922
0.007813
0.023611
0.026658
0.031484
0.077455
0.114076
0.117981
0.204881
0.223157
0.405265
0.000350
0.000164
0.000212
0.000144
0.000373
0.001846
0.001905
0.002487
0.007188
0.043181
0.048063
0.076494
0.119731
1.545904
1.735444
2.009215
2.231617
0.000712
0.000374
0.000175
0.000057
0.000058
0.000073
0.000201
0.000175
0.000111
0.000098
0.000133
0.000310
0.000164
0.000293
0.000327
0.000547
0.000354
0.000422
0.000232
0.000337
0.001142
0.002508
0.004025
2.518520
2.746057
2.743115
2.726429
2.726927
2.671096
2.733817
2.633704
0.013690
2.728402
2.787121
2.864795
2.962145
2.996768
2.999481
0.000364
0.001163
0.002158
2.980450
3.028800
3.048531
3.092917
3.126124
3.130416
3.177846
3.294196
3.395292
3.219305
3.112831
3.042519
3.018929
2.948360
0.000504
0.000318
0.000251
0.000212
0.000103
0.000292
0.049533
0.049106
0.044968
0.054917
2.985781
3.017863
3.016010
3.015287
2.895320
0.059383
0.049614
0.003757
0.000373
0.000349
0.000244
0.000209
0.000157
0.000939
0.001381
0.002066
0.002509
0.002547
0.002948
0.003025
0.002490
0.003211
0.001974
0.001804
0.001643
0.001428
0.001418
0.001807
0.001743
0.001401
0.001773
0.000020
0.000012
0.000009
0.000008
0.000009
0.000010
0.000008
0.000007
0.000009
0.000014
0.000009
0.000014
0.000020
0.000035
0.000033
0.000015
0.000161
0.000029
0.000035
0.000045
0.000057
0.000043
0.000044
0.000079
0.000662
0.000312
0.000148
0.000370
0.122765
0.122668
2.878142
2.985807
3.056216
3.155067
3.260403
3.335189
3.401105
3.459645
3.545876
3.809211
3.916563
4.089807
4.401417
4.281023
4.198475
4.222176
4.147273
0.015780
3.489005
0.003478
0.003221
0.002934
0.021815
4.079007
4.326694
5.058700
5.465263
5.765011
5.893438
5.988902
6.388219
6.448683
6.446313
0.017951
6.549025
6.438200
6.382578
6.100535
6.015713
5.868772
0.362008
0.111776
0.033930
0.031930
0.006682
0.073870
0.083382
4.554406
0.274706
4.715479
4.796636
0.267096
0.043274
0.047521
5.802160
6.290745
6.874566
7.294592
7.708728
8.114534
8.302177
8.408088
8.512727
8.617713
8.630318
8.630235
8.632157
8.633592
8.634699
8.635559
8.631097
8.573728
8.542436
8.526706
8.507883
8.379734
8.488279
8.427016
8.391798
8.398994
8.293425
8.211717
8.141267
0.046424
0.046877
0.005560
0.006345
0.009306
8.076834
8.161962
8.280756
8.441837
8.661091
8.771591
8.858702
8.924817
8.946467
8.945889
8.945660
8.958873
8.960867
8.940892
8.921542
8.882707
8.695713
8.518884
0.006011
0.005802
0.005392
0.004602
0.003606
0.003017
0.000041
0.000017
0.000020
0.000024
0.000032
0.000054
0.010224
0.010292
0.011819
0.010185
0.021009
0.036280
8.726442
8.856905
8.867260
9.239973
9.276440
9.264451
9.272400
9.285488
9.324944
9.333478
9.340455
9.327914
9.262867
9.218819
9.045173
0.194705
8.866857
9.022757
9.134956
9.294518
9.263734
9.223136
9.208840
9.216703
9.156195
9.093200
9.318578
9.322570
9.245333
9.100927
8.868091
8.664922
8.677710
8.315069
9.024040
9.189156
9.479265
9.651177
9.783120
9.873142
9.929868
9.957333
9.991218
9.999615
9.999831
9.999560
9.997465
9.988759
9.951669
9.677421
9.684962
9.731998
9.782352
9.831183
9.861411
9.917752
9.948546
9.956744
9.970798
9.990016
9.987484
9.979424
9.977503
9.979137
9.984152
9.986288
9.981012
9.977087
9.981171
9.988632
9.992321
9.995097
9.997730
9.999173
9.999433
9.993796
9.965788
9.945199
9.941368
9.845589
9.631062
9.485428
9.346449
9.211545
8.990625
8.720994
8.353774
7.794423
6.700807
4.824099
0.161150
0.034234
0.011207
1.642143
6.810740
8.074295
8.558060
9.033639
9.471038
9.625309
9.840440
9.865645
9.878595
9.848418
9.744671
9.536714
8.880318
0.237783
0.220865
0.208444
7.926033
7.789231
7.676686
7.462712
0.853926
7.072283
7.789493
8.574864
8.746685
8.942080
9.092061
9.153927
0.023270
0.025082
0.067917
9.340620
9.627428
9.630085
9.730667
9.913200
0.121975
9.660282
9.713277
9.779467
9.812529
9.878386
9.951543
9.969458
9.971508
9.969204
9.963553
9.939726
9.924834
9.913610
9.901042
9.878152
9.726274
9.229924
0.057073
0.123435
9.000945
8.914894
0.063778
8.871815
0.066682
9.254202
9.560897
9.716888
9.843557
9.986758
9.976156
9.968663
9.967769
9.971628
9.981918
9.968174
9.962409
9.955798
9.921573
9.834052
9.763318
9.721102
9.477591
9.234064
8.842114
8.423118
7.440719
6.663263
6.005160
5.482075
4.888603
4.151896
0.083724
0.037307
0.016450
0.014041
0.012902
0.012461
0.012173
0.011209
0.010806
0.010339
0.008834
0.008011
0.007298
0.007212
0.007208
0.007202
0.007198
0.017691
0.015174
0.015489
0.015003
0.007258
0.007233
0.007188
0.007047
0.007016
0.007034
0.007066
0.007041
0.006975
0.006215
0.005685
0.006533
0.005571
0.004395
0.003446
0.003291
0.003154
0.003118
0.003065
0.003012
0.003044
0.002953
0.002861
0.002261
0.002033
0.001717
0.001475
0.000007
0.000006
0.000004
0.000001
0.000000
0.000024
0.000013
0.000007
0.000002
0.000001
0.000001
0.000001
0.000001
0.000008
0.000012
0.000036
0.000061
0.000102
0.005221
0.005755
0.005990
0.006015
0.006077
0.006128
0.006238
0.006417
0.007591
0.007830
0.007751
0.006881
0.006524
0.006064
0.005464
0.004597
0.000025
0.000023
0.000147
0.000032
0.000033
0.000041
0.000032
0.000039
0.000038
0.000028
0.000016
0.000026
0.000022
0.000005
0.000004
0.000005
0.000413
0.000268
0.000129
0.000135
0.000082
0.000092
0.000107
0.000538
0.000564
0.000610
0.000572
0.000939
0.001205
0.001507
0.001691
0.001655
0.001620
0.000025
0.000016
0.000014
0.000008
0.000008
0.000068
0.000062
0.000100
0.001839
0.002606
0.003314
0.003715
0.004300
0.004386
0.004005
0.003942
0.003891
0.003838
0.003336
0.002343
0.002133
0.001953
0.001802
0.000386
0.000380
0.000265
0.000262
0.003670
0.003551
0.003503
0.003475
0.003168
0.002826
0.000163
0.000131
0.000139
0.000141
0.000122
0.000010
0.000010
0.000010
0.000014
0.000028
0.000020
0.000014
0.000542
0.000609
0.000664
0.000725
0.000792
0.000892
0.001073
0.004861
0.001939
0.001844
0.000762
0.000530
0.000315
0.000207
0.000048
0.000005
0.000005
0.000005
0.000002
0.000006
0.000008
0.000024
0.000665
0.000765
0.000884
0.000937
0.001020
0.001174
0.001211
0.001279
0.001380
0.001688
0.001825
0.001795
0.001810
0.001689
0.001601
0.001544
0.001462
0.000002
0.000002
0.000002
0.000001
0.000001
0.000002
0.001452
0.000158
0.000140
0.000127
0.000007
0.000006
0.000003
0.000002
0.000004
0.000012
0.000033
0.000097
0.000982
0.001270
0.001459
0.001576
0.001636
0.001742
0.001833
0.001790
0.001782
0.001723
0.001699
0.001673
0.001660
0.001714
0.001839
0.002208
0.002244
0.002265
0.002286
0.002285
0.002247
0.002212
0.002199
0.002178
0.002178
0.002170
0.002164
0.002191
0.002147
0.002133
0.002131
0.002148
0.002177
0.002093
0.002076
0.002010
0.000010
0.000011
0.000011
0.020508
0.022502
0.072840
0.090140
0.238963
0.533338
2.159580
1.977776
1.820946
1.668347
0.030260
0.628980
0.587622
0.492175
0.409031
0.298897
0.111729
0.000185
0.000001
0.000002
0.000010
0.000005
0.000005
0.000005
0.000780
0.000764
0.000210
0.000108
0.000066
0.000065
0.000076
0.001268
0.001660
0.001766
0.001834
0.001965
0.002019
0.002165
0.002186
0.000015
0.000012
0.000011
0.000011
0.000012
0.000013
0.000001
0.000000
0.000000
0.000000
0.000001
0.000000
0.000000
0.000000
0.000000
0.000000
0.000000
0.000000
0.000000
0.000000
0.000000
0.000000
0.000000
0.000011
0.000010
0.000007
0.000005
0.000096
0.000012
0.000011
0.000010
0.000015
0.000010
0.000011
0.000202
0.000207
0.000216
0.000246
0.000300
0.000308
0.000298
0.000255
0.000002
0.000001
0.000001
0.000000
0.000000
0.000001
0.000000
0.000000
0.000002
0.000003
0.000004
0.000077
0.000111
0.000110
0.001130
0.017447
0.019865
0.037152
0.048958
0.052627
0.056910
0.056191
0.042687
0.046355
0.012230
0.014774
0.014366
0.000029
0.000025
0.000023
0.000018
0.000017
0.000000
0.000010
0.059025
0.088973
0.465978
0.650854
0.889815
0.972220
1.072134
0.000000
0.000000
0.000001
0.000000
0.000000
0.000000
0.000000
0.000000
0.000000
0.000000
0.000000
0.000000
0.000000
0.000001
0.000001
0.000001
0.000006
0.000048
0.001064
0.001103
0.001114
0.001124
0.001906
0.000747
0.000124
0.000128
0.000652
0.000824
0.000889
0.001433
0.001325
0.001284
0.000027
0.000026
0.000026
0.000034
0.000045
0.000054
0.000062
0.000083
0.000098
0.000108
0.000102
0.000100
0.000100
0.000100
0.000100
0.000099
0.000102
0.000077
0.000071
0.000069
0.000063
0.000050
0.000015
0.000021
0.000118
0.000124
0.000120
0.000004
0.000002
0.000001
0.000000
0.000001
0.000709
0.001233
0.023353
0.045014
0.092880
1.817861
1.994383
2.195960
2.350416
2.459056
2.592367
0.000004
0.000003
0.000001
0.000002
0.000001
0.000001
0.000001
0.000000
0.000001
0.001342
0.000007
0.000291
0.000304
0.067489
0.067850
0.066895
0.092500
0.081572
0.000345
0.000002
0.000014
0.000012
0.000010
0.000011
0.000010
0.000011
0.000011
0.000011
0.000009
0.000006
0.000000
0.000000
0.000001
0.000001
0.000001
0.000001
0.000013
0.000014
0.000052
0.000063
0.000015
0.000001
0.000002
0.000166
0.000129
0.000053
0.000040
0.080699
2.802151
2.960085
3.144826
3.391107
3.616432
3.894687
4.159151
4.313109
4.217374
0.001129
0.000003
0.000002
0.000000
0.000000
0.000000
0.000000
0.000000
0.000000
0.000000
0.000000
0.000121
0.000025
0.000017
0.000017
0.000016
0.000017
0.000010
0.000002
0.000000
0.000000
0.000000
0.000000
0.000000
0.000000
0.000003
0.000003
0.000001
0.000000
0.000000
0.000000
0.000000
0.000002
0.000001
0.000000
0.000000
0.000000
0.000000
0.000000
0.000000
0.000000
0.000000
0.000000
0.000000
0.000000
0.000000
0.000000
0.000000
0.000613
0.001813
0.000764
0.000000
0.000000
0.000000
0.000000
0.000000
0.000000
0.000000
0.000000
0.000000
0.000000
0.000000
0.000000
0.000000
0.000000
0.000000
0.000000
0.000001
0.000001
0.000001
0.000001
0.000001
0.000000
0.000000
0.000000
0.000000
0.000000
0.000000
0.000000
0.000000
0.000000
0.000000
0.000000
0.000000
0.000000
0.000000
0.000000
0.000000
0.000000
0.000000
0.000000
0.000000
0.000000
0.000000
0.000000
0.000000
0.000000
0.000000
0.000000
0.000000
0.000000
0.000000
0.000000
0.000000
0.000000
0.000000
0.000000
0.000000
0.000000
0.000000
0.000000
0.000000
0.000000
0.000000
0.000000
0.000000
0.000000
0.000000
0.000000
0.000000
0.000000
0.000000
0.000000
0.000000
0.000000
0.000000
0.000000
0.000000
0.000000
0.000000
0.000000
0.000000
0.000000
0.000000
0.000000
0.000000
0.000000
0.000001
0.000001
0.000001
0.000001
0.000000
0.000000
0.000000
0.000000
0.000000
0.000000
0.000000
0.000000
0.000000
0.000000
0.000000
0.000000
0.000000
0.000000
0.000000
0.000000
0.000000
0.000000
0.000000
0.000000
0.000000
0.000000
0.000000
0.000000
0.000000
0.000000
0.000000
0.000000
0.000000
0.000000
0.000000
0.000000
0.000000
0.000000
0.000000
0.000000
0.000000
0.000000
0.000000
0.000000
0.000000
0.000000
0.000000
0.000000
0.000000
0.000000
0.000000
0.000000
0.000000
0.000000
0.000000
0.000000
0.000000
0.000000
0.000000
0.000000
0.000000
0.000000
0.000000
0.000000
0.000000
0.000000
0.000000
0.000000
0.000000
0.000000
0.000000
0.000000
4.102232
4.116721
4.044832
4.017554
3.996461
3.995586
4.014955
4.086073
0.011235
4.055822
4.085930
4.050103
3.949088
0.000000
0.000000
0.000000
0.000000
0.000000
0.000000
0.000000
0.000000
0.000000
0.000000
0.000000
0.000000
0.000000
0.000000
0.000000
0.000000
0.000000
0.000000
0.000000
0.000000
0.000000
0.000000
0.000000
0.000000
0.000000
0.000000
0.000000
0.000000
0.000000
0.000000
0.000000
0.000000
0.000000
0.000000
0.000000
0.000000
0.000000
0.000000
0.000000
0.000002
0.002338
0.000001
0.000000
0.000000
0.000000
0.000000
0.000000
0.000000
0.000000
0.000000
0.000000
0.000000
0.000000
0.000000
0.000001
0.000001
0.000035
0.000039
0.000046
0.000048
0.000053
0.000055
0.000058
0.000057
0.000039
0.000012
0.000006
0.000005
0.000003
0.000003
0.000003
0.000000
0.000000
0.000000
0.000000
0.000000
0.000000
0.000000
0.000000
0.000000
0.000000
0.000000
0.000000
0.000000
0.000000
0.000000
0.000000
0.000000
0.000000
0.000001
0.000001
0.000024
0.000025
0.000031
0.001552
0.002365
0.002547
0.002613
0.002607
0.002365
0.002112
0.002027
0.001960
0.001869
0.001819
0.001819
0.001631
0.001591
0.000001
0.000001
0.000000
0.000000
0.000000
0.000000
0.000579
0.000577
0.000567
0.000564
0.000558
0.000554
0.000553
0.000552
0.000539
0.000529
0.000512
0.000497
0.000490
0.000517
0.000452
0.000436
0.000417
0.000380
0.000361
0.000342
0.000323
0.000288
0.000237
0.000194
0.000148
0.000002
0.000002
0.000002
0.000002
0.000000
0.000000
0.000001
0.000001
0.000001
0.000001
0.000005
0.000006
0.000007
0.000018
0.000667
0.000696
0.000766
0.000808
0.000812
0.000805
0.000770
0.000189
0.000250
0.000288
0.000341
0.000362
0.000579
0.000578
0.000582
0.000539
0.000517
0.000503
0.000472
0.000441
0.000427
0.000422
0.000394
0.000375
0.000353
0.000340
0.000014
0.000012
0.000011
0.000010
0.000010
0.000046
0.000081
0.000087
0.000090
0.000093
0.000091
0.000087
0.000064
0.000048
0.000004
0.000005
0.000005
0.000017
0.000018
0.000017
0.000016
0.000016
0.000015
0.000015
0.000001
0.000001
0.000001
0.000021
0.000023
0.000021
0.000000
0.000000
0.000000
0.000000
0.000000
0.000000
0.000003
0.000005
0.000005
0.000004
0.000004
0.000004
0.000004
0.000004
0.000004
0.000000
0.000000
0.000000
0.000000
0.000001
0.000002
0.000011
0.000012
0.000012
0.000012
0.000011
0.000004
0.000004
0.000004
0.000004
0.000004
0.000005
0.000004
0.000003
0.000000
0.000000
0.000000
0.000000
0.000000
0.000000
0.000000
0.000000
0.000000
0.000001
0.000002
0.000004
0.000005
0.000259
0.000347
0.000356
0.000366
0.000393
0.000404
0.000438
0.000519
0.000576
0.000662
0.000703
0.000710
0.000728
0.000754
0.000771
0.000773
0.000781
0.000779
0.000776
0.000771
0.000770
0.000764
0.000761
0.000676
0.000632
0.000524
0.000407
0.000307
0.000033
0.000010
0.000002
0.000000
0.000000
0.000000
0.000000
0.000000
0.000000
0.000000
0.000000
0.000000
0.000000
0.000026
0.000026
0.000024
0.000024
0.000018
0.000000
0.000000
0.000002
0.000001
0.000004
0.000004
0.000005
0.000005
0.000014
0.000264
0.000379
0.000407
0.000467
0.000479
0.000001
0.000000
0.000000
0.000000
0.000009
4.097054
4.150229
4.237799
4.354936
0.002432
4.513722
4.511379
0.000006
0.000005
0.000003
0.000018
0.000075
0.000124
0.000163
0.000197
0.000247
0.000279
0.000304
0.000319
0.000394
0.000447
0.000539
0.000558
0.000570
0.000577
0.000576
0.000576
0.000583
0.000589
0.000594
0.000600
0.000612
0.000617
0.000651
0.000676
0.000688
0.000674
0.000660
0.000636
0.011914
0.000050
0.000047
0.000045
0.000002
0.000001
0.000000
0.000000
0.000000
0.000000
0.000000
0.000000
0.000000
0.000000
0.000000
0.000000
0.000000
0.000000
0.000000
0.000000
0.000000
0.000000
0.000000
0.000000
0.000000
0.000000
0.010078
0.005583
0.010816
0.014973
4.517869
4.378112
4.300973
4.212079
4.115053
4.048259
3.984952
3.932266
3.871741
3.777765
3.698221
0.017183
3.578232
3.474101
0.000622
0.000395
0.000122
0.000146
0.000116
0.000311
0.000674
0.000733
0.000820
0.000823
0.000741
0.000650
0.000336
0.001236
0.000938
0.000846
0.000276
0.000260
0.001220
0.000347
0.000305
0.000209
0.000247
0.000088
0.000130
0.001812
0.002253
0.000000
0.000000
0.000000
0.000000
0.000000
0.000000
0.000000
0.000000
0.000000
0.000000
0.000000
0.000000
0.000000
0.000000
0.000000
0.000000
0.000000
0.000000
0.000000
0.000000
0.000000
0.000000
0.000000
0.000932
0.007387
1.187536
3.822270
4.142755
4.525736
0.110855
4.822047
4.872097
4.772970
0.000000
0.000000
0.000000
0.000000
0.000000
0.000000
0.000000
0.000000
0.000000
0.000000
0.000000
0.000000
0.000002
0.000000
0.000000
0.000001
0.000001
0.000000
0.000000
0.000000
0.000000
0.000000
0.000000
0.000000
0.000000
0.000000
0.000000
0.000000
0.000000
0.000000
0.000000
0.000000
0.000000
0.000000
0.000000
0.000000
0.000000
0.000000
0.000000
0.000000
0.000000
0.000000
0.000000
0.000000
0.000000
0.000000
0.000000
0.000000
0.000000
0.000000
0.000000
0.000000
0.000000
0.000000
0.000000
0.000000
0.000000
0.000000
0.000000
0.000000
0.000000
0.000000
0.000000
0.000000
0.000000
0.000000
0.000000
0.000000
0.000000
0.000000
0.000000
0.000000
0.000000
0.000000
0.000000
0.000000
0.000000
0.000000
0.000000
0.000000
0.000000
0.000000
0.000000
0.000000
0.000000
0.000000
0.000000
0.000000
0.000000
0.000000
0.000000
0.000000
0.000000
0.000000
0.000000
0.000000
0.000000
0.000000
0.000000
0.000000
0.000000
0.000000
4.490947
4.206133
3.896814
3.659672
3.109690
2.811244
2.408048
1.953655
1.666330
0.004969
0.000819
0.000001
0.000000
0.000000
0.000000
0.000000
0.000000
0.000000
0.000000
0.000000
0.000000
0.000000
0.000000
0.000000
0.000000
0.000000
0.000000
0.000000
0.000000
0.000000
0.000000
0.000000
0.000000
0.000000
0.000000
0.000000
0.000000
0.000000
0.000485
0.000217
0.000226
0.000270
0.000231
0.000220
0.005403
0.021740
0.021892
0.036436
1.434186
1.253967
1.133328
0.006361
0.003604
0.002103
0.015530
0.617007
0.557656
0.498442
0.365687
0.221569
0.046993
0.037539
0.029888
0.016277
0.000067
0.000007
0.000009
0.000000
0.000000
0.000000
0.000000
0.000000
0.000000
0.000000
0.000000
0.000000
0.000000
0.000000
0.000000
0.000000
0.000000
0.000000
0.000000
0.000000
0.000000
0.000000
0.000000
0.000000
0.000000
0.000000
0.000000
0.000000
0.000000
0.000000
0.000000
0.000000
0.000000
0.000000
0.000000
0.000000
0.000000
0.000000
0.000000
0.000000
0.000000
0.000000
0.000000
0.000000
0.000000
0.000000
0.000000
0.000000
0.000000
0.000000
0.000000
0.000000
0.000000
0.000000
0.000000
0.000000
0.000000
0.000000
0.000000
0.000000
0.000000
0.000000
0.000000
0.000000
0.000000
0.000000
0.000000
0.000000
0.000000
0.000030
0.000040
0.000102
0.000000
0.000000
0.000000
0.000000
0.000000
0.000000
0.000000
0.000000
0.000000
0.000000
0.000000
0.000000
0.000000
0.000000
0.000000
0.000000
0.000000
0.000000
0.000000
0.000000
0.000000
0.000000
0.000000
0.000000
0.000000
0.000000
0.000000
0.000000
0.000000
0.000000
0.000000
0.000000
0.000000
0.000000
0.000000
0.000000
0.000000
0.000000
0.000000
0.000000
0.000000
0.000000
0.000000
0.000000
0.000000
0.000000
0.000000
0.000000
0.000000
0.000000
0.000000
0.000000
0.000000
0.000000
0.000000
0.000000
0.000000
0.000000
0.000000
0.000000
0.000000
0.000000
0.000000
0.000000
0.000000
0.000000
0.000000
0.000000
0.000000
0.000000
0.000000
0.000000
0.000000
0.000000
0.000000
0.000000
0.000000
0.000000
0.000000
0.000000
0.000000
0.000000
0.000000
0.000000
0.000000
0.000000
0.000000
0.000000
0.000000
0.000000
0.000000
0.000000
0.000000
0.000000
0.000000
0.000000
0.000000
0.000000
0.000000
0.000000
0.000000
0.000000
0.000000
0.000000
0.000000
0.000000
0.000000
0.000000
0.000000
0.000000
0.000000
0.000000
0.000000
0.000000
0.000000
0.000000
0.000000
0.000000
0.000000
0.000000
0.000000
0.000000
0.000000
0.000000
0.000000
0.000000
0.000000
0.000000
0.000000
0.000000
0.000000
0.000000
0.000000
0.000000
0.000000
0.000000
0.000000
0.000000
0.000000
0.000000
0.000000
0.000000
0.000000
0.000000
0.000000
0.000107
0.000150
0.000209
0.000221
0.000000
0.000000
0.000000
0.000000
0.000000
0.000000
0.000000
0.000000
0.000000
0.000000
0.000000
0.000000
0.000000
0.000000
0.000000
0.000000
0.000000
0.000000
0.000000
0.000000
0.000003
0.000003
0.000002
0.000001
0.000003
0.000003
0.000005
0.000009
0.000013
0.000019
0.000000
0.000000
0.000000
0.000000
0.000000
0.000000
0.000000
0.000000
0.000001
0.000001
0.000001
0.000001
0.000001
0.000208
0.000000
0.000000
0.000000
0.000000
0.000000
0.000000
0.000000
0.000000
0.000000
0.000000
0.000000
0.000000
0.000000
0.000000
0.000000
0.000000
0.000000
0.000000
0.000000
0.000000
0.000000
0.000000
0.000000
0.000000
0.000000
0.000042
0.000000
0.000000
0.000001
0.000002
0.000002
0.000000
0.000000
0.000000
0.000000
0.000000
0.000000
0.000000
0.000000
0.000000
0.000000
0.000000
0.000000
0.000000
0.000000
0.000000
0.000000
0.000000
0.000000
0.000000
0.000000
0.000000
0.000000
0.000000
0.000000
0.000000
0.000000
0.000000
0.009575
