0.000000
0.000000
0.000000
0.000000
0.000000
0.000000
0.000000
0.000000
0.000000
0.000000
0.068994
0.022105
0.000006
0.000004
0.000005
0.000005
0.000004
0.000009
0.000001
0.000002
0.000002
0.000003
0.000002
0.000003
0.000003
0.000007
0.000001
0.000001
0.000001
0.000001
0.000002
0.000002
0.000002
0.001506
0.000002
0.000001
0.000002
0.000002
0.000001
0.000001
0.000000
0.000000
0.000000
0.000001
0.000002
0.000002
0.000004
0.000001
0.000001
0.000001
0.000001
0.000002
0.000006
0.000008
0.000007
0.000007
0.000005
0.000006
0.000008
0.000006
0.000007
0.000010
0.000012
0.000015
0.000010
0.000030
0.000019
0.000010
0.000012
0.000006
0.000003
0.000006
0.000007
0.000005
0.000009
0.000003
0.000004
0.000006
0.000006
0.000005
0.000010
0.000022
0.001337
0.001408
0.013790
0.014203
0.016211
0.016643
0.452437
0.505813
0.494815
0.357260
0.311889
0.273756
0.028396
0.001596
0.001570
0.001557
0.001579
0.000007
0.000007
0.000004
0.000001
0.000000
0.000000
0.000000
0.000000
0.000000
0.000000
0.000000
0.000000
0.001845
0.001580
0.001569
0.001490
0.001423
0.000209
0.000022
0.000078
0.000065
0.000084
0.000049
0.000026
0.000015
0.000017
0.000014
0.000014
0.000013
0.000011
0.000023
0.000000
0.000028
0.000018
0.000017
0.000011
0.000013
0.000016
0.000017
0.000019
0.000009
0.000009
0.000009
0.000673
0.000847
0.002883
0.024117
0.036944
0.034671
0.033296
0.032210
0.030398
0.014895
0.014751
0.013679
0.012836
0.007488
0.007194
0.000000
0.000000
0.000000
0.000000
0.000000
0.000000
0.000000
0.000000
0.000000
0.000000
0.000000
0.000000
0.000000
0.000000
0.000000
0.000000
0.000000
0.000000
0.000000
0.000001
0.000000
0.000000
0.000000
0.000000
0.000001
0.000000
0.000000
0.000000
0.000000
0.000000
0.000000
0.000000
0.000000
0.000148
0.000308
0.001576
0.000000
0.000001
0.000001
0.000002
0.000002
0.000001
0.000010
0.000001
0.000000
0.000000
0.000000
0.000000
0.000000
0.000000
0.000000
0.000000
0.000004
0.000029
0.000008
0.000001
0.000001
0.000001
0.000001
0.000001
0.000000
0.000000
0.000000
0.000000
0.000000
0.000000
0.000001
0.000001
0.000001
0.000001
0.000001
0.000001
0.000001
0.000001
0.000000
0.000000
0.000001
0.000001
0.000002
0.000001
0.000001
0.000001
0.000001
0.000000
0.000001
0.000001
0.000006
0.000008
0.000007
0.000002
0.000001
0.000000
0.000000
0.000000
0.000000
0.000001
0.000002
0.000001
0.000001
0.000001
0.000006
0.000001
0.000002
0.002288
0.027311
0.029487
0.049972
0.057961
0.068986
0.268290
1.034265
1.224273
1.290343
1.349031
1.421384
1.492619
1.527773
1.574185
1.611132
1.660309
1.678171
1.718075
1.757031
1.759308
1.760289
1.751281
1.748473
1.751258
1.741443
0.003651
0.000003
0.000004
0.000002
0.000402
0.000418
0.000423
0.000413
0.000005
0.000005
0.000003
0.000001
0.000001
0.000001
0.000001
0.000001
0.000001
0.003281
0.003311
1.704806
1.693092
1.642488
1.552722
0.004995
0.001967
0.001564
1.200064
1.112049
0.934924
0.843273
0.747179
0.301413
0.011759
0.000000
0.000000
0.000000
0.000000
0.000000
0.000000
0.000000
0.000000
0.000000
0.000000
0.000000
0.000000
0.000000
0.000001
0.000007
0.000004
0.000003
0.000005
0.000002
0.000001
0.000000
0.000000
0.000000
0.000000
0.000001
0.000003
0.000003
0.000001
0.000001
0.000026
0.000016
0.000012
0.000003
0.000001
0.000002
0.000014
0.000006
0.000004
0.000003
0.000004
0.000003
0.000004
0.000006
0.000008
0.000012
0.000012
0.000002
0.000002
0.000003
0.000034
0.000062
0.000001
0.000002
0.000460
0.000464
0.000018
0.000008
0.000004
0.000003
0.000004
0.000003
0.000002
0.000005
0.000001
0.000009
0.000011
0.000005
0.000004
0.000035
0.000007
0.000010
0.000009
0.000005
0.000005
0.000008
0.000022
0.000051
0.000001
0.000002
0.000002
0.000001
0.000029
0.000005
0.000003
0.000002
0.000006
0.000002
0.000003
0.000003
0.000010
0.000010
0.000011
0.000008
0.000002
0.000003
0.000004
0.000010
0.000017
0.000051
0.000041
0.000037
0.000049
0.000004
0.000004
0.000005
0.003479
0.023217
0.022771
0.022126
0.001981
0.002081
0.000001
0.000001
0.000001
0.000005
0.000005
0.000005
0.000001
0.000002
0.000002
0.000001
0.000001
0.000013
0.000008
0.000005
0.000032
0.000022
0.000007
0.000010
0.000020
0.000076
0.000066
0.000069
0.000010
0.000007
0.000004
0.000006
0.000016
0.000025
0.000098
0.000102
0.000300
0.000052
0.000040
0.000014
0.000010
0.000013
0.000009
0.000007
0.000005
0.000019
0.000014
0.000008
0.000011
0.000015
0.000015
0.000004
0.000005
0.000003
0.000005
0.000017
0.000039
0.000043
0.000047
0.000054
0.000016
0.000095
0.000091
0.000079
0.000072
0.000326
0.000074
0.000663
0.013203
0.031588
0.028158
0.040115
0.059081
0.250701
0.374624
0.531432
0.605457
0.853806
1.012131
1.115934
1.221781
1.323123
1.417966
1.495056
1.553150
1.583430
1.635013
0.024169
0.032963
0.000016
0.000015
0.000013
0.000051
0.000005
0.000003
0.000002
0.000005
0.000008
0.000028
0.000008
0.000009
0.000003
0.000007
0.000011
0.000027
0.000002
0.000007
0.000005
0.000012
0.000014
0.000014
0.000005
0.000006
0.000004
0.000004
0.000004
0.000005
0.000005
0.000008
0.000004
0.000034
0.000059
0.000004
0.000005
0.000004
0.000015
0.000007
0.000006
0.000010
0.000010
0.000011
0.033539
0.042237
1.821745
1.849212
1.806434
1.783916
1.773655
1.737926
1.665299
1.561249
1.449455
1.369044
1.311388
1.230722
0.000894
0.000527
0.000301
0.000245
0.000192
0.000182
0.000201
0.004178
0.004084
0.004043
0.000014
0.000012
0.000006
0.000007
0.000019
0.000022
0.010374
0.011323
0.765897
0.762029
0.003971
0.003869
0.003708
0.003806
0.004657
0.005011
0.005364
0.007005
0.000006
0.000005
0.000003
0.000005
0.000038
0.000007
0.000004
0.000004
0.000004
0.000004
0.000006
0.000005
0.000020
0.000008
0.000008
0.000009
0.000017
0.000016
0.000012
0.000015
0.000024
0.008425
1.373544
0.022676
1.579732
1.767102
1.908236
2.043035
2.202027
0.000297
0.000009
0.000005
0.000005
0.000007
0.000011
0.000004
0.000003
0.000015
0.000047
0.000057
0.000007
0.000009
0.000002
0.000001
0.000001
0.000002
0.000002
0.000006
0.000010
0.000035
0.000047
0.000024
0.001286
0.001955
2.335529
2.398905
2.496581
2.565712
2.563962
0.001284
0.000021
0.000012
0.000005
0.000001
0.000001
0.000001
0.000002
0.000006
0.000002
0.000004
0.000002
0.000003
0.000003
0.000004
0.000001
0.000001
0.000001
0.000001
0.000003
0.000003
0.000001
0.000073
0.000065
0.000063
0.000061
0.000066
0.000047
0.000849
2.597252
2.602142
2.603871
2.603683
2.603790
2.608401
2.606716
2.597429
2.591903
2.629739
0.007481
2.606438
0.000363
0.000013
0.000039
0.000037
0.000028
0.000023
0.000019
0.000018
0.000037
0.000044
0.000002
0.000003
0.000007
0.000002
0.000003
0.000003
0.000011
0.000008
0.000020
0.000063
0.000361
2.633669
2.621720
2.611922
2.606880
2.596936
2.528823
2.461395
2.369197
2.257171
2.135295
1.999062
1.786746
0.020761
0.015284
0.012547
0.012775
0.000467
0.000665
0.001167
0.009983
1.479768
0.371551
2.000339
2.089268
2.157339
2.260048
0.000036
2.439365
2.519464
2.604832
2.689068
2.742293
0.000578
0.000160
0.000075
0.000041
0.000037
0.000023
0.000043
0.000135
0.000177
0.000233
0.000268
0.000548
0.000832
2.763549
2.792410
2.795827
2.799443
2.772480
2.661274
2.647046
2.644674
2.615053
2.595381
0.000131
0.000017
0.000016
0.000022
0.000004
0.000004
0.000006
0.000006
0.000007
0.000015
0.000015
0.000107
0.001521
0.001579
0.006352
0.006919
2.106096
2.116708
2.131324
0.011068
2.251992
2.320975
2.403651
2.433625
2.469757
2.483462
2.494442
2.496742
2.495072
2.494513
2.490153
2.475219
2.466633
0.032678
0.029700
0.033386
0.066477
2.607920
2.719203
2.828153
0.001398
2.954135
2.956183
2.991776
2.998894
3.008532
3.019494
3.043964
3.054592
3.041479
3.049988
3.060970
3.061975
3.037252
3.174291
3.028742
3.015458
2.983814
2.954685
3.070142
3.050761
0.057620
3.060675
3.119951
3.152747
3.183380
3.201445
3.236115
3.389374
3.421791
3.443451
3.462280
3.482713
3.472040
3.411253
3.378489
3.327868
3.261893
0.000256
0.000008
3.176398
2.845506
3.135992
3.167560
3.210087
3.299034
3.344317
3.463762
3.530058
3.545531
3.557988
3.570052
3.529142
3.506259
3.471265
3.455747
3.435570
3.420229
3.368309
3.300578
0.001181
0.000767
0.000632
0.000307
0.000039
0.000024
0.000014
0.000018
0.000017
0.000016
0.000020
0.000006
0.000005
0.000002
0.000003
0.000007
0.000003
0.000006
0.000015
0.000005
0.000005
0.000005
0.000003
0.000003
0.000002
0.000005
0.000027
0.000024
0.000008
0.000008
0.000006
0.000007
0.000007
0.000058
0.000008
0.000005
0.000004
0.000005
0.000005
0.000003
0.000004
0.000003
0.000005
0.000007
0.000008
0.000007
0.000012
0.000023
0.000034
0.000124
0.000201
0.040936
3.273585
3.320120
3.343553
3.363049
3.381509
3.408427
3.411911
3.412104
3.414280
3.416008
3.369996
3.348835
3.319065
3.266790
3.131289
3.029342
2.906701
0.002626
0.002623
0.002470
0.000369
0.000418
0.000529
0.028909
3.203124
3.242135
3.277807
3.305226
3.350238
3.398412
3.407688
3.403147
3.392159
3.388734
0.000312
0.000247
0.000067
0.000077
0.000098
0.003556
3.372619
3.381143
3.388737
3.601331
3.615555
3.584811
3.726201
3.625796
3.462094
0.039247
3.276556
3.085522
2.972541
2.677339
2.642866
0.000016
0.000015
0.020371
0.016854
0.010825
2.648388
2.577688
2.502173
0.095001
0.000836
0.007883
2.402471
2.655657
2.842020
3.036717
3.242236
3.475435
3.731524
3.866687
3.935789
3.993537
4.065398
4.091211
0.006738
0.006176
0.005084
0.006907
0.007521
4.189052
4.264503
4.303334
4.330064
4.361830
4.404813
4.427314
4.440649
4.454305
4.475721
4.495087
4.526671
4.560791
4.567387
4.571661
4.585637
4.608855
4.613304
4.611875
4.602113
4.585974
4.560596
4.542646
4.532492
4.486891
4.431171
4.393040
0.014481
4.376324
4.400329
4.401376
4.402952
4.405424
4.405874
4.404094
4.402045
4.395092
4.375631
4.306848
4.342487
4.260685
4.209435
4.104683
4.041774
0.101726
4.429353
4.492657
4.525993
4.564933
4.391590
4.383411
4.375552
4.363454
0.061053
4.134915
4.276507
4.255957
4.287378
4.297335
4.501923
4.538770
4.564556
4.591648
4.650216
4.699286
4.736721
4.749856
4.746511
4.742271
4.727376
4.700670
0.016270
0.015588
0.015260
0.015273
4.588785
4.604064
4.608672
4.605980
4.608271
4.604326
4.598175
4.573655
4.574057
4.572895
4.575782
4.590897
4.597397
0.000180
0.000006
0.000001
0.000002
0.000003
0.000003
0.000184
0.000199
4.580856
4.582173
4.590237
4.591252
4.568767
4.565396
4.558505
4.530138
0.000071
0.000282
0.000214
0.000066
0.000073
0.000017
0.000014
0.000014
0.000020
0.000024
0.000032
0.000295
0.000479
0.000006
0.000005
0.000006
0.000006
0.000004
0.000081
0.000092
0.000044
0.000050
0.000057
4.500651
4.444051
4.390450
4.348816
4.207811
4.074796
0.013336
0.007992
0.005844
0.005705
0.004910
0.000183
0.000171
0.000098
0.000123
0.000117
0.000076
0.000455
0.000610
0.006781
0.007885
0.009937
3.942970
3.967072
3.974630
3.986894
3.999728
3.974986
3.662337
3.484960
3.329534
2.290504
0.005992
0.002623
0.002447
0.002330
0.001918
0.001481
0.001473
0.001352
0.001192
0.001554
0.001601
2.240854
1.963182
1.783895
1.615004
1.014632
0.173658
0.157808
0.037276
0.033724
0.053958
0.045214
0.046812
0.073146
1.505514
1.607744
1.729579
1.869529
1.990427
0.004505
0.003062
0.001940
0.002437
0.003272
0.000071
0.000056
0.000047
0.000075
0.002356
0.004036
2.111670
2.183892
2.257928
2.283135
2.263141
2.226163
2.202967
2.094649
1.915800
0.014102
0.000460
0.000343
1.592423
1.532952
1.403369
1.291943
1.170903
1.007969
0.777483
0.281502
0.006312
0.000050
0.000013
0.000085
0.000074
0.000743
0.000744
0.000729
0.000725
0.001803
0.005832
0.787263
1.014298
1.261095
1.390231
1.511871
1.633623
0.002642
0.000176
0.000051
0.000065
0.000092
0.000025
0.003160
0.003057
0.020137
1.933927
2.149093
2.456654
2.531978
0.002973
0.001371
0.000858
0.000652
0.000444
0.000218
0.000280
0.000302
0.000236
0.000037
0.000039
0.000025
0.000015
0.000005
0.000013
0.000010
0.000020
0.000010
0.000007
0.000008
0.000101
0.000079
0.000367
0.000248
0.000492
0.000415
0.000173
0.000308
0.000348
0.000694
2.498246
2.507351
2.512962
2.509547
2.515320
2.513532
0.000883
0.000539
0.000256
2.505141
2.458920
0.007203
0.000540
0.000409
0.000109
0.000044
0.000137
0.000161
0.000029
0.000026
0.000005
0.000003
0.000005
0.000008
0.000015
0.000016
0.000015
0.000002
0.000001
0.000002
0.000002
0.000005
0.000007
0.000013
0.000022
0.000103
0.000075
0.000234
0.000710
2.343022
2.345237
2.342700
2.286701
2.246895
2.202766
2.105352
1.999843
1.890466
1.581969
0.569035
0.491459
0.423578
0.338092
0.280752
0.009931
0.009221
0.008019
0.001170
0.000453
0.000358
0.000016
0.000025
0.000054
0.000169
0.000151
0.200210
0.183982
0.172756
0.163909
0.063385
0.050672
0.000000
0.000123
0.000452
0.003005
0.008793
0.201965
0.211275
0.043375
0.034303
0.018276
0.017324
0.003904
0.003877
0.003899
0.005275
0.005777
0.006068
0.041933
0.042078
0.040796
0.038687
0.036692
0.034890
0.033070
0.024037
0.005047
0.004949
0.004378
0.004169
0.003723
0.003816
0.003563
0.003426
0.003373
0.000798
0.001047
0.026144
0.026328
0.033554
0.042907
0.109285
0.099097
0.048423
0.117836
0.113031
0.102386
0.087182
0.031531
0.017824
0.015757
0.014580
0.012260
0.012229
0.011225
0.010679
0.008893
0.002317
0.014687
0.018895
0.025547
0.047792
0.046303
0.000757
0.042230
0.042746
0.058519
0.039135
0.033056
0.014061
0.001686
0.000547
0.000512
0.000402
0.000357
0.000280
0.000367
0.006850
0.007100
0.007763
0.008363
0.000045
0.000038
0.009562
0.010420
0.011748
0.013369
0.013889
0.014332
0.014813
0.012336
0.013235
0.004448
0.004477
0.004455
0.057485
0.085626
0.087610
0.090506
0.100147
0.097824
0.093629
0.091965
0.085189
0.079265
0.074922
0.063557
0.033882
0.021691
0.004388
0.004804
0.004985
0.000042
0.000040
0.000071
0.000055
0.000057
0.000033
0.000040
0.000047
0.000042
0.000025
0.000015
0.000012
0.000009
0.000014
0.000207
0.000022
0.000028
0.000050
0.000080
0.000116
0.000023
0.000023
0.000025
0.000011
0.000016
0.000024
0.000025
0.000017
0.000018
0.000018
0.002241
0.002204
0.002014
0.001708
0.016976
0.045682
0.106364
0.111949
0.114850
0.112780
0.000387
0.000004
0.000002
0.000002
0.000001
0.000003
0.000004
0.000028
0.000064
0.000105
0.000095
0.000102
0.000567
0.020671
0.020960
0.021111
0.010290
0.009748
0.000242
0.000214
0.000061
0.005471
0.005416
0.005398
0.005332
0.006224
0.007816
0.028673
0.030077
0.030451
0.032819
0.022916
0.012077
0.005034
0.036636
0.037364
0.045146
0.045243
0.044969
0.044239
0.043860
0.045281
0.043690
0.017299
0.017063
0.015416
0.014950
0.000444
0.000605
0.000188
0.000115
0.000106
0.000026
0.001731
0.001737
0.001770
0.001880
0.007593
0.015205
0.019226
0.020409
0.028688
0.033285
0.039083
0.044739
0.049559
0.045283
0.080413
0.085047
0.106492
0.111505
0.113088
0.114799
0.115545
0.000157
0.000111
0.000115
0.000245
0.000602
0.000209
0.000344
0.000020
0.000084
0.123424
0.123459
0.122290
0.391768
0.375049
0.337056
0.341167
0.316506
0.085193
0.119604
0.172952
0.206166
0.208933
0.212113
0.210213
0.207699
0.204057
0.001165
0.000311
0.000041
0.000016
0.000019
0.000023
0.000050
0.000046
0.000054
0.000094
0.000130
0.138495
0.146000
0.144219
0.015696
0.000013
0.000014
0.150556
0.002179
0.000064
0.002598
0.002820
0.243064
0.250096
0.257092
0.262625
0.268552
0.273788
0.277980
0.254054
0.246647
0.001557
0.264141
0.257462
0.245343
0.233684
0.216652
0.011378
0.009186
0.004020
0.003423
0.000124
0.000018
0.000016
0.000030
0.000060
0.000066
0.000050
0.000009
0.002503
0.002481
0.002511
0.002615
0.167672
0.152942
0.134428
0.123608
0.118384
0.108707
0.101868
0.076164
0.055116
0.044977
0.010450
0.006350
0.000317
0.000402
0.000381
0.003568
0.006226
0.006517
0.006663
0.006966
0.004729
0.025608
0.025651
0.025538
0.026801
0.027836
0.027413
0.026682
0.024846
0.016755
0.015711
0.015374
0.014022
0.010416
0.012552
0.002970
0.003138
0.005832
0.006195
0.008447
0.004495
0.004070
0.004076
0.004037
0.000289
0.000229
0.000118
0.006824
0.007280
0.021400
0.023701
0.038846
0.045893
0.046481
0.048492
0.050325
0.046090
0.042430
0.024404
0.021467
0.011605
0.013060
0.017288
0.017531
0.021069
0.020859
0.006529
0.003070
0.003406
0.002910
0.000859
0.000102
0.000089
0.000048
0.000063
0.000034
0.000011
0.000009
0.000010
0.004630
0.004944
0.005359
0.000249
0.049233
0.050648
0.049906
0.050836
0.045383
0.005994
0.106399
0.110553
0.000666
0.051502
0.053268
0.055178
0.056086
0.054817
0.053905
0.063947
0.064113
0.065573
0.065411
0.064010
0.028360
0.026012
0.000081
0.007232
0.005287
0.005997
0.007028
0.005629
0.006550
0.004623
0.013466
0.031055
0.037505
0.044776
0.048914
0.046215
0.042308
0.039455
0.036972
0.005130
0.005083
0.004770
0.004757
0.004487
0.004051
0.000351
0.000237
0.020369
0.037851
0.042959
0.051105
0.053006
0.062018
0.064239
0.066338
0.068967
0.068106
0.070464
0.067251
0.066092
0.030141
0.027949
0.022128
0.022336
0.019354
0.017038
0.014213
0.012222
0.000877
0.001930
0.002320
0.002282
0.002022
0.002050
0.006367
0.006019
0.005946
0.005924
0.005935
0.005367
0.004844
0.004270
0.004153
0.004066
0.000126
0.000011
0.001781
0.001785
0.000510
0.000558
0.045997
0.047764
0.048326
0.049164
0.050922
0.052214
0.057811
0.049545
0.048597
0.013843
0.002302
0.002023
0.001994
0.021459
0.022171
0.025474
0.034032
0.036526
0.037039
0.035812
0.037439
0.037762
0.038443
0.038989
0.042524
0.042917
0.027380
0.021132
0.020901
0.020848
0.000046
0.000033
0.000446
0.000475
0.000737
0.022921
0.024241
0.024860
0.048556
0.050990
0.052212
0.053549
0.053578
0.054130
0.054780
0.048234
0.045413
0.050723
0.050280
0.047667
0.045640
0.043824
0.038946
0.035450
0.030198
0.029152
0.007913
0.007220
0.005789
0.001091
0.000418
0.000275
0.000422
0.000498
0.000324
0.000217
0.000050
0.000000
0.000000
0.000000
0.000000
0.000000
0.000093
0.000017
0.000010
0.000025
0.000293
0.000337
0.000655
0.030508
0.036454
0.039702
0.021508
0.020917
0.025566
0.023213
0.020598
0.017073
0.016833
0.015908
0.005671
0.003156
0.006890
0.009499
0.011875
0.011852
0.011914
0.012550
0.014731
0.014912
0.014267
0.019953
0.042297
0.073388
0.079422
0.084538
0.087474
0.075751
0.062756
0.058786
0.056133
0.052918
0.049827
0.029365
0.029365
0.029774
0.006910
0.007839
0.013249
0.011299
0.013861
0.016386
0.045334
0.064492
0.111509
0.123588
0.128359
0.129615
0.132532
0.134718
0.135411
0.136728
0.138481
0.139490
0.136684
0.133573
0.129070
0.122319
0.117459
0.113259
0.097471
0.072032
0.068137
0.060900
0.050769
0.017085
0.011606
0.000482
0.000003
0.000003
0.000014
0.000021
0.000014
0.000007
0.000013
0.000086
0.000046
0.000017
0.005946
0.005403
0.005225
0.004593
0.005456
0.005492
0.016673
0.018437
0.029905
0.039213
0.040902
0.042157
0.039538
0.040866
0.039511
0.028325
0.024615
0.002868
0.002667
0.002230
0.001818
0.000013
0.000007
0.000006
0.000007
0.000016
0.000016
0.000014
0.000016
0.000039
0.000066
0.000074
0.000065
0.000043
0.000051
0.000062
0.000128
0.025375
0.027506
0.028724
0.047543
0.051585
0.055399
0.087634
0.092495
0.093036
0.087585
0.073609
0.019926
0.014900
0.013281
0.028736
0.028537
0.025469
0.024815
0.024667
0.019467
0.000122
0.000105
0.000087
0.000230
0.037955
0.040811
0.042746
0.055692
0.067689
0.073293
0.080533
0.072002
0.054364
0.107933
0.118712
0.130353
0.138833
0.149682
0.158748
0.146973
0.172045
0.184390
0.187212
0.191272
0.182521
0.100709
0.008900
0.000265
0.000037
0.000009
0.000008
0.000003
0.000003
0.000024
0.000011
0.000009
0.000008
0.000045
0.000310
0.000302
0.000326
0.000343
0.000341
0.000332
0.000341
0.000301
0.000305
0.000284
0.000263
0.010454
0.010351
0.083350
0.085018
0.096704
0.097801
0.097399
0.095729
0.089430
0.087603
0.086177
0.077207
0.068740
0.047822
0.029603
0.005609
0.000112
0.000199
0.000185
0.000048
0.000020
0.000071
0.000083
0.000073
0.000008
0.000188
0.021839
0.017384
0.050031
0.051621
0.060975
0.061410
0.061190
0.060801
0.056443
0.051092
0.047664
0.035966
0.000176
0.000723
0.001161
0.000706
0.000700
0.000717
0.002936
0.002258
0.000812
0.001069
0.000704
0.000757
0.000711
0.000605
0.000561
0.000503
0.000686
0.000366
0.000357
0.000351
0.000361
0.000371
0.000022
0.006662
0.029402
0.030617
0.030964
0.039647
0.040927
0.063244
0.068218
0.074763
0.082582
0.085858
0.097541
0.098750
0.099154
0.095235
0.099246
0.093498
0.091867
0.080211
0.079465
0.078837
0.019032
0.016762
0.000109
0.000044
0.000041
0.000046
0.000012
0.000015
0.000125
0.012823
0.018323
0.028401
0.047887
0.054955
0.151070
0.170156
0.195597
0.212205
0.202908
0.192473
0.181001
0.134348
0.128286
0.074757
0.054476
0.040131
0.014483
0.004927
0.001095
0.000042
0.000017
0.000019
0.000035
0.000029
0.000051
0.000094
0.000746
0.016074
0.249601
0.266058
0.022614
0.015397
0.013507
0.006181
0.004402
0.004347
0.000049
0.003222
0.003068
0.003136
0.000013
0.003080
0.003151
0.003114
0.003324
0.003425
0.173259
0.176555
0.119742
0.101520
0.087866
0.002774
0.003034
0.001341
0.000083
0.000109
0.000108
0.007682
0.007808
0.007903
0.007658
0.008067
0.025604
0.025575
0.007711
0.007705
0.002853
0.002843
0.003785
0.006158
0.006013
0.006515
0.006783
0.022383
0.025575
0.029327
0.031676
0.026988
0.095018
0.098713
0.097991
0.095579
0.090506
0.084860
0.081639
0.078734
0.073491
0.068997
0.043358
0.018930
0.021364
0.018056
0.006741
0.011980
0.013316
0.014022
0.000018
0.002438
0.002465
0.002506
0.002535
0.002874
0.004359
0.080544
0.091263
0.102157
0.112518
0.125706
0.128471
0.126546
0.000086
0.000077
0.000029
0.000043
0.009428
0.233355
0.246077
0.221609
0.037799
0.008295
0.004332
0.003445
0.002251
0.000025
0.000050
0.000027
0.000103
0.000011
0.000011
0.001571
0.002292
0.002624
0.002909
0.003315
0.003637
0.003919
0.041274
0.081164
0.077975
0.061337
0.039481
0.038955
0.000019
0.000012
0.000052
0.000088
0.000054
0.000139
0.000254
0.001342
0.001555
0.020545
0.021444
0.015290
0.015699
0.060984
0.064142
0.063990
0.062916
0.067370
0.079188
0.078746
0.077044
0.000652
0.006713
0.006732
0.006853
0.006403
0.001770
0.000701
0.000340
0.000330
0.000188
0.000320
0.001929
0.088479
0.139265
0.154969
0.005194
0.187937
0.207822
0.225223
0.236855
0.249142
0.267657
0.285265
0.290867
0.282365
0.267944
0.193446
0.203276
0.212780
0.205940
0.197680
0.150342
0.114323
0.115935
0.112001
0.109508
0.067827
0.062183
0.048021
0.041629
0.000035
0.000006
0.000008
0.000006
0.000039
0.000037
0.000024
0.000092
0.000191
0.000163
0.000096
0.000032
0.000035
0.000038
0.000119
0.001924
0.010923
0.012410
0.024477
0.059240
0.068045
0.071098
0.093751
0.140256
0.156564
0.173174
0.226036
0.229241
0.251838
0.280565
0.320769
0.326409
0.349834
0.361521
0.007136
0.399372
0.402862
0.407644
0.406055
0.397318
0.320830
0.038415
0.013375
0.002699
0.000060
0.000060
0.000037
0.000048
0.000010
0.000008
0.000007
0.000005
0.000004
0.000280
0.000334
0.000401
0.000398
0.000079
0.000054
0.000043
0.000045
0.000124
0.000328
0.000365
0.024617
0.026335
0.026676
0.027385
0.027644
0.027863
0.000028
0.453511
0.463468
0.472012
0.467169
0.004820
0.285116
0.266326
0.236061
0.168022
0.129302
0.002176
0.001016
0.000058
0.000055
0.000050
0.000052
0.000064
0.001319
0.002247
0.002424
0.002634
0.003021
0.003040
0.003431
0.003992
0.004009
0.004072
0.004287
0.004719
0.004931
0.014233
0.019530
0.024919
0.047869
0.096947
0.116314
0.363721
0.424227
0.457227
0.475136
0.001772
0.001568
0.001370
0.028446
0.027672
0.027124
0.027400
0.027960
0.023491
0.009248
0.002450
0.000127
0.000243
0.004902
0.086087
0.153047
0.176562
0.223670
0.246742
0.252482
0.003439
0.003092
0.003084
0.000919
0.000467
0.000489
0.000489
0.000058
0.000052
0.000068
0.000094
0.000052
0.001297
0.264203
0.246814
0.250921
0.226990
0.232421
0.190248
0.191610
0.192501
0.193402
0.195782
0.196163
0.013941
0.013790
0.012526
0.011154
0.003683
0.000832
0.000720
0.000078
0.000129
0.000859
0.000167
0.001100
0.001173
0.002233
0.047338
0.293100
0.316559
0.329598
0.341151
0.355693
0.360116
0.013378
0.521613
0.567193
0.604484
0.649435
0.679309
0.728879
0.809336
0.933848
1.006691
1.065043
1.185330
1.263920
1.326829
1.342027
1.343398
1.351824
0.803830
0.672144
0.762079
0.784820
1.406172
1.453817
1.680480
1.796566
1.806206
1.829559
1.858987
1.642023
1.702736
0.011269
0.012748
0.000765
0.000174
0.000215
0.000068
0.000140
0.000188
0.000131
0.000107
0.000088
0.000022
0.000061
0.000036
0.000034
0.000018
0.000020
0.000051
0.000063
0.000032
0.000010
0.000026
0.000009
0.000023
0.000032
0.000046
0.000037
0.000013
0.000010
0.000007
0.000004
0.000004
0.000002
0.000003
0.000002
0.000005
0.000006
0.000015
0.000012
0.000017
0.000004
0.000020
0.000031
0.000032
0.000022
0.000018
0.000014
0.000008
0.000007
0.000005
0.000005
0.000005
0.000007
0.000006
0.000004
0.000004
0.000002
0.000002
0.000003
0.000005
0.000004
0.000003
0.000004
0.000002
0.000002
0.000002
0.000004
0.000006
0.000051
0.000039
0.000028
0.000015
0.000007
0.000005
0.000004
0.000008
0.000010
0.000025
0.000011
0.000003
0.000006
0.000002
0.000003
0.000003
0.000008
0.000004
0.000004
0.000007
0.000005
0.000005
0.000005
0.000009
0.000016
0.001033
0.001189
0.001200
0.001431
0.000018
0.000014
0.000008
0.000011
0.000009
0.000013
0.000005
0.000014
0.000014
0.000050
0.000055
0.000052
0.000047
0.000164
0.000188
0.000705
0.001842
0.002073
0.002703
2.107969
2.378988
2.847724
3.071710
3.372860
3.883886
4.484886
4.571416
4.670463
4.928601
4.928634
5.062849
4.928315
0.000012
0.000263
0.000260
0.000278
0.000051
0.000017
0.000018
0.000049
0.000042
0.000070
0.000157
0.000341
0.000483
0.000795
0.001146
0.002390
5.011957
5.006924
5.139113
0.001967
0.000074
0.000042
0.000051
0.004067
0.003973
0.003946
0.003954
0.003524
0.000171
0.000110
0.000106
0.000078
0.000020
0.000009
0.000007
0.000005
0.000015
0.000015
0.000026
0.000080
0.001917
0.002230
0.002856
0.003423
0.003590
0.003827
0.003857
0.003741
0.003843
0.003744
0.003610
0.003514
0.003340
0.003215
0.003048
0.002932
0.002900
0.002941
0.002934
0.002596
0.002292
0.000527
0.000587
0.003919
0.005638
5.248592
5.291309
5.259745
5.253367
5.250549
4.801541
4.856495
4.827076
5.051197
5.366373
6.043219
6.132144
6.198418
6.266258
6.340763
6.223155
5.493005
5.551760
6.003947
6.455508
6.818371
6.947633
6.995248
7.067890
7.131220
7.156663
7.162182
7.159198
7.147358
7.151375
7.158764
7.162780
7.171764
7.181350
7.185278
0.006212
7.172670
7.177147
7.183445
7.194201
7.177879
7.155447
7.120742
7.095932
7.060911
6.847065
6.955501
6.994525
7.039584
7.089458
7.130895
7.145362
7.163060
7.180374
7.190321
7.187907
7.170385
7.089994
7.089533
6.317912
5.894478
5.786292
5.633346
5.529230
0.080251
0.067921
5.637673
5.501784
5.539477
5.430231
5.113724
0.151465
0.132588
0.131788
4.730974
4.879538
5.009097
4.075898
4.926143
5.215589
5.536346
6.069697
6.054441
6.044845
6.022759
0.051152
0.052153
5.769306
5.842110
5.924968
5.970619
6.002948
6.057234
6.111755
6.125785
6.122351
6.123544
6.121388
6.083830
6.043618
6.014552
0.000344
5.692080
5.152358
4.802731
4.478183
4.196055
3.970755
3.770560
3.498342
3.201442
2.836167
2.618923
0.058313
0.000461
0.000379
0.000430
0.000310
0.000294
0.013361
1.972892
1.866258
1.756347
1.601296
1.418624
1.256144
1.075664
0.954183
0.841421
0.021406
0.008108
0.000292
0.000200
0.000235
0.000228
0.000155
0.000997
0.001531
0.001810
0.173230
0.223029
0.205138
0.190150
0.410917
0.001398
0.977330
1.008544
1.033016
1.018925
0.990595
0.849267
0.834055
0.799067
0.737607
0.675783
0.633731
0.019128
0.017933
0.022077
0.029571
0.001288
0.001759
0.000000
0.000121
0.000125
0.000295
0.000000
0.000535
0.012227
0.015347
0.020164
0.072777
0.177210
0.451413
1.056186
1.404735
1.577852
1.806697
2.209221
2.936860
3.501010
4.273524
4.721892
5.280258
5.598767
5.879640
5.917249
5.941042
5.970351
5.970675
5.968848
5.926728
0.001407
0.001246
0.001320
0.001141
0.001034
0.001251
0.001522
5.253635
5.298071
5.329893
5.326102
5.194157
5.282106
5.353518
5.394470
5.458575
5.480537
5.461597
5.453828
5.367328
0.289558
4.943638
5.228457
0.000198
0.000031
0.000008
0.000008
0.000008
0.000062
0.000063
0.000146
0.131055
5.420753
5.525756
5.504241
5.498013
5.478727
5.457611
0.002928
0.003131
0.003258
0.003800
0.003760
0.013812
0.000007
0.000046
0.000041
0.000037
0.012462
0.012216
0.012070
0.011707
0.001019
0.004705
5.447395
5.376854
0.226337
5.022522
5.296764
5.626768
5.980516
6.083272
6.106496
6.111338
6.103376
6.110546
6.015302
5.870805
5.991199
6.296407
6.353688
6.432477
6.432840
6.431563
6.425612
6.419416
0.000060
0.000074
0.000079
0.000062
0.000040
0.000004
0.000003
0.000009
0.000010
0.000016
0.000008
0.000001
0.000002
0.000002
0.000003
0.000002
0.000002
0.000004
0.000003
0.000005
0.000003
0.000004
0.000012
0.000080
0.000099
0.000142
0.000174
0.001454
0.001722
6.446022
6.450411
6.445634
6.437758
6.375195
6.374014
6.375172
6.371829
6.367208
6.363814
0.001375
0.000858
0.000591
0.000386
0.000288
0.000043
0.000037
0.000020
0.000022
0.000077
0.000083
0.000033
0.000032
6.325705
6.332990
6.337221
6.350928
6.363499
6.373585
6.373611
6.374358
6.375846
6.376843
6.379497
6.384232
6.388658
6.391153
6.391415
6.393353
6.390510
0.000489
0.000428
0.000486
0.000543
0.001089
0.001336
6.386421
6.335283
6.328746
6.324336
0.000642
0.000308
0.000286
0.000155
0.000148
0.000120
0.000129
6.308483
6.306229
6.304463
6.083979
6.079121
6.075689
6.066451
6.060965
6.061784
6.066282
6.067381
6.067216
6.176099
6.193960
6.200186
6.201720
6.205639
6.204384
6.062505
6.060339
6.200284
6.237476
6.264694
6.281168
0.000150
0.000041
0.000049
0.000052
0.000080
0.000019
0.000002
0.000001
0.000000
0.000001
0.000000
0.000000
0.000001
0.000003
0.000006
0.000009
0.000006
0.000010
0.000001
0.000002
0.000002
0.000002
0.000001
0.000001
0.000002
0.000023
0.000023
0.000026
0.000000
0.000000
0.000000
0.000000
0.000000
0.000001
0.000004
0.000002
0.000002
0.000002
0.000006
0.000006
0.000014
0.000036
0.000034
0.000009
0.000002
0.000002
0.000008
0.000010
0.000001
0.000000
0.000001
0.000001
0.000001
0.000001
0.000002
0.000003
0.000165
0.000155
6.291913
6.289741
6.287596
6.288929
6.402617
6.436705
6.438168
6.439625
6.434785
6.429953
6.420354
6.411696
6.314796
6.304394
6.300652
0.000350
0.000101
0.000018
0.000014
0.000004
0.000005
0.000009
0.000009
0.000011
0.000038
0.000004
0.000004
0.000001
0.000000
0.000001
0.000000
0.000000
0.000001
0.000003
0.000002
0.000001
0.000001
0.000003
0.000002
0.000003
0.000003
0.000002
0.000002
0.000011
0.000012
0.000001
0.000001
0.000002
0.000001
0.000001
0.000002
0.000010
0.000011
0.000035
0.000077
0.000093
6.297745
6.303192
6.309737
6.310051
0.000029
0.000021
0.000014
0.000012
0.000011
0.000005
0.000004
0.000003
0.000001
0.000005
0.000002
0.000002
0.000002
0.000008
0.000009
0.000013
6.292186
6.286512
6.285709
6.314273
6.324506
6.334038
6.330742
6.328895
0.000039
0.000099
0.000126
0.000132
0.000166
0.000231
0.000334
6.341409
6.344157
6.348273
6.352759
6.354405
0.000258
0.000217
0.000168
6.348279
6.352302
6.362324
6.373835
0.000025
0.000020
0.000043
0.000034
0.000029
0.000008
0.000017
0.000007
0.000005
0.000008
6.375134
6.376807
6.377572
6.377812
6.368451
6.361435
6.355472
6.342639
0.006166
0.002150
0.002149
0.000007
0.000004
0.000005
0.000012
0.000005
0.000002
0.000004
0.000016
0.000027
0.000038
0.003259
6.515264
6.528802
6.552948
6.554347
6.557710
6.561548
0.001297
0.000781
0.000053
0.000018
0.000010
0.000004
0.000006
0.000002
0.000001
0.000001
0.000001
0.000000
0.000000
0.000000
0.000004
0.000004
0.000001
0.000001
0.000001
0.000000
0.000001
0.000001
0.000000
0.000000
0.000001
0.000001
0.000001
0.000001
0.000002
0.000014
0.000030
6.549608
6.551266
6.552241
6.552278
6.549517
6.543677
6.215096
6.198269
6.173686
6.158612
6.185594
6.145773
6.073777
5.986461
5.890904
5.813330
5.642975
0.011780
0.000004
0.000003
0.000003
0.000003
0.000003
0.000006
0.000034
5.708064
5.692529
5.572856
0.111326
5.437422
5.449685
5.336162
5.362852
0.000283
0.000004
0.000004
0.000308
0.000256
0.000251
0.000379
0.000823
5.352422
5.211160
5.227465
5.258827
5.339687
5.669957
5.852681
5.946139
5.929461
5.872631
5.853304
5.821327
5.755319
5.580101
5.522497
5.477826
5.350035
0.000001
0.000000
0.000000
0.000000
0.000000
0.000000
0.000000
0.000000
0.000000
0.000000
0.000000
0.000000
0.000000
0.000000
0.000000
0.000000
0.000000
0.000000
0.000000
0.000000
0.000006
0.000004
0.000003
0.000002
0.000000
0.042563
0.015795
0.015567
0.015189
5.122244
4.967381
0.028573
4.628712
4.672909
4.682476
4.710831
4.754510
4.752757
4.742947
4.723536
4.657844
4.636714
4.627533
0.009625
0.000000
0.000000
0.000000
0.000000
0.000000
0.000000
0.000000
0.000000
0.000000
0.000001
0.000022
0.000023
0.000008
0.000008
0.000006
0.000009
0.000000
0.000001
0.000000
0.000000
0.000000
0.000000
0.000000
0.000000
0.000000
0.000000
0.000000
0.009827
0.010542
0.014452
4.727972
4.673519
4.573635
4.581343
4.601862
4.586328
4.580275
4.666979
4.673803
4.638179
4.577839
4.528309
4.487162
4.440778
4.419812
4.408814
4.401777
4.384624
4.385093
4.369786
4.352280
0.002198
0.001590
0.001652
0.002297
0.014463
4.486197
4.524174
4.550398
0.015700
0.000004
0.000001
0.000000
0.000000
0.000001
0.000001
0.000000
0.000000
0.021442
4.516739
4.526842
4.494359
4.408122
4.403491
4.437906
4.437610
4.457910
4.524325
4.719933
4.794859
4.887437
5.000475
0.000062
0.000043
0.000034
0.000031
0.000033
0.000052
0.000113
0.000446
5.491102
5.786200
6.084982
6.093723
6.112661
6.150643
6.135109
0.001116
0.000334
0.000089
0.000038
0.000018
0.000010
0.000007
0.000003
0.000002
0.000002
0.000003
0.000005
0.000002
0.000001
0.000001
0.000001
0.000001
0.000001
0.000002
0.000004
0.000009
0.000019
0.000037
0.000089
0.000193
0.000381
6.091099
6.138410
6.171448
6.176752
6.180465
6.112404
6.037569
5.989836
5.677759
0.255581
0.031076
0.021319
0.018996
4.045760
3.220249
2.746734
3.245063
0.054219
0.073847
0.103109
3.078076
3.621807
4.048503
4.516972
5.238820
5.417538
5.567659
0.005781
0.000978
0.000469
0.000437
0.000426
0.000384
0.000400
5.515258
5.523106
5.527370
5.131024
4.752764
4.399619
0.192407
3.303947
3.260392
0.052768
0.002949
0.002692
0.051068
3.105330
3.591762
3.857213
4.023243
4.151729
0.003525
0.006872
0.004506
0.005021
0.005942
0.007341
0.008631
0.009856
0.010642
0.010992
0.011298
0.012074
0.012595
0.012616
0.012668
0.012686
0.013140
0.012621
0.012633
0.013427
0.013328
0.012834
0.012890
0.012946
0.012936
0.012972
0.012999
0.022650
0.012948
0.012990
0.013145
0.012670
0.012054
0.011394
0.011191
0.010535
0.009830
0.009131
0.008613
0.001190
0.001154
0.001048
0.003018
0.004236
0.005479
0.006834
0.007514
4.181832
4.228572
4.279777
4.295061
4.244616
4.188402
0.007531
0.006959
0.006809
0.006755
0.006698
0.006172
0.005914
0.000062
0.000037
0.000018
0.000009
0.000011
0.000016
0.000094
0.000087
0.000037
0.000008
0.000028
0.000058
0.002367
0.004123
0.002785
0.003209
0.003318
0.003433
0.003773
0.003806
0.003840
0.004079
0.004188
0.003940
0.003954
0.004033
0.003531
0.003136
0.002962
0.002210
0.000296
0.000295
0.003039
0.003570
0.003637
0.003752
0.003942
0.004439
0.004163
0.000830
0.000777
0.000656
0.003596
0.004624
0.004950
0.005456
0.006037
0.006907
0.007075
0.006868
0.006693
0.006544
0.006314
0.006105
0.005936
0.005543
0.005423
0.001259
0.004172
0.008465
0.009457
0.007842
0.008490
0.008554
0.008596
0.008583
0.008631
0.008721
0.008789
0.008859
0.009006
0.008992
0.009109
0.009125
0.009165
0.009190
0.009341
0.009440
0.009303
0.008704
0.000149
0.000080
0.000052
0.000020
0.000014
0.000011
0.000011
0.000001
0.000001
0.000001
0.000001
0.000009
0.000009
0.000264
0.000315
0.000356
0.000394
0.000428
0.000423
0.000380
0.000225
0.000210
0.000199
0.000198
0.000196
0.000195
0.000181
0.000170
0.000148
0.000055
0.000134
0.000131
0.000128
0.014971
0.011899
0.011948
0.013247
0.017835
0.015991
0.000078
0.017764
0.018731
4.312311
4.285137
4.274728
4.263956
4.274813
4.266833
4.218278
4.184616
4.134874
4.051780
3.938176
3.822309
3.691511
3.213053
0.026178
0.000492
0.000017
0.000065
0.000053
0.000008
0.000006
0.000004
0.000007
0.000004
0.000008
0.000005
0.000003
0.000219
0.000140
0.000168
0.000141
0.000500
0.000661
0.000127
0.000133
0.000001
0.000001
0.000001
0.000001
0.000001
0.000001
0.000001
0.000001
0.000006
0.000003
0.000003
0.000002
0.000003
0.000007
0.000020
0.000579
0.000733
0.010239
0.009582
0.010701
2.647737
2.350854
0.011985
0.006480
0.000000
0.002211
0.002493
0.002630
0.003533
0.003462
0.024369
0.023423
1.785422
1.241380
1.113791
0.780993
0.716923
0.609189
0.184022
0.169039
0.052142
0.038387
0.022642
0.010067
0.009298
0.002246
0.002118
0.001942
0.001887
0.001572
0.001091
0.000919
0.000779
0.007569
0.007123
0.011498
0.000874
0.000011
0.000003
0.000000
0.000000
0.000000
0.000000
0.000000
0.000000
0.000000
0.000000
0.000000
0.000000
0.000000
0.000001
0.000001
0.000000
0.000001
0.000002
0.000006
0.000853
0.000826
0.002241
0.003024
0.003661
0.003729
0.002384
0.002012
0.000029
0.000014
0.000016
0.000016
0.000007
0.000013
0.000010
0.000006
0.000005
0.000002
0.000004
0.000002
0.000005
0.000004
0.000002
0.000001
0.000002
0.000008
0.000008
0.000007
0.000010
0.000008
0.000010
0.000025
0.000032
0.000066
0.001430
0.001529
0.001960
0.002161
0.002335
0.002388
0.001984
0.032348
0.144114
0.139744
0.135437
0.119940
0.100162
0.073331
0.063713
0.061524
0.060449
0.058238
0.056337
0.053914
0.053544
0.003005
0.003085
0.001587
0.001760
0.001494
0.001122
0.001050
0.001040
0.000993
0.000001
0.000000
0.000000
0.000000
0.000000
0.000000
0.000001
0.000001
0.000058
0.000092
0.000007
0.000356
0.000650
0.000730
0.000870
0.047356
0.048863
0.048967
0.049151
0.031501
0.024228
0.023363
0.010869
0.002522
0.002572
0.002605
0.002570
0.002572
0.002536
0.002504
0.002489
0.002478
0.002457
0.002341
0.000064
0.000060
0.000053
0.000043
0.000036
0.000073
0.000101
0.006152
0.001080
0.001121
0.000016
0.000011
0.000007
0.000007
0.000008
0.000020
0.000000
0.003654
