0.000209
0.000002
0.000002
0.000000
0.000000
0.000000
0.000000
0.000000
0.000000
0.000000
0.000000
0.000000
0.000000
0.000000
0.000000
0.000001
0.000001
0.000002
0.000002
0.000002
0.000111
0.000125
0.000142
0.000158
0.000176
0.000201
0.000222
0.000283
0.002047
0.002145
0.002189
0.002114
0.001968
0.001838
0.001689
0.001464
0.000442
0.000467
0.000501
0.000530
0.000546
0.000565
0.000615
0.000712
0.000877
0.006435
0.006943
0.007425
0.000832
0.000630
0.000424
0.000020
0.000005
0.000003
0.000001
0.000001
0.000004
0.000005
0.000005
0.000003
0.000004
0.000067
0.000082
0.000092
0.000110
0.000130
0.000099
0.000005
0.000005
0.000008
0.000003
0.000003
0.000015
0.000013
0.000001
0.000002
0.000000
0.000001
0.000001
0.000001
0.000001
0.000001
0.000001
0.000002
0.001103
0.001275
0.001413
0.001420
0.000004
0.000003
0.000005
0.000006
0.000004
0.000004
0.000324
0.000479
0.000484
0.000630
0.000680
0.000547
0.000499
0.000025
0.000023
0.000001
0.000001
0.000004
0.001386
0.001393
0.006143
0.006599
0.011278
0.147208
0.137624
0.041855
0.003385
0.001949
0.000729
0.000234
0.000071
0.000073
0.000002
0.000001
0.000001
0.000000
0.000000
0.000000
0.000000
0.000001
0.000001
0.000002
0.000001
0.000001
0.000000
0.000000
0.000001
0.000001
0.000002
0.000002
0.000001
0.000001
0.000001
0.000002
0.000001
0.000001
0.000002
0.000003
0.000003
0.000002
0.000001
0.000001
0.000022
0.000021
0.000257
0.000296
0.000352
0.000846
0.000889
0.000922
0.000930
0.000932
0.000921
0.000950
0.001103
0.000789
0.000817
0.000818
0.000809
0.000794
0.000782
0.000679
0.000595
0.000519
0.000015
0.000003
0.000002
0.000004
0.000002
0.000001
0.000001
0.000002
0.000005
0.000071
0.000003
0.000005
0.000008
0.000008
0.000016
0.000024
0.000007
0.000013
0.000003
0.000001
0.000001
0.000003
0.000004
0.000014
0.000016
0.000479
0.000617
0.000685
0.000848
0.000907
0.001001
0.001155
0.001166
0.001175
0.001161
0.001157
0.001121
0.001104
0.000213
0.000211
0.000209
0.000485
0.000775
0.000800
0.000834
0.001063
0.001087
0.001136
0.001383
0.000031
0.000010
0.000011
0.000033
0.000034
0.000001
0.000002
0.000001
0.000000
0.000000
0.000000
0.000000
0.000000
0.000000
0.000005
0.000005
0.000001
0.000000
0.000000
0.000001
0.000001
0.000001
0.000001
0.000001
0.000002
0.000002
0.000002
0.000003
0.000044
0.000001
0.000001
0.000001
0.000001
0.000002
0.000007
0.000009
0.000011
0.000002
0.000001
0.000001
0.000001
0.000003
0.000010
0.000001
0.000001
0.000001
0.000001
0.000001
0.000000
0.000000
0.000000
0.000000
0.000000
0.000000
0.000000
0.000000
0.000000
0.000000
0.000000
0.000002
0.000001
0.000000
0.000000
0.000000
0.000000
0.000000
0.000000
0.000000
0.000001
0.000006
0.000005
0.000189
0.000172
0.000068
0.000118
0.000955
0.009080
0.009210
0.023766
0.011543
0.000710
0.007795
0.008706
0.009224
0.014788
0.015963
0.018034
0.079184
1.584039
1.604496
1.569340
0.000003
0.000281
0.000263
0.000258
0.000205
0.000129
0.000005
0.000002
0.000001
0.000001
0.000001
0.000001
0.000000
0.000000
0.000000
0.000000
0.000000
0.000782
0.000000
0.000000
0.000000
0.000001
0.000062
1.356104
1.282600
1.146464
0.097299
0.874543
0.808312
0.721514
0.582374
0.127692
0.117612
0.105301
0.003184
0.000042
0.000060
0.000037
0.000047
0.000042
0.000022
0.000100
0.000020
0.000008
0.000004
0.000001
0.000008
0.000300
0.004017
0.023301
0.022752
0.003242
0.003225
0.003174
0.002236
0.002192
0.002184
0.002094
0.001933
0.001761
0.001616
0.001390
0.001262
0.000100
0.000571
0.000506
0.000555
0.000365
0.000437
0.000019
0.000011
0.000009
0.000009
0.000007
0.000003
0.000006
0.000004
0.000010
0.000012
0.000011
0.000013
0.000018
0.000009
0.000015
0.000024
0.000002
0.000015
0.000018
0.000021
0.000020
0.000008
0.000006
0.000013
0.000035
0.000040
0.011230
0.014343
0.122411
0.424914
0.456473
0.011846
0.001412
0.000098
0.000112
0.000000
0.000000
0.000000
0.000000
0.000001
0.000001
0.000001
0.000001
0.000001
0.000000
0.000000
0.000000
0.000001
0.000002
0.000128
0.000184
0.460544
0.451635
0.478884
0.459893
0.356508
0.113719
0.091582
0.073989
0.070140
0.045471
0.036872
0.031284
0.017364
0.015600
0.015551
0.016505
0.016520
0.015849
0.013706
0.003612
0.003322
0.002227
0.000155
0.000143
0.000221
0.004135
0.004131
0.003890
0.003763
0.003712
0.003560
0.006639
0.006229
0.005576
0.005351
0.005303
0.004063
0.004151
0.011133
0.012051
0.012556
0.013379
0.013793
0.014235
0.017442
0.018254
0.019609
0.273413
0.297247
0.287283
0.255790
0.156367
0.058147
0.056376
0.014398
0.005160
0.004543
0.000180
0.000194
0.000000
0.000000
0.000001
0.000001
0.000000
0.000000
0.000000
0.000000
0.000000
0.000001
0.000003
0.000002
0.000002
0.047249
0.048445
0.051182
0.052629
0.056056
0.067918
0.067037
0.069069
0.076574
0.082340
0.379576
0.414112
0.423448
0.413439
0.067031
0.063098
0.055492
0.055622
0.000186
0.000078
0.000095
0.000020
0.000032
0.000026
0.000022
0.000022
0.000013
0.000043
0.003195
0.002779
0.002469
0.002394
0.002329
0.002349
0.000141
0.000148
0.000136
0.000052
0.000024
0.000114
0.001721
0.008281
0.010326
0.010862
0.050127
0.052399
0.059313
0.060125
0.068144
0.070148
0.076104
0.442040
0.000067
0.000057
0.000865
0.000601
0.000789
0.076577
0.076171
0.062065
0.024257
0.023917
0.023352
0.022858
0.018215
0.018348
0.017991
0.012497
0.008927
0.007511
0.005963
0.000583
0.000428
0.000031
0.000050
0.000594
0.004711
0.004738
0.004825
0.004834
0.004825
0.004870
0.004885
0.004964
0.004241
0.003284
0.003002
0.003043
0.003125
0.003092
0.003206
0.000042
0.000015
0.000007
0.000007
0.000006
0.000003
0.000465
0.000002
0.000014
0.000014
0.000025
0.000054
0.000064
0.001527
0.008106
0.013281
0.028017
0.030111
0.033327
0.038646
0.374920
0.355042
0.282381
0.025685
0.024092
0.022298
0.009833
0.008995
0.009043
0.013953
0.013920
0.001195
0.000838
0.001098
0.001381
0.007290
0.007985
0.009622
0.011095
0.011927
0.016688
0.019117
0.057680
0.199325
0.232375
0.240820
0.256435
0.312768
0.344393
0.338788
0.013398
0.013435
0.012597
0.012257
0.008245
0.008086
0.007995
0.006531
0.006444
0.006416
0.006003
0.005686
0.005673
0.005768
0.005869
0.006156
0.006163
0.006208
0.006419
0.000193
0.000087
0.000033
0.000026
0.000025
0.000018
0.000017
0.015226
0.015433
0.015333
0.015339
0.015336
0.015421
0.031211
0.288605
0.278669
0.263855
0.246690
0.199794
0.096227
0.090828
0.010626
0.009968
0.009642
0.006023
0.005890
0.005920
0.005325
0.002938
0.000138
0.000079
0.000090
0.000068
0.002106
0.013086
0.013849
0.016942
0.101576
0.234891
0.243602
0.256975
0.267392
0.296780
0.325256
0.336046
0.322329
0.294792
0.265062
0.214532
0.203308
0.055034
0.048744
0.000008
0.000015
0.000019
0.000015
0.000002
0.000006
0.000003
0.000008
0.000002
0.000001
0.000001
0.000001
0.000001
0.000001
0.000001
0.000002
0.000005
0.000004
0.000003
0.000003
0.000003
0.000008
0.000010
0.000012
0.000009
0.000022
0.000003
0.000003
0.000020
0.000009
0.000018
0.000010
0.000011
0.000012
0.000010
0.000013
0.000013
0.000004
0.000003
0.000005
0.000006
0.000026
0.000037
0.000007
0.000007
0.000009
0.000009
0.000010
0.000006
0.000009
0.000450
0.008967
0.009197
0.056561
0.082229
0.094556
0.098091
0.180457
0.182296
0.180129
0.088570
0.085526
0.080736
0.079641
0.072461
0.067903
0.056479
0.032230
0.026017
0.023157
0.017476
0.000044
0.000037
0.000027
0.000017
0.000020
0.000019
0.005053
0.007145
0.014566
0.014462
0.014187
0.014172
0.014171
0.014098
0.013848
0.009591
0.005388
0.005172
0.002444
0.001382
0.000966
0.000878
0.000015
0.000009
0.000010
0.000136
0.000030
0.000027
0.000043
0.000019
0.000022
0.000021
0.000115
0.000102
0.000171
0.000206
0.000242
0.000178
0.000118
0.000145
0.000298
0.000272
0.000048
0.000128
0.000152
0.000213
0.001073
0.001145
0.001184
0.001378
0.001116
0.001289
0.001413
0.000902
0.000912
0.000620
0.000057
0.009834
0.010247
0.011392
0.015242
0.017149
0.023096
0.047718
0.069403
0.077333
0.088588
0.116542
0.122846
0.147289
0.154080
0.154681
0.152709
0.141556
0.132414
0.125165
0.116661
0.104183
0.098389
0.094122
0.089148
0.083695
0.003956
0.003737
0.003546
0.002900
0.000082
0.000027
0.000017
0.000030
0.000189
0.000608
0.008612
0.009607
0.011356
0.010245
0.016060
0.023957
0.044517
0.046338
0.046493
0.042756
0.041817
0.040428
0.037239
0.014381
0.009312
0.002875
0.000343
0.000294
0.000197
0.000179
0.000197
0.000195
0.001013
0.000036
0.000000
0.000000
0.000000
0.000000
0.000000
0.000000
0.000000
0.000000
0.000000
0.000001
0.000000
0.000001
0.000002
0.000002
0.000003
0.000004
0.000000
0.000000
0.000000
0.000000
0.000000
0.000000
0.000000
0.000000
0.000000
0.000000
0.000000
0.000000
0.000000
0.000000
0.000001
0.000000
0.000000
0.000000
0.000000
0.000002
0.000002
0.000000
0.000000
0.000000
0.000000
0.000000
0.000000
0.000000
0.000000
0.000000
0.000059
0.000099
0.000067
0.001343
0.020961
0.023006
0.006010
0.002450
0.000422
0.000000
0.000000
0.000001
0.000001
0.000001
0.000000
0.000000
0.000000
0.000000
0.000000
0.000000
0.000000
0.000000
0.000000
0.000000
0.000000
0.000000
0.000000
0.000000
0.000000
0.000000
0.000000
0.000001
0.000002
0.000001
0.000001
0.000000
0.000001
0.000001
0.000001
0.000002
0.000002
0.000001
0.000188
0.000152
0.000044
0.000046
0.000043
0.000077
0.000000
0.000000
0.000000
0.000104
0.000501
0.000684
0.000659
0.000718
0.000850
0.028831
0.031071
0.038035
0.038859
0.042779
0.044665
0.012045
0.012103
0.004491
0.000783
0.000046
0.000037
0.000046
0.000059
0.000049
0.000000
0.000072
0.002535
0.010357
0.010637
0.032786
0.042044
0.044240
0.104773
0.113648
0.284963
0.300870
0.321885
0.341088
0.363276
0.107293
0.068060
0.060019
0.009326
0.000588
0.000543
0.000737
0.003156
0.149239
0.150094
0.161070
0.004184
0.004330
0.004310
0.003623
0.003589
0.003747
0.003359
0.000551
0.000983
0.004301
0.004585
0.005046
0.264075
0.274794
0.273860
0.243270
0.003399
0.003192
0.001358
0.000949
0.000180
0.000003
0.000002
0.000032
0.000012
0.000003
0.000002
0.000001
0.000019
0.000002
0.000001
0.000003
0.000003
0.000002
0.000002
0.000003
0.000001
0.000001
0.000001
0.000002
0.000003
0.000002
0.000002
0.000006
0.000006
0.000001
0.000001
0.000001
0.000001
0.000001
0.000001
0.000001
0.000001
0.000001
0.000001
0.000003
0.000004
0.000001
0.000001
0.000003
0.000002
0.000001
0.000001
0.000001
0.000001
0.000003
0.000001
0.000002
0.000002
0.000001
0.000001
0.000001
0.000003
0.000003
0.000001
0.000001
0.000001
0.000001
0.000001
0.000002
0.000001
0.000001
0.000012
0.000026
0.000007
0.000005
0.000004
0.000005
0.000003
0.000003
0.000198
0.001404
0.001764
0.003370
0.034828
0.039247
0.047796
0.063367
0.106992
0.170606
0.415186
0.467927
0.409570
0.020830
0.018376
0.029445
0.027713
0.027581
0.022605
0.000283
0.000006
0.000003
0.000010
0.000008
0.000007
0.000007
0.000138
0.000005
0.000004
0.000003
0.000010
0.000007
0.000012
0.000003
0.000005
0.000004
0.000003
0.000003
0.000007
0.000009
0.000021
0.000007
0.000014
0.000011
0.000008
0.000005
0.000004
0.000005
0.000098
0.000005
0.000004
0.000005
0.000050
0.000859
0.000924
0.001653
0.001626
0.001677
0.001655
0.001595
0.005773
0.004927
0.004885
0.004697
0.005404
0.004777
0.010394
0.166553
0.273162
0.294286
0.301012
0.306134
0.098530
0.093566
0.063955
0.044492
0.029585
0.002795
0.000012
0.000006
0.000014
0.000026
0.000020
0.000015
0.000014
0.000105
0.000104
0.000011
0.000018
0.000404
0.002089
0.015944
0.022349
0.022319
0.003567
0.002741
0.000132
0.000180
0.002007
0.002151
0.000145
0.000146
0.000066
0.000037
0.000036
0.000893
0.002936
0.011548
0.020523
0.034693
0.048729
0.083177
0.109478
0.142386
0.592772
0.785973
1.110157
1.259765
1.426725
1.809443
2.042941
0.002184
2.723127
3.214343
3.659144
0.005732
0.005812
0.005949
0.006466
0.007137
0.008283
0.008683
0.010661
0.012361
4.492272
5.135295
5.623830
6.144756
6.307844
6.326560
6.197083
6.205580
6.205998
6.205750
6.209384
6.214736
6.218330
6.218262
6.216641
6.214203
6.209876
0.002633
0.000821
0.000654
0.000206
0.000118
0.000089
0.000037
0.000021
0.000017
0.000011
0.000012
0.000015
0.000022
0.000021
6.029097
6.044998
6.067697
6.083905
6.108057
6.124736
6.135836
6.169970
6.215889
6.237040
6.238012
6.230238
6.223582
6.201993
6.216018
6.231644
6.232430
6.232135
6.232193
6.230705
6.230152
6.219579
6.219937
0.008576
6.232232
6.247454
6.444647
6.457945
6.460459
6.461118
6.458307
6.459248
6.458477
6.457332
6.456402
6.456640
6.455530
6.449944
6.454042
6.453967
6.454585
6.455282
6.444876
6.436899
6.428638
6.425371
6.406009
6.405581
6.405417
6.397149
6.397153
6.397149
6.397175
6.397011
6.406593
6.406831
6.405848
6.393905
6.375850
6.287838
5.960879
5.669700
4.813477
4.185117
3.682938
3.167685
1.974070
1.601483
0.000808
0.000593
0.000247
0.000183
0.004981
0.011918
0.024190
0.024051
0.045127
0.039919
0.039762
0.000301
0.000043
0.000026
0.000016
0.000015
0.000009
0.000007
0.000008
0.000006
0.000008
0.000043
0.000058
0.000021
0.000022
0.000030
0.000024
0.000027
0.000004
0.000004
0.000003
0.000003
0.000003
0.000004
0.000008
0.000044
0.000014
0.011683
0.355538
1.843391
1.962839
1.885997
0.001412
0.000447
0.000294
0.000011
0.000280
0.000137
0.000142
0.000015
0.000009
0.000804
0.000638
0.000501
0.000545
0.000490
0.000462
0.000496
0.000008
0.000007
0.000007
0.000005
0.000027
0.000003
0.000004
0.000006
0.000010
0.000009
0.000020
0.000020
0.000010
0.000006
0.000006
0.000015
0.000004
0.000004
0.000005
0.000009
0.000010
0.003224
2.155279
2.099483
0.054376
0.047870
0.036408
0.025420
0.021788
0.032289
0.000348
0.000079
0.000053
0.000032
0.000022
0.000021
0.000008
0.000012
0.000223
0.000203
0.000228
0.000081
0.000045
0.000267
0.000009
0.000011
0.000012
0.000012
0.000053
0.000050
0.025600
0.043149
1.725663
1.752334
1.573261
1.393289
1.181013
0.840344
0.753683
0.656148
0.600110
0.560822
0.526436
0.348841
0.321674
0.261924
0.239220
0.207847
0.153358
0.026802
0.026932
0.237082
0.246417
0.187059
0.176799
0.099913
0.067071
0.052411
0.024441
0.013375
0.005687
0.000049
0.000098
0.000161
0.001504
0.002079
0.001518
0.001534
0.000281
0.000029
0.000025
0.000049
0.000082
0.006558
0.007027
0.019004
0.250773
0.252324
0.264448
0.264026
0.194045
0.183364
0.168819
0.119015
0.103235
0.106258
0.085617
0.035947
0.023146
0.019546
0.019765
0.016492
0.016408
0.020655
0.040640
0.044785
0.035372
0.012694
0.004024
0.015767
0.015812
0.092043
0.104392
0.091465
0.099713
0.092902
0.091852
0.115013
0.106540
0.106413
0.103813
0.093932
0.093961
0.086923
0.046243
0.039217
0.015258
0.001084
0.001196
0.001007
0.000810
0.000859
0.000699
0.000825
0.000375
0.000033
0.000297
0.000672
0.006577
0.007616
0.021911
0.043322
0.000297
0.000447
0.000258
0.042018
0.036094
0.036137
0.034389
0.017465
0.003794
0.003196
0.030300
0.032487
0.039494
0.041403
0.023068
0.047216
0.079674
0.102080
0.117241
0.122748
0.156470
0.161696
0.186581
0.195176
0.212841
0.213318
0.210957
0.011371
0.127172
0.130631
0.134604
0.000334
0.073579
0.033555
0.007879
0.003744
0.001570
0.000029
0.000053
0.000021
0.000032
0.000035
0.000050
0.000252
0.000024
0.000025
0.000026
0.000041
0.001161
0.022802
0.028468
0.034311
0.045413
0.046323
0.044638
0.046847
0.032160
0.032967
0.001210
0.001395
0.001369
0.001363
0.001566
0.006388
0.017991
0.157769
0.164463
0.200256
0.210206
0.000262
0.282023
0.005996
0.199698
0.198758
0.007002
0.005644
0.002062
0.001726
0.001242
0.000197
0.000250
0.000267
0.008198
0.008117
0.008278
0.011143
0.011579
0.011751
0.072678
0.078037
0.082227
0.079860
0.082422
0.073193
0.077464
0.048401
0.046616
0.001237
0.004341
0.022951
0.153591
0.188426
0.716784
0.805589
0.908551
1.041361
1.202620
1.341053
1.849378
2.151020
2.711937
3.170429
0.002239
0.003883
3.766719
4.390847
4.842898
5.336986
6.377147
6.675103
6.942564
7.177005
7.268278
7.294678
7.303395
7.309271
7.312653
7.390038
7.413051
7.424057
7.409528
0.000626
0.000290
0.000188
0.000037
0.000022
0.000012
0.000008
0.000006
0.000007
0.000005
0.000007
0.000009
0.000021
0.000038
0.000075
0.000155
0.000251
7.525792
7.563045
7.551174
7.529046
7.503018
7.468648
7.417741
7.360186
7.357443
7.367315
7.371786
7.375613
7.381602
7.396840
7.402811
7.405396
7.404391
7.404973
7.400301
7.394873
7.412114
7.388182
7.366379
7.322056
7.202783
6.837570
6.562065
5.679401
0.008395
1.842570
1.584265
1.382233
1.204285
1.032691
0.002681
0.024699
0.012433
0.004336
0.004814
0.005334
0.416918
0.797376
1.133982
1.309957
1.430623
1.577830
1.603210
1.614647
0.297672
0.280274
0.279720
0.279712
0.280175
0.280684
0.282594
0.285305
0.285961
0.288091
0.259876
1.562264
6.138954
7.336942
7.612739
7.704779
7.802968
7.847870
7.854083
7.876483
7.889070
7.892942
7.886921
7.887493
7.889628
7.892494
7.897985
0.004380
7.915675
7.917851
7.923173
7.924858
7.909624
7.913352
7.915997
7.916285
7.913374
7.899495
7.712069
7.186495
6.163480
0.025487
0.018325
4.896174
4.327556
3.713980
3.045502
2.570736
2.235953
1.955494
1.726293
0.082800
0.039144
0.011639
0.004272
0.003805
0.000619
0.000248
0.000229
0.014989
0.012732
0.190428
0.313923
0.386545
0.422309
0.419179
0.402230
0.384403
0.088899
0.065294
0.001047
0.000960
0.001335
0.001159
0.255191
0.261472
0.267298
0.004861
0.227513
0.468953
0.511416
0.555045
0.633502
0.671783
0.697656
0.016908
0.002157
0.001941
0.005341
0.006338
0.017124
0.874713
0.942502
0.971102
0.971891
0.955310
0.028716
0.015599
1.405791
1.354426
1.218891
1.109721
0.025097
0.003641
0.616785
0.610527
0.632642
0.774460
0.823392
0.814650
0.778259
0.807600
0.783805
0.000895
0.000485
0.000215
0.001082
0.001556
0.017616
0.035232
0.835129
1.206881
1.305245
1.428207
1.435084
1.329340
1.216584
1.092563
0.045136
0.001930
0.049596
0.446740
0.432254
0.016420
0.000253
0.000220
0.000331
0.000329
0.000198
0.010177
0.561662
0.593105
0.670551
0.668892
0.007040
0.007877
0.347648
0.166437
0.062533
0.063505
0.065061
0.065538
0.060041
0.059387
0.058378
0.056503
0.039040
0.032375
0.005840
0.069113
0.155892
0.168748
0.183651
0.239525
0.397701
0.793816
0.953223
1.044562
0.015909
0.000456
0.000319
0.000480
0.000919
0.000786
0.001151
0.002457
1.738569
1.828313
1.914163
0.006024
0.000540
0.012145
0.016077
1.972963
2.293115
2.510578
2.805876
3.118426
3.222945
3.134974
0.001279
0.001210
0.006019
3.244796
3.854613
3.995434
4.120650
4.148760
4.225746
0.002700
4.114530
4.290209
5.364444
5.956874
6.476755
7.152103
7.783574
8.000816
8.264242
8.536146
8.611591
8.642033
8.546572
8.567552
8.543423
8.517049
0.112062
8.478081
8.524570
8.564185
8.567982
8.572090
8.579246
8.590812
8.594458
8.594228
8.594404
8.595185
8.595209
8.595271
8.595225
8.594374
8.593623
8.594003
8.594316
8.592831
8.592136
8.592962
8.593016
8.592758
8.591718
8.590501
8.589613
8.591498
8.591836
8.590910
8.589265
8.587561
8.585246
8.583833
8.583222
8.585027
8.580252
8.566280
8.336481
8.389424
8.403952
8.403584
8.564038
8.563549
8.563482
8.564366
8.567083
8.564120
8.556799
8.552587
8.534392
8.492383
8.227289
7.823470
7.267789
6.110754
5.198651
4.487367
3.981428
3.559795
3.046964
0.438807
1.048261
0.228047
0.180246
0.109237
0.109757
0.101521
0.107481
0.109523
0.374481
1.365874
1.713509
1.932990
2.305905
2.384594
0.007237
2.653081
0.594025
1.702996
1.365421
1.605624
3.199580
3.782706
4.204738
0.744273
6.021401
7.179574
7.558004
0.000027
0.000013
0.000035
0.000013
0.000007
0.000007
0.000010
0.000012
0.000005
0.000006
0.000007
0.000008
0.000013
0.000004
0.000007
0.000002
0.000001
0.000006
0.000006
0.000001
0.000001
0.000006
0.000004
0.000011
0.000010
0.000007
0.000002
0.000002
0.000001
0.000001
0.000001
0.000001
0.000003
0.000002
0.000003
0.000002
0.000003
0.000005
0.000002
0.000003
0.000462
0.000568
0.001043
0.000784
0.000417
0.001452
0.002969
0.000003
0.000003
0.000004
0.000004
0.000004
0.000001
0.000001
0.000008
0.000006
0.000002
0.000002
0.000003
0.000005
0.000006
0.000002
0.000003
0.000004
0.000004
0.000011
0.000011
0.000007
0.000016
0.000230
0.000209
0.000267
0.000901
0.001055
0.006167
0.006887
7.820330
7.873115
0.005396
0.005495
0.008956
8.006957
8.073072
8.125013
8.152090
8.192381
8.215861
8.240072
8.274374
8.331752
8.349359
8.349087
8.348890
8.350371
8.351965
8.344541
8.341426
8.337819
8.326063
8.321998
8.324665
8.334322
8.356601
8.355119
8.352131
8.316705
8.004324
7.669945
7.555413
6.923456
6.560070
6.143660
5.771786
1.310104
1.324437
1.331259
7.979636
8.310264
8.342978
8.349145
8.355437
8.356760
8.357257
8.356630
8.349874
8.244194
0.150273
8.280048
1.163286
7.524117
8.064719
8.126353
0.092583
0.098138
7.861913
7.943861
7.964456
7.906546
8.031777
8.087557
8.146312
8.174106
8.188827
8.204233
8.295537
8.308047
8.332615
8.369876
8.401376
8.458855
8.511610
8.543947
8.531392
8.514868
8.504493
8.488643
8.478617
0.000223
0.000114
0.000080
0.000021
0.000016
0.000027
0.000023
0.000022
0.000021
0.000025
0.000328
0.000340
0.001887
0.002171
0.003743
8.565681
8.578333
8.582283
8.580616
8.767080
9.045262
9.051789
9.053159
9.054549
9.054424
9.053893
9.054493
9.054967
9.051900
9.047866
9.046009
9.031899
8.991896
8.957735
8.917643
8.888763
8.856251
8.728127
8.462212
0.092299
8.043742
8.299203
8.318135
8.346117
8.482513
8.485428
8.471257
8.479107
8.505079
8.567887
8.552431
8.441960
8.048232
1.942256
6.861839
7.775334
8.708615
8.935655
8.978802
9.020512
9.086966
9.103766
9.116444
9.123058
9.126961
9.130557
9.131865
9.140624
9.139823
9.150426
9.140081
8.961838
8.961418
8.941550
0.158445
8.823285
8.891897
8.905353
8.921466
8.935988
8.952678
8.954255
9.009060
9.021489
9.028223
9.028818
9.030080
9.031145
9.031720
9.021095
9.017422
9.022059
9.030790
9.034997
9.034099
9.031721
9.016672
8.997605
8.978092
8.967681
8.925677
8.890994
8.874134
8.857884
8.838582
8.820941
8.793069
8.769954
8.753976
8.743893
8.737419
8.710685
8.686046
0.005563
0.005558
8.672829
8.670932
8.666096
8.661834
8.647174
0.002244
0.002094
0.000994
0.000966
0.000981
8.659570
8.668656
8.664448
8.660788
8.669015
8.673925
8.684853
8.691469
8.694009
8.637183
8.503679
8.467436
8.463018
8.422805
8.333312
8.263224
8.193760
8.122762
0.064934
0.085733
8.545662
8.556728
8.544045
8.534955
8.527346
8.406925
8.327320
8.374016
8.365787
8.284299
8.252659
8.285273
8.105432
7.910846
7.552020
7.328285
7.168770
7.014019
6.838756
6.706171
6.604083
6.499565
6.418530
6.155129
0.002041
0.001385
0.000633
0.000482
0.000228
0.000135
0.000189
0.000024
0.000023
0.000036
0.000009
0.000003
0.000002
0.000003
0.000006
0.000009
0.000008
0.000008
0.000009
0.000008
0.000005
0.000010
0.000027
0.000013
0.000016
0.000019
0.000015
0.000021
0.000036
0.000040
0.000063
0.000093
0.000075
0.000106
0.000231
5.838035
5.562434
5.198438
4.851545
4.496380
4.175263
0.628920
0.593618
0.001523
0.002726
0.002262
0.494287
3.746129
0.300728
3.769294
3.396649
2.802138
2.368869
0.426177
0.314143
0.068486
0.013584
0.006623
0.002440
0.275832
0.310112
0.348273
0.543545
4.131445
4.619729
5.156747
5.629331
6.004653
6.277802
6.483206
6.677856
6.696264
6.724799
6.583321
6.307309
0.149745
6.427154
6.657113
6.929421
7.014013
7.043674
0.000922
0.000803
0.000309
0.000296
0.000308
0.000029
0.000031
0.000014
0.000013
0.000011
0.000014
0.000013
0.000022
0.000203
0.000024
0.000014
0.000009
0.000008
0.000009
0.000039
0.000307
0.000280
0.000008
0.000004
0.000004
0.000004
0.000029
0.000036
0.000046
0.000082
0.000767
0.000030
0.000026
0.000018
0.000012
0.000170
0.000080
0.000023
0.000020
0.000025
0.000017
0.000026
0.000028
0.000019
0.001071
0.001066
0.001104
7.025327
7.044161
7.050313
7.069780
7.089660
7.062871
7.011151
6.946312
6.888384
6.854193
6.763202
6.654410
6.267497
5.995225
5.558162
4.556786
5.887349
6.208973
6.352376
6.695425
6.773412
6.805175
0.007007
0.005828
0.006444
0.000058
0.000036
0.000090
0.000067
0.000048
0.000062
0.000135
0.000177
6.800477
6.860413
6.872731
6.865182
6.857856
6.850900
6.766819
6.683211
6.764511
6.669177
6.545995
0.009401
0.008358
0.005793
0.005839
0.007145
6.444578
6.271643
6.033055
5.616478
5.056659
0.068524
0.026075
0.002034
0.002927
0.005016
4.423786
4.220685
4.039759
3.941378
0.154261
0.117243
0.106352
0.097241
0.086608
0.077856
0.062531
0.052141
0.026313
0.019865
0.014009
0.012517
0.000876
0.000142
0.000277
0.000235
0.001345
0.001362
0.006517
0.009505
0.004605
0.004511
0.005112
0.005328
0.005197
0.004968
0.004959
0.005079
0.005118
0.005280
0.003995
0.012936
0.014393
0.000104
0.000160
0.000124
0.000091
0.000067
0.006171
0.014802
0.022665
0.040412
0.044259
0.047821
0.065086
3.511742
3.448225
3.298018
3.179007
2.982498
0.055770
0.040873
0.000473
0.000458
0.000477
0.000128
0.000110
0.000085
0.000065
0.000037
0.000081
0.000056
0.000067
0.000318
0.000475
0.000454
0.000384
0.000530
0.002064
2.225513
1.930365
1.675796
1.502775
1.347328
1.224166
1.001136
0.940931
0.831527
0.752824
0.621952
0.208769
0.108605
0.102795
0.018601
0.000126
0.000203
0.044751
0.043140
0.003002
0.295315
0.295636
0.362631
0.352627
0.342331
0.328601
0.312936
0.001860
0.289989
0.271218
0.195271
0.184535
0.124273
0.121653
0.115439
0.065076
0.001308
0.000522
0.000117
0.000120
0.000109
0.000190
0.004771
0.006705
0.006826
0.002399
0.002036
0.001911
0.000340
0.000373
0.001195
0.007059
0.007514
0.007134
0.009317
0.032815
0.040456
0.000148
0.000129
0.000142
0.000178
0.060462
0.062931
0.123817
0.128392
0.133426
0.141274
0.143329
0.144896
0.001313
0.000760
0.000677
0.000161
0.000273
0.000152
0.000153
0.000194
0.000904
0.001206
0.001657
0.280357
0.306791
0.240267
0.231935
0.233501
0.224247
0.215893
0.107217
0.090233
0.074286
0.016180
0.000030
0.000029
0.000021
0.000021
0.000048
0.000049
0.000039
0.000019
0.000015
0.000093
0.000108
0.000065
0.000078
0.000032
0.000043
0.000082
0.000061
0.000048
0.000109
0.000049
0.000051
0.000051
0.000117
0.000064
0.000041
0.000044
0.000039
0.000095
0.000100
0.000080
0.000047
0.000073
0.000065
0.001787
0.002074
0.002502
0.003366
0.003668
0.004490
0.004614
0.000104
0.000046
0.000023
0.000025
0.000027
0.000021
0.007012
0.005275
0.099741
0.145275
0.165640
0.248339
0.372474
0.481664
0.538051
0.575546
0.591941
0.587429
0.586341
0.302057
0.175804
0.092570
0.062297
0.056442
0.015293
0.011567
0.011352
0.010871
0.011109
0.000796
0.000857
0.000953
0.001117
0.000149
0.000230
0.000061
0.000262
0.000213
0.000144
0.002896
0.003111
0.003119
0.003347
0.003373
0.002728
0.002520
0.002347
0.002036
0.000460
0.000496
0.005716
0.008387
0.020212
0.308255
0.416203
0.932308
1.046918
1.211465
2.014828
2.385749
2.822871
3.308882
3.953442
4.541768
5.438304
6.249408
6.962471
7.503092
7.681259
7.788186
7.880111
7.882225
7.920534
7.969707
7.912604
7.902187
7.892163
7.885756
7.872397
7.866636
7.853762
7.827247
0.001583
0.001235
0.001146
0.001065
0.000928
0.000861
0.000849
0.000907
0.001123
7.755490
7.574948
7.539332
7.498229
7.480733
7.372106
7.155175
7.017396
6.906581
6.643474
6.417157
6.204999
6.027640
0.047157
5.651049
5.457377
5.323983
5.120418
4.904418
4.644772
4.498925
4.238118
4.064758
0.002026
0.001462
0.000971
0.000867
0.000770
0.000899
0.000704
0.000685
0.001603
0.051294
3.955126
3.872788
3.716954
0.246138
0.113837
0.070967
0.009014
0.004531
0.000585
0.008171
0.001522
0.001556
0.001755
4.270231
4.553781
4.763332
4.799307
0.037624
0.033424
0.000032
0.007637
0.008966
0.035476
5.291139
5.593015
5.995815
6.181904
6.316913
6.477227
6.514356
6.734950
6.736445
6.682995
6.671249
0.043488
0.001418
0.000384
0.000337
0.000196
0.000058
0.000124
0.000058
0.000059
0.000043
0.001285
0.001407
0.001480
0.001358
0.001197
0.001079
0.000999
0.000822
0.000763
0.000737
0.000481
0.000020
0.000015
0.000012
0.000010
0.000012
0.000012
0.000011
0.000045
0.000050
0.000053
0.000403
0.000482
0.000492
0.000603
0.000761
0.001145
0.000070
0.000073
0.000077
0.000115
0.000215
0.000354
0.000823
6.571856
6.892649
7.100529
7.197871
7.280847
7.428472
7.532256
7.633567
7.656455
7.666917
7.675241
7.691217
7.692179
7.687257
0.000319
0.000274
0.000235
0.000230
0.000157
7.679854
7.674489
7.669957
7.661899
7.642237
7.628693
7.463144
0.000388
0.000122
0.000066
0.000034
0.000017
0.000013
0.000005
0.000002
0.000002
0.000001
0.000001
0.000002
0.000002
0.000002
0.000001
0.000001
0.000000
0.000001
0.000002
0.000002
0.000001
0.000001
0.000001
0.000000
0.000001
0.000001
0.000001
0.000001
0.000001
0.000001
0.000000
0.000001
0.000001
0.000001
0.000001
0.000001
0.000001
0.000001
0.000001
0.000002
0.000001
0.000001
0.000001
0.000001
0.000001
0.000001
0.000002
0.000003
0.000002
0.000001
0.000001
0.000000
0.000001
0.000002
0.000002
0.000001
0.000001
0.000001
0.000001
0.000001
0.000002
0.000002
0.000001
0.000001
0.000001
0.000001
0.000002
0.000003
0.000003
0.000001
0.000003
0.000001
0.000001
0.000003
0.000005
0.000007
0.000001
0.000001
0.000001
0.000001
0.000002
0.000003
0.000003
0.000001
0.000001
0.000001
0.000001
0.000002
0.000002
0.000002
0.000001
0.000001
0.000001
0.000001
0.000001
0.000002
0.000002
0.000001
0.000002
0.000001
0.000001
0.000002
0.000002
0.000003
0.000002
0.000001
0.000001
0.000001
0.000001
0.000002
0.000002
0.000001
0.000001
0.000001
0.000001
0.000002
0.000002
0.000002
0.000001
0.000003
0.000001
0.000001
0.000002
0.000003
0.000003
0.000001
0.000001
0.000001
0.000001
0.000003
0.000002
0.000002
0.000001
0.000001
0.000001
0.000001
0.000002
0.000003
0.000003
0.000002
0.000001
0.000001
0.000001
0.000001
0.000002
0.000002
0.000002
0.000001
0.000001
0.000000
0.000001
0.000001
0.000001
0.000001
0.000001
0.000001
0.000001
0.000002
0.000002
0.000001
0.000001
0.000001
0.000001
0.000001
0.000002
0.000003
0.000003
0.000002
0.000001
0.000001
0.000001
0.000001
0.000001
0.000003
0.000002
0.000003
0.000004
0.000003
0.000002
0.000001
0.000001
0.000001
0.000001
0.000001
0.000001
0.000001
0.000002
0.000002
0.000001
0.000001
0.000003
0.000002
0.000002
0.000011
0.000008
0.000003
0.000002
0.000001
0.000009
0.000004
0.000004
0.000084
0.000107
0.000030
0.000017
0.000002
0.000002
0.000002
0.000004
0.000002
0.000001
0.000022
0.000005
0.000004
0.000005
0.000008
0.000017
0.000040
0.000076
0.000343
0.000483
0.000962
7.514897
7.537068
7.552680
7.563175
7.562056
7.565561
7.573832
7.587368
7.590076
7.589892
7.587704
7.578051
7.578795
7.579888
7.578975
7.575045
7.551308
7.369531
7.369185
7.369710
0.000100
0.000058
0.000088
0.000104
0.000170
0.000212
0.000603
7.394130
7.389979
7.391206
7.395143
7.398292
7.396512
7.395580
7.393222
7.386466
7.347493
7.337505
7.328089
7.324599
7.319986
7.315498
7.292043
7.164620
7.115135
7.073707
7.016299
6.919570
6.442523
6.617812
0.000638
0.000570
0.000589
0.000782
6.528243
6.447204
6.390688
6.293369
6.229105
6.172933
6.024601
5.912001
5.791242
5.636704
5.200902
4.787513
4.296658
3.873387
3.473632
2.844385
2.502390
2.269602
1.860102
1.812652
1.577995
1.534963
1.532041
1.565613
1.571707
0.001589
0.002337
0.002297
0.002218
0.010976
0.011866
1.744015
1.879914
2.048561
2.173450
2.417704
2.564765
3.207672
4.692274
5.082295
5.463241
5.911415
0.000261
0.000165
0.000201
0.000124
0.000017
0.000021
0.000011
0.000007
0.000006
0.000021
0.000017
0.000013
0.000027
0.000004
0.000007
0.000008
0.000008
0.000003
0.000003
0.000002
0.000003
0.000004
0.000004
0.000003
0.000005
0.000005
0.000004
0.000006
0.000008
0.000023
0.000105
0.000424
0.001577
5.895537
5.898934
5.902653
5.914725
5.890205
5.929735
5.925153
5.911020
5.568593
0.167496
5.156057
0.000126
0.000047
0.000021
0.000015
0.000006
0.000004
0.000006
0.000011
0.000008
0.000001
0.000001
0.000000
0.000001
0.000001
0.000006
0.000004
0.000001
0.000002
0.000005
0.009708
0.009155
0.007768
0.007058
0.035453
0.036074
0.032996
0.075130
0.290745
4.881058
5.273720
5.517720
5.670540
5.618870
5.355415
4.878788
3.284564
3.665624
3.875451
0.000470
0.000283
0.000170
0.000058
0.000038
0.000013
0.000009
0.000009
0.000011
0.000015
0.000013
0.000016
0.000015
0.000005
0.000005
0.000003
0.000005
0.000006
0.000007
0.000007
0.000008
0.000010
0.000017
0.000015
0.000018
0.000016
0.000009
0.000006
0.000005
0.000003
0.000002
0.000002
0.000002
0.000003
0.000004
0.000004
0.000005
0.000006
0.000009
0.000006
0.000008
0.000006
0.000003
0.000003
0.000003
0.000002
0.000002
0.000001
0.000003
0.000004
0.000005
0.000005
0.000005
0.000005
0.000008
0.000005
0.000007
0.000006
0.000004
0.000003
0.000003
0.000003
0.000004
0.000002
0.000002
0.000003
0.000003
0.000011
0.000008
0.000007
0.000011
0.000008
0.000010
0.000007
0.000005
0.000003
0.000003
0.000002
0.000003
0.000002
0.000002
0.000002
0.000003
0.000008
0.000005
0.000004
0.000005
0.000005
0.000007
0.000004
0.000003
0.000002
0.000002
0.000002
0.000001
0.000002
0.000001
0.000002
0.000003
0.000003
0.000004
0.000004
0.000005
0.000003
0.000005
0.000003
0.000002
0.000002
0.000002
0.000002
0.000002
0.000002
0.000002
0.000002
0.000002
0.000007
0.000004
0.000003
0.000004
0.000004
0.000006
0.000003
0.000002
0.000002
0.000002
0.000002
0.000001
0.000002
0.000001
0.000002
0.000002
0.000002
0.000003
0.000002
0.000003
0.000003
0.000004
0.000003
0.000002
0.000002
0.000002
0.000001
0.000001
0.000001
0.000001
0.000002
0.000002
0.000002
0.000003
0.000002
0.000003
0.000003
0.000004
0.000003
0.000002
0.000002
0.000002
0.000001
0.000001
0.000001
0.000001
0.000002
0.000002
0.000002
0.000003
0.000002
0.000002
0.000003
0.000004
0.000003
0.000002
0.000002
0.000002
0.000001
0.000001
0.000001
0.000001
0.000002
0.000002
0.000002
0.000003
0.000002
0.000002
0.000003
0.000004
0.000003
0.000002
0.000002
0.000002
0.000001
0.000001
0.000001
0.000001
0.000002
0.000002
0.000002
0.000003
0.000002
0.000002
0.000003
0.000004
0.000003
0.000002
0.000002
0.000002
0.000001
0.000001
0.000001
0.000001
0.000002
0.000002
0.000002
0.000003
0.000002
0.000002
0.000003
0.000004
0.000003
0.000002
0.000002
0.000002
0.000001
0.000001
0.000001
0.000001
0.000002
0.000002
0.000002
0.000003
0.000002
0.000002
0.000003
0.000004
0.000003
0.000002
0.000002
0.000002
0.000002
0.000002
0.000002
0.000002
0.000002
0.000002
0.000006
0.000003
0.000002
0.000003
0.000004
0.000006
0.000003
0.000002
0.000002
0.000002
0.000001
0.000001
0.000001
0.000001
0.000002
0.000002
0.000002
0.000003
0.000002
0.000002
0.000003
0.000004
0.000003
0.000002
0.000002
0.000002
0.000001
0.000001
0.000001
0.000001
0.000002
0.000002
0.000002
0.000002
0.000002
0.000002
0.000003
0.000004
0.000003
0.000002
0.000002
0.000002
0.000001
0.000001
0.000001
0.000001
0.000002
0.000002
0.000002
0.000002
0.000002
0.000002
0.000003
0.000004
0.000003
0.000002
0.000002
0.000002
0.000001
0.000001
0.000001
0.000001
0.000002
0.000002
0.000002
0.000002
0.000002
0.000002
0.000003
0.000004
0.000003
0.000002
0.000002
0.000002
0.000001
0.000001
0.000001
0.000001
0.000002
0.000002
0.000002
0.000002
0.000002
0.000002
0.000003
0.000004
0.000003
0.000002
0.000002
0.000002
0.000001
0.000001
0.000001
0.000001
0.000002
0.000002
0.000002
0.000002
0.000002
0.000002
0.000003
0.000004
0.000003
0.000002
0.000002
0.000002
0.000001
0.000001
0.000001
0.000001
0.000002
0.000002
0.000002
0.000002
0.000002
0.000002
0.000003
0.000005
0.000003
0.000002
0.000002
0.000002
0.000001
0.000001
0.000001
0.000001
0.000002
0.000002
0.000002
0.000002
0.000002
0.000002
0.000003
0.000005
0.000003
0.000002
0.000002
0.000002
0.000001
0.000001
0.000001
0.000001
0.000002
0.000002
0.000002
0.000002
0.000002
0.000002
0.000003
0.000005
0.000003
0.000002
0.000002
0.000002
0.000001
0.000001
0.000001
0.000001
0.000002
0.000002
0.000002
0.000002
0.000002
0.000002
0.000003
0.000005
0.000003
0.000002
0.000002
0.000002
0.000001
0.000001
0.000001
0.000001
0.000002
0.000002
0.000002
0.000002
0.000002
0.000002
0.000003
0.000005
0.000003
0.000002
0.000002
0.000002
0.000001
0.000001
0.000001
0.000002
0.000002
0.000002
0.000002
0.000002
0.000001
0.000002
0.000003
0.000005
0.000003
0.000002
0.000002
0.000002
0.000001
0.000001
0.000001
0.000002
0.000002
0.000002
0.000002
0.000002
0.000001
0.000002
0.000003
0.000005
0.000003
0.000002
0.000002
0.000002
0.000001
0.000001
0.000001
0.000002
0.000002
0.000002
0.000002
0.000002
0.000001
0.000002
0.000003
0.000005
0.000003
0.000002
0.000002
0.000002
0.000001
0.000001
0.000001
0.000002
0.000002
0.000002
0.000002
0.000003
0.000001
0.000002
0.000003
0.000005
0.000003
0.000002
0.000002
0.000002
0.000001
0.000001
0.000001
0.000002
0.000002
0.000002
0.000002
0.000003
0.000001
0.000002
0.000003
0.000005
0.000003
0.000002
0.000002
0.000002
0.000001
0.000001
0.000001
0.000002
0.000002
0.000002
0.000002
0.000003
0.000001
0.000002
0.000003
0.000006
0.000003
0.000002
0.000002
0.000002
0.000001
0.000001
0.000001
0.000002
0.000002
0.000002
0.000002
0.000003
0.000001
0.000002
0.000003
0.000006
0.000003
0.000002
0.000002
0.000002
0.000001
0.000001
0.000001
0.000002
0.000002
0.000002
0.000002
0.000003
0.000001
0.000003
0.000003
0.000006
0.000003
0.000002
0.000002
0.000002
0.000001
0.000001
0.000001
0.000002
0.000002
0.000002
0.000002
0.000003
0.000001
0.000003
0.000003
0.000006
0.000003
0.000003
0.000002
0.000002
0.000001
0.000001
0.000001
0.000002
0.000002
0.000002
0.000002
0.000002
0.000001
0.000003
0.000004
0.000008
0.000005
0.000003
0.000002
0.000004
0.000003
0.000002
0.000001
0.000002
0.000002
0.000002
0.000002
0.000003
0.000001
0.000003
0.000003
0.000006
0.000004
0.000003
0.000003
0.000002
0.000001
0.000001
0.000002
0.000002
0.000002
0.000002
0.000002
0.000003
0.000001
0.000003
0.000003
0.000007
0.000004
0.000003
0.000002
0.000002
0.000002
0.000001
0.000002
0.000002
0.000002
0.000002
0.000002
0.000003
0.000001
0.000003
0.000003
0.000007
0.000004
0.000003
0.000002
0.000002
0.000002
0.000001
0.000002
0.000002
0.000002
0.000002
0.000002
0.000003
0.000001
0.000003
0.000004
0.000008
0.000006
0.000002
0.000002
0.000002
0.000001
0.000002
0.000003
0.000001
0.000001
0.000002
0.010827
0.000002
0.000002
0.000003
0.000003
0.000004
0.000014
0.000094
0.000409
0.000421
0.017608
0.018966
4.119420
4.364261
4.409608
0.377346
0.413225
5.544786
6.133146
6.331876
6.523328
6.633096
6.621546
6.524109
6.091893
5.519532
4.968538
4.465607
4.059162
3.714447
0.103953
0.008353
0.149617
2.976585
2.915002
0.366507
0.024182
0.024161
0.007830
0.008259
0.003080
0.003922
0.025410
3.072799
3.192719
0.017406
0.018744
3.349437
0.018407
4.036841
4.363451
0.020842
0.025668
0.035615
0.042600
0.054159
0.061541
5.304317
5.728419
6.157712
6.047402
6.078234
6.101953
6.058163
5.953361
5.821483
5.693349
5.319820
0.017360
0.012045
0.000164
4.541834
4.189261
3.824842
3.406932
0.009685
0.007536
0.002267
0.000505
0.000346
0.000283
0.000174
0.000110
0.000288
0.000215
0.000206
0.006777
0.005576
0.003242
0.003366
0.056792
0.453148
2.905043
3.064081
3.050767
3.084308
3.013244
2.716882
1.913423
0.019553
0.019916
3.237697
3.520067
3.810771
4.102175
0.027954
4.429586
4.698105
4.955005
5.246265
5.258716
5.130483
0.001746
0.001502
0.000510
0.000476
0.000859
5.059975
4.768376
4.195823
3.878990
3.317907
2.880721
2.370483
2.040174
1.499008
0.804275
0.690394
0.371755
0.014355
0.012822
0.010995
0.034389
0.028726
0.104145
0.099388
0.096526
0.091959
0.088393
0.023790
0.022507
0.018919
0.015415
0.010987
0.009971
0.010025
0.010037
0.010256
0.013116
0.015493
0.015852
0.015939
0.016081
0.016332
0.015691
0.015785
0.014239
0.008613
0.008105
0.007808
0.007425
0.000133
0.000380
0.000070
0.003721
0.003753
0.003826
0.003864
0.004053
0.004808
0.004861
0.010057
0.013498
0.014464
0.055238
0.059340
0.064130
0.069687
0.102163
0.107369
0.109147
0.110344
0.107942
0.106506
0.023735
0.014801
0.014721
0.009437
0.009168
0.009101
0.008917
0.008604
0.000035
0.000035
0.000043
0.000226
0.022941
0.220133
0.235230
0.237287
0.241743
0.256226
0.228435
0.222906
0.208692
0.202235
0.203340
0.158752
0.138211
0.022418
0.015757
0.015914
0.012687
0.012040
0.012128
0.012066
0.011724
0.000625
0.000039
0.000036
0.000017
0.000010
0.000015
0.000024
0.000045
0.000043
0.000034
0.000035
0.000079
0.002409
0.003312
0.003569
0.003710
0.003720
0.004038
0.009234
0.010338
0.011419
0.033586
0.034905
0.036223
0.035622
0.019810
0.024015
0.026950
0.029444
0.030726
0.032057
0.010130
0.006495
0.008947
0.033475
0.022808
0.013247
0.013881
0.012114
0.011809
0.003050
0.000813
0.000061
0.000023
0.000027
0.000037
0.000030
0.000040
0.000037
0.000028
0.000062
0.000073
0.001262
0.001190
0.001578
0.001833
0.002018
0.002141
0.002125
0.000332
0.000398
0.000921
0.001059
0.000930
0.000929
0.001354
0.001678
0.002994
0.003369
0.003663
0.003904
0.004181
0.005491
0.006502
0.017155
0.017333
0.017074
0.011066
0.011524
0.337183
0.687934
0.901957
1.579613
1.774995
1.967451
0.003563
0.000086
0.000093
0.000110
0.000536
0.000663
0.009648
0.012596
0.014654
0.015753
0.033252
0.036055
0.040112
2.436260
0.006472
0.007077
0.012226
0.008450
0.000088
0.000015
0.000015
0.000019
0.000031
0.007672
0.008218
3.079874
3.381049
3.687701
4.001439
4.160835
4.384366
4.648180
4.984109
5.342702
0.000319
0.000121
0.000090
0.000032
0.000038
0.000015
0.000020
0.000007
0.000009
0.000003
0.000012
0.000002
0.000005
0.000004
0.000004
0.000007
0.000006
0.000006
0.000010
0.000033
0.000144
0.000534
5.780029
6.013476
6.131983
6.187169
0.000742
0.000430
0.000278
0.000254
0.000254
0.000213
0.000015
0.000008
0.000011
0.000020
0.000008
0.000010
0.000004
0.000003
0.000002
0.000002
0.000006
0.000008
0.000105
0.000034
0.000010
0.000007
0.000007
0.000063
0.000078
0.000051
0.000055
0.000018
0.000019
0.000003
0.000003
0.000008
0.000002
0.000006
0.000005
0.000002
0.000007
0.000004
0.000487
0.000355
0.000036
0.000034
0.000029
0.000048
0.000129
0.000057
0.000076
0.000036
0.000037
0.000068
0.000040
0.000062
0.000065
0.000033
0.000039
0.000007
0.000004
0.000001
0.000002
0.000042
0.000041
0.000051
0.000037
0.000003
0.000002
0.000002
0.000002
0.000002
0.000002
0.000004
0.000004
0.000002
0.000004
0.000002
0.000003
0.000006
0.000002
0.000006
0.000006
0.000002
0.000043
0.000040
0.000070
0.000103
0.000578
0.000718
6.200470
6.228771
6.263895
6.303305
6.340523
6.370813
6.373785
6.362797
6.340512
6.332071
6.321144
6.299320
6.288272
6.276557
6.253854
6.243050
6.176721
6.099771
5.963357
5.760366
5.188748
4.805678
4.546236
4.285766
4.065530
3.862737
3.662247
3.370949
3.093120
2.893343
0.116485
0.005929
0.000162
0.000114
0.000040
0.011093
0.011546
0.052391
3.321726
3.505321
3.613518
3.732615
3.835262
3.935193
0.000188
4.131527
4.248343
4.396164
4.533685
4.800056
4.954261
4.944893
0.000143
0.000125
0.000083
0.000056
0.000047
0.000036
0.000012
0.000019
0.000096
0.000110
0.000121
0.000935
0.001302
4.977468
4.984086
4.973980
4.917569
4.786116
4.723751
4.602375
4.585192
4.567278
4.432122
4.427503
0.000113
0.000095
0.000106
0.000112
0.000437
4.667543
4.658487
4.661058
4.635993
4.635435
4.670112
4.726761
4.779803
4.792031
4.806688
4.826370
4.671117
4.266551
3.980771
3.409556
2.934604
0.255836
0.137459
0.004297
0.000407
0.001065
0.001104
0.010484
0.010477
0.010354
0.009355
0.000080
0.000024
0.000013
0.000009
0.000009
0.000005
0.000008
0.000008
0.000005
0.000006
0.000009
0.000005
0.000003
0.000006
0.000013
0.000011
0.000011
0.000006
0.000005
0.000007
0.000012
0.000003
0.000006
0.000004
0.000006
0.000003
0.000002
0.000003
0.000005
0.000003
0.000003
0.000003
0.000003
0.000001
0.000001
0.000001
0.000001
0.000002
0.000002
0.000001
0.000001
0.000001
0.000001
0.000005
0.000005
0.000003
0.000002
0.000004
0.000005
0.000017
0.000013
0.000002
0.000003
0.000003
0.000005
0.000005
0.000009
0.000005
0.000006
0.000020
0.000040
0.000048
0.000100
0.000116
0.010374
0.014515
0.015152
0.045219
0.036884
0.033380
0.032079
0.031846
0.031441
0.030780
0.030127
0.028828
0.027450
0.017996
0.011331
0.011188
0.010872
0.004590
0.004427
0.004351
0.000024
0.000013
0.000013
0.000013
0.000015
0.000031
0.000046
0.000030
0.004353
0.009310
0.013404
0.017327
0.017201
0.015652
0.016604
0.012603
0.012515
0.011622
0.000120
0.000046
0.000021
0.000022
0.000015
0.000004
0.000008
0.000006
0.000008
0.000009
0.000006
0.000002
0.000004
0.000005
0.000007
0.000009
0.000016
0.000012
0.000018
0.003326
0.004639
0.005713
0.005729
0.005209
0.004964
0.003732
0.006237
0.009021
0.023019
1.798240
1.731976
1.644420
1.528579
1.413385
0.031003
1.222926
1.173152
1.127720
1.063512
0.998714
0.903545
0.858223
0.815014
0.019643
0.003780
0.000140
0.000055
0.000012
0.000014
0.000018
0.000005
0.000023
0.003256
0.000024
0.000037
0.000060
0.000035
0.004568
0.107206
0.106674
0.051738
0.049131
0.000277
0.000157
0.000066
0.000065
0.000032
0.000031
0.000016
0.000013
0.000012
0.000010
0.000019
0.000020
0.000015
0.000047
0.002313
0.006270
0.397128
0.432736
0.449418
0.464695
0.486050
0.602090
0.665526
0.777039
0.814865
0.821259
0.802858
0.778120
0.724855
0.630732
0.206790
0.069714
0.038877
0.009622
0.000122
0.000184
0.000002
0.000002
0.000006
0.000003
0.000001
0.000001
0.000003
0.000001
0.000002
0.000002
0.000001
0.000004
0.000001
0.000003
0.000001
0.000001
0.000001
0.000001
0.000001
0.000001
0.000000
0.000000
0.000001
0.000000
0.000001
0.000002
0.000006
0.000008
0.000006
0.000010
0.000015
0.000005
0.000006
0.000006
0.000001
0.000001
0.000003
0.000002
0.000001
0.000000
0.000000
0.000001
0.000001
0.000000
0.000000
0.000000
0.000003
0.000006
0.000001
0.000002
0.000001
0.000002
0.000001
0.000006
0.000003
0.000003
0.000003
0.000003
0.000005
0.000005
0.000003
0.000003
0.000076
0.000470
0.000453
0.000471
0.000533
0.000595
0.000684
0.000721
0.001060
0.001036
0.001045
0.000371
0.000015
0.000017
0.000008
0.000018
0.000004
0.000007
0.000008
0.000008
0.000009
0.000028
0.000006
0.000003
0.000006
0.000005
0.000018
0.000026
0.000321
0.001031
0.033262
0.169808
0.179247
0.207875
0.222721
0.217923
0.096365
0.102652
0.422513
0.450485
0.448588
0.435078
0.395062
0.063991
0.027874
0.017319
0.015928
0.000368
0.004768
0.006973
0.011057
0.015959
0.015842
0.015494
0.014448
0.012746
0.011895
0.034028
