0.000000
0.000000
0.000000
0.000000
0.000000
0.000000
0.000000
0.000000
0.215917
0.117412
0.006138
0.005309
0.003768
0.009520
0.008961
0.009242
0.000007
0.000006
0.000007
0.000007
0.000006
0.000012
0.000006
0.000007
0.009581
0.005903
0.005695
0.005102
0.000264
0.000246
0.000272
0.000203
0.000865
0.000871
0.001427
0.000908
0.001089
0.001385
0.002101
0.002274
0.008924
0.010259
0.010487
0.010502
0.010215
0.010174
0.010077
0.010011
0.009763
0.000694
0.000714
0.000002
0.000001
0.000001
0.000001
0.000004
0.000004
0.000004
0.000002
0.000002
0.000001
0.000001
0.000001
0.000002
0.000002
0.000005
0.000004
0.000008
0.000006
0.000003
0.000009
0.000006
0.000026
0.000023
0.000020
0.000017
0.000006
0.000004
0.000008
0.000006
0.000008
0.000010
0.000005
0.000008
0.000020
0.000045
0.000045
0.000066
0.000054
0.000094
0.010386
0.022826
0.022178
0.021680
0.021552
0.021082
0.020886
0.020039
0.019090
0.017644
0.015232
0.004832
0.003942
0.003276
0.002327
0.000001
0.018087
0.040569
0.045881
0.047369
0.047838
0.047188
0.041893
0.038907
0.008201
0.053148
0.049827
0.033705
0.029780
0.020348
0.020869
0.019609
0.017813
0.017574
0.018348
0.005298
0.002335
0.001710
0.011054
0.025210
0.031016
0.030318
0.008902
0.001605
0.001682
0.001834
0.001739
0.001945
0.002101
0.002805
0.007701
0.032047
0.035883
0.035975
0.036045
0.054548
0.053469
0.052524
0.056591
0.055714
1.077605
1.004757
0.921420
0.818861
0.300061
0.325414
0.340508
0.230867
0.178060
0.073100
0.044992
0.045584
0.031296
0.000003
0.000005
0.000001
0.000001
0.000001
0.000004
0.000002
0.000002
0.000003
0.000002
0.000003
0.000002
0.000006
0.000005
0.000009
0.000009
0.000008
0.000004
0.000004
0.000002
0.000034
0.000010
0.000014
0.000022
0.000022
0.000020
0.000051
0.000046
0.000016
0.000019
0.000678
0.000681
0.000736
0.000723
0.001156
0.000982
0.000809
0.000362
0.000258
0.000486
0.000617
0.001686
0.001690
0.001772
0.002013
0.002815
0.003340
0.003917
0.004079
0.005138
0.006072
0.007053
0.008207
0.000034
0.000016
0.000019
0.000069
0.000010
0.000019
0.000019
0.000012
0.000131
0.000109
0.000033
0.000039
0.000027
0.000022
0.000016
0.012078
0.014804
0.015776
0.021308
0.025193
0.046511
0.064636
0.077991
0.085283
0.136694
0.153020
0.397404
0.635199
1.168821
1.335483
1.615354
1.834360
2.536669
2.931292
3.487351
3.829104
4.007995
0.000630
0.000607
0.000723
0.001077
0.002123
0.003009
0.004025
4.727179
5.257652
5.539573
5.953776
6.152914
0.000109
0.000060
0.000054
0.000082
0.000080
0.000064
0.000061
0.000034
0.001357
0.001895
0.002256
0.002106
0.001985
0.001918
0.000025
0.000018
0.000022
0.000018
0.000044
0.000034
0.000029
0.000012
0.000010
0.000008
0.000009
0.000020
0.000026
0.000061
0.000031
0.000096
0.000118
0.003594
0.005688
0.007089
0.008040
0.008065
0.008474
0.009589
0.010147
0.011222
0.011927
0.012156
0.012723
0.013555
0.010722
0.004127
0.005364
0.021625
7.132964
7.409828
7.466178
7.143096
6.905208
6.648941
6.335041
6.282039
6.101622
5.939775
5.687384
5.078061
0.061480
0.030759
0.020860
0.006327
0.010603
0.012141
0.014803
0.005419
4.210671
4.496062
4.515599
4.728321
6.854251
7.326983
0.158013
7.448279
7.717894
8.015247
8.200351
8.379006
8.460911
8.465871
8.466961
8.468550
8.652144
8.656788
8.658317
8.661723
9.288128
9.270098
9.096668
0.205517
9.160065
9.179339
9.164762
9.134028
8.707747
0.004630
0.002347
0.000489
0.000311
0.000104
0.000025
0.000012
0.000007
0.000005
0.000004
0.000002
0.000001
0.000002
0.000004
0.000005
0.000005
0.000006
0.000993
0.001035
0.001164
0.001152
0.001148
0.000498
0.000800
0.001129
0.001160
0.001157
0.001143
0.001119
0.001099
0.001087
0.001073
0.001071
0.001081
0.001088
0.001102
0.001101
0.001091
0.001064
0.001038
0.001006
0.000982
0.000939
0.000905
0.000867
0.000714
0.000564
0.000428
0.000357
0.000288
0.000005
0.000004
0.000002
0.000001
0.000001
0.000001
0.000001
0.000002
0.000002
0.000002
0.000002
0.000001
0.000001
0.000002
0.000002
0.000001
0.000001
0.000001
0.000001
0.000001
0.000002
0.000005
0.000003
0.000001
0.000001
0.000001
0.000002
0.000002
0.000001
0.000001
0.000001
0.000002
0.000002
0.000002
0.000001
0.000001
0.000005
0.000004
0.000002
0.000003
0.000002
0.000001
0.000001
0.000001
0.000002
0.000002
0.000001
0.000001
0.000001
0.000001
0.000002
0.000003
0.000002
0.000001
0.000002
0.000002
0.000002
0.000001
0.000001
0.000001
0.000001
0.000001
0.000002
0.000004
0.000003
0.000002
0.000002
0.000003
0.000002
0.000001
0.000001
0.000001
0.000002
0.000002
0.000002
0.000004
0.000003
0.000002
0.000002
0.000001
0.000001
0.000007
0.000007
0.000004
0.000017
0.000004
0.000003
0.000005
0.000005
0.000002
0.000002
0.000003
0.000002
0.000001
0.000001
0.000002
0.000002
0.000002
0.000002
0.000014
0.000012
0.000011
0.000020
0.000023
0.000039
0.000075
0.000161
0.002748
0.620702
0.634880
8.470864
8.500161
8.240133
8.257151
8.271615
8.447118
8.508628
8.536258
8.546822
8.551808
8.546848
8.541392
8.530056
8.527119
8.581871
8.584494
0.000881
0.000910
0.000858
0.001480
8.641456
8.635143
8.612584
8.590810
8.571794
0.042354
8.612051
8.608970
8.598132
8.595049
0.000284
0.000185
0.000095
0.000054
0.000045
0.000027
0.000018
0.000006
0.000007
0.000003
0.000009
0.000015
0.000006
0.000005
0.000012
0.000008
0.000018
0.000013
0.000008
0.000009
0.000006
0.000011
0.000020
0.000027
0.000022
0.000015
0.000005
0.000004
0.000011
0.000016
0.000009
0.000008
0.000006
0.000013
0.000033
0.000012
0.000010
0.000013
0.000008
0.000066
0.000022
0.000020
0.000010
0.000012
0.000010
0.000009
0.000017
0.000019
0.000027
0.000033
0.000014
0.000006
0.000032
0.000009
0.000004
0.000054
0.000050
0.000020
0.000014
0.000011
0.000023
0.000037
0.000025
0.000030
0.000274
0.000088
0.000040
0.000027
0.000012
0.000008
0.000006
0.000007
0.000006
0.000005
0.000010
0.000005
0.000026
0.000015
0.000011
0.000007
0.000019
0.000012
0.000007
0.000007
0.000006
0.000006
0.000015
0.000014
0.000021
0.000007
0.000015
0.000006
0.000003
0.000005
0.000004
0.000005
0.000050
0.000034
0.000021
0.000018
0.000008
0.000007
0.000018
0.000013
0.000028
0.000015
0.000006
0.000007
0.000010
0.000005
0.000004
0.000009
0.000007
0.000034
0.000029
0.000038
0.000063
0.000048
0.000011
0.000011
0.000009
0.000005
0.000003
0.000003
0.000004
0.000008
0.000011
0.000009
0.000005
0.000006
0.000011
0.000012
0.000021
0.000033
0.000068
0.000064
0.000013
0.000006
0.000009
0.000007
0.000012
0.000026
0.000050
0.001482
0.001678
0.009140
8.572692
8.409863
8.300804
0.004111
0.000768
0.000248
0.000067
0.000054
0.000036
0.000021
0.000015
0.000023
0.000072
0.000069
0.000067
0.000032
0.000032
0.000017
0.000012
0.000024
0.000037
0.000013
0.000013
0.000006
0.000017
0.000011
0.000024
0.000018
0.000011
0.000011
0.000065
0.000070
0.000077
0.000116
0.000339
0.000376
0.052549
8.433971
8.542967
8.565304
8.602055
8.667157
8.763190
8.779641
8.800664
8.792275
0.002444
0.002072
0.000790
0.000685
0.000142
0.000121
0.000061
0.000032
0.000019
0.000048
0.000065
0.000043
0.000035
0.000029
0.000024
0.000025
0.000033
0.000077
0.000146
0.000139
0.000162
0.000014
0.000039
0.000016
0.000024
0.000028
0.000044
0.000059
0.001816
0.001621
0.002218
0.002794
0.006777
0.018962
0.022143
9.019590
8.991000
8.943378
8.886343
8.837099
8.807505
0.016089
0.017093
8.741148
8.751792
8.755069
8.761667
8.774169
8.784372
8.804550
8.808409
8.810351
8.805903
8.786285
8.784085
8.779380
8.767111
8.709413
8.537882
8.276091
8.092023
7.843014
7.848131
7.434558
0.063853
0.225045
6.593069
6.276022
5.673101
5.406094
4.890386
4.609599
3.574776
0.101484
0.059903
0.027746
1.251511
1.993139
2.191929
2.045332
0.087896
0.060997
0.001858
0.000414
0.000237
0.000239
0.000305
0.000343
0.000217
0.017720
1.743091
2.042585
2.295556
2.485857
0.029687
0.000431
0.000640
0.001270
0.001722
0.002890
3.462811
3.859789
4.528122
4.729817
4.789662
4.795581
4.917818
4.930153
4.909658
4.781159
0.037285
4.658465
4.383462
3.887819
3.298595
2.866147
2.546298
2.132201
1.916228
1.738354
0.003759
0.000541
0.000977
0.000202
0.000209
0.000954
0.000120
0.000054
0.000050
0.000078
0.000153
0.013448
1.129253
1.063823
0.735030
0.623108
0.245981
0.163125
0.148008
0.130691
0.089396
0.040504
0.038182
0.010235
0.005386
0.002307
0.002127
0.001967
0.001843
0.011143
0.011476
0.143876
0.217452
0.261454
0.272563
0.325687
0.319111
0.213755
0.195822
0.017720
0.001858
0.011273
0.010290
0.009994
0.014748
0.037348
0.180734
0.415286
0.432927
0.512364
0.544746
0.545639
0.537400
0.528123
0.365409
0.339001
0.326205
0.288783
0.267417
0.175306
0.165933
0.158045
0.154836
0.133799
0.125082
0.103047
0.006584
0.001683
0.001623
0.011138
0.010427
0.011192
0.000035
0.000057
0.000394
0.000283
0.000166
0.050312
0.050945
0.050350
0.050571
0.064244
0.065688
0.066494
0.068944
0.071758
0.073302
0.076299
0.012773
0.000103
0.000754
0.000654
0.000576
0.000558
0.000041
0.000214
0.000226
0.000117
0.000017
0.000014
0.000046
0.000093
0.021027
0.081595
0.096429
0.222294
0.248458
0.261012
0.138515
0.107832
0.005025
0.004675
0.004512
0.003350
0.000134
0.000282
0.000009
0.000004
0.000007
0.000012
0.000009
0.000008
0.000006
0.000066
0.000010
0.000010
0.000011
0.000007
0.000006
0.000008
0.000003
0.000004
0.000007
0.000042
0.000011
0.000008
0.000010
0.000023
0.000011
0.000005
0.000006
0.000003
0.000004
0.000004
0.000003
0.000003
0.000003
0.000004
0.000006
0.000007
0.000005
0.000004
0.000004
0.000002
0.000003
0.000008
0.000005
0.000143
0.000233
0.000169
0.000018
0.000007
0.000006
0.000004
0.000004
0.000002
0.000004
0.000005
0.000004
0.000003
0.000002
0.000002
0.000007
0.000006
0.000009
0.000003
0.000003
0.000002
0.000003
0.000003
0.000007
0.000004
0.000004
0.000018
0.000007
0.000006
0.000010
0.000003
0.000007
0.000004
0.000008
0.000005
0.000005
0.000003
0.000003
0.000003
0.000002
0.000004
0.000006
0.000013
0.000003
0.000005
0.000005
0.000007
0.000006
0.000006
0.002701
0.017922
0.284950
0.407859
0.447220
0.475072
0.485405
0.001144
0.000752
0.000906
0.000013
0.000009
0.000013
0.000012
0.000003
0.000002
0.000003
0.000002
0.000001
0.000002
0.000002
0.000001
0.000001
0.000001
0.000002
0.000001
0.000003
0.000004
0.000005
0.000017
0.000007
0.000005
0.000006
0.000004
0.000004
0.000004
0.000002
0.000002
0.000003
0.000023
0.000022
0.000038
0.002635
0.489462
0.480612
0.454579
0.436019
0.414126
0.317966
0.293083
0.276342
0.153355
0.133829
0.123859
0.064651
0.034902
0.000798
0.000060
0.000090
0.000015
0.000004
0.000008
0.000023
0.000031
0.000051
0.000040
0.000077
0.000121
0.000017
0.000013
0.000016
0.000659
0.044336
0.044041
0.041653
0.041295
0.289415
0.327661
0.335873
0.335157
0.339485
0.347726
0.349362
0.344063
0.347632
0.356791
0.351374
0.011929
0.000393
0.000144
0.000127
0.012774
0.037989
0.038946
0.189030
0.140657
0.138298
0.115742
0.065085
0.006407
0.002151
0.000502
0.000641
0.000727
0.127009
0.151363
0.229107
0.250575
0.261847
0.267290
0.271544
0.291909
0.001446
0.001138
0.007452
0.012988
0.010874
0.011048
0.011865
0.021085
0.109844
0.114208
0.117537
0.121414
0.003296
0.005322
0.000018
0.000011
0.000013
0.000024
0.000060
0.000036
0.000023
0.000039
0.000042
0.000092
0.000037
0.000020
0.000031
0.000039
0.000028
0.000318
0.000016
0.000015
0.000034
0.000427
0.000189
0.000177
0.000332
0.016330
0.017280
0.017839
0.020555
0.025909
0.501557
0.542188
0.575351
0.617115
0.643900
0.665210
0.660033
0.576414
0.069545
0.040937
0.000121
0.000051
0.000020
0.000022
0.000064
0.000015
0.000014
0.000012
0.000025
0.000025
0.000018
0.000025
0.000017
0.000075
0.000108
0.000143
0.000225
0.000169
0.000077
0.000076
0.000075
0.001421
0.033243
0.611647
0.632780
0.650745
0.684023
0.735809
0.766905
0.740330
0.778203
0.803174
0.766016
0.679684
0.013103
0.461053
0.842632
0.875259
0.854881
0.000105
0.000149
0.000221
0.000784
0.016397
0.798328
0.924769
0.993613
1.056655
1.093015
1.101780
1.104242
1.068160
0.045534
0.994601
0.887071
0.730726
0.683204
0.179811
0.173466
0.006711
0.018294
0.030569
0.029123
0.141842
0.385683
0.381703
0.362968
0.391764
0.281087
0.004400
0.392397
0.425970
0.427189
0.021403
0.015112
0.000056
0.004306
0.020681
0.027937
0.283271
0.302604
0.333329
0.341850
0.337911
0.315544
0.303152
0.253879
0.244714
0.201502
0.021451
0.018473
0.002164
0.002488
0.010301
0.013064
0.015123
0.134843
0.165041
0.173089
0.177006
0.125169
0.121254
0.114245
0.098168
0.082804
0.057976
0.052137
0.013209
0.013417
0.012163
0.000638
0.000072
0.000053
0.000065
0.000077
0.000204
0.000094
0.000066
0.000075
0.000078
0.000044
0.000052
0.000074
0.000026
0.000021
0.000300
0.000292
0.006012
0.008163
0.008927
0.009273
0.010132
0.010489
0.010889
0.010971
0.060463
0.060566
0.062721
0.064943
0.071925
0.075930
0.079231
0.067903
0.001988
0.000599
0.000556
0.000446
0.000024
0.000032
0.000055
0.000060
0.000021
0.000010
0.003202
0.085021
0.088379
0.089546
0.105493
0.227689
0.234701
0.232287
0.175997
0.179048
0.024881
0.246797
0.250983
0.255411
0.312827
0.314355
0.274524
0.274424
0.020672
0.000066
0.000027
0.008168
0.008189
0.008216
0.007826
0.007590
0.007076
0.006865
0.006877
0.006572
0.002333
0.002007
0.001946
0.015708
0.015672
0.019060
0.000033
0.000032
0.000033
0.000093
0.000070
0.000066
0.000081
0.000017
0.000013
0.000018
0.000034
0.000028
0.000028
0.000034
0.000084
0.000075
0.000019
0.000034
0.000083
0.000082
0.000040
0.000011
0.000017
0.000030
0.000013
0.000014
0.000022
0.000024
0.000017
0.000022
0.016536
0.346324
0.364488
0.386707
0.386975
0.016246
0.000038
0.000041
0.000028
0.000128
0.000028
0.000057
0.000186
0.000183
0.000117
0.000104
0.000134
0.042871
0.321408
0.320427
0.223301
0.153767
0.154454
0.000825
0.000447
0.016432
0.651615
0.718663
0.000486
0.000315
0.000324
0.000386
0.001530
0.000088
0.000031
0.000020
0.000063
0.000117
0.000207
0.000423
0.000857
0.002184
0.317696
1.051843
1.097548
1.097662
0.967778
0.887200
0.667658
0.290363
0.257962
0.219333
0.199302
0.131095
0.116635
0.055393
0.000869
0.000595
0.000795
0.000082
0.000097
0.000099
0.000052
0.000985
0.004208
0.005418
0.121637
0.141382
0.173782
0.174432
0.172699
0.165490
0.148289
0.130779
0.026720
0.002726
0.003743
0.005324
0.004940
0.028353
0.032732
0.052429
0.073173
0.134075
0.144555
0.232937
0.297668
0.449617
0.473446
0.046282
0.008645
0.009018
0.043670
0.112911
0.126741
0.745707
0.789609
0.809931
0.776019
0.730884
0.662285
0.540308
0.471440
0.402050
0.343263
0.022771
0.163550
0.174975
0.173259
0.206529
0.251643
0.334013
0.383741
0.395183
0.499368
0.506100
0.515522
0.510611
0.408558
0.397147
0.030695
0.014763
0.008754
0.000055
0.000116
0.000112
0.000108
0.000062
0.002091
0.004988
0.011514
0.011745
0.017940
0.020131
0.018796
0.037954
0.036858
0.036742
0.029996
0.008204
0.008149
0.008142
0.008214
0.008334
0.008574
0.008643
0.002813
0.002567
0.000089
0.000012
0.000012
0.000005
0.000002
0.000004
0.000040
