0.001293
0.000002
0.000000
0.000000
0.000000
0.000000
0.000000
0.000000
0.000000
0.000000
0.000000
0.000000
0.000000
0.000000
0.000009
0.000006
0.000004
0.000003
0.000002
0.000002
0.000000
0.000000
0.000000
0.000000
0.000000
0.000000
0.000000
0.000000
0.000000
0.000000
0.000000
0.000000
0.000000
0.000000
0.000000
0.000000
0.000000
0.000000
0.000000
0.000000
0.000000
0.000000
0.000000
0.000000
0.000000
0.000000
0.000000
0.000000
0.000000
0.000000
0.000000
0.000000
0.000000
0.000000
0.000000
0.000000
0.000000
0.000000
0.000000
0.000000
0.000000
0.000000
0.000000
0.000000
0.000000
0.000000
0.000000
0.000000
0.000000
0.000007
0.000398
0.000412
0.000422
0.000471
0.000491
0.000482
0.000467
0.000463
0.000059
0.005706
2.395860
0.381189
0.291940
0.034324
0.001790
0.000555
0.002568
0.002999
0.003414
0.000000
0.000000
0.000000
0.000000
0.000000
0.003920
0.004561
0.005448
0.005575
0.005857
0.005994
0.005576
0.000000
0.000000
0.000000
0.000000
0.000000
0.000000
0.000000
0.000000
0.000000
0.000000
0.000000
0.000000
0.000000
0.005560
0.005364
0.005658
0.149889
0.488575
0.591763
0.714194
0.749912
0.001779
0.003520
0.000000
0.000000
0.000000
0.000000
0.000000
0.000000
0.000000
0.000001
0.000000
0.000000
0.000000
0.000000
0.000000
0.000000
0.000000
0.000000
0.000000
0.000000
0.000000
0.000002
0.000002
0.000012
0.000000
0.000000
0.000000
0.000000
0.000000
0.000000
0.000000
0.000000
0.000001
0.000001
0.000000
0.000000
0.000000
0.000000
0.000000
0.000000
0.000001
0.000000
0.000000
0.000002
0.000001
0.000000
0.000000
0.000000
0.000000
0.000001
0.000000
0.000000
0.000000
0.000000
0.000000
0.000000
0.000000
0.000000
0.000000
0.000000
0.000000
0.000000
0.000000
0.000001
0.000000
0.000000
0.000001
0.000000
0.000001
0.000001
0.000000
0.000000
0.000000
0.000001
0.000001
0.000001
0.000002
0.000001
0.000001
0.000005
0.000005
0.000001
0.000001
0.000001
0.000001
0.000002
0.000001
0.000001
0.000002
0.000001
0.000001
0.000001
0.000001
0.000002
0.000003
0.000013
0.000009
0.000003
0.000002
0.000002
0.000001
0.000003
0.000002
0.000002
0.000002
0.000003
0.000006
0.000002
0.000001
0.000001
0.000001
0.000001
0.000003
0.000002
0.000003
0.000019
0.000016
0.000014
0.000122
0.000002
0.000001
0.000002
0.000002
0.000003
0.000017
0.000010
0.000013
0.000003
0.000004
0.000006
0.000017
0.000004
0.000004
0.000004
0.000015
0.000009
0.000006
0.000010
0.000013
0.000006
0.000006
0.000008
0.000004
0.000006
0.000008
0.000007
0.000008
0.000007
0.000005
0.000011
0.000012
0.000008
0.000005
0.000005
0.000008
0.000007
0.000009
0.000014
0.000022
0.000005
0.000006
0.000014
0.000011
0.000013
0.000011
0.000008
0.000023
0.000016
0.000028
0.000026
0.000019
0.000033
0.000061
0.000048
0.000048
0.000037
0.000101
0.000049
0.000067
0.000140
0.000160
0.000211
0.000426
0.000451
0.000512
0.001350
0.009828
1.312264
1.438264
1.542818
0.004529
0.005961
0.012976
1.599654
2.055601
2.258497
2.512209
3.032566
3.159088
3.248890
3.373000
0.000151
0.000146
0.000088
0.000451
0.000294
0.000233
0.000194
0.000212
0.000065
0.000052
0.000050
0.000094
0.000129
0.000138
0.000170
0.000501
0.000216
0.014269
0.018499
0.020249
0.022800
3.355177
3.887265
4.204746
4.518555
4.894979
5.200579
5.398729
5.636203
5.879306
6.132836
6.329997
6.486461
6.597286
6.556929
6.516161
6.400496
0.049787
0.070608
7.136244
7.527321
7.712170
7.923451
8.152099
8.259289
8.406826
8.415168
8.457970
8.736271
8.727157
8.753353
8.725944
8.690147
8.489665
7.956738
6.717620
0.003906
0.000318
0.000148
0.000498
0.000330
0.000155
0.000086
0.000200
0.000149
0.000109
0.000040
0.000058
0.000079
0.000213
0.000264
5.890989
5.168784
4.426312
2.552981
1.006227
0.218552
0.321183
1.006382
5.318508
5.982662
6.270160
6.422698
6.430328
6.448330
6.417931
6.311911
0.005780
0.003157
0.002477
0.002561
5.984915
5.489716
0.166826
0.145926
4.546774
4.307350
4.328321
4.377918
0.001988
0.000946
0.000620
0.000231
0.000284
0.000315
0.002048
0.001360
0.001446
0.012105
0.034193
0.050925
1.003340
6.346262
7.244420
7.814218
8.268314
8.842072
8.920932
8.940783
8.939651
8.895701
0.000405
0.000277
0.000198
0.000173
0.000122
0.000068
0.000150
0.000142
0.000124
0.000216
0.000498
0.000550
0.000629
0.001134
0.004839
9.057038
9.072806
9.131332
9.157617
8.975121
8.774162
8.466539
8.395615
0.151958
0.029878
8.614364
8.810604
8.990442
9.186690
9.299949
9.312628
9.312264
9.305362
9.302679
9.296532
9.289634
9.274025
9.190185
9.153724
8.920647
8.040452
0.390855
0.283018
0.010090
0.008522
0.007847
0.007414
0.250913
6.861897
6.348485
6.440164
6.360399
6.271237
0.067644
0.063265
0.001318
0.000475
0.000439
0.000415
0.002945
0.002669
0.002516
0.002225
0.002202
0.002151
0.000014
0.000022
0.000026
0.000049
0.000019
0.000042
0.000014
0.000057
0.000058
0.000059
0.000183
0.000196
0.001882
0.002737
0.003327
0.004714
0.226356
6.924021
7.360042
7.729131
8.006844
8.576105
8.955417
9.101111
9.204042
9.454091
9.551938
9.573669
9.588314
9.586975
9.580483
9.550956
9.468603
9.119200
8.097180
7.933003
7.757992
7.570585
0.739541
9.162580
9.562721
9.597795
9.604513
9.595635
9.592881
9.580493
9.450287
0.011328
0.003832
0.002394
0.000972
0.000775
0.000213
0.000144
0.000038
0.000026
0.000016
0.000009
0.000016
0.000006
0.000011
0.000012
0.000027
0.000036
0.000053
0.000005
0.000004
0.000010
0.000049
0.000034
0.000025
0.000046
0.000015
0.000015
0.000060
0.000038
0.000046
0.000032
0.000052
0.000080
0.000135
8.976624
8.962262
8.951107
8.935574
8.930399
8.925294
8.904177
8.896137
8.857569
8.780688
8.699606
0.019128
0.015821
0.010116
0.000953
0.000179
0.000041
0.000025
0.000023
0.000018
0.000019
0.000022
0.000082
0.000033
0.000022
0.000030
0.000027
0.000023
0.000003
0.000002
0.000003
0.000004
0.000009
0.000006
0.000003
0.000002
0.000339
0.000102
0.000034
0.000008
0.000009
0.000024
0.000026
0.000035
0.000093
0.000108
0.000005
0.000002
0.000002
0.000005
0.000007
0.000009
0.000020
0.000007
0.000010
0.000012
0.000003
0.000003
0.000003
0.000004
0.000002
0.000002
0.000004
0.000005
0.000006
0.000004
0.000002
0.000004
0.000006
0.000019
0.000002
0.000002
0.000002
0.000040
0.000039
0.000024
0.000024
0.000058
0.000083
0.000003
0.000001
0.000003
8.435444
0.000000
0.000000
0.000001
0.000001
0.000001
0.000001
0.000002
0.000007
0.000012
0.000001
0.000001
0.000001
0.000003
0.000004
0.000006
0.000014
0.000032
0.000065
0.000118
8.437403
8.411225
8.271912
0.004930
0.000028
0.002894
0.002611
0.000015
0.000013
0.000015
0.000005
0.000004
0.000004
0.000005
0.000234
0.002697
0.000918
0.000742
0.000752
0.000728
0.000702
0.000696
0.000583
0.000543
0.000022
0.000010
0.000004
0.000001
0.000001
0.000001
0.000000
0.000000
0.000000
0.000000
0.000000
0.000001
0.000002
0.000001
0.000001
0.000000
0.000000
0.000000
0.000000
0.000000
0.000001
0.000003
0.000004
0.000000
0.000000
0.000001
0.000000
0.000001
0.000002
0.000003
0.000001
0.000002
0.000003
0.000362
0.000380
0.000414
0.000446
0.000466
0.000448
0.000428
0.000017
0.000014
0.000008
0.000005
0.000002
0.000002
0.000001
0.000001
0.000000
0.000001
0.000000
0.000000
0.000000
0.000002
0.000002
0.000000
0.000000
0.000000
0.000000
0.000000
0.000000
0.000000
0.000000
0.000000
0.000008
0.000003
0.000001
0.000001
0.000000
0.000000
0.000000
0.000000
0.000000
0.000000
0.000000
0.000000
0.000001
0.000000
0.000000
0.000001
0.000071
0.000073
0.000069
0.000072
0.000002
0.000001
0.000001
0.000001
0.000000
0.000000
0.000000
0.000000
0.000000
0.000000
0.000000
0.000000
0.000000
0.000000
0.000002
0.000002
0.000002
0.000001
0.000003
0.000003
0.000004
0.000409
0.000487
0.000627
0.000866
0.001116
0.001126
0.001146
0.001190
0.001202
0.001201
0.001187
0.000003
0.000001
0.000001
0.000000
0.000000
0.000000
0.000000
0.000000
0.000000
0.000000
0.000000
0.000000
0.000000
0.000000
0.000000
0.000010
0.000020
0.000019
0.000019
0.000029
0.000030
0.000017
0.000018
0.000020
0.000024
0.000023
0.000022
0.000022
0.000018
0.000019
0.000020
0.000021
0.000040
0.000041
0.000052
0.000102
0.000293
0.000613
0.000792
8.097655
7.589882
7.451111
0.000000
0.000000
0.000000
0.000000
0.000000
0.000000
0.000000
0.000000
0.000000
0.000000
0.000000
0.000000
0.000000
0.000000
0.000000
0.000000
0.000001
0.000002
0.000002
0.000000
0.000000
0.000000
0.000000
0.000000
0.000000
0.000000
0.000000
0.000000
0.000000
0.000000
0.000000
0.000000
7.373955
7.311666
6.968090
6.681083
6.394542
5.701476
5.158286
4.455665
0.009672
0.000438
0.000436
0.000450
0.000436
0.000037
0.000022
0.000005
0.000003
0.000002
0.000004
0.000006
0.000003
0.000003
0.000002
0.000002
0.000001
0.000002
0.000003
0.000002
0.000003
0.000002
0.000003
0.000002
0.000004
0.000004
0.000005
0.000003
0.000002
0.000002
0.000008
0.000012
0.000013
0.000017
0.000012
0.000003
0.000003
0.000003
0.000010
0.000012
0.000016
0.000017
0.000008
0.000009
0.000010
0.000011
0.000007
0.000004
0.000005
0.000008
0.000017
0.000023
0.000003
0.000006
0.000006
0.000009
0.000042
0.000027
0.000023
0.000083
0.000075
0.000027
0.000003
0.000002
0.000003
0.000003
0.000002
0.000003
0.000004
0.000003
0.000003
0.000004
0.000002
0.000033
0.000087
0.000007
0.000005
0.000003
0.000007
0.000006
0.000002
0.000003
0.000002
0.000003
0.000002
0.000002
0.000005
0.000011
0.005683
4.008791
3.720383
0.010667
0.000002
0.000002
0.000001
0.000001
0.000001
0.000000
0.000000
0.000000
0.000000
0.000000
0.000000
0.000000
0.000000
0.000000
0.000000
0.000000
0.000000
0.000000
0.000000
0.000000
0.000000
0.000000
0.000000
0.000000
0.000001
0.000002
0.008733
0.006927
0.001816
0.001790
0.000313
0.000326
0.000320
0.000317
0.000313
0.000299
0.000278
0.000255
0.000237
0.000026
0.000002
0.000001
0.000001
0.000001
0.000000
0.000000
0.000000
0.000000
0.000000
0.000000
0.000000
0.000000
0.000001
0.000001
0.000000
0.000031
0.000033
0.000038
0.000043
0.000048
0.000046
0.000046
0.000048
0.000049
0.000051
0.000051
0.000001
0.000001
0.000000
0.000000
0.000001
0.000000
0.000000
0.000000
0.000000
0.000000
0.000000
0.000000
0.000000
0.000000
0.000000
0.000000
0.000000
0.000000
0.000000
0.000012
0.000013
0.000014
0.000017
0.000025
0.001583
0.005101
0.000032
0.000030
0.000022
0.000001
0.000001
0.000001
0.000005
0.000008
0.000010
0.000009
3.211347
2.986062
2.776504
2.361357
2.044262
1.849418
1.679297
1.465387
1.284263
1.097872
0.869755
0.093391
0.073610
0.044643
0.017721
0.009290
0.005618
0.000000
0.000000
0.000000
0.000001
0.000000
0.000000
0.000000
0.000000
0.000000
0.000000
0.000000
0.000000
0.000000
0.000000
0.000000
0.000000
0.000000
0.000070
0.000060
0.000086
0.000088
0.000000
0.000000
0.000000
0.000000
0.000011
0.000017
0.000020
0.000015
0.000000
0.000000
0.000000
0.000001
0.000000
0.000000
0.000001
0.000000
0.000000
0.000001
0.000000
0.000000
0.000000
0.000000
0.000139
0.000205
0.000613
0.032407
0.031725
0.031997
0.032723
0.002078
0.000526
0.000148
0.000161
0.005861
0.006210
0.004607
0.004680
0.004709
0.004861
0.004935
0.005253
0.000000
0.000000
0.000001
0.000000
0.000000
0.000000
0.000000
0.000000
0.000000
0.000001
0.000000
0.000001
0.000001
0.000002
0.000001
0.005507
0.005497
0.000011
0.000006
0.000007
0.000008
0.005503
0.005570
0.038927
0.038429
0.028469
0.047418
0.047099
0.046714
0.044021
0.031198
0.027413
0.025261
0.013779
0.006896
0.000002
0.000002
0.000001
0.000001
0.000000
0.000000
0.000000
0.006778
0.006740
0.006382
0.005996
0.000054
0.000057
0.000006
0.000005
0.000009
0.000007
0.000008
0.000306
0.000332
0.000438
0.000474
0.000599
0.000534
0.000519
0.000154
0.000204
0.000243
0.000112
0.117895
0.137339
0.160708
0.157772
0.130487
0.008739
0.000350
0.000316
0.000175
0.000000
0.000000
0.000000
0.000000
0.000000
0.000000
0.000000
0.000000
0.000000
0.000000
0.000000
0.000000
0.000000
0.000000
0.000000
0.000000
0.000000
0.000000
0.000000
0.000000
0.000000
0.000000
0.000000
0.000000
0.000000
0.000000
0.000000
0.000000
0.000000
0.000000
0.000000
0.000000
0.000000
0.000000
0.000000
0.000000
0.000000
0.000000
0.000000
0.000000
0.000000
0.000000
0.000000
0.000000
0.000000
0.000000
0.000000
0.000000
0.000000
0.000000
0.000000
0.000000
0.000000
0.000000
0.000000
0.000000
0.000000
0.000000
0.000000
0.000000
0.000000
0.000000
0.000000
0.000000
0.000000
0.000000
0.000000
0.000000
0.000000
0.000000
0.000000
0.000000
0.000000
0.000000
0.000000
0.000000
0.000000
0.000000
0.000000
0.000000
0.000000
0.000000
0.000000
0.000000
0.000000
0.000000
0.000000
0.000000
0.000000
0.000000
0.000000
0.000000
0.000000
0.000000
0.000000
0.000000
0.000000
0.000152
0.009255
0.009370
0.009326
0.010065
0.003850
0.004000
0.003992
0.003649
0.000359
0.000090
0.000000
0.000000
0.000000
0.000000
0.001152
0.001290
0.000174
0.000076
0.000000
0.000000
0.000005
0.000004
0.000000
0.000000
0.000000
0.000000
0.000000
0.000000
0.000000
0.000000
0.000000
0.000387
0.002005
0.100471
0.093873
0.089820
0.083821
0.082989
0.072070
0.054016
0.010254
0.009853
0.008017
0.006618
0.005575
0.000952
0.000202
0.000001
0.000000
0.000000
0.000000
0.000000
0.000000
0.000000
0.000000
0.000000
0.000000
0.000000
0.000000
0.000000
0.000000
0.000000
0.000000
0.000000
0.000000
0.000000
0.000000
0.000000
0.000000
0.000000
0.000000
0.000000
0.000000
0.000000
0.000000
0.000000
0.000000
0.000000
0.000000
0.000000
0.000000
0.008286
0.008086
0.007932
0.007754
0.000000
0.000000
0.000000
0.000000
0.000000
0.000000
0.000000
0.000000
0.000000
0.000000
0.000000
0.000000
0.000000
0.000000
0.000000
0.000000
0.000000
0.000000
0.000000
0.000000
0.000000
0.000000
0.000000
0.000000
0.000000
0.000000
0.000000
0.000000
0.000000
0.000000
0.000000
0.000000
0.000000
0.000000
0.000000
0.000000
0.000000
0.000000
0.000000
0.000000
0.000000
0.000000
0.000000
0.008345
0.011767
0.010515
0.008944
0.007855
0.007154
0.004094
0.000945
0.000900
0.000771
0.000018
0.000025
0.000070
0.000078
0.000068
0.000060
0.000014
0.000008
0.000008
0.000027
0.000027
0.000017
0.000017
0.000009
0.000010
0.000000
0.000000
0.000000
0.000000
0.000000
0.000000
0.003410
0.000045
0.000000
0.000000
0.000000
0.000000
0.000055
0.002460
0.002333
0.002294
0.002264
0.001118
0.001120
0.000000
0.000000
0.000000
0.000000
0.000000
0.000000
0.000000
0.000000
0.000000
0.000000
0.000000
0.000000
0.000000
0.000000
0.000000
0.000000
0.000000
0.000000
0.000000
0.000000
0.000000
0.000000
0.000000
0.000000
0.000000
0.000000
0.000000
0.000000
0.000000
0.000000
0.000000
0.000000
0.000000
0.000000
0.000000
0.000000
0.000000
0.000000
0.000000
0.000000
0.000000
0.000000
0.000000
0.000000
0.000000
0.000000
0.000000
0.000000
0.000000
0.000000
0.000000
0.000000
0.000000
0.000000
0.000000
0.000000
0.000000
0.000000
0.000000
0.000000
0.000000
0.000000
0.000000
0.000000
0.000000
0.000000
0.000000
0.000000
0.000000
0.000000
0.000000
0.000000
0.000030
0.000009
0.000012
0.000016
0.000000
0.000000
0.000000
0.000000
0.000000
0.000000
0.000000
0.000000
0.000000
0.000000
0.000000
0.000000
0.000000
0.000000
0.000000
0.000000
0.000000
0.000000
0.000000
0.000000
0.000000
0.000000
0.000176
0.000366
0.000525
0.033812
0.033459
0.032803
0.041761
0.041856
0.048723
0.065301
0.067341
0.069144
0.075115
0.077186
0.078226
0.079758
0.079570
0.082006
0.077843
0.076493
0.068077
0.055021
0.021980
0.005228
0.001512
0.001212
0.000603
0.000000
0.000001
0.000001
0.000937
0.001196
0.001380
0.001370
0.001379
0.001400
0.001447
0.001535
0.000214
0.000212
0.000218
0.000294
0.000297
0.000283
0.000040
0.000024
0.000010
0.000002
0.000008
0.000056
0.000037
0.000031
0.000022
0.000016
0.000027
0.001742
0.001846
0.001858
0.035579
0.039074
0.039875
0.048813
0.049555
0.049054
0.048623
0.047847
0.005750
0.005576
0.001984
0.001801
0.001752
0.000124
0.000116
0.000112
0.000108
0.000108
0.000107
0.000099
0.000093
0.000088
0.000087
0.000003
0.000004
0.000008
0.000005
0.000054
0.000747
0.001369
0.001469
0.001622
0.001700
0.001825
0.002413
0.002591
0.002592
0.002923
0.002964
0.002943
0.002933
0.002974
0.003003
0.003021
0.002935
0.001680
0.000311
0.000287
0.000264
0.000248
0.001175
0.001420
0.001954
0.002525
0.002475
0.002184
0.000119
0.005178
0.009814
0.022916
0.023746
0.024489
0.024935
0.025478
0.000000
0.000000
0.000000
0.000000
0.000000
0.000000
0.000000
0.018268
0.019454
0.021154
0.021611
0.021545
0.020202
0.011558
0.005490
0.005479
0.005421
0.005215
0.000003
0.000000
0.000000
0.000000
0.000000
0.000000
0.000000
0.000000
0.000029
0.000029
0.000140
0.000185
0.000233
