0.125023
0.070550
0.022193
0.000986
0.005650
0.005668
0.000005
0.000014
0.000016
0.000019
0.000026
0.000034
0.000068
0.005832
0.023103
0.035340
0.038119
0.040498
1.749476
1.801285
1.806436
1.910384
1.959162
1.861565
1.631663
1.869584
1.899957
1.965277
2.014222
0.005706
0.005711
0.005725
0.005686
0.005688
0.005692
0.005689
0.005691
0.005727
0.005691
0.005689
0.005694
0.005691
0.005691
0.005692
0.005694
0.005756
0.005786
0.005689
0.005695
0.005696
0.005701
0.005757
0.005737
0.005699
0.005727
0.006762
0.006259
0.006148
0.005695
0.005692
0.005692
0.005691
0.005689
0.005688
0.005690
0.005703
0.005694
0.005693
0.005694
0.005693
0.005696
0.005780
0.005780
0.005773
0.005725
0.005697
0.005697
0.005695
0.005690
0.005691
0.005694
0.005715
0.005804
0.005883
0.005760
0.005729
0.005691
0.005691
0.005692
0.005702
0.005735
0.000025
0.000101
0.000011
0.000010
0.000016
0.000035
0.000029
0.000127
0.000155
2.030630
2.026006
2.027486
1.992564
1.958581
2.115235
2.429374
2.438404
0.000232
0.000104
0.000110
0.000126
0.000002
0.000002
0.000000
0.000001
0.000001
0.005753
0.005760
0.005709
0.005709
0.005705
0.005785
0.005749
0.005715
0.005692
0.005692
0.005699
0.005700
0.005697
0.005690
0.005690
0.005690
0.005690
0.005688
0.005690
0.005692
0.005731
0.005695
0.005694
0.005694
0.005695
0.005708
0.005713
0.005719
0.005849
0.005904
0.000550
0.001711
2.496209
2.504335
2.474766
2.455150
2.408274
2.367443
2.270117
2.016073
1.898861
1.742785
0.007445
0.001239
0.000861
0.000248
0.000095
0.000168
0.032486
0.027512
0.000806
0.000038
0.000035
0.000027
0.000032
0.000040
0.000005
0.000005
0.000003
0.000003
0.000002
0.000003
0.000004
0.000067
0.000590
0.000724
0.001061
0.001093
1.426988
1.421451
1.342846
1.142588
0.970504
0.851267
0.753505
0.667199
0.600340
0.466592
0.416863
0.379290
0.355973
0.333276
0.302035
0.000881
0.009924
0.007910
0.000123
0.000052
0.000043
0.000059
0.000084
0.000076
0.000221
0.000128
0.000164
0.000125
0.000063
0.000037
0.002874
0.004621
0.004248
0.010091
0.034351
0.036274
0.037272
0.035747
0.034733
0.033178
0.027512
0.027141
0.026792
0.026687
0.026896
0.025902
0.021554
0.021219
0.018252
0.008986
0.000178
0.001295
0.001263
0.001442
0.001477
0.001578
0.004467
0.033736
0.031364
0.031581
0.039512
0.049310
0.058472
0.128352
0.142963
0.169385
0.174463
0.200017
0.207963
0.209395
0.208478
0.207948
0.206023
0.202005
0.201471
0.202434
0.197961
0.200874
0.202333
0.202812
0.208429
0.197358
0.188377
0.191269
0.191046
0.188082
0.158856
0.143751
0.140590
0.001936
0.010250
0.014757
0.014438
0.011607
0.008801
0.008896
0.009119
0.008990
0.010063
0.015162
0.016168
0.114502
0.123361
0.138503
0.268142
0.280840
0.251935
0.262776
0.255344
0.003394
0.000776
0.000104
0.000486
0.011477
0.005532
0.000766
0.000473
0.000456
0.000092
0.000411
0.000289
0.000252
0.001678
0.002800
0.032401
0.035820
0.049763
0.128368
0.720844
0.853074
0.967482
1.050300
1.102294
1.151266
1.212779
0.484337
0.000098
0.000021
0.000030
0.000034
0.000052
0.000077
0.000230
0.000391
0.563950
2.056359
2.309589
2.546541
2.748449
3.030220
3.097818
3.251795
3.307034
3.357373
3.374221
3.413236
3.468677
3.484625
3.470328
3.465198
3.456477
3.502563
3.487582
3.474112
3.472653
3.448430
3.428609
3.422822
3.386240
3.315955
3.207316
3.056390
2.652217
2.342268
2.097370
1.843446
1.570617
1.324273
1.107124
0.953575
0.823286
0.717878
0.454067
0.352653
0.287004
0.116614
0.106926
0.080604
0.072213
0.039426
0.034247
0.000834
0.000810
0.000242
0.000106
0.003693
0.044769
0.024367
0.008979
0.007379
0.005474
0.009067
0.005697
0.005839
0.005759
0.005293
0.000130
0.000123
0.000181
0.035106
0.042440
0.047042
0.050890
0.049642
0.045592
0.043773
0.037614
0.033130
0.031467
0.017045
0.016642
0.010306
0.009688
0.009371
0.008400
0.007573
0.006904
0.000282
0.000700
0.000831
0.000923
0.000826
0.000469
0.001125
0.001428
0.001581
0.001567
0.000824
0.001264
0.001873
0.000042
0.000062
0.000766
0.001007
0.001252
0.001502
0.001553
0.001673
0.000643
0.003346
0.003327
0.007457
0.013843
0.017524
0.027277
0.212403
0.221984
0.227110
0.233868
0.242221
0.249198
0.255946
0.260523
0.001325
0.000216
0.000388
0.000952
0.007172
0.280126
0.284768
0.283071
0.275806
0.264394
0.246608
0.233265
0.213872
0.201506
0.175927
0.163840
0.022319
0.059422
0.057911
0.058530
0.000755
0.030447
0.067226
0.066742
0.085318
0.091413
0.099840
0.133621
0.134508
0.132934
0.123276
0.111579
0.001726
0.076028
0.075537
0.075740
0.050558
0.069435
0.076370
0.077744
0.003019
0.003012
0.089506
0.090727
0.067855
0.059133
0.059427
0.008819
0.000312
0.000892
0.001888
0.000077
0.000848
0.216610
0.251450
0.273119
0.336668
0.389619
0.471070
0.488575
0.524739
0.562670
0.585880
0.591081
0.565929
0.518196
0.482985
0.446140
0.277615
0.114889
0.087616
0.068036
0.052536
0.008197
0.007878
0.007281
0.007252
0.007269
0.007350
0.007262
0.007436
0.006685
0.005861
0.003962
0.000060
0.000043
0.000043
0.000053
0.000187
0.000249
0.000137
0.000079
0.000801
0.011607
0.030932
0.054355
0.157991
0.246104
0.250815
0.250278
0.253877
0.258060
0.239640
0.233460
0.214873
0.206436
0.144807
0.142624
0.139649
0.136534
0.104497
0.094882
0.103695
0.104006
0.104875
0.103907
0.101123
0.028825
0.005473
0.005204
0.000265
0.000190
0.000197
0.050326
0.052126
0.058381
0.136750
0.145105
0.145885
0.151008
0.152907
0.158445
0.155389
0.152862
0.164037
0.163014
0.092382
0.013146
0.012630
0.013145
0.029986
0.043283
0.045955
0.078631
0.086773
0.106193
0.178087
0.213876
0.258255
0.467262
0.497298
0.535302
0.546039
0.558219
0.537722
0.525211
0.092728
0.081144
0.054660
0.049670
0.012870
0.008202
0.001812
0.003500
0.005454
0.006472
0.006638
0.006985
0.006869
0.007854
0.007961
0.008400
0.006566
0.011202
0.083850
0.069828
0.095038
0.105558
0.165764
0.188645
0.192840
0.144401
0.154788
0.178669
0.216036
0.229036
0.301569
0.308402
0.301467
0.281928
0.266819
0.218011
0.170050
0.117939
0.116800
0.021364
0.020793
0.020677
0.021267
0.020291
0.009973
0.006737
0.007458
0.008117
0.014689
1.219050
1.437999
1.652523
1.902490
2.126883
2.421568
2.805283
3.171614
3.615139
4.119079
4.783014
5.361377
5.997195
6.222689
6.419504
6.876290
6.981338
6.969652
6.951626
6.938476
6.780265
6.641184
6.408619
5.992825
5.854498
5.148469
4.538504
3.866669
3.315444
2.706176
2.367954
0.009222
1.145101
1.022136
0.078443
0.186602
0.181537
0.099249
0.067554
0.063631
0.014806
0.008116
0.008359
0.008336
0.014567
0.020165
0.001056
0.041068
0.047869
0.355122
0.410326
0.511774
1.503621
1.793249
1.980002
2.309732
2.841903
3.217239
3.647125
4.065953
4.600502
0.002175
0.003311
0.019716
5.042319
5.388945
0.002432
0.008682
0.010353
0.011266
0.011429
0.011372
0.011590
0.011650
0.012746
0.013521
0.014610
0.048970
0.002862
0.004156
0.071893
6.125074
6.800149
7.048036
7.106496
7.121774
7.122086
7.122318
7.102275
6.949471
6.793808
6.553611
6.316937
6.103137
5.620673
5.036516
4.290813
4.075664
0.258677
0.049649
0.001131
0.000955
0.000402
0.000294
0.000125
0.000049
0.000073
0.000048
0.000051
0.000028
0.000017
0.000033
0.000033
0.000036
0.000035
0.000018
0.000019
0.000016
0.000018
0.000031
0.000015
0.000011
0.000006
0.000003
0.000003
0.000007
0.000013
0.000040
0.000005
0.000007
0.000016
0.000017
0.000029
0.000055
0.000086
0.000173
0.047653
3.439531
3.639752
3.801947
4.195450
4.615143
4.711276
4.644713
4.797151
4.845463
5.011482
5.124978
5.205669
5.192755
0.024460
5.175468
5.232058
5.299460
5.400015
5.547452
5.621208
5.694439
5.869164
6.057853
6.140668
0.004075
0.003007
0.001687
0.001371
0.001640
0.000136
0.000075
0.000053
0.000037
0.000020
0.000029
0.000026
0.000024
0.000009
0.000015
0.000017
0.000018
0.000019
0.000040
0.000004
0.000003
0.000004
0.000008
0.000009
0.000008
0.000036
0.000039
0.000027
6.149835
6.257703
6.441188
6.575468
6.670805
6.842878
7.312622
7.331633
7.350556
7.361804
7.378213
7.389115
7.390631
7.371380
7.351596
7.332944
7.272805
7.234865
7.216190
7.190408
7.153164
6.989224
6.858794
6.744943
6.555363
6.432872
6.376014
6.310721
6.249558
6.186881
0.011091
6.169895
6.099130
6.017021
5.948357
5.888199
5.893803
5.857332
5.827446
5.820440
5.829780
5.801644
5.995700
6.030491
0.001104
0.000821
0.003493
0.004625
6.103550
6.191715
0.003669
0.001297
0.001111
0.000977
0.001133
0.001122
0.001365
6.228062
6.361924
6.498926
6.615702
6.577253
6.528287
6.430419
6.134937
5.944415
5.781014
5.477367
0.013621
4.837881
4.504093
4.285367
4.089077
3.818202
3.521027
3.308803
3.078591
2.860554
2.650081
2.432760
2.205794
0.022266
0.022133
0.011539
0.002093
0.001856
0.001091
0.534128
0.640564
0.630100
0.632815
1.379057
1.414963
1.632964
1.626676
0.016990
2.650427
2.851880
3.252167
3.581289
0.037002
0.009745
0.000002
0.000002
0.000002
0.000003
4.417474
5.400816
6.102512
7.044233
7.132682
7.226716
7.263189
7.281860
7.282836
7.286778
0.008476
7.238014
7.240321
7.239820
7.227370
7.162023
6.677517
6.632740
6.528545
6.687670
6.768960
6.811106
6.823974
6.827175
6.899037
6.913919
6.940174
6.957215
6.982657
6.997089
6.950090
6.951520
6.960884
6.978245
7.017763
7.093083
7.481504
7.522176
7.514513
7.524577
7.527028
7.538866
7.498573
7.460101
7.428828
7.373153
7.298786
0.006893
0.006193
0.005306
0.005155
0.004787
0.000651
0.000639
0.000012
0.000012
0.000012
0.000008
0.000005
0.000005
0.004173
7.129694
6.918484
6.801403
6.656116
6.309716
6.014841
5.785205
5.201548
4.707807
3.774008
0.239996
0.205760
2.143916
1.953540
1.859021
1.877024
1.834831
0.015603
0.004013
2.039860
2.149685
2.188222
2.283783
2.214203
2.263515
2.389309
2.487585
2.571731
2.610699
2.662303
2.926973
3.044245
3.082824
3.468953
3.926925
4.224703
4.565730
4.855412
5.507963
6.087058
6.176579
6.262756
6.492213
6.565938
6.580914
6.591044
6.612881
6.638010
6.661510
6.649490
6.629601
6.650596
6.654325
6.663878
6.900779
6.887031
6.883125
6.856311
6.830019
6.776893
6.768233
6.516707
6.381513
6.279641
6.151261
6.122165
6.045441
0.076183
6.133473
6.246529
6.345655
6.497722
6.656008
6.707572
6.733895
6.839442
6.876467
6.812901
6.776770
6.751769
6.655890
6.500014
6.076048
5.652648
5.206700
0.035119
4.720856
4.353550
3.969233
3.681737
0.223561
0.006469
0.004619
0.006048
2.848600
2.728239
2.549926
0.002136
0.001815
0.003872
0.008461
0.008660
0.009047
0.009101
0.008573
0.007882
0.007615
0.007630
0.006674
0.001034
0.006436
0.007034
2.332317
2.283517
2.235208
2.163973
2.104057
2.014416
1.946778
1.867540
1.702782
1.624908
1.379294
1.413313
1.290680
0.019746
0.013683
0.008421
0.007403
0.007568
0.001420
0.000950
0.001325
0.001643
0.002356
0.003852
1.044584
1.118786
1.107393
1.045367
1.033524
1.009418
0.009082
0.005176
0.000678
0.025090
0.026066
0.037687
1.436535
1.459086
1.458047
1.384360
1.307499
1.244319
1.019427
1.009121
0.973054
0.970374
0.361304
0.220897
0.226270
0.214337
0.213574
0.215014
0.214150
0.224427
1.511281
1.664976
1.845324
1.982577
2.165808
2.364847
2.565618
2.825214
2.931626
0.141070
3.495721
3.919186
0.006808
0.029907
4.466760
4.866918
5.126093
5.526685
5.633423
5.784704
5.877326
5.966279
6.058636
6.057684
5.916606
5.799197
5.760588
5.680533
5.595368
5.403744
5.265895
5.095092
4.837350
4.662295
4.512229
4.377999
4.283350
4.219362
4.154583
4.081961
4.032646
4.018546
3.991913
4.004547
4.053302
4.117614
4.206172
4.320444
4.482572
4.638270
4.790946
5.028041
5.161126
5.294002
5.479863
5.721541
5.778585
5.792813
5.810882
5.849535
5.786035
5.711405
5.668127
5.577048
5.474982
5.414301
5.298124
5.400295
0.006406
0.022341
0.020765
5.331700
0.016529
5.166226
5.109536
5.088511
5.000312
5.113471
5.050461
5.072848
5.316455
5.413909
5.550716
5.708583
5.799953
5.849334
5.878919
5.885928
5.955630
6.055764
6.151792
6.287605
6.378554
6.458051
6.558445
6.668193
6.803047
7.053592
7.313861
7.323221
7.334853
7.357528
7.397251
7.406154
7.423097
7.450748
7.478609
7.501951
7.526608
7.537865
7.540206
7.544227
7.551736
7.553211
7.536333
7.519801
7.462179
7.390366
7.206916
6.796334
6.186854
5.660034
0.018986
0.004776
0.002413
0.000980
0.000201
0.000073
0.000051
0.000042
0.000040
0.000038
0.000051
0.000036
0.000041
0.000031
0.000042
0.000111
0.000218
0.000545
0.000804
0.000842
5.143061
5.094651
5.081363
5.013243
4.948101
4.977900
5.001749
5.019808
4.997668
4.975261
4.967625
4.937193
4.910504
0.003675
0.003439
0.001595
0.000363
0.000234
0.000159
0.000161
0.000201
0.003215
4.759397
4.784272
4.780082
4.770228
4.764559
4.753265
4.649687
4.357281
4.065428
3.752061
3.565459
3.425981
3.112398
2.836985
2.588420
2.276810
1.985355
1.770736
0.622016
0.402827
0.028654
0.010623
0.009272
0.009038
0.009129
0.009771
0.028248
0.647733
0.753054
0.744781
0.656966
0.598474
0.564866
0.421243
0.382648
0.363353
0.085149
0.067275
0.063223
0.054370
0.008037
0.008794
0.042925
0.049167
0.116376
0.297985
0.123015
0.123665
0.009943
0.002218
0.001997
0.004659
0.002969
0.002327
0.002036
0.001506
0.000464
0.001763
0.002139
0.004201
0.560676
0.569673
0.576400
0.559457
0.519056
0.440128
0.376686
0.322712
0.258059
0.236386
0.228355
0.221286
0.213264
0.136234
0.128011
0.095898
0.083582
0.082482
0.081717
0.079890
0.000254
0.002145
0.002098
0.001936
0.000036
0.000064
0.000122
0.003072
0.006457
0.096558
0.082591
0.107776
0.105006
0.100719
0.107876
0.109491
0.080144
0.102571
0.106222
0.134068
0.139718
0.146312
0.150504
0.028924
0.027048
0.025855
0.000466
0.001055
0.001776
0.001796
0.000024
0.000021
0.000025
0.000031
0.000048
0.000116
0.002063
0.017003
0.049248
0.289504
0.322230
0.345844
0.344885
0.286427
0.247542
0.238272
0.166467
0.126364
0.121513
0.113390
0.074009
0.073001
0.000300
0.001266
0.000039
0.000075
0.000048
0.000045
0.000021
0.000041
0.000010
0.000104
0.000132
0.001000
0.000810
0.158114
0.159580
0.125290
0.126399
0.085674
0.012216
0.000485
0.000404
0.000316
0.000279
0.000247
0.000029
0.000014
0.000045
0.000048
0.000008
0.000038
0.000036
0.000002
0.000002
0.000000
0.000001
0.000000
0.000002
0.000002
0.000002
0.000003
0.000002
0.000046
0.000053
0.000000
0.000000
0.000000
0.000001
0.000001
0.000153
0.000160
0.000169
0.000177
0.000183
0.000194
0.000199
0.000179
0.000017
0.000013
0.000008
0.000008
0.000007
0.000006
0.000001
0.000001
0.000002
0.000004
0.000001
0.000002
0.000002
0.000003
0.000003
0.000003
0.000002
0.000002
0.000008
0.000001
0.000001
0.000002
0.000000
0.000002
0.000001
0.000001
0.000000
0.000001
0.000002
0.000040
0.000041
0.000040
0.000039
0.000000
0.000000
0.000000
0.000000
0.000000
0.000001
0.000001
0.000001
0.000001
0.000075
0.000074
0.000001
0.000001
0.000000
0.000001
0.000001
0.000000
0.000003
0.000003
0.000004
0.000001
0.000004
0.000003
0.000001
0.000001
0.000000
0.000000
0.000000
0.000001
0.000002
0.000007
0.000006
0.000006
0.000007
0.000002
0.000002
0.000002
0.000002
0.000181
0.000178
0.000146
0.000117
0.000106
0.000095
0.000012
0.000012
0.000032
0.000030
0.000030
0.000034
0.000035
0.000033
0.000034
0.000004
0.000004
0.000032
0.000042
0.000040
0.000038
0.000039
0.000029
0.000021
0.000000
0.000000
0.000000
0.000000
0.000000
0.000000
0.000000
0.000000
0.000000
0.000000
0.000001
0.000001
0.000003
0.000748
0.000765
0.000789
0.000808
0.000816
0.000843
0.000857
0.000867
0.000890
0.000895
0.000861
0.000831
0.000709
0.000658
0.000012
0.000008
0.000007
0.000002
0.000002
0.000003
0.000001
0.000002
0.000000
0.000000
0.000000
0.000000
0.000000
0.000000
0.000000
0.000000
0.000000
0.000000
0.000000
0.000000
0.000000
0.000000
0.000001
0.000001
0.000156
0.000177
0.000179
0.000186
0.000198
0.000192
0.000190
0.000181
0.000170
0.000025
0.000002
0.000001
0.000000
0.000000
0.000000
0.000000
0.000000
0.000000
0.000000
0.000026
0.000028
0.000033
0.000035
0.000039
0.000037
0.000034
0.000034
0.000034
0.000036
0.000040
0.000045
0.000049
0.000052
0.000054
0.000057
0.000064
0.000063
0.000063
0.000065
0.000065
0.000064
0.000060
0.000000
0.000000
0.000000
0.000000
0.000000
0.000000
0.000000
0.000000
0.000000
0.000000
0.000000
0.000000
0.000005
0.000006
0.000006
0.000004
0.000000
0.000000
0.000000
0.000000
0.000000
0.000000
0.000000
0.000000
0.000000
0.000000
0.000001
0.000001
0.000001
0.000001
0.000024
0.000030
0.000039
0.000047
0.000055
0.000058
0.000049
0.000039
0.000035
0.000033
0.000032
0.000033
0.000035
0.000038
0.000043
0.000050
0.000053
0.000055
0.000051
0.000046
0.000043
0.000041
0.000040
0.000039
0.000038
0.000039
0.000039
0.000043
0.000053
0.000063
0.000083
0.000092
0.000109
0.000108
0.000107
0.000107
0.000108
0.000110
0.000108
0.000110
0.000116
0.000119
0.000125
0.000142
0.000166
0.000198
0.000237
0.000262
0.000286
0.000299
0.000326
0.000324
0.000330
0.000322
0.000307
0.000302
0.000294
0.000236
0.000216
0.000200
0.000004
0.000002
0.000001
0.000001
0.000001
0.000000
0.000000
0.000000
0.000000
0.000000
0.000000
0.000000
0.000000
0.000000
0.000000
0.000001
0.000086
0.000100
0.000111
0.000109
0.000108
0.000108
0.000110
0.000111
0.000110
0.000114
0.000124
0.000126
0.000129
0.000124
0.000121
0.000120
0.000121
0.000001
0.000001
0.000001
0.000001
0.000003
0.000003
0.000003
0.000150
0.000153
0.000152
0.000153
0.000143
0.000137
0.000126
0.000123
0.000124
0.000128
0.000142
0.000149
0.000134
0.000004
0.000002
0.000001
0.000001
0.000001
0.000001
0.000002
0.000002
0.000007
0.000007
0.000015
0.001050
0.001091
0.001163
0.001201
0.001207
0.001209
0.001200
0.001191
0.001144
0.001073
0.001014
0.000142
0.000017
0.000011
0.000002
0.000000
0.000000
0.000000
0.000000
0.000000
0.000000
0.000000
0.000000
0.000000
0.000000
0.000000
0.000000
0.000000
0.000000
0.000000
0.000000
0.000001
0.000003
0.000001
0.000001
0.000092
0.000110
0.000117
0.000117
0.000081
0.000047
0.000050
0.000057
0.000931
0.000974
0.000982
0.000992
0.000990
0.000987
0.000984
0.000960
0.000930
0.000901
0.000887
0.000880
0.000880
0.000882
0.000898
0.000923
0.000924
0.000923
0.000925
0.000930
0.000928
0.000915
0.000909
0.000905
0.000907
0.000888
0.000873
0.000864
0.000856
0.000822
0.000795
0.000734
0.000695
0.000694
0.000696
0.000710
0.000716
0.000743
0.000751
0.000757
0.000882
0.000887
0.000884
0.000887
0.000890
0.000892
0.000870
0.000746
0.000604
0.000532
0.000501
0.000460
0.000413
0.000392
0.000372
0.000366
0.000306
0.000219
0.000015
0.000013
0.000004
0.000001
0.000002
0.000002
0.000001
0.000001
0.000002
0.000003
0.000008
0.000263
0.000261
0.000264
0.000267
0.000233
0.000195
0.000155
0.000123
0.000101
0.000091
0.000081
0.000067
0.000050
0.000042
0.000037
0.000034
0.000031
0.000016
0.000001
0.000000
0.000000
0.000000
0.000000
0.000000
0.000000
0.000000
0.000000
0.000000
0.000000
0.000000
0.000000
0.000000
0.000011
0.000011
0.000011
0.000011
0.000009
0.000006
0.000005
0.000004
0.000003
0.000000
0.000000
0.000000
0.000004
0.000005
0.000006
0.000007
0.000009
0.000010
0.000010
0.000010
0.000008
0.000006
0.000000
0.000000
0.000000
0.000003
0.000003
0.000003
0.000003
0.000003
0.000000
0.000000
0.000000
0.000002
0.006356
0.006465
0.024571
0.024653
0.024749
0.024750
0.024759
0.024766
0.000000
0.000000
0.000000
0.000000
0.000000
0.000000
0.000000
0.000000
0.000000
0.000000
0.000000
0.000000
0.000000
0.000000
0.000000
0.000000
0.000000
0.000000
0.000000
0.000000
0.000000
0.000000
0.000000
0.000001
0.000000
0.000000
0.000000
0.000000
0.000000
0.000000
0.000003
0.000002
0.000011
0.000068
0.000072
0.000091
0.000992
0.001089
0.001257
0.001382
0.001490
0.001599
0.001714
0.001696
0.001676
0.001656
0.001659
0.001706
0.001747
0.001819
0.001866
0.001897
0.001880
0.001880
0.001821
0.001799
0.001802
0.001811
0.001792
0.001657
0.000007
0.000004
0.000001
0.000000
0.000000
0.000000
0.000000
0.000000
0.000000
0.000000
0.000000
0.000000
0.000000
0.000000
0.000000
0.000000
0.000000
0.000000
0.000000
0.000000
0.000000
0.000000
0.000000
0.000000
0.000000
0.000000
0.000000
0.000002
0.000004
0.000019
0.002477
0.002680
0.002784
0.002798
0.002830
0.002859
0.002886
0.002887
0.002905
0.002911
0.002911
0.002894
0.002883
0.002881
0.002850
0.002554
0.002468
0.002424
0.002375
0.002344
0.002014
0.001772
0.001545
0.001375
0.001168
0.001018
0.000000
0.000000
0.000000
0.000000
0.000000
0.000000
