0.051948
0.047499
0.020511
0.015499
0.000776
0.000412
0.000052
0.000031
0.000025
0.000021
0.000011
0.000019
0.000589
0.000719
0.001234
0.001317
0.001384
0.002141
0.002376
0.004108
0.004136
0.002865
0.002094
0.002288
0.002304
0.002185
0.002125
0.002053
0.002015
0.001899
0.001852
0.001499
0.001286
0.001015
0.000791
0.000662
0.000561
0.000359
0.000186
0.000165
0.000213
0.004305
0.004448
0.004498
0.000031
0.000015
0.000012
0.000009
0.000008
0.000007
0.000001
0.000000
0.000000
0.000000
0.000000
0.000000
0.000060
0.000052
0.000058
0.000136
0.000000
0.000000
0.000000
0.000000
0.000000
0.000000
0.000000
0.000000
0.000000
0.000000
0.000000
0.000000
0.000034
0.000000
0.000000
0.000000
0.000000
0.000000
0.000000
0.000000
0.000000
0.000000
0.000000
0.000001
0.000001
0.000002
0.002747
0.002962
0.003405
0.003737
0.004006
0.001251
0.001268
0.001334
0.001401
0.001500
0.001583
0.001789
0.001851
0.001859
0.002065
0.002106
0.002177
0.002290
0.002488
0.002485
0.002489
0.002373
0.000016
0.000182
0.000186
0.000169
0.000011
0.000010
0.000103
2.763043
2.603669
2.342630
2.027226
1.732610
1.481116
1.266687
0.002035
0.001540
0.000003
0.000007
0.001130
0.004768
0.034425
0.063782
0.289658
0.406789
0.436762
0.000899
0.000688
0.001386
0.002089
0.409831
0.371856
0.321834
0.084728
0.062735
0.058539
0.015667
0.000368
0.000001
0.000002
0.000002
0.000003
0.000002
0.000002
0.000004
0.000004
0.000004
0.000003
0.000005
0.000005
0.000004
0.000003
0.000006
0.000003
0.000003
0.007204
0.095145
0.430115
0.001509
0.000246
0.000202
0.000620
0.000876
0.001055
0.001166
0.001131
0.000584
0.001317
0.697325
0.673007
0.639961
0.598317
0.304713
0.382096
0.388868
0.338848
0.277729
0.269274
0.262065
0.249307
0.194680
0.188553
0.182049
0.175158
0.147090
0.143099
0.131817
0.080688
0.049541
0.031643
0.010633
0.008820
0.008931
0.008439
0.000171
0.000062
0.000049
0.004760
0.004715
0.004561
0.000367
0.000016
0.000016
0.000010
0.000008
0.000005
0.000049
0.000048
0.000051
0.000043
0.000056
0.000076
0.000016
0.000014
0.000013
0.000014
0.000011
0.000013
0.000011
0.000009
0.000009
0.000009
0.000019
0.000021
0.000013
0.000030
0.000017
0.000038
0.000067
0.000018
0.000219
0.000222
0.000023
0.000019
0.000022
0.000013
0.000012
0.000011
0.000028
0.000018
0.000018
0.000066
0.000041
0.000049
0.000074
0.000177
0.000299
0.000042
0.000080
0.000073
0.000085
0.000015
0.000017
0.000076
0.000030
0.000016
0.000012
0.000011
0.000026
0.000022
0.000028
0.000036
0.000026
0.000019
0.000021
0.000020
0.000029
0.000408
0.000074
0.000065
0.000071
0.000181
0.000281
0.000108
0.000084
0.000690
0.003726
0.038366
0.045881
0.070010
0.070847
0.074547
0.078173
0.291160
0.307114
0.311347
0.313779
0.420153
0.438663
0.440486
0.379180
0.345129
0.328380
0.270897
0.081404
0.074008
0.069232
0.024914
0.023180
0.000903
0.013074
0.012879
0.133516
0.343038
0.350855
0.557140
0.587086
0.620677
0.630757
0.482748
0.459391
0.376116
0.157458
0.144447
0.121146
0.030242
0.026307
0.000116
0.000053
0.000058
0.000026
0.000015
0.000017
0.000022
0.000024
0.000040
0.000046
0.000031
0.000039
0.000036
0.000032
0.000256
0.000065
0.000226
0.000083
0.000055
0.000052
0.000042
0.000041
0.000034
0.000054
0.000080
0.000077
0.000034
0.000044
0.000092
0.000325
0.000254
0.000168
0.000596
0.000190
0.000101
0.000545
0.000368
0.000152
0.000145
0.000135
0.000105
0.000249
0.000320
0.027648
0.030708
0.031212
0.054590
1.188819
1.341840
1.484888
1.638348
1.620643
1.490975
1.158184
0.943640
0.702348
0.578002
0.037886
0.028947
0.061096
0.067563
0.115417
0.357993
0.338762
0.390162
0.486116
2.400913
2.739819
3.124310
3.511541
3.947313
4.559150
5.208658
6.158702
7.133090
7.948638
8.997596
9.498648
9.578638
9.638355
9.724394
9.760437
9.835701
9.869047
9.908957
9.940993
9.979979
9.981786
9.988778
9.989951
9.995303
9.997752
9.997983
9.997298
9.996737
9.994672
9.983378
9.978444
9.976236
9.954944
9.919439
9.890752
9.872126
9.843227
9.790942
9.708280
9.664680
9.610031
9.538927
9.275841
8.285155
7.859360
7.615974
7.530887
0.079750
7.110441
7.391599
7.522673
7.663662
7.883102
8.198596
8.635586
9.068524
9.377336
9.504688
9.743797
9.788607
9.802727
9.826907
9.846671
9.871607
9.905392
9.940278
9.986565
9.993637
9.994266
9.992926
9.991226
9.992440
9.997037
9.999364
9.999213
9.998759
9.998426
9.997557
9.992699
9.979225
9.977953
9.971495
9.971288
9.971563
9.975626
9.978754
9.982659
9.989624
9.988788
9.986061
9.986348
9.988925
9.992007
9.995397
9.996667
9.998206
9.999018
9.999696
9.999836
9.999752
9.999596
9.999497
9.999650
9.999483
9.998835
9.993746
9.986477
9.905865
9.751839
9.536588
9.314322
8.629323
8.330787
8.073847
7.919159
7.811127
7.700742
7.603001
7.453190
7.201991
6.696168
6.377562
6.107152
6.244649
5.441686
4.740959
4.270212
3.501290
2.750339
2.214514
2.008959
1.832552
1.624687
1.259438
1.094951
1.014276
0.942047
0.869807
0.798043
0.566045
0.276136
0.168258
0.068291
0.059178
0.017960
0.000052
0.000051
0.000045
0.000032
0.000021
0.000015
0.000015
0.000021
0.000017
0.000012
0.000007
0.000018
0.000019
0.000016
0.000006
0.000007
0.000010
0.000004
0.000007
0.000012
0.000012
0.000019
0.000016
0.000006
0.000010
0.000011
0.000009
0.000009
0.000006
0.000004
0.000003
0.000008
0.000005
0.000008
0.000010
0.000006
0.000007
0.000011
0.000009
0.000004
0.000005
0.000011
0.000551
0.000523
0.000036
0.000014
0.000016
0.000016
0.000022
0.000016
0.000015
0.000031
0.000040
0.000033
0.000016
0.000012
0.000009
0.000020
0.001399
0.001567
0.001618
0.001609
0.001627
0.001339
0.001072
0.000025
0.000012
0.000007
0.000007
0.000007
0.000007
0.000004
0.000004
0.000004
0.000006
0.000005
0.000004
0.000008
0.000007
0.000025
0.000017
0.000015
0.000003
0.000004
0.000013
0.000526
0.000658
0.000632
0.000641
0.000663
0.000567
0.000565
0.000449
0.000008
0.000005
0.000004
0.000002
0.000002
0.000010
0.000009
0.000009
0.000015
0.000041
0.003159
0.003729
0.003976
0.004179
0.004226
0.004097
0.004108
0.004171
0.004316
0.004562
0.004621
0.005276
0.005517
0.005033
0.005038
0.005036
0.000006
0.000005
0.000004
0.000003
0.000008
0.000003
0.000001
0.000000
0.000001
0.000000
0.000000
0.000000
0.000000
0.000000
0.000000
0.000000
0.000000
0.000000
0.000000
0.000000
0.000000
0.000000
0.000001
0.000000
0.000000
0.000000
0.000000
0.000000
0.000000
0.000000
0.000000
0.000000
0.000000
0.000000
0.000000
0.000000
0.000000
0.000000
0.000000
0.000000
0.000000
0.000000
0.000516
0.047202
0.045580
0.252429
0.249297
0.176208
0.113865
0.111552
0.106567
0.044067
0.018635
0.000297
0.000163
0.000005
0.000001
0.000092
0.000102
0.000123
0.000115
0.000012
0.000012
0.000154
0.000192
0.000209
0.000217
0.000231
0.000248
0.000253
0.000229
0.000189
0.000178
0.000040
0.000053
0.000280
0.000342
0.000384
0.000416
0.000474
0.000540
0.000522
0.000496
0.000472
0.000435
0.000410
0.000387
0.000365
0.000329
0.000294
0.000054
0.000063
0.000072
0.000101
0.000900
0.001043
0.001106
0.001110
0.001071
0.000775
0.000021
0.000017
0.000009
0.000010
0.000003
0.000005
0.000113
0.000446
0.000484
0.000574
0.000530
0.000490
0.000471
0.000470
0.000475
0.000479
0.000425
0.000035
0.000036
0.000038
0.000788
0.000889
0.001075
0.001093
0.001110
0.001091
0.000993
0.000898
0.000110
0.000109
0.000105
0.000720
0.000768
0.000677
0.000610
0.000584
0.000578
0.000573
0.000569
0.000513
0.000471
0.000429
0.000382
0.000359
0.000340
0.000306
0.000268
0.000230
0.000219
0.000189
0.000175
0.000105
0.000002
0.000007
0.000007
0.000007
0.000008
0.000001
0.000001
0.000000
0.000000
0.000000
0.000000
0.000000
0.000000
0.000000
0.000000
0.000000
0.000001
0.000000
0.000000
0.000001
0.000000
0.000000
0.000000
0.000000
0.000000
0.000000
0.000000
0.000000
0.000000
0.000000
0.000000
0.000001
0.000001
0.000001
0.000001
0.000001
0.000007
0.000026
0.000076
0.002099
0.002123
0.002192
0.001999
0.001253
0.001853
0.001946
0.002084
0.002118
0.002151
0.002167
0.002213
0.002316
0.002453
0.002449
0.002442
0.002301
0.001968
0.001855
0.001781
0.000114
0.000115
0.000116
0.000093
0.000099
0.003009
0.003708
0.004014
0.004000
0.003906
0.003858
0.003832
0.003735
0.003722
0.003721
0.003633
0.003557
0.003499
0.003339
0.003113
0.002729
0.000756
0.000739
0.001536
0.001721
0.001899
0.001927
0.001992
0.002077
0.002160
0.002269
0.002282
0.002329
0.002437
0.002465
0.002432
0.002265
0.002181
0.002080
0.001723
0.001602
0.001266
0.000935
0.000642
0.000503
0.000448
0.000398
0.000363
0.000334
0.000315
0.000289
0.000268
0.000169
0.000007
0.000002
0.000002
0.000001
0.000001
0.000001
0.000000
0.000000
0.000000
0.000000
0.000001
0.000001
0.000052
0.000172
0.000119
0.000717
0.000112
0.000135
0.000086
0.000115
0.000065
0.000064
0.000060
0.000062
0.000075
0.000086
0.002482
0.002429
0.002417
0.002430
0.000027
0.000026
0.000025
0.000025
0.000020
0.000001
0.000000
0.000000
0.000001
0.000000
0.000000
0.000000
0.000000
0.000000
0.000000
0.000000
0.000000
0.000000
0.000000
0.000000
0.000000
0.000018
0.000029
0.000038
0.000044
0.000043
0.000039
0.000037
0.000035
0.000030
0.000007
0.000008
0.000009
0.000179
0.000273
0.000341
0.000354
0.000356
0.000359
0.000358
0.000358
0.000363
0.000353
0.000349
0.000323
0.000000
0.000000
0.000000
0.000000
0.000000
0.000000
0.000000
0.000000
0.000000
0.000000
0.000000
0.000000
0.000000
0.000000
0.000000
0.000000
0.000000
0.000000
0.000000
0.000000
0.000000
0.000000
