0.004123
0.004050
0.021748
0.021515
0.021423
0.020557
0.019581
0.015218
0.014513
0.014295
0.005354
0.005331
0.005305
0.005255
0.005251
0.005248
0.011283
0.011634
0.012153
0.012175
0.005414
0.005488
0.005557
0.020634
0.020441
0.006147
0.004460
0.000047
0.000071
0.000185
0.000011
0.000017
0.000016
0.000016
0.000019
0.000026
0.000048
0.002348
0.002688
0.003156
0.003548
0.003619
0.003751
0.003865
0.004103
0.004314
0.004327
0.004364
0.004425
0.004487
0.004661
0.004935
0.004940
0.004755
0.004792
0.004824
0.004964
5.396155
5.335335
4.975280
4.420298
3.779225
3.389904
2.683586
1.457430
0.768353
0.236751
0.010396
0.015381
0.014901
0.013552
0.011807
0.007554
0.006922
0.006350
0.006276
0.004698
0.003590
0.000247
0.000102
0.000100
0.000091
0.000020
0.000003
0.000008
0.000007
0.000013
0.000016
0.000001
0.000001
0.000001
0.000002
0.000005
0.000013
0.001147
0.001278
0.001351
0.001380
0.001457
0.001538
0.001782
0.002026
0.002037
0.002039
0.002035
0.002058
0.001575
0.001260
0.001131
0.001037
0.000982
0.000946
0.000935
0.000929
0.000929
0.000946
0.001009
0.001069
0.000946
0.000913
0.000775
0.000707
0.000643
0.000029
0.000035
0.000008
0.000006
0.000001
0.000001
0.000002
0.000001
0.000001
0.000003
0.000004
0.000009
0.000002
0.000001
0.000001
0.000001
0.000001
0.000000
0.000000
0.000002
0.000002
0.000001
0.000001
0.000001
0.000004
0.000007
0.000008
0.000002
0.000001
0.000003
0.000003
0.000001
0.000002
0.000001
0.000002
0.000007
0.000049
0.000054
0.000060
0.003901
0.004009
0.018296
0.018624
0.030002
0.331936
1.112457
1.103442
1.134930
1.040806
0.980879
0.084448
0.027289
0.027061
0.023649
0.007037
0.016741
0.015500
0.002527
0.002522
0.002524
0.002544
0.002574
0.002617
0.002739
0.002891
0.003311
0.003618
0.004004
0.004453
0.004482
0.004527
0.004390
0.003756
0.003238
0.003079
0.001910
0.000843
0.000927
0.000924
0.007989
0.009006
0.010222
0.010510
0.010794
0.011278
0.011294
0.011428
0.011264
0.009466
0.007933
0.006900
0.006405
0.006219
0.004857
0.003771
0.003183
0.002298
0.002042
0.002089
0.008171
0.012417
0.014557
0.016073
0.018317
0.004344
0.004217
0.003575
0.001416
0.001639
0.004830
0.004815
0.004852
0.004716
0.004792
0.005489
0.006192
0.006294
0.006378
0.006440
0.006446
0.006487
0.006298
0.005320
0.005076
0.000013
0.000025
1.055266
1.058501
1.106229
1.091660
1.101807
1.137050
1.134990
1.116731
1.103558
0.947830
0.083149
0.080414
0.078084
0.077057
0.073699
0.058520
0.047002
0.044382
0.044090
0.067184
0.110239
0.121696
0.001003
0.000885
0.000865
0.002511
0.003694
0.005629
0.006070
0.007070
0.007327
0.007253
0.006902
0.006737
0.005879
0.005132
0.000504
0.000194
0.000031
0.000027
0.000024
0.000033
0.000010
0.000010
0.000011
0.000039
0.000058
0.000064
0.000100
0.001579
0.001807
0.002657
0.003986
0.005907
0.008863
0.011628
0.014501
0.016193
0.016512
0.016949
0.017779
0.017835
0.017846
0.017846
0.017847
0.017895
0.017843
0.017809
0.017785
0.017694
0.016930
0.016327
0.015936
0.015725
0.015850
0.015896
0.016119
0.016357
0.016387
0.016524
0.017360
0.017485
0.017464
0.017285
0.016711
0.014987
0.000200
0.000110
0.000087
0.000036
0.000025
0.000022
0.000017
0.081250
0.080346
0.000016
0.000051
0.004542
0.007947
0.008295
0.007995
0.007668
0.000118
0.000085
0.000080
0.000063
0.000059
0.000095
0.000092
0.000094
0.000115
0.005234
0.010243
0.011154
0.011845
0.011918
0.011756
0.011611
0.011721
0.011837
0.011851
0.011515
0.011044
0.010963
0.010979
0.010945
0.010948
0.010985
0.010976
0.010991
0.010683
0.010337
0.010098
0.009054
0.008745
0.008546
0.008472
0.007341
0.004859
0.001128
0.004060
0.005993
0.006136
0.006234
0.006244
0.006243
0.006376
0.006308
0.005696
0.005098
0.004649
0.002263
0.001502
0.002694
0.008751
0.009426
0.009471
0.009513
0.009282
0.009123
0.009167
0.009007
0.008819
0.008649
0.008692
0.009171
0.009033
0.004179
0.007365
0.010618
0.010890
0.011127
0.011122
0.010890
0.002337
0.002920
0.003250
0.003631
0.006501
0.009406
0.009902
0.010222
0.010433
0.010598
0.010844
0.010859
0.010733
0.010633
0.010570
0.010258
0.009983
0.009893
0.009992
0.010415
0.010673
0.011059
0.011684
0.011852
0.012103
0.012354
0.012434
0.012473
0.012474
0.012471
0.012415
0.012364
0.012312
0.011973
0.007198
0.005644
0.011482
0.012263
0.012329
0.012391
0.012385
0.012369
0.012335
0.012284
0.012156
0.011880
0.009136
0.006947
0.005337
0.000364
0.000360
0.004082
0.098034
0.101810
0.283977
0.834415
1.057180
1.047502
1.003729
0.946404
0.905292
0.842516
0.009867
0.035057
0.001902
0.001869
0.001880
0.001890
0.001811
0.001759
0.001733
0.001753
0.001618
0.000119
0.000033
0.000029
0.000010
0.000023
0.000022
0.000022
0.000023
0.000324
0.001663
0.003007
0.003769
0.003976
0.003989
0.004004
0.003972
0.003829
0.003733
0.003725
0.003735
0.003750
0.003713
0.003640
0.003332
0.003081
0.001518
0.001135
0.000987
0.000425
0.000426
0.000954
0.001073
0.001088
0.001115
0.001140
0.001175
0.001162
0.000914
0.000646
0.000587
0.000523
0.000051
0.000046
0.000044
0.000004
0.000028
0.000027
0.000086
0.000003
0.000015
0.000013
0.000017
0.000006
0.000087
0.000086
0.000116
0.000924
0.001032
0.001137
0.001262
0.001283
0.001266
0.001260
0.000050
0.000039
0.000027
0.000030
0.000279
0.000284
0.001570
0.002566
0.002707
0.002722
0.002742
0.002773
0.002887
0.003069
0.002968
0.002897
0.002807
0.002662
0.002502
0.002492
0.002506
0.002605
0.002586
0.002445
0.002339
0.002450
0.000044
0.000047
0.000024
0.000034
0.000005
0.000008
0.000003
0.000005
0.000005
0.000004
0.000002
0.000004
0.000002
0.000002
0.000002
0.000002
0.000003
0.000006
0.000004
0.000007
0.000011
0.000024
0.271141
0.613106
0.606831
0.586557
0.551380
0.494596
0.415546
0.395260
0.201674
0.000313
0.140556
0.136969
0.133936
0.039804
0.000042
0.007414
0.007381
0.007368
0.007398
0.007430
0.006927
0.007318
0.006966
0.006714
0.006696
0.006736
0.032620
0.031904
0.030936
0.030881
0.027890
0.037866
0.029781
0.047656
0.064185
0.109055
0.111884
0.229950
0.241033
0.258079
0.259320
0.416290
0.427081
0.044727
0.044936
0.046457
0.006029
0.005814
0.005757
0.005667
0.006021
0.005833
0.005982
0.000733
0.000707
0.000685
0.002020
0.003195
0.003460
0.000574
0.000618
0.000009
0.000057
0.000027
0.000029
0.000016
0.000021
0.000234
0.000266
0.001208
0.001930
0.001914
0.002068
0.002098
0.005798
0.528971
0.508334
0.000618
0.000782
0.000275
0.000057
0.000068
0.000066
0.000096
0.000206
0.003021
0.006124
0.010008
0.011197
0.011462
0.011830
0.015896
0.016544
0.010030
0.127713
0.362877
0.362406
0.308736
0.258165
0.239506
0.210073
0.032770
0.242219
0.259687
0.272919
0.278789
0.274417
0.297977
0.033607
0.463526
0.491396
0.516075
0.363900
0.384273
0.382503
0.371393
0.138447
0.072902
0.000953
0.000395
0.000366
0.000128
0.000114
0.000103
0.000205
0.000159
0.001361
0.002203
0.004719
0.004692
0.005234
0.006669
0.004816
0.004802
0.004557
0.003331
0.003092
0.002955
0.002905
0.002694
0.002312
0.000258
0.000268
0.000199
0.000315
0.000346
0.000192
0.000224
0.002749
0.008372
0.010138
0.010138
0.010610
0.011666
0.011587
0.012048
0.013370
0.012855
0.012796
0.012885
0.014312
0.106995
0.129730
1.247849
1.444567
1.689208
1.968145
2.496942
3.222669
4.110901
0.000050
0.000048
4.927856
5.653986
6.433144
7.386267
7.976717
8.088029
8.187540
8.322311
8.337189
8.337206
7.960851
7.468825
0.307268
0.202785
0.189186
0.262741
6.827837
7.068247
7.136686
0.095789
0.100350
7.500859
8.053571
8.163074
8.246472
8.283369
8.309429
8.259351
8.188466
8.184754
8.178228
8.166694
7.049670
3.687079
6.595381
7.461975
7.783154
8.043444
7.862440
7.712526
7.486444
0.000901
0.000542
0.000263
0.000220
0.000150
0.000150
0.000063
0.000009
0.000009
0.000007
0.000008
0.000004
0.000004
0.000003
0.000009
0.000007
0.000004
0.000008
0.000008
0.000007
0.000007
0.000006
0.000007
0.000017
0.000013
0.000012
0.000020
0.000018
0.000011
0.000007
0.000013
0.000019
0.000027
0.078874
0.071320
0.000145
0.000733
0.000888
0.001574
0.002599
7.545950
7.889801
8.139697
8.267944
8.273135
8.284848
8.303340
8.328094
8.348414
8.351000
8.348813
8.351075
8.361791
8.361127
8.360933
0.000782
0.000738
0.000791
8.439901
8.456993
8.456190
8.452596
8.451617
8.439697
8.419313
8.348462
0.000087
0.000066
0.000021
0.000012
0.000016
0.000014
0.000034
0.000067
0.000005
0.000002
0.000010
0.000010
0.000010
0.000012
0.000535
0.079677
8.098573
8.326378
8.286153
8.236694
8.173618
0.002925
0.002440
0.002235
0.002595
0.003422
0.004985
0.005392
8.151497
8.051026
7.900669
7.561635
0.075739
7.391603
7.419436
7.453373
7.456725
7.452774
7.454751
0.039244
0.000547
0.000742
0.000121
0.000342
0.000463
0.039813
7.233789
7.000817
7.637866
8.070579
8.258493
8.142960
8.239040
8.309100
8.343338
8.264115
7.738351
7.681923
7.123553
6.682251
6.337588
5.651122
4.754857
0.447388
0.104154
0.103542
0.096612
0.082403
0.072207
0.058633
0.048271
0.004835
0.002012
0.008576
0.023104
3.804086
3.572436
3.828087
3.704853
3.529457
3.354503
2.963345
2.633642
2.350018
1.724382
1.176533
0.963044
0.831701
0.595391
0.288307
0.262914
0.203877
0.006854
0.013863
0.012953
0.628858
1.080150
2.603083
3.093356
3.510345
0.019302
5.262728
5.697949
5.866140
6.082406
6.290064
6.676475
6.768761
6.840041
6.795891
6.770154
6.511470
5.527295
0.018439
0.011402
0.026306
0.024880
2.438855
0.980231
0.586650
0.594682
0.580851
0.481986
0.636477
1.011578
1.062126
2.913115
3.664343
4.303010
5.045771
5.813622
0.013942
0.020352
0.024018
6.754674
7.890730
8.046750
8.111392
8.210917
8.208453
7.863139
7.852213
7.842233
7.834670
7.847491
7.867962
7.879643
7.987804
7.984983
7.886091
7.789466
7.442815
6.431052
6.980865
7.272054
7.537443
7.829037
7.951028
8.009496
8.045905
8.061600
8.075911
8.080976
8.088805
8.093866
8.099219
8.094937
8.093031
8.092998
8.088146
8.079295
8.073999
8.066216
8.058795
8.046161
8.025701
7.989109
7.917808
0.000208
0.000087
0.000038
0.000019
0.000011
0.000007
0.000004
0.000002
0.000001
0.000001
0.000002
0.000005
0.000015
0.000018
0.000027
0.000182
0.000232
0.000358
0.000690
7.957219
7.954677
7.949903
7.948891
7.949624
7.953702
7.947461
7.945379
7.948166
7.916553
7.917488
7.917542
7.916177
7.915773
7.916779
7.917557
7.916611
7.911245
7.908979
7.892931
7.875784
0.067202
7.797627
7.784452
7.708534
7.120381
3.202088
1.283446
0.399493
0.091636
0.090459
0.000097
0.002902
0.002949
0.002845
0.002213
0.000441
0.000476
0.000478
0.001552
0.002106
0.002378
