0.071726
0.035152
0.006225
0.000005
0.000003
0.000000
0.000002
0.000001
0.000001
0.000002
0.000003
0.000004
0.000005
0.000000
0.000000
0.000000
0.000008
0.000431
0.000426
0.001746
0.003067
0.002475
0.002103
0.003550
0.003122
0.008721
0.008906
0.008129
0.008140
0.007866
0.007202
0.006362
0.006234
0.006043
0.004670
0.001467
0.000725
0.000774
0.000825
0.005546
0.005618
0.005551
0.005478
0.005379
0.005310
0.005241
0.004261
0.004194
0.004423
0.007684
0.014923
0.016141
0.018943
0.019977
0.019344
0.020277
0.019661
0.017631
0.016026
0.013258
0.012623
0.012604
0.012819
0.013077
0.012733
0.012228
0.011627
0.011385
0.011312
0.001097
0.000308
0.000165
0.000000
0.000000
0.000000
0.000000
0.000000
0.000000
0.000000
0.000000
0.000000
0.000000
0.000000
0.000000
0.000000
0.000000
0.000000
0.000000
0.000000
0.000000
0.000000
0.000000
0.000000
0.000000
0.000000
0.000000
0.000000
0.000000
0.000000
0.000000
0.000000
0.000000
0.000000
0.000000
0.000000
0.000000
0.000000
0.000000
0.000000
0.000000
0.000000
0.000000
0.000000
0.000000
0.000000
0.000000
0.000000
0.000000
0.000000
0.000000
0.000000
0.000000
0.000000
0.000000
0.000000
0.000000
0.000000
0.000000
0.000000
0.000000
0.000000
0.000000
0.000000
0.000000
0.000002
0.000002
0.000007
0.000011
0.000027
0.000003
0.000002
0.000000
0.000002
0.000004
0.000003
0.000004
0.000008
0.000005
0.000004
0.000003
0.000000
0.000000
0.000000
0.000000
0.000000
0.000000
0.000000
0.000000
0.000000
0.000000
0.000000
0.000000
0.000000
0.000000
0.000000
0.000000
0.000000
0.000000
0.000000
0.000000
0.000000
0.000000
0.000000
0.000000
0.000000
0.000000
0.000000
0.000000
0.000000
0.000000
0.000000
0.000000
0.000000
0.000000
0.000000
0.000000
0.000000
0.000000
0.000000
0.000000
0.000000
0.000000
0.000000
0.000000
0.000000
0.000000
0.000000
0.000000
0.000002
0.000000
0.000003
0.000024
0.000020
0.000016
0.000000
0.000000
0.000000
0.000000
0.000000
0.000000
0.000000
0.000000
0.000000
0.000000
0.000000
0.000000
0.000000
0.000000
0.000000
0.000000
0.000000
0.000000
0.000000
0.000000
0.000000
0.000000
0.000000
0.000000
0.000000
0.000000
0.000000
0.000000
0.000000
0.000000
0.000000
0.000000
0.000000
0.000000
0.000000
0.000000
0.000024
0.000014
0.000010
0.000010
0.000005
0.000000
0.000000
0.000000
0.000000
0.000000
0.000186
0.000029
0.000031
0.000030
0.000000
0.000000
0.000000
0.000000
0.000000
0.000000
0.000000
0.000000
0.000000
0.000000
0.000000
0.000000
0.000000
0.000000
0.000000
0.000000
0.000000
0.000000
0.000000
0.000000
0.000000
0.000000
0.000000
0.000000
0.000000
0.000000
0.000010
0.000023
0.000015
0.000000
0.000000
0.000000
0.000000
0.000058
0.010217
0.011727
0.039769
0.043717
0.051011
0.054699
0.098816
0.119788
0.143120
0.154631
0.166401
0.174817
0.171723
0.140943
0.138166
0.132855
0.000966
0.001060
0.000055
0.000038
0.000000
0.000000
0.000000
0.000000
0.000000
0.000000
0.000000
0.000000
0.000000
0.000000
0.000000
0.000000
0.000000
0.000000
0.000000
0.000000
0.000000
0.000000
0.000000
0.000000
0.000000
0.000000
0.000000
0.000000
0.000000
0.000000
0.000000
0.000000
0.000000
0.000000
0.000000
0.000000
0.000000
0.000000
0.000000
0.000000
0.000000
0.000000
0.000000
0.000000
0.000000
0.000000
0.000000
0.000000
0.000000
0.000006
0.000008
0.000010
0.000034
0.000054
0.000048
0.000140
0.000000
0.000000
0.019076
0.019671
0.011800
0.001113
0.000000
0.000000
0.000000
0.000000
0.000000
0.000000
0.000000
0.000000
0.000000
0.000000
0.000000
0.000000
0.000000
0.000000
0.000000
0.000000
0.000000
0.000000
0.000000
0.000000
0.000000
0.000000
0.000000
0.000000
0.000000
0.000000
0.000000
0.000000
0.000000
0.000000
0.000000
0.000000
0.000000
0.000000
0.000000
0.000000
0.000870
0.001180
0.097733
0.266827
0.559241
0.009373
0.000000
0.000000
0.000000
0.000000
0.000000
0.000000
0.000000
0.000000
0.000000
0.000000
0.000000
0.000000
0.000000
0.000000
0.000000
0.000000
0.000000
0.000000
0.000000
0.000000
0.000000
0.000000
0.000000
0.000000
0.000000
0.000000
0.000000
0.000000
0.000000
0.000000
0.000000
0.000000
0.000000
0.000000
0.000000
0.000000
0.000000
0.000000
0.000000
0.000000
0.000000
0.000000
0.000000
0.000000
0.000000
0.000000
0.000000
0.000000
0.000000
0.000000
0.000000
0.000000
0.000000
0.000000
0.000000
0.000000
0.000000
0.000000
0.000000
0.000000
0.000000
0.000000
0.000000
0.000000
0.000000
0.000000
0.000000
0.000000
0.000000
0.000000
0.000000
0.000000
0.000000
0.000000
0.000000
0.000000
0.000000
0.000000
0.000000
0.000000
0.000000
0.000000
0.000000
0.000000
0.000000
0.000000
0.000000
0.000000
0.000000
0.000000
0.000000
0.000000
0.000000
0.000000
0.000000
0.000000
0.000000
0.000000
0.000000
0.000000
0.000000
0.000000
0.000000
0.000000
0.000000
0.000000
0.000000
0.000000
0.000000
0.000000
0.000000
0.000001
0.000002
0.000000
0.000000
0.000000
0.000000
0.000000
0.000000
0.000000
0.000000
0.000000
0.000000
0.000000
0.000000
0.000000
0.000000
0.000000
0.000000
0.000000
0.000000
0.000000
0.000000
0.000000
0.000002
0.000003
0.000002
0.000002
0.000001
0.000001
0.000005
0.000001
0.000002
0.000000
0.000000
0.000001
0.000000
0.000000
0.000000
0.000005
0.000002
0.000001
0.000001
0.000002
0.000002
0.000000
0.000000
0.000000
0.000000
0.000001
0.000001
0.000000
0.000001
0.000002
0.000001
0.000001
0.000001
0.000004
0.000002
0.000001
0.000001
0.000002
0.000002
0.000006
0.000002
0.000001
0.000001
0.000000
0.000001
0.000001
0.000001
0.000002
0.000002
0.000001
0.000001
0.000001
0.000001
0.000001
0.000001
0.000001
0.000001
0.000012
0.000009
0.000013
0.000007
0.000026
0.000012
0.000010
0.000011
0.000002
0.000006
0.000003
0.000004
0.000023
0.000017
0.000010
0.000016
0.000020
0.080826
1.204990
2.227313
3.095507
3.662966
4.209321
4.829549
5.436214
5.888237
6.007508
6.097645
6.150541
6.174467
6.186125
6.251067
6.264462
0.000067
0.000034
0.000014
0.000007
0.000005
0.000002
0.000004
0.000032
0.000017
0.000009
0.000028
0.000030
0.000015
0.000010
0.000011
0.000006
0.000004
0.000005
0.000007
0.000006
0.000034
0.000020
0.000011
0.000025
0.000013
0.000008
0.000008
0.000004
0.000003
0.000003
0.000005
0.000014
0.000008
0.000004
0.000003
0.000007
0.000006
0.000033
0.000018
0.000008
0.000004
0.000003
0.000004
0.000012
0.000022
0.000023
0.000021
0.000037
0.000044
0.000069
0.000251
0.001031
0.004251
0.010632
6.780659
6.892461
6.908963
6.913074
6.897539
6.899950
6.902687
6.902995
6.901273
6.889173
6.820040
6.779401
6.501015
6.111185
0.033705
0.033618
0.001836
0.000629
0.001218
5.563494
5.228331
1.739827
5.259486
5.788258
6.629678
6.722232
6.771942
6.830021
6.885881
6.895224
7.034337
7.080903
7.323450
7.348163
7.364282
7.371121
7.304121
7.044268
7.102661
7.142050
7.150659
7.157158
7.144000
7.141539
7.141619
7.138147
7.128482
7.119340
7.272101
7.158523
7.180518
7.266460
7.314366
7.317165
7.313302
7.317153
7.369602
7.365302
7.360279
7.220390
7.213228
7.481158
7.575912
7.573241
7.756833
7.509806
8.389153
8.944830
9.050755
9.132345
9.141222
9.143452
9.142646
9.143405
9.143786
9.143853
9.145966
9.150281
9.156497
9.160081
9.160563
9.160464
9.160571
9.160709
9.159349
9.158481
9.156229
9.088347
8.631157
8.630987
8.629170
8.623247
8.622512
8.626100
8.628110
8.624932
8.623712
8.623716
8.621070
8.618634
8.618143
8.620518
8.617230
8.614201
8.613311
8.612154
8.611527
8.611516
8.609337
8.598493
8.554814
8.421465
8.314662
0.051574
0.022136
0.020552
0.019523
0.018928
0.016438
0.008058
0.008011
0.007862
0.007760
0.007479
0.006308
0.004907
0.003590
0.002825
0.002395
0.001919
0.001950
0.007453
0.007653
0.007858
0.007896
0.007890
0.007892
0.007890
0.007892
0.007895
0.007895
0.007887
0.007883
0.007907
0.007895
0.007871
0.007854
0.007860
0.007912
0.008004
0.008090
0.008141
0.015644
0.020985
0.023850
0.029119
8.631449
0.074802
8.614638
8.229813
7.792076
7.502927
6.187079
0.133947
7.296616
7.844433
8.732836
8.879192
8.987654
0.084297
9.344452
9.466275
9.483423
9.504119
9.514226
9.476212
9.450454
9.417578
9.401798
0.126428
9.062281
8.845845
0.940313
8.189505
8.755842
8.892891
0.190268
9.163319
9.227166
9.588760
9.610001
9.611220
9.611510
9.611032
9.610131
9.608890
9.609007
9.607146
9.596807
9.548722
9.400990
9.401565
9.404447
9.400970
9.401521
9.401152
9.401598
9.403505
9.402289
9.864384
9.856683
9.846523
9.847343
9.861493
9.878091
9.895652
9.912126
9.940056
9.955216
9.969733
9.979449
9.993369
9.996055
9.993488
9.991449
9.992417
9.996035
9.998918
9.998196
9.994010
9.987936
9.984518
9.986397
9.990383
9.995127
9.993214
9.993810
9.997646
9.999294
9.999705
9.999613
9.999403
9.994749
9.955546
9.848210
9.442986
9.442501
9.441393
9.441038
9.441012
9.440367
9.439803
9.440359
9.441227
9.439147
9.434983
9.426188
9.406361
9.350855
9.059975
0.001581
0.000895
0.000668
0.000575
0.000549
0.000052
0.000036
0.000092
0.000127
0.000030
0.000024
0.004473
0.004131
0.003951
0.003826
0.003744
0.000321
0.000368
0.000457
0.000545
0.000612
0.011540
0.013628
0.014763
0.017021
7.899516
8.046801
7.957734
8.017798
8.045173
8.052387
8.054256
8.054618
8.054739
8.054983
8.055562
8.055554
8.055550
8.054305
8.053507
8.054090
8.052315
8.047190
8.043209
8.035956
8.019639
7.997076
7.972830
7.956047
7.818850
0.052574
0.039866
0.002839
0.002528
0.001269
0.000819
0.000644
0.000633
0.000708
0.034435
0.033452
7.172655
7.199895
7.142522
0.021399
0.071423
7.581481
7.709275
7.840992
7.973158
8.033453
8.039535
8.046843
8.050124
8.055524
8.055631
8.055443
8.055434
8.055591
8.055053
8.054720
8.054452
8.054839
8.055582
8.053966
8.053071
8.053846
8.054216
8.052253
8.041346
8.030388
8.028820
8.029844
8.034310
8.026823
8.015329
7.942906
7.620762
7.216870
7.734440
8.075141
8.186327
8.196521
8.277721
8.297683
8.306307
8.273660
8.172696
8.076162
8.023328
0.114198
0.117193
8.214590
8.242669
8.263542
8.293184
8.313674
8.333783
8.337990
8.345097
8.343083
8.325671
8.316882
8.307023
8.303491
8.305772
8.309902
8.303387
8.299112
8.299986
8.302445
8.292569
8.283873
8.282392
8.281586
8.281186
8.285274
8.303764
8.489644
8.561095
8.572331
8.572235
8.571555
8.569157
8.567823
8.565803
8.560406
8.555548
8.536287
8.488290
8.350848
8.158445
8.014462
7.862141
7.754708
7.659509
7.604214
0.001906
0.001022
0.000725
0.000640
0.000194
0.000135
0.000163
7.549907
7.492968
7.376611
7.149192
6.898466
6.708903
5.009661
4.490283
3.246042
0.677779
0.003898
0.002682
0.002273
0.000176
0.000203
0.000068
0.000045
0.000014
0.000008
0.000007
0.000013
0.000014
0.000054
0.000008
0.000007
0.000009
0.000010
0.000012
0.000011
0.000019
0.000018
0.000027
0.000011
0.000013
0.000127
0.000033
0.000041
0.000028
0.000046
0.000063
0.000079
0.000144
0.000280
0.000409
0.000417
0.000489
0.000536
0.000012
0.000012
0.000012
0.000010
0.000603
0.000019
0.000008
0.000015
0.000017
0.000019
0.000158
0.000518
0.000530
0.000559
0.000526
0.000503
0.000538
0.000484
0.000469
0.000466
0.000008
0.000008
0.000005
0.000007
0.000013
0.000014
0.000014
0.000569
0.000680
0.000614
0.000635
0.000677
0.000713
0.000734
0.001074
0.001433
0.001495
0.001629
0.001623
0.001636
0.001408
0.001230
0.001140
0.001014
0.000861
0.000795
0.000766
0.000781
0.741916
0.718231
0.669923
0.595456
0.061166
0.060117
0.008456
0.005540
0.002158
0.000185
0.000131
0.000121
0.000121
0.000120
0.000124
0.000130
0.000135
0.000137
0.000140
0.000151
0.000160
0.000150
0.000149
0.000001
0.000001
0.000001
0.000001
0.000001
0.000001
0.000004
0.000730
0.017020
0.019500
0.023563
0.028482
0.332229
0.365858
