0.002704
0.002584
0.002492
0.002320
0.002033
0.001821
0.001746
0.001566
0.001452
0.000907
0.000200
0.000189
0.000762
0.002421
0.002652
0.002822
0.003118
0.009203
0.009391
0.010297
0.012291
0.012241
0.011958
0.010991
0.007607
0.007807
0.006850
0.006387
0.000035
0.000037
0.000021
0.000235
0.000232
0.000256
0.000349
0.000413
0.008534
0.010030
0.014106
0.016596
0.017407
0.017415
0.017345
0.017075
0.016997
0.017005
0.017101
0.017261
0.017712
0.000007
0.000625
0.000674
0.000758
0.000813
0.000910
0.000921
0.000909
0.000900
0.000897
0.000885
0.000890
0.000892
0.000887
0.000880
0.000874
0.000835
0.000808
0.000538
0.000368
0.000234
0.000152
0.000003
0.000003
0.000001
0.000001
0.000001
0.000001
0.000001
0.000000
0.000000
0.000000
0.000000
0.000001
0.000001
0.000000
0.000000
0.000000
0.000000
0.000000
0.000000
0.000000
0.000001
0.000005
0.000005
0.000008
0.000014
0.000116
0.000107
0.001768
0.001864
0.002341
0.002375
0.002432
0.002550
0.002919
0.003415
0.003599
0.003704
0.003997
0.004043
0.004028
0.003990
0.003965
0.003444
0.003058
0.002507
0.001148
0.002787
0.003614
0.003926
0.004136
0.005208
0.005121
0.006927
0.000028
0.000015
0.000011
0.000008
0.000010
0.000004
0.000002
0.000001
0.000000
0.000000
0.000000
0.000000
0.000000
0.000000
0.000009
0.000007
0.000004
0.000002
0.000002
0.000001
0.000000
0.000000
0.000000
0.000000
0.000001
0.000011
0.000011
0.000048
0.000052
0.000054
0.001636
0.001830
0.002305
0.002508
0.002654
0.002729
0.002839
0.003073
0.003648
0.004088
0.004129
0.004098
0.004119
0.000015
0.000011
0.000007
0.000001
0.000001
0.000001
0.000021
0.000013
0.000005
0.000003
0.000003
0.000005
0.000011
0.021836
0.022666
0.024604
0.030363
0.032269
0.033484
0.034409
0.035249
0.051333
0.053768
0.053778
0.052860
0.051590
0.006253
0.005551
0.004998
0.002786
0.000255
0.000157
0.000144
0.000030
0.000175
0.000167
0.000161
0.000162
0.000181
0.000169
0.000152
0.000158
0.000941
0.000951
0.051505
0.081452
0.121209
0.128791
0.180736
0.212348
0.224664
0.237909
0.256118
0.000457
0.000257
0.000076
0.000003
0.000006
0.000006
0.000008
0.000008
0.000007
0.000019
0.000026
0.000018
0.000091
0.000036
0.000030
0.000104
0.000108
0.000135
0.000380
0.256030
0.251874
0.247280
1.558807
0.151811
0.096264
0.035768
0.031554
0.000369
0.000274
0.012368
0.011683
0.148829
0.192105
0.210890
0.285977
0.315662
0.571773
0.000209
0.000060
0.000036
0.000022
0.000045
0.000031
0.000048
0.000040
0.000016
0.000026
0.000017
0.000012
0.000020
0.000034
0.000023
0.000033
0.000023
0.000034
0.000072
0.000077
0.000134
0.003045
0.004950
0.006125
0.007413
0.007418
0.007407
0.007392
0.007373
0.007332
0.007322
0.007283
0.007189
0.006686
0.006195
0.005764
0.005033
0.004584
0.004304
0.004043
0.003868
0.003942
0.003807
0.003793
0.003833
0.000258
0.000185
0.000091
0.000070
0.000188
0.000146
0.000132
0.000244
0.000224
0.000326
0.000431
0.001535
0.002403
1.063765
1.549664
2.572797
2.991716
3.944792
5.034499
5.663821
6.407136
7.133860
7.577151
7.711991
7.870182
7.933986
7.967272
7.967292
7.976768
7.980827
7.987958
8.005031
7.996682
7.988718
7.987476
7.985910
7.947518
0.074922
7.946378
8.006901
8.025184
8.027554
8.026499
8.019251
8.014434
8.009558
8.005293
8.001128
8.158387
8.165218
8.170028
8.158245
8.147104
8.144124
8.141657
8.132672
8.072789
7.961463
7.811902
7.226153
6.681069
0.088884
0.745282
5.393452
5.574469
5.467772
0.023747
0.029812
0.033955
0.041747
5.694168
5.960204
7.815622
7.907140
7.979045
7.995959
8.008393
8.006822
8.001249
7.995696
7.995527
7.980161
7.940239
7.902753
7.875316
7.825720
7.607329
7.423305
7.223183
7.027264
6.508442
6.053910
0.657774
0.358265
5.815181
0.049105
6.533047
7.151978
7.375343
0.128504
7.871820
8.150103
8.197582
8.260067
8.282433
8.304240
8.315145
8.317523
8.320658
8.321036
8.321308
8.321424
8.321342
8.321282
8.321449
8.321332
8.321038
8.320492
8.320315
8.320703
8.320800
8.321054
8.321342
8.319868
8.319165
8.319413
8.319872
8.318559
8.316070
8.312496
8.308241
8.304551
8.300724
8.297234
8.293754
8.289199
8.284969
8.282282
8.281357
8.261847
8.195879
8.117593
8.054865
7.939824
7.958627
7.976114
7.976477
7.974415
7.972215
7.969603
7.967053
7.964337
7.960711
7.958116
7.956296
7.953983
7.951438
7.948895
7.946191
7.942427
7.938534
7.936328
7.934185
7.931863
8.245975
8.236033
8.273363
8.275796
8.272742
8.217920
8.059068
7.899665
7.893172
0.000020
0.000009
0.000004
0.000003
0.000001
0.000001
0.000000
0.000001
0.000000
0.000001
0.000002
0.000035
0.000001
0.000001
0.000000
0.000000
0.000000
0.000000
0.000000
0.000000
0.000000
0.000001
0.000000
0.000000
0.000000
0.000000
0.000000
0.000000
0.000000
0.000000
0.000000
0.000000
0.000000
0.000001
0.000001
0.000001
0.000001
0.000002
0.000003
0.000034
0.000038
0.000056
8.017347
8.018922
8.036272
8.034266
8.033367
8.306887
8.287213
8.284623
8.200686
8.070232
8.025709
7.988828
7.970294
7.962283
7.947733
7.936713
7.931149
7.923480
7.897654
7.883756
7.874645
7.867316
8.060089
8.101243
8.073443
8.068840
8.027994
7.901454
7.881127
7.875767
7.873820
7.869957
7.849878
7.835898
7.808432
7.700807
7.548879
7.597505
7.799184
7.854714
7.889130
7.892232
7.891194
8.096970
8.104031
8.106128
8.105115
8.104596
8.107236
8.109003
8.110787
8.110206
8.110081
8.086245
8.031275
6.856273
5.769370
5.238720
1.786225
1.578187
5.125544
5.425931
6.568638
7.010310
7.417016
7.621451
7.685359
7.699856
7.700237
7.684766
0.000632
0.000332
0.000259
0.000213
0.000156
0.000190
0.000194
0.000204
0.000221
0.000327
0.000408
0.001965
7.435596
7.439901
7.445737
7.435324
7.435008
7.404275
7.403266
7.315925
6.836772
6.444071
6.113398
0.453964
0.496876
5.601966
5.993351
6.298146
6.516645
6.767501
7.029804
7.226367
7.313340
7.439224
7.533762
7.540188
7.543950
7.567269
7.571216
7.573966
7.574533
7.553076
7.553251
7.553561
7.552843
7.552855
7.552944
7.553140
7.554416
7.568116
7.572297
7.582555
7.584667
7.588360
7.589039
7.589882
7.590980
7.559262
7.663095
7.667729
7.672213
7.678263
7.865630
7.718629
7.637532
7.877002
7.832938
7.840172
7.842861
7.725639
7.845529
7.945024
7.967261
7.984792
7.992783
7.994767
7.995133
7.995607
7.996208
8.131064
8.203419
8.207986
8.414465
8.422915
8.429542
8.431177
8.435448
8.453565
8.453497
8.452588
8.453504
8.455921
8.446233
8.431278
8.325997
8.256409
7.813020
6.858289
5.846087
4.986253
4.278573
2.942594
1.800663
1.267476
0.428783
0.362202
0.322754
0.006538
0.006568
0.005199
0.002949
0.030462
0.915054
1.138898
1.674236
2.238988
3.188710
3.633718
4.219620
4.600759
4.965875
5.269680
5.805625
6.395466
6.678074
6.907148
7.139448
7.359268
7.202094
6.940052
6.716758
0.134673
0.013685
0.014174
6.808452
6.680890
6.454369
0.184758
0.013510
6.390459
7.165540
7.713143
7.834278
7.950704
8.007268
8.021804
7.982724
7.996405
7.972211
7.710965
7.711175
7.707700
7.388652
7.384223
7.382823
7.357014
7.351540
7.341971
7.324780
7.312215
7.301932
7.293211
7.282976
7.236643
6.961762
6.339741
1.306769
7.218208
7.332881
7.351487
7.353989
7.047714
7.045496
7.041136
7.037177
7.037936
7.037742
7.039440
7.043027
7.044826
7.047322
7.048006
7.054034
7.054040
7.053731
7.053218
7.052112
7.052120
7.052554
7.052623
7.052456
7.052874
7.053467
7.053130
7.047926
7.047717
7.047520
7.047705
7.047424
7.046471
6.907211
6.673782
6.833047
6.915295
7.021861
7.028670
6.755138
6.744745
6.739823
6.735980
6.728035
6.723129
6.719725
6.719534
6.502981
6.500319
6.527895
6.563848
6.593476
6.589335
6.456063
6.481832
6.501867
6.501544
6.501832
6.503510
6.504091
6.504265
6.503151
6.502235
6.502200
6.502856
6.502763
6.502991
6.503283
6.504445
6.504634
6.504722
6.504888
6.505129
6.676848
6.760907
6.761823
6.761994
6.759717
6.755759
6.752859
6.754352
6.756054
6.754960
6.757858
6.765597
6.766535
6.766587
6.765230
6.763097
6.718150
6.692041
6.678564
6.511695
6.478772
6.453507
6.430364
6.402129
6.387406
6.386852
6.261650
6.252830
6.244485
6.241782
6.237832
6.215755
6.209051
6.201408
6.200364
6.199623
6.198913
6.198234
6.195444
6.192590
6.189975
6.179161
6.145706
0.005867
0.003558
0.001432
0.000952
0.000559
0.000235
0.000040
0.000031
0.000022
0.000004
0.000007
0.000005
0.000003
0.000006
0.000005
0.000011
0.000011
0.000012
0.000002
0.000001
0.000001
0.000001
0.000005
0.000003
0.000008
0.000004
0.000030
0.000014
0.000021
0.000004
0.000002
0.000001
0.000002
0.000003
0.000005
0.000012
0.000017
0.000001
0.000002
0.000002
0.000002
0.000002
0.000014
0.000006
0.000010
0.000009
0.000003
0.000002
0.000001
0.000001
0.000001
0.000001
0.000004
0.000010
0.000010
0.000001
0.000001
0.000001
0.000001
0.000000
0.000000
0.000000
0.000000
0.000000
0.000001
0.000002
0.000004
0.000000
0.000000
0.000000
0.000000
0.000000
0.000000
0.000000
0.000000
0.000000
0.000000
0.000000
0.000000
0.000000
0.000000
0.000000
0.000000
0.000000
0.000000
0.000000
0.000000
0.000000
0.000000
0.000000
0.000000
0.000000
0.000000
0.000000
0.000000
0.000001
0.000001
0.000000
0.000000
0.000000
0.000000
0.000000
0.000002
0.000001
0.000000
0.000000
0.000000
0.000000
0.000000
0.000000
0.000000
0.000000
0.000000
0.000000
0.000000
0.000000
0.000000
0.000000
0.000001
5.537140
5.515124
5.498745
0.000001
0.000000
0.000000
0.000000
0.000000
0.000000
0.000000
0.000000
0.000000
0.000000
0.000000
0.000000
0.000000
0.000000
0.000000
0.000000
0.000000
0.000000
0.000000
0.000000
0.000000
0.000000
0.000000
0.000000
0.000000
0.000000
0.000000
0.000000
0.000000
0.000000
0.000000
0.000000
0.000000
0.000000
0.000000
0.000000
0.000000
0.000000
0.000000
0.000000
0.000000
0.000000
0.000000
0.000000
0.000000
0.000000
0.000000
0.000000
0.000000
0.000000
0.000000
0.000000
0.000000
0.000000
0.000000
0.000000
0.000000
0.000000
0.000000
0.000000
0.000000
0.000000
0.000000
0.000000
0.000000
0.000000
0.000000
0.000000
0.000000
0.000000
0.000000
0.000000
0.000000
0.000000
0.000000
0.000000
0.000000
0.000000
0.000000
0.000000
0.000000
0.000000
0.000000
0.000000
0.000000
0.000000
0.000000
0.000000
0.000000
0.000000
0.000000
0.000000
0.000000
0.000000
0.000000
0.000001
0.000000
0.000000
0.000000
0.000000
0.000000
0.000000
0.000000
0.000000
0.000000
0.000000
0.000000
0.000000
0.000000
0.000000
0.000000
0.000000
0.000000
0.000000
0.000000
0.000000
0.000000
0.000000
0.000000
0.000000
0.000000
0.000000
0.000000
0.000000
0.000000
0.000000
0.000000
0.000000
0.000000
0.000000
0.000000
0.000000
0.000000
0.000000
0.000000
0.000000
0.000000
0.000000
