1.736350
1.538221
1.389746
1.336233
1.169110
1.119269
1.062147
0.966100
0.860471
0.175586
0.005301
0.190536
0.184218
0.176093
0.051345
0.052082
0.051718
0.051517
0.050902
0.149112
0.151521
0.192661
0.193541
0.206972
0.276593
0.312267
0.314596
0.234721
0.234141
0.224481
0.296419
0.311365
0.328678
0.341762
0.042607
0.095216
0.098093
0.093030
0.090103
0.088170
0.099447
0.111031
0.111985
0.007687
0.006483
0.230757
0.838836
0.936462
1.298187
1.512110
1.726348
1.988587
2.212470
2.520840
2.577994
2.550047
2.281789
0.049066
2.676356
2.806001
2.965478
3.177792
3.306609
3.393649
3.434082
3.432891
3.462163
3.565231
3.586213
3.603590
3.664048
3.703831
3.725586
3.737971
3.766798
3.734328
3.475703
3.556390
3.602832
3.690217
3.741286
3.786081
4.110955
4.278908
4.315366
4.628429
4.657974
4.660281
4.661951
4.664423
4.669524
4.670722
4.670941
4.670770
4.670212
4.670071
4.670079
4.669191
4.668818
4.667332
4.664601
4.662480
4.661453
4.662600
4.665554
4.667334
4.668783
4.669980
4.670410
4.670138
4.670369
4.670769
4.670729
4.670742
4.670847
5.646174
5.650756
5.652497
5.652743
5.653184
5.653249
5.653238
5.653151
5.651775
5.651109
5.650941
5.648225
5.646543
5.646994
5.649383
5.651704
5.651752
5.652066
5.652331
5.652546
5.652605
5.652817
5.653253
5.653278
5.653283
5.653254
5.653184
5.653092
5.653159
5.653256
5.653127
5.653096
5.653187
5.653204
5.653172
5.653170
5.653217
5.653087
5.652406
5.652098
5.652392
5.652683
5.651845
5.650000
5.644335
5.565328
5.256774
5.255916
5.252032
5.250547
5.250500
5.250475
5.250453
5.250447
5.250377
5.250220
5.250182
5.250278
5.250400
5.250421
5.250292
5.250311
5.250297
5.250283
5.250376
5.250335
5.250314
5.250253
5.250308
5.250410
5.250286
5.249651
5.249507
5.249138
5.249231
5.249926
5.249986
5.250144
5.250351
5.249813
5.249461
5.247667
5.229241
5.208418
5.203502
5.200217
5.194314
5.180718
5.113336
5.103666
5.103750
5.104397
5.081492
5.079616
5.093167
5.095838
5.108330
5.120405
5.130147
5.139542
4.997830
4.869591
4.779948
4.629561
0.120742
0.121413
0.123867
0.160052
5.177038
5.230486
5.241097
5.246285
5.248805
5.249762
5.249903
5.249897
5.250167
5.249823
5.246980
5.228833
4.307173
4.307180
4.307252
4.307223
4.307191
4.307218
4.307247
4.307171
4.306811
4.306834
4.307203
4.307264
4.763600
4.766331
4.771287
4.771423
4.770820
4.770238
4.769712
4.769123
4.769245
4.770210
4.766877
4.760968
4.757255
5.258542
5.257568
5.254218
5.252426
5.254809
6.546992
6.569422
6.587244
7.256918
7.270173
7.277257
7.679749
7.711599
7.717863
7.718978
7.719118
7.718300
7.718074
7.717991
7.717679
7.717446
7.713206
7.713764
7.717099
7.718863
7.720363
7.720418
7.718554
7.710753
7.667926
7.603531
6.886182
6.884589
6.882652
6.875384
6.872865
6.870952
6.864972
6.859231
6.859191
6.860837
6.867429
6.871231
6.873508
6.874099
6.874537
6.878975
7.348470
7.334114
7.221795
7.007338
6.649916
6.314739
5.881873
5.303815
4.847829
4.441390
4.007040
3.569378
0.324553
2.459511
3.702215
3.919202
4.157298
4.306832
2.680524
2.791297
3.051556
3.174317
6.797132
7.271843
7.561446
7.691327
7.713023
7.717974
7.719383
7.719664
7.719553
7.719907
7.720490
7.720455
7.719929
7.719910
7.720280
7.720515
7.720488
7.720491
7.720592
7.720632
7.720627
7.720616
7.720604
7.720586
7.720581
7.719435
7.718816
7.718030
7.717274
7.715704
7.685106
7.482883
4.036754
5.373642
6.984594
7.482411
7.587300
7.673246
7.688265
7.713988
7.719361
7.720295
7.720534
7.720611
7.720613
7.720140
7.720119
7.720594
7.720622
7.720632
7.720440
7.720129
7.719249
7.711128
7.707046
7.705785
7.708192
7.710586
7.718337
7.719010
7.719375
7.716364
7.709262
6.303164
6.303137
6.303133
6.303012
6.302893
6.302875
6.302829
6.302499
6.300949
6.300508
6.301361
6.302153
6.301561
6.301775
6.302145
6.302473
6.301937
6.301459
6.301052
6.301001
6.302503
6.303094
6.302992
6.302889
6.302977
6.303162
6.303038
6.303043
6.303167
6.302868
6.302682
6.302712
6.302929
6.302833
6.302897
6.302674
6.302515
6.302828
6.303008
6.302904
6.301898
6.300484
6.300770
6.302848
6.303139
6.303153
6.303145
6.303181
6.303198
6.303156
6.303153
6.303176
6.302965
6.302903
6.302952
6.303026
6.303142
6.303146
6.303037
6.301901
6.296034
6.264164
5.722707
5.719298
5.711808
5.669939
5.458114
5.280772
4.844608
0.781731
0.792412
5.441668
5.655736
5.687247
5.698200
5.699970
5.701132
5.702373
6.466895
6.473926
6.463845
6.329594
6.117841
5.452554
2.829198
4.962722
5.684533
6.185595
6.424287
6.462294
6.468618
6.473930
6.477623
6.482460
6.482506
6.482562
6.482616
6.482581
6.488206
6.491974
6.490025
6.489403
6.480582
6.481318
6.481923
6.481478
6.481546
6.481869
6.482408
6.482333
6.481888
6.481663
6.481737
6.481005
6.477160
6.465390
6.450712
6.448549
6.454297
6.465770
6.479381
6.480762
6.480438
6.480621
6.480639
6.481542
6.481190
6.479768
6.473243
6.463638
6.461829
6.465719
6.465392
6.463771
6.465247
6.466440
6.464957
6.467414
6.472132
6.476742
6.476438
6.477149
6.479029
6.482065
6.481632
6.481282
6.479321
6.474623
6.471602
6.467564
6.459573
6.443608
6.426604
6.377133
6.318445
6.151705
3.689075
3.184902
1.543790
0.000000
0.000000
0.000000
0.000000
0.000000
0.000000
0.000000
0.000000
0.000000
0.000000
0.000000
0.000000
0.000000
0.000000
0.000000
0.000000
0.000000
0.000000
0.000000
0.000000
0.000000
0.000000
0.000000
0.000000
0.000000
0.000000
0.000000
0.000000
0.000000
0.000000
0.000000
0.000000
0.000000
0.000000
0.000000
0.000000
0.000000
0.000000
0.000000
0.000000
0.000000
0.000000
0.000000
0.000000
0.000000
0.000000
0.000000
0.000000
0.000000
0.000000
0.000000
0.000000
0.000000
0.000000
0.000000
0.000000
0.000000
0.000000
0.000000
0.000000
0.000000
0.000000
0.000000
0.000000
0.000000
0.000000
0.000000
0.000000
0.000000
0.000000
0.000000
0.000000
0.000000
0.000000
0.000000
0.000000
0.000000
0.000000
0.000000
0.000000
0.000000
0.000000
0.000000
0.000000
0.000000
0.000000
0.000000
0.000000
0.000000
0.000000
0.000000
0.000000
0.000000
0.000000
0.000000
0.000000
0.000000
0.000000
0.000000
0.000000
0.000000
0.000000
0.000000
0.000000
0.000000
0.000000
0.000000
0.000000
0.000000
0.000000
0.000000
0.000000
0.000000
0.000000
0.000000
0.000000
0.000000
0.000000
0.000000
0.000000
0.000000
0.000000
0.000000
0.000000
0.000000
0.000000
0.000000
0.000000
0.000000
0.000000
0.000000
0.000000
0.000000
0.000000
0.000000
0.000000
0.000000
0.000000
0.000000
0.000000
0.000000
0.000000
0.000000
0.000000
0.000000
0.000000
0.000000
0.000000
0.000000
0.000000
0.000000
0.000000
0.000000
0.000000
0.000000
0.000000
0.000000
0.000000
0.000000
0.000000
0.000000
0.000000
0.000000
0.000000
0.000000
0.000000
0.000000
0.000000
0.000000
0.000000
0.000000
0.000000
0.000000
0.000000
0.000000
0.000000
0.000000
0.000000
0.000003
0.000005
0.000017
0.000013
0.000011
0.000001
0.000001
0.000000
0.000001
0.000000
0.000000
0.000000
0.000000
0.000000
0.000000
0.000000
0.000000
0.000000
0.000000
0.000000
0.000000
0.000000
0.000000
0.000000
0.000000
0.000000
0.000000
0.000000
0.000000
0.000000
0.000000
0.000000
0.000000
0.000000
0.000000
0.000000
0.000000
0.000000
0.000000
0.000000
0.000000
0.000000
0.000000
0.000000
0.000000
0.000000
0.000000
0.000000
0.000000
0.000000
0.000000
0.000000
0.000000
0.000000
0.000000
0.000000
0.000000
0.000000
0.000001
0.000000
0.000000
0.000000
0.000000
0.000000
0.000000
0.000000
0.000000
0.000000
0.000000
0.000000
0.000000
0.000000
0.000000
0.000000
0.000000
0.000000
0.000000
0.000000
0.000000
0.000000
0.000000
0.000000
0.000000
0.000000
0.000000
0.000000
0.000000
0.000000
0.000000
0.000000
0.000000
0.000000
0.000000
0.000000
0.000000
0.000000
0.000000
0.000000
0.000000
0.000000
0.000000
0.000000
0.000000
0.000000
0.000000
0.000000
0.000000
0.000000
0.000000
0.000000
0.000000
0.000000
0.000000
0.000000
0.000000
0.000000
0.000000
0.000000
0.000000
0.000000
0.000000
0.000000
0.000000
0.000000
0.000000
0.000000
0.000000
0.000000
0.000000
0.000000
0.000000
0.000000
0.000000
0.000000
0.000000
0.000000
0.000000
0.000000
0.000000
0.000000
0.000000
0.000000
0.000000
0.000000
0.000000
0.000000
0.000000
0.000000
0.000000
0.000000
0.000000
0.000000
0.000000
0.000000
0.000000
0.000000
0.000000
0.000000
0.000000
0.000000
0.000000
0.000000
0.000000
0.000000
0.000000
0.000000
0.000001
0.000000
0.000000
0.000000
0.000000
0.000000
0.000000
0.000000
0.000000
0.000000
0.000000
0.000000
0.000000
0.000000
0.000000
0.000000
0.000000
0.000000
0.000000
0.000000
0.000000
0.000000
0.000000
0.000000
0.000000
0.000000
0.000000
0.000000
0.000000
0.000000
0.000000
0.000000
0.000000
0.000000
0.000000
0.000000
0.000000
0.000000
0.000000
0.000000
0.000000
0.000000
0.000000
0.000000
0.000000
0.000000
0.000000
0.000000
0.000000
0.000000
0.000000
0.000000
0.000000
0.000000
0.000000
0.000000
0.000000
0.000000
0.000000
0.000000
0.000000
0.000000
0.000000
0.000000
0.000000
0.000000
0.000000
0.000000
0.000000
0.000000
0.000000
0.000000
0.000000
0.000000
0.000000
0.000000
0.000000
0.000000
0.000000
0.000000
0.000000
0.000000
0.000000
0.000000
0.000000
0.000000
0.000000
0.000000
0.000000
0.000000
0.000000
0.000000
0.000000
0.000000
0.000000
0.000000
0.000000
0.000000
0.000000
0.000000
0.000000
0.000000
0.000000
0.000000
0.000000
0.000000
0.000000
0.000000
0.000000
0.000000
0.000000
0.000000
0.000000
0.000000
0.000000
0.000000
0.000000
0.000000
0.000000
0.000000
0.000000
0.000000
0.000000
0.000000
0.000000
0.000000
0.000000
0.000000
0.000000
0.000000
0.000000
0.000000
0.000000
0.000000
0.000000
0.000000
0.000000
0.000000
0.000000
0.000000
0.000000
0.000000
0.000000
0.000000
0.000000
0.000000
0.000000
0.000000
0.000000
0.000000
0.000000
0.000000
0.000000
0.000000
0.000000
0.000000
0.000000
0.000000
0.000000
0.000000
0.000000
0.000000
0.000000
0.000000
0.000000
0.000000
0.000000
0.000000
0.000000
0.000000
0.000000
0.000000
0.000000
0.000000
0.000000
0.000000
0.000000
0.000000
0.000000
0.000000
0.000000
0.000000
0.000000
0.000000
0.000000
0.000000
0.000000
0.000000
0.000000
0.000000
0.000000
0.000000
0.000000
0.000000
0.000000
0.000000
0.000000
0.000000
0.000000
0.000000
0.000000
0.000000
0.000000
0.000000
0.000000
0.000000
0.000000
0.000000
0.000000
0.000000
0.000000
0.000000
0.000000
0.000000
0.000000
0.000000
0.000000
0.000000
0.000000
0.000000
0.000000
0.000000
0.000000
0.000000
0.000000
0.000000
0.000000
0.000000
0.000000
0.000000
0.000000
0.000000
0.000000
0.000000
0.000000
0.000000
0.000000
0.000000
0.000000
0.000000
0.000000
0.000000
0.000000
0.000000
0.000000
0.000000
0.000000
0.000000
0.000000
0.000000
0.000000
0.000000
0.000000
0.000000
0.000000
0.000000
0.000000
0.000000
0.000000
0.000000
0.000000
0.000000
0.000000
0.000000
0.000000
0.000000
0.000000
0.000000
0.000000
0.000000
0.000000
0.000000
0.000000
0.000000
0.000000
0.000000
0.000000
0.000000
0.000000
0.000000
0.000000
0.000000
0.000000
0.000000
0.000000
0.000000
0.000000
0.000000
0.000000
0.000000
0.000000
0.000000
0.000000
0.000000
0.000000
0.000000
0.000000
0.000000
0.000000
0.000000
0.000000
0.000000
0.000000
0.000000
0.000000
0.000000
0.000000
0.000000
0.000000
0.000000
0.000000
0.000000
0.000000
0.000000
0.000000
0.000000
0.000000
0.000000
0.000000
0.000000
0.000000
0.000000
0.000000
0.000000
0.000000
0.000000
0.000000
0.000000
0.000000
0.000000
0.000000
0.000000
0.000000
0.000000
0.000000
0.000000
0.000000
0.000000
0.000000
0.000000
0.000000
0.000000
0.000000
0.000000
0.000000
0.000000
0.000000
0.000000
0.000000
0.000000
0.000000
0.000000
0.000000
0.000000
0.000000
0.000000
0.000000
0.000000
0.000000
0.000000
0.000000
0.000000
0.000000
0.000000
0.000000
0.000000
0.000000
0.000000
0.000000
0.000000
0.000000
0.000000
0.000000
0.000000
0.000000
0.000000
0.000000
0.000000
0.000000
0.000000
0.000000
0.000000
0.000000
0.000000
0.000000
0.000000
0.000000
0.000000
0.000000
0.000000
0.000000
0.000000
0.000000
0.000000
0.000000
0.000000
0.000000
0.000000
0.000000
0.000000
0.000000
0.000000
0.000000
0.000000
0.000000
0.000000
0.000000
0.000000
0.000000
0.000000
0.000000
0.000000
0.000000
0.000000
0.000000
0.000000
0.000000
0.000000
0.000000
0.000000
0.000000
0.000000
0.000000
0.000000
0.000000
0.000000
0.000000
0.000000
0.000000
0.000000
0.000000
0.000000
0.000000
0.000000
0.000000
0.000000
0.000000
0.000000
0.000000
0.000000
0.000000
0.000000
0.000000
0.000000
0.000000
0.000000
0.000000
0.000000
0.000000
0.000000
0.000000
0.000000
0.000000
0.000000
0.000000
0.000000
0.000000
0.000000
0.000000
0.000000
0.000000
0.000000
0.000000
0.000000
0.000000
0.000000
0.000000
0.000000
0.000000
0.000000
0.000000
0.000000
0.000000
0.000000
0.000000
0.000000
0.000000
0.000000
0.000000
0.000000
0.000000
0.000000
0.000000
0.000000
0.000000
0.000000
0.000000
0.000000
0.000000
0.000000
0.000000
0.000000
0.000000
0.000000
0.000000
0.000000
0.000000
0.000000
0.000000
0.000000
0.000000
0.000000
0.000000
0.000000
0.000000
0.000000
0.000000
0.000000
0.000000
0.000000
0.000000
0.000000
0.000000
0.000000
0.000000
0.000000
0.000000
0.000000
0.000000
0.000000
0.000000
0.000000
0.000000
0.000000
0.000000
0.000000
0.000000
0.000000
0.000000
0.000000
0.000000
0.000000
0.000000
0.000000
0.000000
0.000000
0.000000
0.000000
0.000000
0.000000
0.000000
0.000000
0.000000
0.000000
0.000000
0.000000
0.000000
0.000000
0.000000
0.000000
0.000000
0.000000
0.000000
0.000000
0.000000
0.000000
0.000000
0.000000
0.000000
0.000000
0.000000
0.000000
0.000000
0.000000
0.000000
0.000000
0.000000
0.000000
0.000000
0.000000
0.000000
0.000000
0.000000
0.000000
0.000000
0.000000
0.000000
0.000000
0.000000
0.000000
0.000000
0.000000
0.000000
0.000000
0.000000
0.000000
0.000000
0.000000
0.000000
0.000000
0.000000
0.000000
0.000000
0.000000
0.000000
0.000000
0.000000
0.000000
0.000000
0.000000
0.000000
0.000000
0.000000
0.000000
0.000000
0.000000
0.000000
0.000000
0.000000
0.000000
