0.006223
0.002243
0.002168
0.000001
0.000001
0.000001
0.000001
0.000000
0.000000
0.000000
0.000000
0.000000
0.000000
0.000000
0.000026
0.002580
0.002551
0.002538
0.002534
0.002518
0.000006
0.000000
0.000000
0.000000
0.000000
0.000000
0.000000
0.000000
0.000000
0.000000
0.000000
0.000000
0.000000
0.000000
0.000000
0.000000
0.000000
0.000000
0.000000
0.000000
0.000000
0.000000
0.000000
0.000000
0.000000
0.000018
0.000011
0.000010
0.000009
0.000007
0.000000
0.000000
0.000000
0.000000
0.000000
0.000001
0.000000
0.000000
0.000000
0.000000
0.000000
0.000000
0.000000
0.000000
0.000000
0.000000
0.000000
0.000000
0.000000
0.000000
0.000000
0.000000
0.000002
0.000001
0.000001
0.000001
0.000001
0.000001
0.000001
0.000002
0.000011
0.000013
0.000001
0.000001
0.000000
0.000000
0.000001
0.000000
0.000000
0.000001
0.000002
0.000003
0.000000
0.000000
0.000000
0.000000
0.000000
0.000000
0.000000
0.000000
0.000000
0.000000
0.000001
0.000000
0.000000
0.000000
0.000001
0.000049
0.000208
0.000207
0.000156
0.000117
0.000059
0.000000
0.000000
0.000000
0.000000
0.000000
0.000000
0.000000
0.000000
0.000000
0.000000
0.000000
0.000001
0.000001
0.000002
0.000004
0.000007
0.000011
0.000000
0.000001
0.000000
0.000000
0.000000
0.000084
0.002572
0.002561
0.002560
0.002388
0.002203
0.002142
0.001964
0.001692
0.000006
0.000006
0.000007
0.000008
0.000013
0.000019
0.000056
0.005922
0.005849
0.005817
0.005826
0.005866
0.005942
0.005804
0.005645
0.005583
0.005500
0.000006
0.000003
0.000001
0.000001
0.000001
0.000001
0.000001
0.000001
0.000002
0.000007
0.000006
0.000974
0.000977
0.000932
1.583438
0.001323
0.008810
0.007438
0.001254
0.001028
0.000626
0.000000
0.000000
0.000000
0.000000
0.000000
0.000000
0.000000
0.000000
0.000000
0.000000
0.000000
0.000000
0.000000
0.000000
0.000000
0.008983
0.008385
0.006363
0.000152
0.000000
0.000000
0.000000
0.000000
0.000000
0.000000
0.000000
0.000000
0.000000
0.000000
0.000000
0.000000
0.000000
0.000000
0.000000
0.000000
0.000000
0.000644
0.000637
0.000502
0.000007
0.000011
0.000008
0.000011
0.000007
0.000014
0.000234
0.000172
0.000129
0.000060
0.000042
0.000228
0.000594
0.002817
0.003121
0.003050
0.003023
0.002917
0.002961
0.002823
0.003460
0.003336
0.003462
0.009773
0.009760
0.007542
0.006734
0.006143
0.005756
0.001886
0.000000
0.000000
0.000000
0.000000
0.001453
0.001375
0.001254
0.000888
0.000535
0.003072
0.003228
0.003270
0.003316
0.003359
0.003430
0.003466
0.003453
0.003495
0.003510
0.003614
0.000000
0.000000
0.000000
0.000000
0.000000
0.000000
0.000000
0.000000
0.000000
0.000000
0.000000
0.000000
0.000000
0.000000
0.000000
0.000000
0.000000
0.000000
0.000000
0.000000
0.000000
0.000000
0.000000
0.000000
0.001897
0.004635
0.004949
0.004893
0.004979
0.000000
0.000000
0.000000
0.000000
0.000000
0.000000
0.000000
0.000015
0.000238
0.000214
0.000208
0.000185
0.000014
0.000028
0.000000
0.000000
0.000000
0.000000
0.012323
0.015867
0.016189
0.015163
0.144051
0.280279
0.283426
0.311722
0.384030
0.620833
0.637231
0.848092
1.153415
1.320402
1.611492
1.816558
1.867759
1.936507
0.000141
0.000000
0.000000
0.000000
0.000000
0.000000
0.000000
0.000000
0.000000
0.000000
0.000000
0.000000
0.000000
0.000000
0.000000
0.000000
0.000000
0.000000
0.000000
0.000000
0.000000
0.000000
0.000000
0.000000
0.000000
0.000000
0.000000
0.000000
0.000000
0.000000
0.000000
0.000000
0.000000
0.000000
0.000000
0.000000
0.000000
0.000000
0.000000
0.000000
0.000000
0.000000
0.003082
0.002999
0.000000
0.000000
0.000000
1.894793
0.026043
0.000000
0.000000
0.000000
0.000000
0.000000
0.000000
0.000000
0.000000
0.000000
0.000000
0.000000
0.000000
0.000000
0.000000
0.000000
0.000000
0.000000
0.000000
0.000000
0.000000
0.000000
0.000000
0.000000
0.000000
0.000981
0.001189
0.000848
0.000811
0.000000
0.000000
0.000000
0.000000
0.000000
0.000000
0.000000
0.000000
0.000328
0.001233
0.000000
0.000000
0.000000
0.000000
0.000000
0.000000
0.000000
0.000000
0.000000
0.000000
0.000000
0.000000
0.001218
0.012327
0.021661
0.039375
0.046146
1.990124
2.039530
2.087837
2.126523
2.093501
2.056808
1.935305
1.515382
1.514223
0.000000
0.000000
0.000000
0.000000
0.000000
0.000000
0.000000
0.000000
0.000000
0.000000
0.000000
0.000000
0.000000
0.000000
0.000000
0.000000
0.000000
0.000000
0.000000
0.000000
0.000000
0.000000
0.000000
0.000000
0.000000
0.000000
0.000000
0.000000
0.000000
0.000000
0.000000
0.000000
0.000000
0.000000
0.000000
0.000000
0.000000
0.000000
0.000000
0.000000
0.000000
0.000000
0.000000
0.000000
0.000000
0.000000
0.000000
0.000000
0.000000
0.000000
0.000000
0.000000
0.000000
0.000000
0.000000
0.000000
0.000000
0.000000
0.000000
0.000000
0.000000
0.000000
0.000000
0.000000
0.000000
0.000000
0.000000
0.000000
0.000000
0.000000
0.000000
0.000000
0.000000
0.000000
0.000000
0.000000
0.000000
0.000000
0.000000
0.000000
0.000000
0.000000
0.000000
0.000000
0.000000
0.000000
0.000000
0.000000
0.000000
0.000000
0.000000
0.000000
0.000000
0.000000
0.000000
0.000000
0.000000
0.000000
0.000000
0.000000
0.000000
0.000000
0.000000
0.000000
0.000000
0.000000
0.000000
0.000000
0.000000
0.000000
0.000000
0.000000
0.000000
0.000000
0.000000
0.000000
0.000000
0.000000
0.000000
0.000000
0.000000
0.000000
0.000000
0.000000
0.000000
0.000000
0.000000
0.000000
0.000000
0.000000
0.000000
0.000000
0.000000
0.000000
0.000000
0.000000
0.000000
0.000000
0.000000
0.000000
0.000000
0.000000
0.000000
0.000000
0.000000
0.000000
0.000000
0.000000
0.000000
0.000000
0.000000
0.000000
0.000000
0.000000
0.000000
0.000000
0.000000
0.000000
0.000000
0.000000
0.000000
0.000000
0.000000
0.000000
0.000000
0.000000
0.000000
0.000000
0.010425
0.014708
1.558046
1.503733
1.424309
1.252218
1.139205
0.931202
0.776446
0.642000
0.587486
0.007548
0.005482
0.000000
0.000000
0.000000
0.000000
0.000000
0.000000
0.000000
0.000000
0.000000
0.000000
0.000000
0.000000
0.000000
0.000000
0.000000
0.000000
0.000000
0.000000
0.000000
0.000000
0.000000
0.000000
0.000000
0.000000
0.000000
0.000000
0.000000
0.000000
0.000000
0.000000
0.000000
0.000000
0.000000
0.000000
0.000000
0.000000
0.000000
0.000000
0.000000
0.000000
0.000000
0.000000
0.000000
0.000000
0.000000
0.000000
0.000000
0.000000
0.000000
0.000000
0.000000
0.000000
0.000000
0.000000
0.000000
0.000000
0.000000
0.000000
0.000000
0.000000
0.000000
0.000000
0.000000
0.000000
0.000000
0.000000
0.000000
0.000000
0.000000
0.000000
0.000000
0.000000
0.000000
0.000000
0.000000
0.000000
0.000000
0.000000
0.000000
0.000000
0.000000
0.000000
0.000000
0.000000
0.000000
0.000000
0.000000
0.000000
0.000000
0.000000
0.000000
0.000000
0.000000
0.000000
0.000000
0.000000
0.000000
0.000000
0.000000
0.000000
0.000000
0.000000
0.000000
0.000000
0.000000
0.000000
0.000000
0.000000
0.000000
0.000000
0.000000
0.000000
0.000000
0.000000
0.000000
0.000000
0.000000
0.000000
0.000000
0.000000
0.000000
0.000000
0.000000
0.000000
0.000000
0.000000
0.000000
0.000000
0.000000
0.000000
0.000000
0.000000
0.000000
0.000000
0.000000
0.000000
0.000000
0.000000
0.000000
0.000000
0.000000
0.000000
0.000000
0.000000
0.000000
0.000000
0.000000
0.000000
0.000000
0.000000
0.000000
0.000000
0.000000
0.000000
0.000000
0.000000
0.000000
0.000000
0.000000
0.000000
0.000000
0.000000
0.000000
0.000000
0.000000
0.000000
0.000000
0.000000
0.000000
0.000000
0.000000
0.000000
0.000000
0.002720
0.002362
0.000000
0.000000
0.000000
0.000000
0.000000
0.000000
0.000000
0.000000
0.000000
0.000000
0.000000
0.000000
0.000000
0.000000
0.000000
0.000000
0.000000
0.000000
0.000000
0.000000
0.000000
0.000000
0.000000
0.000000
0.000000
0.000000
0.000000
0.000000
0.000000
0.000000
0.000000
0.000000
0.000000
0.000000
0.000000
0.000000
0.000000
0.000000
0.000000
0.000000
0.000000
0.000000
0.000000
0.000001
0.000000
0.000000
0.000000
0.000000
0.000000
0.000000
0.000000
0.000000
0.000000
0.000000
0.000000
0.000000
0.000000
0.000000
0.000000
0.000000
0.000000
0.000000
0.000000
0.000000
0.000000
0.000000
0.000000
0.000000
0.000000
0.000000
0.000000
0.000000
0.000000
0.000000
0.000000
0.000000
0.000000
0.000000
0.000000
0.000000
0.000000
0.000000
0.000000
0.000000
0.000000
0.000000
0.000000
0.000000
0.000000
0.000000
0.000000
0.000000
0.000000
0.000000
0.000000
0.000000
0.000000
0.000000
0.000000
0.000000
0.000000
0.000000
0.000000
0.000000
0.000000
0.000000
0.000000
0.000000
0.000000
0.000000
0.000000
0.000000
0.000000
0.000000
0.000000
0.000000
0.000000
0.000000
0.000000
0.000000
0.000000
0.000000
0.000000
0.000000
0.000000
0.000000
0.000000
0.000000
0.000000
0.000000
0.000000
0.000000
0.000000
0.000000
0.000000
0.000000
0.000000
0.000000
0.000000
0.000000
0.000000
0.000000
0.000000
0.000000
0.000000
0.000000
0.000000
0.000000
0.000000
0.000000
0.000000
0.000000
0.000017
0.000001
0.000000
0.000000
0.000000
0.000000
0.000000
0.000000
0.000000
0.000000
0.000000
0.000000
0.000000
0.000000
0.000000
0.000000
0.000000
0.000000
0.000000
0.000000
0.000000
0.000000
0.000002
0.000000
0.000000
0.000000
0.000000
0.000000
0.000000
0.000000
0.000000
0.000000
0.000000
0.000000
0.000000
0.000000
0.000000
0.000000
0.000000
0.000000
0.000000
0.000000
0.000000
0.000000
0.000000
0.000000
0.002414
0.002154
0.001773
0.010437
0.032583
0.036021
0.040489
0.257099
0.311716
0.518188
0.594980
0.640648
0.664006
0.676844
0.637798
0.087836
0.000000
0.000000
0.000000
0.000000
0.000000
0.000000
0.000001
0.000001
0.000000
0.000000
0.000001
0.000001
0.000000
0.000000
0.000000
0.000000
0.002158
0.457994
0.084132
0.077133
0.021976
0.000648
0.000000
0.000001
0.000000
0.000000
0.000000
0.000000
0.000001
0.000000
0.000000
0.000002
0.000001
0.000001
0.000001
0.000001
0.000000
0.000002
0.000001
0.000001
0.000001
0.000001
0.000000
0.000000
0.000000
0.000001
0.000001
0.000001
0.000001
0.000001
0.000001
0.000001
0.000000
0.000000
0.000001
0.000000
0.000001
0.000001
0.000002
0.000003
0.000003
0.000003
0.000003
0.000003
0.000001
0.000000
0.000000
0.000000
0.000000
0.000007
0.000005
0.000004
0.000004
0.000001
0.000002
0.000001
0.000000
0.000001
0.000001
0.000001
0.000000
0.000000
0.000000
0.000000
0.000000
0.000000
0.000000
0.000000
0.000000
0.000000
0.000000
0.000001
0.000001
0.000001
0.000000
0.000000
0.000000
0.000000
0.000000
0.000000
0.000000
0.000001
0.000001
0.000003
0.000002
0.000001
0.000002
0.000001
0.000000
0.000001
0.000000
0.000000
0.000001
0.000000
0.000000
0.000000
0.000000
0.000000
0.000001
0.000001
0.000002
0.000005
0.000041
0.000044
0.000010
0.000009
0.000010
0.000008
0.000008
0.000023
0.000041
0.000057
0.000001
0.000013
0.000005
0.000002
0.000009
0.000005
0.000004
0.000004
0.000007
0.000007
0.000005
0.000020
0.000018
0.000078
0.000079
0.000079
0.000008
0.000004
0.000004
0.000002
0.000002
0.000004
0.000003
0.000003
0.000012
0.000001
0.000001
0.000002
0.000001
0.000001
0.000001
0.000001
0.000006
0.046104
0.369343
0.394626
0.382482
0.042553
0.036858
0.000538
0.000001
0.000001
0.000001
0.000002
0.000001
0.000003
0.000002
0.000002
0.000002
0.000001
0.000001
0.000002
0.000008
0.000001
0.000001
0.000001
0.000002
0.000003
0.000003
0.000003
0.000009
0.000026
0.000002
0.000003
0.000003
0.000006
0.000021
0.000079
0.000073
0.000060
0.000011
0.000007
0.000007
0.000008
0.000018
0.000028
0.000042
0.000036
0.000633
0.386614
0.410482
0.419294
0.414926
0.390933
0.338141
0.160473
0.022943
0.018439
0.001773
0.000019
0.000021
0.000042
0.000030
0.000032
0.000125
0.000362
0.000125
0.000308
0.000020
0.000017
0.000010
0.000009
0.000010
0.000033
0.000067
0.000100
0.000084
0.000075
0.000665
0.001193
0.006214
0.170442
0.216913
0.842999
1.239161
1.437166
1.663657
0.003579
2.430530
2.583725
2.745630
2.975879
3.025198
2.985462
0.045818
2.384047
0.008519
0.008207
0.016708
2.118705
1.882038
0.581917
0.371426
0.190845
0.101132
0.090053
0.139854
0.155111
0.596419
0.615677
0.623322
0.203117
0.126256
0.118649
0.113190
0.110179
0.048617
0.040413
0.022681
0.020337
0.000698
0.000289
0.000264
0.000176
0.001725
0.001958
0.002224
0.002482
0.009989
0.011130
0.012318
0.013001
0.014394
0.013953
0.003693
0.000185
0.000163
0.003332
0.005913
0.006596
0.011891
0.012892
0.013968
0.013978
0.013693
0.012714
0.000169
0.000132
0.000059
0.000204
0.000133
0.000038
0.002434
0.017253
0.020331
0.024446
0.567544
0.576630
0.625067
0.597560
0.561230
0.514208
0.411697
0.337930
0.034253
0.036341
0.003025
0.003498
0.004281
0.004487
0.000470
0.003362
0.726218
0.754556
0.775876
0.790823
0.008857
0.008500
0.008467
0.000821
0.000827
0.000057
0.000053
0.000020
0.000018
0.000018
0.000019
0.000021
0.000126
0.000135
0.000196
0.000170
0.000307
0.000010
0.000006
0.000017
0.000363
0.000073
0.000119
0.000113
0.000063
0.000015
0.000013
0.000006
0.000010
0.000020
0.000020
0.000195
0.000136
0.000134
0.000042
0.000010
0.000022
0.000016
0.000016
0.000012
0.000009
0.007316
0.016183
0.016162
0.014163
0.014407
0.014913
0.015292
0.015633
0.018949
0.017956
0.016570
0.013196
0.013174
0.013150
0.012474
0.012281
0.012404
0.000062
0.001211
0.000082
0.000126
0.012660
0.012699
0.012870
0.013086
0.013831
0.013352
0.007364
0.007426
0.007100
0.007026
0.016258
0.017086
0.017772
0.019967
0.020808
0.086897
1.084647
1.156054
1.257391
1.440912
1.460063
1.413090
0.000679
0.000552
0.000503
0.000225
0.000311
0.000006
0.000007
0.000011
0.000204
0.007600
1.406589
1.386892
1.304049
1.198097
1.081604
0.993367
0.014921
0.013303
0.012653
0.012961
0.011179
0.001901
0.000185
0.000099
0.000075
0.000021
0.000017
0.000024
0.000761
0.000675
0.000385
0.000286
0.000451
0.000578
0.000578
0.000610
0.001442
0.001037
0.000782
0.000696
0.000724
0.000928
0.022480
0.637891
0.591576
0.547131
0.503366
0.466867
0.431035
0.401493
0.293487
0.280487
0.091150
0.086418
0.061062
0.058157
0.032218
0.020871
0.002443
0.002329
0.000053
0.000064
0.000027
0.000018
0.000061
0.000050
0.002024
0.001821
0.001791
0.000056
0.000089
0.000042
0.000024
0.000123
0.000079
0.000054
0.000026
0.000025
0.000011
0.000008
0.000008
0.000014
0.000015
0.000016
0.000016
0.000101
0.000108
0.000264
0.000239
0.014496
0.027031
0.029682
0.036019
0.115371
0.169626
0.178748
0.178367
0.177032
0.176080
0.172735
0.158768
0.147943
0.127556
0.126085
0.125006
0.107795
0.101121
0.072205
0.006435
0.000723
0.000170
0.000416
0.000088
0.000114
0.000094
0.000054
0.000033
0.000030
0.000074
0.000029
0.000018
0.000952
0.009834
0.004036
0.003537
0.002876
0.001071
0.000134
0.000108
0.000137
0.000570
0.001405
0.001895
0.001957
0.002836
0.003359
0.009559
0.009865
0.010343
0.018555
0.025921
0.034806
0.054780
0.077449
0.125638
0.130782
0.133593
0.005515
0.231463
0.298663
0.355578
0.408993
0.443623
0.468914
0.497104
0.554615
0.592202
0.607957
0.644789
0.012791
0.012496
0.022245
0.023361
0.032926
0.765691
0.889490
0.966680
1.066951
1.171064
0.024957
0.000341
0.000437
0.004769
0.050935
0.060100
2.167290
2.682324
3.085264
3.618747
4.284824
5.027772
5.922512
6.479942
6.883606
7.057340
7.077454
7.076639
7.071099
7.075266
7.290537
7.298430
7.306966
7.311860
7.312361
7.303140
7.296410
7.283029
7.275426
7.267884
7.255310
7.174447
7.124113
6.755587
6.517917
6.264523
0.135998
0.129706
6.411871
0.036677
0.035413
0.035296
6.240937
6.298168
6.357876
6.417381
6.420759
6.436298
6.403756
6.383950
6.363233
6.313497
6.276333
6.243618
5.987625
5.638633
5.069244
4.453674
3.934885
3.463208
3.057082
2.596943
2.233972
2.007508
0.045235
0.017905
0.000734
0.000514
0.000155
0.000061
0.000095
0.000101
0.000128
0.000098
0.000086
0.000056
0.000048
0.000071
0.000067
0.000350
0.000351
0.000160
0.024991
0.038609
0.038342
0.081683
0.237450
0.271825
0.287478
0.726159
0.925553
1.113311
1.194652
2.198252
3.157970
3.744440
4.161033
4.747627
5.336315
5.521073
5.678678
5.832450
6.053514
6.261305
6.550500
6.890168
6.903513
6.926433
6.874860
6.588417
6.097905
5.979803
5.785352
5.592908
5.488737
5.471407
5.438662
5.139773
4.694201
4.123200
3.616807
3.285313
0.040404
0.007501
0.007423
2.729630
2.542736
2.393811
2.232407
2.087949
1.973989
1.836631
0.026256
0.015432
0.016690
0.001525
0.008229
0.017052
0.736934
0.876132
0.891981
0.109915
0.103522
0.007661
0.181829
0.559671
3.192174
3.525501
3.893881
4.472202
4.814528
5.176971
5.624211
5.892279
6.258935
6.608779
7.003591
7.244546
7.523014
7.778648
8.024010
0.000377
0.000145
0.000083
0.000018
0.000010
0.000004
0.000002
0.000001
0.000003
0.000002
0.000001
0.000002
0.000001
0.000001
0.000002
0.000001
0.000001
0.000000
0.000004
0.000004
0.000005
0.000003
0.000001
0.000001
0.000001
0.000001
0.000000
0.000001
0.000002
0.000002
0.000001
0.000001
0.000001
0.000006
0.000012
0.000007
0.000011
0.000015
0.000031
0.000029
0.000033
0.000039
0.002649
0.002605
0.002497
0.002572
0.004101
7.774833
7.813710
7.865287
7.891022
7.898582
7.907698
7.912818
7.916793
7.914067
7.913807
7.917651
7.924612
8.028634
8.074454
8.132584
8.336302
8.364430
8.370302
8.370540
8.369298
8.353708
8.328142
8.301732
8.272131
8.256238
8.244490
8.239080
8.231492
8.223116
8.177993
7.553084
6.632696
5.682141
5.143048
4.684456
4.140791
0.061738
0.061372
0.002018
0.002002
0.002239
0.013796
0.034672
3.565370
4.676845
5.527305
6.028637
6.625497
7.100659
7.513127
7.737004
8.234637
8.407226
8.543552
8.602000
8.644194
8.658564
8.679844
9.021511
9.033006
9.023063
9.012769
9.009463
8.972397
8.953622
8.938422
0.000284
0.000278
0.000067
0.000010
0.000011
0.000012
0.000012
0.000021
0.000201
0.000908
8.911142
8.890966
8.797330
8.740279
8.431842
8.150349
7.792990
6.915465
5.931112
5.114145
4.423457
3.828098
3.330851
0.006323
2.684190
2.374447
1.771115
1.536521
1.024001
0.919563
0.616041
0.513093
0.504421
0.338494
0.026994
0.001094
0.001541
0.035758
0.033909
0.033722
0.033714
0.007701
0.007205
0.007191
0.007254
0.007447
0.007632
0.008059
0.103722
0.113400
0.170359
0.281713
0.289604
0.294090
0.305575
0.309841
0.301800
0.000248
0.000179
0.000159
0.000262
0.000273
0.000368
0.000074
0.000067
0.000068
0.000158
0.000220
0.000598
0.000504
0.000304
0.000381
0.339700
0.343215
0.354081
0.364538
0.371094
0.050331
0.051841
0.032077
0.000764
0.001185
0.035218
0.083370
0.154790
1.605968
1.877075
2.113975
2.340461
2.668729
2.948319
3.239351
3.622094
0.012200
4.006932
4.605427
5.309371
5.471028
5.495798
0.014085
5.695886
5.735907
5.735420
5.485446
5.206993
4.987690
4.768622
0.079117
4.619606
4.630081
4.693043
4.523389
4.502788
4.389946
4.197209
4.060437
3.932708
3.696504
0.150128
0.002983
3.003571
3.385840
3.706096
3.875124
4.257505
4.469177
4.691185
5.003233
5.612161
6.209363
6.833990
6.931875
7.066460
7.229919
7.410712
7.648500
7.665780
7.674939
7.618409
7.593304
7.023149
6.854725
1.105209
5.714559
6.438861
7.304201
7.719096
8.133974
8.347264
8.401756
8.411229
8.327485
8.116591
7.975466
0.382323
7.583378
7.478247
7.400754
7.119381
6.827934
6.470569
6.171741
6.145682
6.107137
5.630958
6.454705
6.528551
7.124851
7.431707
7.818605
8.277133
8.624359
8.709721
8.743173
8.754544
9.132367
9.138465
9.131990
9.130559
9.131081
9.058151
9.008582
8.944597
8.855121
8.772866
8.591650
8.334439
8.092412
7.820080
7.397285
6.997255
0.379375
5.934979
5.912825
5.629396
5.364911
5.036935
4.662432
4.337103
4.035333
3.700074
0.036626
0.040262
0.084331
0.079634
0.255704
3.375795
3.525314
1.885097
4.750615
5.166885
5.983065
6.386368
6.934208
7.305934
7.844786
7.985589
8.046710
8.074002
8.096009
8.075460
8.068238
8.060919
8.056678
7.960977
7.936778
7.889155
7.829022
7.795222
7.754319
7.619857
7.501812
7.363109
7.184955
6.773509
6.440006
6.131209
5.673728
2.431168
4.466242
5.202327
5.582039
5.549885
5.452601
5.328477
5.212692
0.174221
4.933597
4.977503
5.027406
5.045199
5.093232
5.171548
5.160811
5.186828
5.215314
5.027704
4.075499
3.412107
2.934079
2.550101
0.006782
0.003819
0.000812
0.002938
1.807984
1.640499
1.365518
1.231513
0.897111
0.789582
0.750549
0.001668
0.257843
0.248064
0.243242
0.213973
0.220910
0.040320
0.063057
0.073671
0.066102
0.065773
0.108211
0.077116
0.048983
0.010013
0.097214
0.129388
0.218219
0.243092
0.335148
0.728627
0.794045
0.864926
0.959032
0.952378
0.941905
0.932380
0.919796
0.922818
0.920679
0.004432
0.000055
0.000059
0.002598
0.879753
0.921512
0.893833
0.832383
0.057561
0.009378
0.007686
0.005150
0.002630
0.000084
0.004093
0.003997
0.004087
0.003793
0.003480
0.003324
0.003354
0.003290
0.003871
0.003560
0.004252
0.003849
0.004333
0.822611
0.867986
0.912049
0.992494
1.004719
0.016871
0.002730
0.000662
0.000471
0.000442
0.001391
0.001381
0.001825
0.002830
0.002613
0.002996
0.003328
0.003351
0.002878
0.000343
0.000342
0.000073
0.000872
0.000195
0.000504
0.002062
0.001920
0.000381
0.000388
0.000251
0.000251
0.003588
0.004643
0.000244
0.000263
0.000233
0.000146
0.000149
0.000161
0.000095
0.000074
0.000170
0.000282
0.002304
1.415787
1.669730
1.910844
2.135631
2.246492
2.319565
2.381039
2.374231
2.378210
2.360562
2.363447
0.008531
2.372562
0.000504
0.000285
0.000103
0.000079
0.000017
0.000008
0.000005
0.000003
0.000002
0.000005
0.000003
0.000010
0.000009
0.000012
0.000004
0.000006
0.000027
0.000019
0.000009
0.000013
0.000012
0.000015
0.001373
0.001370
0.001372
0.001369
0.001402
0.001444
0.001492
0.001513
0.001528
0.001564
0.001584
0.001635
0.001646
0.001639
0.001640
0.001737
0.001801
0.001717
0.001777
0.001914
0.001890
0.001871
0.001715
0.001542
0.000181
0.000169
0.000168
0.000174
0.000500
0.000544
0.000556
0.000557
0.000547
0.000550
0.000546
0.000536
0.000558
0.000501
0.000499
0.000472
0.000458
0.000440
0.000435
0.000408
0.000398
0.000397
0.000393
0.000553
0.000179
0.000032
0.000056
0.000029
0.000016
0.000021
0.000022
0.000842
0.002079
0.004478
0.005925
0.000023
0.000030
0.000034
0.000038
0.000304
0.000124
2.422055
2.441703
2.399288
2.390539
2.070988
0.905746
0.387866
0.216961
0.115672
0.049767
0.000101
0.000414
0.000409
0.000408
0.000001
0.000001
0.000001
0.000001
0.000001
0.001428
0.001378
0.001325
0.001287
0.001234
0.001210
0.001220
0.001105
0.001047
0.001012
0.001012
0.000994
0.000970
0.000968
0.000894
0.000791
0.000707
0.000184
0.000182
0.000184
0.000180
0.001126
0.001241
0.001369
0.001389
0.001442
0.001466
0.001529
0.001664
0.001731
0.013597
