0.003565
0.003348
0.003182
0.003084
0.003019
0.000346
0.000000
0.000000
0.000000
0.000000
0.000000
0.000000
0.000000
0.000000
0.000000
0.000000
0.000000
0.000000
0.000386
0.000695
0.001069
0.001518
0.001553
0.001647
0.001641
0.001692
0.001829
0.001105
0.000922
1.680775
1.517481
1.045945
0.889223
0.588336
0.455117
0.382716
0.342037
0.175861
0.143143
0.121792
0.097311
0.016649
0.013912
0.003717
0.000002
0.000001
0.000001
0.000001
0.000001
0.000002
0.000001
0.000000
0.000000
0.000000
0.000000
0.000000
0.000000
0.000000
0.000000
0.000002
0.000003
0.000336
0.000351
0.000257
0.000258
0.000005
0.000004
0.000005
0.000006
0.000000
0.000000
0.000000
0.000000
0.000000
0.000002
0.000001
0.000001
0.000009
0.000010
0.000012
0.000003
0.000003
0.000026
0.000025
0.000001
0.000001
0.000000
0.000000
0.000001
0.000001
0.000005
0.000002
0.000001
0.000001
0.000000
0.000000
0.000000
0.000000
0.000000
0.000000
0.000002
0.000001
0.000001
0.000003
0.000002
0.003588
0.005696
0.005339
0.007538
0.007605
0.007557
0.003020
0.002516
0.001934
0.000359
0.000113
0.000091
0.000074
0.000087
0.000066
0.000132
0.000086
0.000301
0.000058
0.000015
0.000014
0.000015
0.000056
0.000245
0.000235
0.000021
0.000027
0.000061
0.000062
0.000047
0.000031
0.000027
0.000026
0.000025
0.000024
0.000024
0.000025
0.000027
0.000031
0.000038
0.000043
0.000002
0.000001
0.000001
0.000001
0.000002
0.000001
0.000002
0.000001
0.000002
0.000002
0.000002
0.000002
0.000001
0.000001
0.000001
0.000001
0.000001
0.000000
0.000000
0.000000
0.000000
0.000001
0.000000
0.000001
0.000004
0.000003
0.000004
0.000008
0.000008
0.000008
0.000006
0.000002
0.000030
0.001025
0.000681
0.000001
0.000001
0.000001
0.000001
0.000003
0.000003
0.000001
0.000001
0.000001
0.000001
0.000001
0.000001
0.000003
0.000001
0.000001
0.000002
0.000002
0.000001
0.000001
0.000002
0.000003
0.000002
0.000001
0.000003
0.000003
0.000003
0.000017
0.000005
0.000004
0.000004
0.000007
0.000007
0.000232
0.000076
0.000494
0.002919
0.003588
0.004611
0.006874
0.012048
0.016857
0.022263
0.042764
0.065262
0.076027
0.084043
0.103563
0.114030
0.279356
0.263909
0.222976
0.194820
0.164595
0.007932
0.008447
0.000000
0.000000
0.000000
0.000000
0.000000
0.000000
0.000000
0.000000
0.000000
0.000000
0.000000
0.000000
0.000000
0.000000
0.000000
0.000000
0.000000
0.000000
0.000279
0.020202
0.162625
0.181724
0.236037
0.256330
0.275219
0.274399
0.277046
0.188269
0.177335
0.000318
0.000249
0.000252
0.000214
0.000045
0.000013
0.000035
0.000474
0.001880
0.002078
0.001993
0.002011
0.002063
0.001979
0.000467
0.000481
0.000453
0.000449
0.000404
0.000102
0.000000
0.000000
0.000000
0.000000
0.000000
0.000000
0.000000
0.000000
0.000000
0.000000
0.000000
0.000000
0.000000
0.000000
0.000000
0.000000
0.000000
0.000000
0.000000
0.000000
0.000000
0.000000
0.000000
0.000350
0.000444
0.000485
0.019870
0.032464
0.032619
0.031880
0.050362
0.052702
0.053695
0.050620
0.001252
0.001033
0.001141
0.000355
0.000109
0.000131
0.000000
0.000000
0.000000
0.000000
0.000000
0.000000
0.000000
0.000000
0.000251
0.000844
0.001220
0.000032
0.000053
0.000046
0.000049
0.000033
0.000017
0.000020
0.000020
0.000014
0.000017
0.000024
0.000045
0.000108
0.000125
0.000018
0.000025
0.000026
0.000077
0.000163
0.000001
0.000000
0.000000
0.000000
0.000000
0.000000
0.000000
0.000114
0.000056
0.000081
0.000137
0.000463
0.000433
0.000341
0.000207
0.000121
0.000185
0.000432
0.004674
0.005187
0.045208
0.054622
0.244607
0.317067
0.386418
0.528224
0.601428
0.755176
0.901991
1.008169
0.034694
0.010179
0.002281
0.000050
0.000070
0.000073
0.000082
0.000153
0.000106
0.000079
0.000001
0.000000
0.000000
0.000000
0.000000
0.000001
0.000000
0.000000
0.000000
0.000000
0.000000
0.000000
0.000000
0.000000
0.000000
0.000001
0.000003
0.000088
0.000135
0.005470
0.007795
0.009832
0.000001
0.000001
0.000001
0.000001
0.000002
0.000002
0.000002
0.000003
0.000003
0.000002
0.000004
0.000003
0.000004
0.000006
0.000014
0.000013
0.000008
0.000007
0.000008
0.000007
0.000007
0.000008
0.012715
0.016865
2.110378
2.473981
2.898196
3.408859
4.026011
4.709771
5.443056
5.624331
5.637398
0.000842
0.000016
0.000009
0.000016
0.000026
0.000003
0.000008
0.000005
0.000006
0.000008
0.000003
0.000003
0.000006
0.000009
0.000004
0.000012
0.000023
0.000009
0.000012
0.000125
0.000006
0.000009
0.000010
0.000937
0.000570
0.000424
0.000453
0.000508
0.000677
0.000658
0.000711
0.000599
0.000597
0.000744
0.000704
0.000395
0.000354
0.000199
0.000016
0.000020
0.000047
0.000139
0.000156
0.000742
0.000988
0.001401
0.002461
5.761578
5.644170
4.975921
0.000599
0.000424
0.000092
0.000084
0.000051
0.000031
0.000015
0.000022
0.000058
0.000089
0.000118
0.007861
0.006738
0.003100
0.001245
0.000064
0.000043
0.000431
0.000199
0.000268
0.000281
0.001382
4.003918
3.655629
3.343271
3.078548
2.762820
2.500844
2.101514
1.745954
1.457188
0.902019
0.044390
0.003620
0.003178
0.002722
0.002689
0.002704
0.002759
0.002705
0.002571
0.002405
0.005411
0.005155
0.004472
0.003945
0.001895
0.000508
0.000420
0.000356
0.000335
0.000012
0.000008
0.000003
0.000005
0.000003
0.000003
0.000003
0.000003
0.000001
0.000001
0.000147
0.000193
0.000204
0.000228
0.000285
0.000196
0.000193
0.000356
0.000143
0.000002
0.000001
0.000148
0.000188
0.000230
0.000283
0.000288
0.000285
0.000267
0.000265
0.000257
0.000242
0.000249
0.000257
0.000261
0.000261
0.000263
0.000003
0.000001
0.000001
0.000001
0.000002
0.000008
0.000002
0.000001
0.000000
0.000002
0.000001
0.000001
0.000001
0.000002
0.000002
0.000003
0.000005
0.000003
0.000001
0.000001
0.000001
0.000000
0.000001
0.000002
0.000003
0.000003
0.000009
0.000035
0.000035
0.000135
0.001472
0.001332
0.001213
0.000849
0.000701
0.000013
0.000416
0.000418
0.000347
0.000390
0.000364
0.000413
0.000442
0.000671
0.000516
0.000018
0.000013
0.000013
0.002107
0.002031
0.002077
0.002210
0.002122
0.002200
0.002125
0.000010
0.000003
0.000003
0.000005
0.000003
0.000004
0.000005
0.000005
0.000006
0.000011
0.000014
0.000032
0.000032
0.001008
0.000981
0.001060
0.001117
0.001262
0.001261
0.001354
0.001475
0.001474
0.001453
0.001451
0.001505
0.000051
0.000027
0.000018
0.000008
0.000012
0.000019
0.000055
0.000024
0.000023
0.000240
0.001054
0.089946
0.088926
0.090582
0.211862
0.221897
0.390593
0.465817
0.522389
2.504598
2.889901
3.440585
3.911927
0.005185
4.825767
5.434482
6.138541
6.789385
7.460864
8.326654
8.760873
9.122474
9.302320
9.339426
9.405580
9.423637
9.387762
9.344790
9.306796
0.273207
0.265974
0.266520
8.783998
8.627512
8.472788
0.274877
0.286052
9.129390
9.082501
8.936687
8.827970
8.597493
0.014260
0.012691
0.008997
0.008148
0.004766
0.003691
0.003026
8.166253
8.031313
0.083391
8.001252
8.048053
8.333807
8.562912
0.000388
0.000256
0.000159
0.000125
0.000030
0.000012
0.000009
0.000003
0.000004
0.000003
0.000002
0.000002
0.000003
0.000002
0.000002
0.000006
0.000013
0.000097
0.000105
0.000255
0.000403
0.040488
0.047278
8.931829
9.011824
9.078050
9.156129
9.189667
9.193891
9.205819
9.208161
9.208296
9.207727
9.206438
9.206504
9.207374
9.207370
9.205540
9.204728
9.205176
9.211729
9.078110
8.976099
8.904864
8.787523
0.017794
8.707881
8.528609
8.328991
8.179338
8.051286
0.044196
0.037120
7.664050
7.504832
7.326455
7.226000
0.031388
7.249261
7.188203
7.038904
0.002433
0.000864
0.000625
0.000651
0.000541
0.008510
0.008698
0.009591
0.010871
0.012238
0.048455
0.048958
7.294996
7.126951
6.969306
6.733762
6.189272
5.711182
5.256417
4.737500
2.863572
3.380440
0.065396
0.022471
0.004598
0.078359
0.511807
0.554679
0.619200
0.677863
0.016874
0.771275
5.288573
6.311401
7.315368
7.882199
8.374716
8.757383
9.237192
9.381489
9.491429
9.526430
9.531135
9.533091
9.536643
9.536951
9.536655
9.534036
9.519222
9.513162
9.486501
9.456635
9.424021
9.072628
0.028504
0.024270
0.067243
0.065424
0.053396
8.315258
8.510380
8.480783
8.695454
9.034774
9.325473
9.443972
9.468891
9.491691
9.510379
9.508187
9.514584
9.530107
9.534298
9.535225
9.535668
9.535525
9.531238
9.523228
9.516344
9.508875
9.504199
9.507028
9.534215
9.670867
9.679464
9.642624
9.544661
0.164700
0.000094
0.000038
0.000017
0.000011
0.000004
0.000002
0.000002
0.000001
0.000001
0.000002
0.000002
0.000006
0.000030
0.000040
0.000069
9.084316
9.108561
9.100042
9.102380
9.109686
9.111440
9.116442
9.113356
9.118634
9.125186
9.129281
9.128546
9.105017
9.070549
9.043320
8.998566
0.000973
0.000216
0.000128
0.000071
0.000055
0.000051
0.000048
0.000049
0.001242
0.000841
0.000885
0.000835
0.000064
0.000050
0.000048
0.000044
0.000237
0.000203
0.000400
0.000698
0.001897
0.003332
0.009780
9.243847
9.363504
9.386284
9.354757
9.277016
9.246148
9.224538
9.125718
8.973251
8.549587
7.751157
1.041817
0.126945
0.973646
8.224131
9.262541
9.356260
9.401127
9.435875
9.436367
9.444791
9.422246
9.396119
9.397758
9.394228
9.594601
9.667620
9.716761
9.734636
9.722542
9.710722
9.704864
9.692569
9.703520
9.715875
9.715892
9.721369
9.741720
9.735001
9.706772
9.685786
9.665827
9.660793
9.667303
9.624108
9.601309
9.534149
9.492755
9.444308
9.387418
9.121166
8.759062
0.113365
0.051871
0.047140
0.027148
0.017100
0.025643
0.063896
0.071063
0.078945
0.087532
0.095866
8.857962
9.236522
9.626512
9.774150
9.878052
9.925557
9.952067
9.979234
9.983122
9.988778
9.996321
9.999789
9.997479
9.994118
9.982533
9.976417
9.977363
9.966181
9.950658
0.002710
0.000548
0.000352
0.000220
0.000106
0.000093
0.000085
0.000085
0.000093
0.000111
0.003212
0.003378
0.003756
9.920430
9.983860
9.996428
9.998668
9.995934
9.995329
9.997085
9.998427
9.999150
9.999388
9.999556
9.999826
9.998215
9.995039
9.992892
9.993975
9.998427
9.997596
9.991287
9.989367
9.982744
9.976319
9.961476
9.941360
9.851209
9.767055
9.663275
9.552708
9.371248
9.047440
8.472041
7.926885
7.195830
5.073431
3.980614
6.474403
6.692343
6.872344
7.049805
7.272520
7.331590
7.719394
7.619425
7.980681
8.068280
7.960135
8.009717
8.123499
8.134777
8.074398
8.084845
8.075349
8.102273
0.163090
8.137826
0.777846
7.911385
8.542647
8.485619
8.394980
8.525386
8.543005
8.584723
8.608801
8.621981
8.621166
8.459422
8.524541
8.522806
8.468885
0.009587
0.008125
0.003212
0.002504
0.001159
0.001145
0.001061
0.001080
8.234330
8.147896
8.075749
7.933316
7.826873
7.728890
7.649629
7.470821
7.305096
0.000616
0.000922
0.000888
0.000358
0.000395
0.000546
0.000405
0.000117
0.000100
0.000103
0.000030
0.000046
0.000039
0.000151
0.000065
0.000091
0.000088
0.000344
0.000060
0.000146
0.000151
0.000169
0.000221
0.000083
0.003691
0.004376
0.002833
0.000549
0.000405
0.000443
0.000254
0.000065
0.000200
0.000325
0.000390
0.006248
7.058448
6.941841
6.821373
6.516927
0.001455
0.001019
0.000587
0.000331
0.000182
0.000248
0.000236
0.000181
0.000523
0.000947
0.000505
0.001059
6.148143
5.853044
5.637229
5.058594
4.625605
4.292766
3.828692
3.525785
3.272767
2.974238
2.732026
0.011903
0.008741
0.006363
2.302073
1.933317
1.748754
0.016637
0.010574
0.009020
0.008270
0.007439
0.006920
0.008437
0.007443
0.006971
0.006328
0.001383
0.001405
0.000983
0.000998
0.000921
0.000887
0.000730
0.000909
0.000598
0.000581
0.000404
0.000384
0.000426
0.000477
0.000532
0.000448
0.000278
0.000194
0.002944
0.003141
0.002116
0.000510
0.000472
0.001093
0.000938
0.000771
0.000707
0.000679
0.000655
0.000622
0.000672
0.000550
0.000563
0.000462
0.000452
0.000494
0.000550
0.000432
0.000163
0.001276
0.001016
0.000012
0.000017
0.000007
0.000007
0.000006
0.000004
0.000008
0.000007
0.000010
0.000053
0.000062
0.000086
0.000101
0.000100
0.000098
0.000100
0.000109
0.000026
0.000047
0.000869
0.001095
0.001154
0.001264
0.001301
0.001386
0.001404
0.001434
0.001429
0.000025
0.000028
0.000832
0.001555
0.010900
0.018149
0.566231
0.600664
0.554425
0.343554
0.253011
0.224152
0.143995
0.116631
0.102944
0.068601
0.064644
0.060700
0.016399
0.014932
0.011380
0.010117
0.004699
0.004331
0.004325
0.004297
0.011289
0.011388
0.003746
0.003706
0.003714
0.003660
0.003585
0.003653
0.003659
0.008992
0.011258
0.011527
0.011438
0.011830
0.001187
0.018429
0.039537
0.045829
0.047814
0.048793
0.049435
0.050560
0.049894
0.049167
0.048274
0.046193
0.044665
0.039136
0.036327
0.033129
0.012797
0.006598
0.004448
0.002643
0.002532
0.002396
0.000012
0.000010
0.001384
0.001474
0.001542
0.001604
0.001717
0.009918
0.017750
0.017911
0.017621
0.017805
0.017575
0.011205
0.009735
0.009131
0.001657
0.001610
0.001717
0.001962
0.002589
0.002673
0.006858
0.007953
0.018823
0.022901
0.029490
0.071905
0.072996
0.073022
0.072292
0.085522
0.083138
0.080018
0.073125
0.046991
0.050275
0.050422
0.046355
0.044513
0.040433
0.036948
0.036351
0.011516
0.009136
0.007523
0.007083
0.006490
0.000008
0.000004
0.000002
0.000002
0.000003
0.000001
0.000001
0.000001
0.000026
0.000017
0.000014
0.000004
0.000004
0.000004
0.000005
0.000006
0.000045
0.000012
0.000006
0.000006
0.000331
0.000397
0.000398
0.000405
0.000395
0.004189
0.004064
0.000086
0.000243
0.000264
0.000275
0.000284
0.000312
0.000336
0.000345
0.000370
0.000275
0.000225
0.000195
0.000007
0.000004
0.000004
0.000004
0.000003
0.000002
0.000003
0.000007
0.000009
0.000007
0.000007
0.000008
0.000019
0.001566
0.002097
0.002198
0.002404
0.002451
0.002339
0.000503
0.000439
0.000410
0.001277
0.001858
0.002414
0.002586
0.002806
0.002853
0.002881
0.002928
0.002965
0.005363
0.005324
0.005328
0.005312
0.005256
0.005240
0.005256
0.005494
0.005510
0.005451
0.005467
0.005476
0.005533
0.005602
0.005562
0.005550
0.005637
0.005680
0.005585
0.005219
0.000077
0.000120
0.000143
0.000153
0.000115
0.000117
0.005581
0.005959
0.000299
0.000277
0.005558
0.005982
0.006392
0.006553
0.006781
0.007310
0.007475
0.007502
0.011125
0.011091
0.007606
0.017744
0.056972
0.058939
0.061909
0.063117
0.064606
0.064797
0.064731
0.064711
0.063664
0.062013
0.060219
0.055962
0.048531
0.031717
0.005472
0.005195
0.005022
0.004403
0.001632
0.000764
0.000688
0.004587
0.004752
0.005079
0.005474
0.005486
0.004863
0.004125
0.000199
0.000197
0.000213
0.002758
0.005752
0.011931
0.011830
0.008151
0.008343
0.010162
0.002439
0.002275
0.000028
0.000446
0.000421
0.000424
0.000385
0.000438
0.000503
0.000623
0.000786
0.000837
0.000865
0.000890
0.000920
0.000926
0.000925
0.000941
0.000970
0.001423
0.001677
0.001500
0.001379
0.000006
0.000005
0.000004
0.000004
0.000001
0.000002
0.000002
0.000006
0.000001
0.001761
0.001761
0.001495
0.001362
0.004620
0.004729
0.006767
0.007306
0.007523
0.007841
0.008245
0.008436
0.014712
0.014814
0.017330
0.029050
0.028535
0.027894
0.028123
0.028518
0.028983
0.001230
0.000019
0.000019
0.000022
0.000024
0.000028
0.000038
0.001413
0.039198
0.041621
0.043644
0.041334
0.035674
0.035012
0.034538
0.033864
0.032897
0.032001
0.029149
0.027328
0.026130
0.023226
0.016939
0.014587
0.000126
0.000079
0.000014
0.002885
0.002722
0.002336
0.002079
0.001777
0.000034
0.000007
0.000015
0.000031
0.000037
0.000036
0.000043
0.000032
0.000045
0.000145
0.000154
0.001282
0.001498
0.001961
0.002042
0.019185
0.019408
0.020110
0.034532
0.035471
0.036250
0.035716
0.034349
0.033176
0.037161
0.037239
0.036947
0.037072
0.037296
0.033620
0.020391
0.017476
0.016817
0.016763
0.014520
0.013125
0.011694
0.003862
0.003546
0.003470
0.000278
0.000052
0.000080
0.000008
0.000023
0.000020
0.000018
0.000023
0.000086
0.000151
0.000188
0.000176
0.000149
0.000536
0.000831
0.001201
0.002017
0.002830
0.003124
0.007592
0.007500
0.006561
0.005925
0.012852
0.012417
0.011804
0.020339
0.020104
0.000806
0.004267
0.026347
0.026744
0.027296
0.027182
0.024368
0.016818
0.015441
0.013957
0.004813
0.005149
0.005438
0.000841
0.000052
0.000023
0.000021
0.000004
0.000003
0.000010
0.000012
0.000010
0.000007
0.000011
0.000023
0.001054
0.000000
0.000000
0.000000
0.000000
0.000000
0.000000
0.000000
0.000000
0.000000
0.000000
0.000000
0.000000
0.000000
0.000000
0.000000
0.000000
0.000001
0.000001
0.000002
0.000000
0.000000
0.000010
0.002518
0.002431
0.000251
0.000121
0.000104
0.000313
0.000353
0.000459
0.021216
0.022144
0.027618
0.028114
0.014835
0.015343
0.014008
0.012589
0.011729
0.000012
0.000009
0.000000
0.000001
0.000001
0.000001
0.000001
0.000002
0.000004
0.000638
0.000779
0.000979
0.000984
0.001305
0.001458
0.001555
0.016858
0.016178
0.015646
0.014472
0.013877
0.013737
0.013056
0.007527
0.006477
0.005477
0.005504
0.005537
0.005699
0.005761
0.007025
0.007263
0.003578
0.003998
0.000021
0.000026
0.000031
0.000026
0.000029
0.000032
0.000053
0.000063
0.000584
0.003250
0.004893
0.006919
0.210430
0.266444
0.259905
0.008835
0.002828
0.000000
0.000000
0.000000
0.000000
0.000000
0.000000
0.000000
0.000000
0.000000
0.000000
0.000000
0.023362
0.023881
0.025585
0.034732
