0.008864
0.000211
0.000007
0.000007
0.000008
0.000011
0.000033
0.000072
0.001419
0.001436
0.001407
0.000186
0.000015
0.000002
0.000002
0.000001
0.000001
0.000001
0.000001
0.000000
0.000003
0.000002
0.000013
0.000013
0.000018
0.000026
0.000829
0.000883
0.000957
0.000018
0.000008
0.000006
0.000006
0.000009
0.000033
0.000203
0.000518
0.003146
0.021188
0.024317
0.027234
0.029751
0.030321
0.030453
0.030485
0.030493
0.030494
0.030494
0.030493
0.030489
0.000006
0.000013
0.000023
0.030575
0.033645
0.033864
0.034151
0.034471
0.034516
0.034589
0.030494
0.030489
0.030489
0.030492
0.034754
0.036006
0.036016
0.035236
0.027596
0.012146
0.027747
0.030052
0.030238
0.030416
0.030476
0.030474
0.030459
0.030428
0.030324
0.030225
0.030229
0.030370
0.030448
0.030458
0.030475
0.030496
0.030497
0.030498
0.030497
0.030486
0.030454
0.030401
0.030368
0.030311
0.030003
0.029881
0.029866
0.029893
0.029896
0.029932
0.030122
0.030217
0.030210
0.037185
0.037625
0.038380
0.039093
0.039107
0.030495
0.030495
0.030495
0.030496
0.030498
0.030498
0.030489
0.030486
0.030491
0.030491
0.030493
0.030495
0.030498
0.030498
0.030498
0.030498
0.030498
0.030498
0.030498
0.030498
0.030498
0.030495
0.030495
0.030497
0.030497
0.030498
0.030498
0.030497
0.030494
0.030493
0.030496
0.030497
0.030496
0.030496
0.030497
0.030498
0.030498
0.030497
0.030497
0.030497
0.030497
0.030492
0.030492
0.030497
0.030497
0.030491
0.030491
0.030494
0.030494
0.030496
0.031262
0.031489
0.031470
0.031562
0.034556
0.041262
0.042018
0.043138
0.043267
0.043125
0.041115
0.039559
0.038560
0.037927
0.037505
0.035849
0.034440
0.033115
0.030450
0.030481
0.030489
0.030489
0.030493
0.030497
0.030497
0.030494
0.030483
0.030466
0.030463
0.030471
0.031013
0.031151
0.031139
0.030607
0.030633
0.031335
0.032041
0.032559
0.030498
0.030498
0.030498
0.030498
0.030498
0.030497
0.030497
0.030497
0.030497
0.030497
0.030497
0.030497
0.030495
0.030489
0.030486
0.030489
0.030492
0.030495
0.030493
0.030493
0.030481
0.030467
0.030472
0.030492
0.030491
0.030493
0.030497
0.030497
0.030495
0.030495
0.030497
0.030498
0.030498
0.030498
0.030498
0.030497
0.030497
0.030497
0.030489
0.030515
0.030514
0.030524
0.030592
0.030736
0.030809
0.030442
0.030464
0.030462
0.030472
0.030488
0.030491
0.030492
0.030496
0.030498
0.030498
0.030498
0.030498
0.030497
0.030494
0.030487
0.030481
0.030462
0.032757
0.033112
0.033937
0.034542
0.035877
0.037575
0.038174
0.039024
0.039883
0.040731
0.041298
0.041331
0.041454
0.041577
0.041850
0.042445
0.030498
0.030497
0.030497
0.030492
0.030485
0.030485
0.030486
0.030492
0.042498
0.042764
0.030494
0.030485
0.030473
0.030476
0.030490
0.030484
0.030482
0.030490
0.030495
0.030494
0.030488
0.030485
0.030490
0.030497
0.030498
0.030498
0.030498
0.030498
0.030497
0.030496
0.030497
0.030496
0.030496
0.030498
0.030497
0.030496
0.030496
0.030495
0.030494
0.030495
0.030495
0.030494
0.030495
0.030495
0.030495
0.030497
0.030498
0.030498
0.030498
0.030497
0.030497
0.030498
0.030496
0.030493
0.030536
0.030559
0.030695
0.030765
0.069408
3.350096
3.434335
0.030459
0.030460
0.030473
0.030487
0.030489
0.030497
0.030497
0.030496
0.030496
0.030498
0.030499
0.030499
0.030501
0.030498
0.030498
0.030498
0.030498
0.030498
0.030497
0.030497
0.030497
0.030498
0.030503
0.030502
0.030499
0.030498
0.030498
0.030497
0.030495
0.030495
0.030497
0.030496
0.030497
0.030497
0.030498
0.030498
0.030498
0.030498
0.030498
0.030498
0.030498
0.030499
0.030499
0.030498
0.030496
0.030496
0.030495
0.030503
0.030503
0.030511
0.030500
0.030500
0.030498
0.030500
0.030499
0.030501
0.030498
0.030494
0.030494
0.030504
0.030512
0.030500
0.030549
0.030541
0.035133
0.034609
0.034495
0.034453
0.034327
0.047498
0.045413
0.030532
0.030511
0.030502
0.030497
0.030497
0.030496
0.030500
0.030493
0.030469
0.030442
0.030434
0.030416
0.030437
0.030497
0.030499
0.030503
0.030500
0.030501
0.030501
0.030502
0.030500
0.030503
0.030502
0.030493
0.030498
0.030781
0.031103
0.031133
0.030504
0.030506
0.030504
0.030505
0.030507
0.030505
0.030488
0.030480
0.030444
0.029719
0.024883
0.005591
0.021384
0.027890
0.036980
0.046321
0.049079
0.049506
0.049580
0.048987
0.049029
0.049139
0.049009
0.048827
0.049297
0.049751
0.047149
0.048364
0.048933
0.023233
0.020795
0.018398
0.016883
0.000140
0.000084
0.000037
0.000055
0.000056
0.000043
0.000025
0.000045
0.000118
0.000198
0.000106
0.000227
0.009975
0.010017
0.009985
0.009949
0.009984
0.010204
0.010232
0.010744
0.010806
0.011260
0.012600
0.000367
0.000574
0.001723
0.003035
0.006305
0.172651
4.982370
5.282441
5.359983
5.441721
5.520935
5.563847
5.519409
5.453469
5.563848
5.651091
5.638205
5.592996
5.467909
0.098550
5.472305
0.045447
0.038833
5.137978
4.954832
4.781386
0.419976
4.775654
5.040704
5.355428
5.528059
5.578560
5.644907
5.700555
5.710951
5.720652
5.720890
5.720319
5.713434
5.706921
5.700359
5.696768
5.696984
5.698172
5.674755
5.635448
5.609134
5.586088
5.549619
5.467373
5.282849
5.619719
5.643307
5.661783
5.700739
5.739944
5.769162
5.774898
5.775647
5.775503
5.771851
5.767974
5.766648
5.767676
5.771017
5.766679
5.766742
5.770927
5.771130
5.771645
5.774415
5.775311
5.774553
5.774327
5.774885
5.775137
5.773678
5.773620
5.774947
5.775715
6.088676
6.089448
6.089566
6.089581
6.089555
6.089401
6.087675
6.074945
6.039592
5.437771
0.457313
5.126491
5.277295
0.304424
5.837452
5.824892
5.975517
5.980489
5.980677
5.977782
5.973347
5.970939
5.967412
5.881747
5.814791
5.776118
0.039879
0.043600
5.863100
5.877054
5.893248
5.913669
5.937082
5.952547
5.961277
5.966087
5.970214
5.978313
5.980210
5.980769
5.980624
5.980645
5.981168
5.981224
5.978955
6.113427
6.166022
6.182948
6.146567
0.000055
0.000034
0.000023
0.000017
0.000004
0.000001
0.000001
0.000000
0.000000
0.000000
0.000000
0.000000
0.000000
0.000000
0.000000
0.000000
0.000000
0.000001
0.000002
0.000004
0.000001
0.000000
0.000000
0.000000
0.000000
0.000000
0.000000
0.000000
0.000000
0.000000
0.000000
0.000000
0.000000
0.000000
0.000000
0.000000
0.000000
0.000000
0.000000
0.000000
0.000000
0.000000
0.000000
0.000000
0.000000
0.000000
0.000000
0.000000
0.000000
0.000000
0.000000
0.000000
0.000000
0.000000
0.000000
0.000000
0.000000
0.000000
0.000000
0.000000
0.000000
0.000001
0.000001
0.000000
0.000000
0.000000
0.000000
0.000000
0.000000
0.000000
0.000000
0.000000
0.000000
0.000000
0.000000
0.000000
0.000006
0.000000
0.000000
0.000000
0.000000
0.000000
0.000000
0.000000
0.000000
0.000000
0.000000
0.000000
0.000000
0.000000
0.000000
0.000000
0.000000
0.000000
0.000000
0.000000
0.000000
0.000000
0.000000
0.000000
0.000000
0.000000
0.000001
0.000002
0.000004
0.000009
5.444249
5.446523
5.448388
5.449606
5.452116
5.454516
5.457064
5.459425
5.460507
5.462784
5.465228
5.467597
5.469996
5.472769
5.475328
5.477760
5.480332
5.482652
5.464921
5.405045
0.025399
0.020908
0.020467
0.019016
0.018976
0.019043
5.098508
4.955520
4.975904
4.997875
5.019116
5.025474
5.027947
5.028210
5.017210
4.984306
4.971901
4.970653
4.971150
4.973951
4.978904
5.094724
5.101690
5.102780
5.101162
4.985746
4.988971
4.985390
5.005998
5.007528
5.010987
5.011927
5.012717
5.015266
5.017236
5.019362
5.018759
5.019459
5.023012
5.029845
5.036644
5.045141
5.102178
5.114443
5.121721
5.126649
5.123903
5.073266
4.929403
0.034472
0.033367
0.032919
0.031384
0.014073
0.011196
0.010117
0.000099
0.000047
0.000033
0.000028
0.000015
0.000007
0.000014
0.000015
0.000018
0.000020
0.000015
0.000017
0.000009
0.000003
0.000004
0.000005
0.000012
0.000013
0.000034
0.000051
0.000103
0.000002
0.000013
0.000015
0.000004
0.000005
0.000008
0.000014
0.000016
0.000029
0.000020
0.000024
0.000009
0.000011
0.000025
0.000065
0.000104
0.004047
5.207215
5.273531
5.294801
5.302028
5.336501
5.391966
5.403768
5.422839
5.456971
5.481183
5.518890
5.621091
5.734570
5.964011
6.049652
6.065426
6.073070
6.084505
6.077931
6.050542
6.042266
6.006097
5.969868
4.833404
4.833278
4.834066
4.835709
4.837036
4.829198
4.831455
4.833807
5.483435
5.983951
6.154226
6.172329
6.175621
6.177923
6.180247
6.183183
6.185896
6.187608
6.189016
6.190448
6.192796
6.193642
6.192866
6.193053
6.193110
6.191266
6.188085
6.185237
6.181095
6.173724
6.166237
6.162199
6.158865
6.154061
6.152447
6.153321
6.150229
6.143106
6.286774
5.974481
6.086395
6.103748
6.109793
6.112652
6.378296
6.405462
6.405769
6.402902
6.729852
6.608718
6.528904
6.687040
6.740807
6.747395
6.750053
6.750094
6.748937
6.749466
6.750839
6.752067
6.753868
6.748530
6.707578
6.427018
6.421315
6.421775
6.422210
6.506965
7.693063
7.949666
8.036647
8.089014
8.156531
8.199898
8.212322
8.223489
8.224250
8.227550
8.234720
8.242944
8.250757
8.260968
8.606538
8.603050
8.605731
8.604665
8.604172
8.607836
8.615508
8.630448
8.626487
8.616584
8.615840
8.620066
8.597442
8.560287
8.507323
0.001896
0.000841
0.000408
0.000171
0.000076
0.000057
0.000034
0.000012
0.000006
0.000004
0.000006
0.000008
0.000006
0.000004
0.000010
0.000009
0.000006
0.000004
0.000005
0.000007
0.000030
0.000005
0.000007
0.000006
0.000007
0.000007
0.000012
0.000021
0.000028
0.000059
0.000005
0.000021
0.000015
0.000006
0.000008
0.000006
0.000006
0.000004
0.000003
0.000004
0.000004
0.000004
0.000003
0.000004
0.000003
0.000006
0.000003
0.000004
0.000013
0.000013
0.000015
0.000012
0.000019
0.000027
0.000114
0.000252
0.000498
0.001214
0.001922
0.002644
8.395460
8.492888
8.558040
8.564236
8.558275
8.559934
8.569740
8.573590
8.799945
8.845906
8.901820
8.918300
8.949342
8.802802
8.812924
8.812158
8.809074
8.794274
8.768871
8.736752
8.665961
8.374408
8.559050
8.508598
8.448385
8.246108
7.851273
7.104882
6.340524
6.326021
6.336792
6.348288
7.291859
7.878870
8.171004
8.345512
8.542671
8.619701
9.089058
9.101836
9.104114
9.104657
9.103812
9.099188
9.075901
9.020990
8.826242
8.825744
9.232587
9.233094
9.232671
9.232750
9.233094
9.233320
9.233284
9.233585
9.232659
9.231596
9.231010
9.230157
9.228398
9.227302
9.227257
9.225249
9.219678
9.216408
9.217607
9.220236
9.217453
9.218402
9.223638
9.229246
9.228218
9.229312
9.232343
9.229083
9.223405
9.217380
9.214388
9.192921
9.136215
0.010105
0.005329
0.002750
0.001463
0.001236
0.000742
0.000262
0.000055
0.000054
0.000023
0.000076
0.000027
0.000088
0.000014
0.000007
0.000007
0.000013
0.000018
0.000022
0.000043
0.000004
0.000003
0.000004
0.000012
0.000007
0.000008
0.000009
0.000008
0.000011
0.000018
0.000017
0.000019
0.000014
0.000023
0.000022
0.000051
0.000092
0.000010
0.000013
0.000022
0.000014
0.000073
0.000015
0.000012
0.000007
0.000014
0.000017
0.000004
0.000004
0.000005
0.000005
0.000016
0.000010
0.000013
0.000005
0.000007
0.000006
0.000016
0.000002
0.000004
0.000003
0.000003
0.000002
0.000004
0.000003
0.000003
0.000005
0.000015
0.000013
0.000007
0.000006
0.000007
0.000006
0.000023
0.000035
0.000020
0.000019
0.000007
0.000009
0.000006
0.000015
0.000006
0.000011
0.000016
0.000007
0.000007
0.000020
0.000008
0.000006
0.000014
0.000024
0.000004
0.000004
0.000003
0.000004
0.000007
0.000011
0.000012
0.000014
0.000005
0.000009
0.000017
0.000024
0.000045
0.000085
0.000227
9.068751
9.193749
9.214260
9.225729
9.229066
9.227608
9.226835
9.226258
9.225698
9.218108
9.188410
9.159308
9.045812
0.011337
0.007660
0.004012
0.001906
0.001824
0.000098
0.000033
0.000041
0.000050
0.000055
0.000151
0.000088
0.000024
0.000022
0.000025
0.000012
8.562065
0.004535
0.024923
0.023674
0.021151
0.000114
0.000099
0.000044
0.121511
0.000090
0.000017
0.000013
0.000042
0.000045
0.000064
0.000154
0.000217
0.000354
8.262383
8.402005
8.742760
8.788848
8.847627
8.853506
8.859133
8.867706
8.866186
8.890387
8.937232
8.993771
9.108012
9.174550
9.201158
9.204049
9.202082
9.197388
0.006807
0.007420
0.007882
0.010921
9.476320
9.577939
9.729616
9.705051
9.575717
8.993391
8.497513
7.676790
6.628708
4.493209
3.949583
0.045538
0.017699
3.216913
5.408485
5.300299
0.090848
0.096110
1.462477
9.702966
9.854564
9.969894
9.988710
9.993207
9.994132
9.989861
9.987323
9.981767
9.981786
9.984334
9.986509
9.418092
9.418004
9.418057
9.418156
9.418197
9.418355
9.418389
9.418373
9.418381
9.418166
9.416015
9.123034
9.115840
9.108789
8.598242
8.566668
8.511746
8.475286
8.457689
8.447463
8.431091
8.421461
8.388410
8.369641
8.352879
8.338168
8.187338
8.113500
8.092395
8.055504
8.019420
7.968445
7.828645
7.501789
7.276317
6.933175
6.508631
6.164168
0.070520
5.687389
5.303807
0.325670
0.155044
0.152210
0.158313
0.170456
0.180046
0.024298
5.416160
5.699744
5.863023
6.117230
6.421053
6.709373
7.055891
7.403199
7.695867
7.901203
8.038464
8.057718
8.063409
8.066806
8.072413
8.066641
8.054201
8.046093
8.040526
8.026394
8.013925
8.013233
7.998053
7.978648
0.014973
0.013480
0.011500
0.003283
0.000416
0.000383
0.000357
0.000341
0.000663
0.000811
8.032183
8.273861
8.393186
8.411813
8.421148
8.429950
8.438391
8.437332
8.436413
8.427535
8.419372
8.413733
8.407212
0.007046
0.007897
8.323057
8.332733
8.333403
8.331123
8.331448
8.333421
8.329390
8.325594
8.325200
8.326049
8.319262
8.314123
8.310802
8.305949
0.000298
0.000224
0.000069
0.000076
0.000067
0.000027
0.000039
0.000081
0.000071
0.000027
0.000084
0.000227
0.000625
0.000587
0.001225
0.001282
8.418784
8.419716
8.011463
8.021599
8.039813
8.086217
8.119921
8.137776
8.177752
8.195746
8.201570
8.205878
8.206869
8.206999
8.208014
8.208070
8.206747
8.204583
8.203141
8.200115
8.198996
8.197793
8.198624
8.200100
8.202335
8.202014
8.199958
8.199367
8.199093
8.200762
8.197061
8.194748
8.192166
8.188130
8.187177
8.189326
8.193464
8.197642
8.203018
8.206622
8.206881
8.206837
8.206844
8.206853
8.206720
8.206273
8.206398
8.206651
8.206355
8.206071
8.206278
8.206904
8.206969
8.206920
8.206940
8.206951
8.206756
8.206568
8.206529
8.206314
8.206195
8.205244
8.204762
8.204795
8.205779
8.206459
8.206476
8.206360
8.206367
8.205818
8.205847
8.206677
8.206736
8.206784
8.207022
8.206973
8.206466
8.206276
8.206565
8.206690
8.203796
8.178265
8.129581
0.057104
7.954415
7.980257
7.982836
8.017534
8.027886
8.039666
8.033260
8.027528
8.039268
8.065470
8.072317
8.097362
8.108601
7.540201
7.537928
7.537903
7.537260
7.610251
7.711124
7.773430
0.022199
0.018663
0.016462
0.016138
7.550248
7.555234
7.552647
7.546922
0.004598
0.004523
0.004376
7.554498
7.536828
7.473697
7.428270
7.408136
7.323256
7.251308
7.201699
7.158867
6.322577
6.236228
6.178228
0.099405
5.965694
5.954097
5.904984
5.914272
5.959485
5.997778
6.047145
6.048196
6.027229
5.979546
5.685261
5.421549
5.178030
4.895598
4.699924
4.305077
4.131736
0.047003
0.002618
0.001798
0.001058
0.000593
0.000177
0.000195
0.000196
0.000273
2.122672
3.896072
3.941983
3.768830
3.672719
3.525834
3.338045
2.021040
1.716685
1.537370
0.373226
0.324734
0.292602
0.152631
0.016616
0.004412
0.003397
0.000327
0.027338
