0.018518
0.008502
0.000499
0.000024
0.001519
0.001456
0.002558
0.011724
0.011934
0.011935
0.011378
0.006754
0.005819
0.006067
0.005848
0.005576
0.000024
0.000011
0.000007
0.000005
0.000004
0.000004
0.000002
0.000002
0.000003
0.000005
0.000009
0.000016
0.000085
0.003626
0.004287
0.004531
0.006977
0.007437
0.000133
0.000099
0.000064
0.000027
0.000031
0.000031
0.000037
0.000041
0.002004
0.001992
0.001967
0.000154
0.000125
0.000112
0.000204
0.000513
0.004696
0.016139
0.908497
0.797098
0.668052
0.275810
0.145418
0.135964
0.083916
0.077825
0.052728
0.044745
0.000991
0.000456
0.000136
0.000116
0.000040
0.018853
0.037566
0.052448
0.046162
0.042324
0.039904
0.037622
0.030026
0.025333
0.019258
0.002135
0.005079
0.005003
0.004976
0.004299
0.003896
0.006171
0.005366
0.005280
0.000083
0.000041
0.000035
0.000031
0.000022
0.000010
0.000016
0.000004
0.000008
0.000010
0.000002
0.000003
0.000004
0.000003
0.000005
0.000004
0.000004
0.000010
0.000014
0.000010
0.000013
0.001728
0.002219
0.004493
0.004871
0.048838
0.003676
0.002958
0.002725
0.002622
0.000455
0.000418
0.000346
0.000516
0.007746
0.007308
0.012758
0.012476
0.012561
0.012567
0.012520
0.020981
0.022112
0.022851
0.023486
0.024481
0.024895
0.024513
0.018998
0.018973
0.018890
0.018274
0.018206
0.017891
0.017691
0.017295
0.017035
0.016194
0.015567
0.009741
0.009010
0.008232
0.000784
0.000646
0.000091
0.000030
0.000049
0.000071
0.000039
0.000032
0.000535
0.000810
0.000766
0.010169
0.011869
0.015861
0.018335
0.019476
0.020424
0.021743
0.022530
0.023144
0.029317
0.002683
0.001509
0.001137
0.000927
0.000884
0.000806
0.000699
0.000222
0.000086
0.000097
0.000445
0.000874
0.005124
0.012466
0.013857
0.016160
0.015772
0.015975
0.016486
0.016427
0.016393
0.020811
0.091178
0.097632
0.103627
0.127246
0.134737
0.133012
0.131331
0.139271
0.138545
0.139210
0.134347
0.109926
0.105213
0.095237
0.000723
0.000761
0.000444
0.000236
0.000173
0.000060
0.000034
0.000055
0.000085
0.000108
0.000101
0.000096
0.051761
0.051950
0.052927
0.053760
0.009044
0.008800
0.008864
0.000901
0.155359
0.192132
0.193789
0.202891
0.212435
0.221832
0.227692
0.234470
0.234786
0.025070
0.008223
0.010634
0.010262
0.000377
0.000303
0.000311
0.000342
0.000445
0.014163
0.084478
0.178339
0.314671
1.084387
1.228267
1.386031
1.553615
1.891593
2.066986
2.247889
2.302776
2.326587
2.336151
0.006733
2.240703
2.127439
2.035688
1.936450
1.839866
0.318734
0.169250
0.077026
0.006981
0.006976
0.006882
0.006724
0.006683
0.006712
0.008598
0.008070
0.008108
0.008477
0.002702
0.002792
0.003136
0.056672
0.062493
0.069147
0.194163
0.209605
2.186413
2.350707
2.549277
2.750439
2.943102
3.062480
3.145751
3.223065
3.328335
3.331785
3.343601
3.350611
0.003155
0.002410
0.001400
0.004240
3.408940
3.304720
3.169964
3.041323
0.373258
0.000510
0.000150
0.000085
0.000074
0.000083
0.000080
0.000304
0.000065
0.000278
0.000216
0.013640
0.000087
0.000138
0.000091
0.000181
0.000169
0.000321
0.000405
0.000659
0.015212
0.207479
3.099183
3.305496
3.518121
3.709267
3.836497
0.063487
4.363809
4.626241
4.735099
4.851653
4.869661
4.707898
4.773628
4.871079
4.888658
4.916823
4.949957
4.959504
4.968060
4.977797
4.999996
5.049639
5.170813
5.258303
0.025159
5.367231
5.375545
5.391565
5.401865
5.405479
5.404917
5.554051
5.560661
5.571138
5.569197
5.561247
5.531162
5.504677
5.494716
5.498010
5.519954
5.540302
5.573708
5.619884
5.640041
5.669302
5.671893
5.674614
5.677513
5.681473
5.682559
5.801663
5.779464
5.706293
5.522810
5.771511
0.034842
0.033407
0.026322
0.037195
5.610623
5.635816
5.646090
5.689398
5.645032
5.511281
5.359242
5.148625
5.014172
4.680793
4.333209
0.003407
0.003189
0.002614
0.002128
0.001395
0.001201
0.001100
0.000465
0.070207
4.271552
4.164928
4.011560
3.900726
3.739506
3.602000
0.019580
0.008248
0.108170
3.561579
3.451399
3.130653
0.263949
0.039986
0.007955
0.000330
0.000197
0.000180
0.009208
0.009588
0.009636
0.009824
0.009783
0.010010
0.010209
0.009931
0.012409
0.017413
0.017481
0.017863
0.018289
0.016406
0.010073
0.000404
0.007820
0.008048
0.024727
0.027442
2.164255
2.204190
0.257122
0.606949
3.787415
4.305693
4.909284
5.189187
5.470571
5.602015
5.674418
5.676271
5.435542
5.245152
4.915764
4.548474
4.286533
3.682390
0.011436
4.167420
4.139183
3.857734
3.617044
3.278185
2.892473
2.363541
0.217224
0.178552
0.113529
0.000442
0.000187
0.000234
0.000102
0.000107
0.000112
0.000122
0.000392
0.000101
0.000057
0.000224
0.000134
0.000123
0.459729
0.409052
0.372019
0.328642
0.299256
0.270056
0.207558
0.066698
0.059556
0.037881
0.035243
0.001297
0.000062
0.000033
0.000066
0.000037
0.000037
0.000035
0.000032
0.000040
0.000046
0.000075
0.000104
0.000026
0.000033
0.000031
0.000021
0.000036
0.000039
0.000075
0.000105
0.000088
0.002403
0.087013
0.106201
0.219378
0.361195
0.428466
0.549628
1.314139
1.545806
1.771323
2.051258
2.381168
2.819330
3.317293
3.867983
4.031071
4.293626
4.548467
4.814544
4.928071
5.051639
5.166010
5.330057
5.416255
5.458898
5.498089
5.512445
5.605104
5.622790
0.000557
0.000180
0.000204
0.000068
0.000523
0.000279
0.000198
0.000083
0.000063
0.000068
0.000059
0.000063
0.000078
0.000098
0.000033
0.000094
0.000068
0.000028
0.000056
0.000134
0.000368
0.000046
0.000049
0.000049
0.000191
0.000233
0.000014
0.000010
0.000030
0.000039
0.000050
0.000047
0.000207
0.000324
0.000618
5.692601
5.746642
5.810152
5.901615
5.985199
6.122376
6.188740
6.270521
6.397024
6.429483
6.458730
6.476798
6.485482
6.435630
6.356916
6.169070
5.907020
5.629418
5.340229
5.081092
4.736716
4.387918
0.001069
0.012395
0.099739
0.573500
4.711574
4.964269
5.151374
5.349913
5.497587
5.666297
5.754072
5.734756
5.716918
5.678591
5.492335
5.378499
5.435492
5.303405
4.753250
2.323900
5.478448
5.768926
0.499409
5.973377
6.550590
6.903416
7.154826
7.282457
7.394514
7.427577
7.452024
7.464029
7.485382
7.509283
7.519146
7.529532
7.544513
7.569469
7.596579
7.598035
7.594735
7.589152
7.570190
7.548771
7.497136
7.411720
7.324646
7.210968
7.062772
6.935582
6.645855
6.275219
5.734359
5.255248
0.108899
0.014621
0.033886
0.031587
0.031010
0.024767
0.024843
0.026329
0.026842
1.260314
1.281805
1.240325
3.968071
0.387217
0.028232
0.145625
0.139249
0.130708
0.118917
0.003760
0.000362
0.000325
0.000166
0.000496
0.000246
0.000147
0.000134
0.000190
0.000201
0.000087
0.000119
0.000063
0.000046
0.001869
0.000258
0.000221
0.000162
0.000078
0.000091
0.000055
0.000029
0.000015
0.000014
0.000022
0.000021
0.000017
0.000016
0.000068
0.000027
0.000055
0.002521
0.002426
0.073448
0.072306
0.064984
0.065108
0.042246
0.062540
0.107124
0.114184
0.122385
0.179687
0.186457
3.339425
3.510202
3.722503
0.031495
4.082118
4.353989
4.680647
5.046002
5.393490
5.882060
6.355240
6.517735
6.613817
6.740978
6.912637
7.005167
7.024709
7.051663
7.053513
7.283050
7.240358
7.052144
6.853672
6.659367
6.481450
6.345014
0.189245
0.204657
7.226610
7.381028
7.413144
0.001875
0.001751
0.001200
0.000282
0.000264
0.000338
0.000188
0.000223
0.000302
7.396984
7.425381
7.405227
7.264206
7.062872
6.829555
0.386190
6.198855
6.354489
6.646804
6.705821
6.655014
6.542437
0.082430
0.001160
0.001198
0.001675
0.040277
6.667053
6.863387
7.068419
7.218011
0.036923
7.578774
7.807957
8.007409
8.029106
8.063555
8.098747
8.130789
8.138575
8.173469
8.176575
8.163780
8.146095
8.109353
0.025992
0.022832
0.020480
0.018471
0.000920
0.000827
0.000790
0.000701
0.002775
7.864250
7.879543
7.895645
7.906191
7.908863
7.912488
7.923149
7.935616
7.972611
8.008915
8.074682
8.147208
8.212621
8.254948
8.288436
8.314896
8.333954
8.325018
8.287577
8.240523
8.210672
8.164419
8.084395
0.169423
0.167782
7.927171
8.068989
0.125920
0.120627
7.777804
7.952250
8.042564
8.064811
8.084903
8.107264
8.126909
8.127858
8.126806
8.128032
8.123050
8.081087
8.060259
8.039767
7.986100
7.781438
7.761766
7.744342
7.732370
7.726738
7.617639
7.472690
0.047772
0.043947
6.958658
6.991673
7.023738
7.070032
7.119228
7.172067
7.212992
7.219074
7.237065
7.244610
7.240026
0.000047
0.000250
0.000294
0.000256
0.000131
0.000004
0.000090
7.569490
7.590621
7.630103
7.661432
7.687473
8.057074
8.190026
8.289240
8.320997
8.537936
8.586167
8.626796
8.721600
8.746989
8.769564
8.785039
8.803346
8.838911
8.851762
8.852610
8.834419
8.821340
8.811928
8.791713
8.772028
8.757388
8.751682
8.738558
8.721637
8.670434
8.603670
8.482726
0.019603
0.016614
0.014724
0.016931
0.015138
0.015112
8.345759
8.381035
8.404960
8.390793
8.380642
8.369895
8.363614
8.770721
8.788837
8.808839
8.804806
8.813903
8.829911
8.849235
8.875696
8.906154
8.975755
9.023338
9.003710
0.168327
0.211031
9.037349
9.314047
9.288369
8.949241
8.948021
8.941810
8.913121
8.887947
8.838543
8.791254
8.670524
8.439536
8.243369
7.986677
7.482308
7.114850
6.734397
6.399611
5.885688
5.432699
5.048541
4.607510
4.302263
1.260229
0.225655
0.119052
0.009224
0.009602
0.008232
0.007141
0.000637
0.000479
0.000234
0.000607
0.000603
0.000935
0.001487
0.020649
3.735586
4.372460
4.968050
5.362084
5.834649
6.722312
7.337997
8.148325
8.819824
9.144694
9.352603
9.390778
9.319623
9.237754
9.017636
8.813907
8.268657
7.910225
7.615839
7.262916
6.846315
6.305220
0.150528
5.475920
0.458529
0.101270
0.051559
0.038114
0.087738
4.459310
1.034650
5.495854
6.083935
6.820935
7.574319
8.294600
8.632821
8.692079
8.642508
8.522129
8.379767
8.183092
7.308396
5.992108
5.108122
1.215874
0.831143
0.742879
0.571633
0.199968
0.043175
0.009991
0.010380
0.001378
0.000000
0.000000
0.000000
0.000000
0.000000
0.000000
0.000000
0.000000
0.000000
0.000000
0.000000
0.000000
0.000000
0.000000
0.000000
0.000000
0.000000
0.000000
0.000000
0.000000
0.000000
0.000000
0.000000
0.000000
0.000000
0.000000
0.000000
0.000000
0.000000
0.000000
0.000000
0.000000
0.000000
0.000000
0.002121
0.001223
0.000646
0.000611
0.000000
0.000000
0.000000
0.000000
0.000000
0.000000
0.000000
0.000000
0.000000
0.000000
0.000000
0.000000
0.000000
0.000000
0.000000
0.000000
0.000000
0.000000
0.000000
0.000000
0.000000
0.000000
0.000000
0.000000
0.000000
0.000000
0.000000
0.000000
0.000000
0.000000
0.000000
0.000000
0.000000
0.000000
0.000000
0.000000
0.000000
0.000000
0.000000
0.000000
0.000000
0.000000
0.000000
0.000000
0.000000
0.000000
0.000000
0.000000
0.000000
0.000000
0.000000
0.000000
0.000000
0.000000
0.000000
0.000000
0.000000
0.000000
0.000000
0.000000
0.000000
0.000000
0.000000
0.000000
0.000000
0.000000
0.000000
0.000000
0.000000
0.000000
0.000000
0.000000
0.000000
0.000000
0.000000
0.000000
0.000000
0.000000
0.000000
0.000000
0.000000
0.000000
0.000000
0.003384
0.099754
0.213511
0.252390
0.008412
0.015306
1.090772
1.257979
5.704733
6.544291
6.939091
7.279545
7.272436
7.209209
7.124975
6.921455
6.744566
6.241918
0.081900
0.065996
0.020659
0.020645
0.001709
0.001095
0.001178
0.000774
0.000464
0.000460
0.000822
5.383955
4.766080
4.344401
3.918834
3.069280
2.846800
0.037011
0.001660
0.001206
0.000221
0.000156
0.000200
0.000095
0.027513
0.035944
0.102707
0.244446
1.022981
1.125465
4.913500
5.495384
5.615960
5.700253
5.644544
5.468123
5.044726
4.473201
0.139285
3.407021
3.119979
2.598065
0.042753
0.000335
0.000504
0.000171
0.000174
0.000168
0.000109
0.000084
0.000060
0.006592
0.005355
0.010367
0.037448
0.168086
0.178690
0.203753
2.145874
2.917826
0.013289
0.018938
0.020230
3.383877
0.401247
0.388079
0.061327
0.357696
0.430106
0.450281
0.473381
0.512148
0.558547
0.403813
0.000001
0.000000
0.000000
0.000000
0.000000
0.000000
0.000000
0.000000
0.000000
0.000000
0.000000
0.000000
0.000000
0.000000
0.000000
0.000000
0.000000
0.000001
0.000001
0.000001
0.584530
0.668469
5.109519
5.722526
6.609624
7.553544
8.296659
8.326997
8.365199
8.345328
8.352552
8.377883
8.408133
8.466140
8.416001
8.349101
8.279061
8.108824
0.001064
0.000673
0.000483
0.000355
0.000325
0.000174
0.000154
0.000166
7.799945
7.901808
8.185453
8.247464
8.240517
0.021571
0.018362
8.121602
8.079120
8.053305
7.985461
7.927828
7.908683
7.815634
7.259082
0.524924
0.003750
0.000594
0.000413
0.000090
0.000028
0.000017
0.000026
0.000022
0.000027
0.000027
0.000015
0.000008
0.000031
0.000034
0.000018
0.000013
0.000015
0.000015
0.000019
0.000016
0.000004
0.000006
0.000002
0.000002
0.000002
0.000003
0.000009
0.000028
0.000062
0.000229
0.000342
3.907896
4.157444
6.727877
7.615052
8.134203
8.654702
9.000387
9.043583
9.081302
9.108238
9.157492
9.101558
9.032820
8.941554
8.827499
8.756762
8.715710
8.636862
8.560487
8.464332
8.326666
8.175333
7.912701
7.616423
7.009715
6.538720
5.913739
5.289073
4.759524
4.233020
3.395788
2.884797
2.581033
0.157023
0.001255
0.000808
0.000632
0.019719
0.019088
0.019949
0.030090
0.032998
0.484788
0.609692
1.458697
1.891591
2.307743
2.879674
3.189434
3.545073
4.018069
4.747946
5.332772
5.992583
6.630260
0.011983
0.012836
0.014863
0.000298
0.000229
0.000051
0.000063
0.000079
0.000082
0.000105
0.000040
0.000055
0.000108
0.000223
0.000952
0.001678
0.002450
0.028940
7.862404
8.260884
8.577354
8.699876
8.758948
8.744941
8.650139
8.096886
8.275475
8.231789
0.111699
8.599471
9.057971
9.365173
9.485530
9.556999
9.672837
9.710565
9.713321
9.718569
9.723165
9.730542
9.730325
9.726060
9.725684
9.721994
9.588251
9.491152
9.405286
9.322476
9.276786
9.233497
0.038023
9.269317
9.302886
9.363761
9.499415
9.613893
9.647241
9.647557
9.637592
9.530494
9.169061
8.405447
0.282740
0.264260
0.046166
7.384686
7.616446
7.839750
8.016744
8.237362
8.605350
8.949385
9.095986
9.219777
9.390158
9.489505
9.609988
9.706268
9.722722
9.722553
9.738472
9.746781
9.752162
9.758432
9.797368
9.858764
9.896124
9.934662
9.956338
9.961582
9.959469
9.943216
9.912924
9.842294
9.690889
9.022129
8.421258
0.696848
0.095038
0.036679
0.024372
0.010392
0.035556
0.536769
7.321048
7.801574
8.082683
8.280208
8.741655
9.228326
9.535212
9.729318
9.854315
9.958028
9.987763
9.991563
9.997672
9.999102
9.999145
9.998853
9.996250
9.990067
9.962148
9.936333
9.891993
9.817989
9.548250
8.864741
8.529725
8.652140
9.110625
9.036569
8.791421
7.031762
6.364313
7.713272
8.273891
8.589223
9.039839
9.410448
9.580516
9.712451
9.907016
9.935384
9.949617
9.979178
9.988920
9.992422
9.995896
9.998174
9.995380
9.991795
9.989090
9.966404
9.807672
9.541717
9.534977
9.531642
9.535022
9.531160
9.525391
9.146659
9.144651
9.143989
9.145711
9.254545
9.693965
9.947518
9.969256
9.960801
9.917518
9.570567
9.687220
9.857764
9.944743
9.980195
9.964834
9.953534
9.925582
9.904147
9.839791
9.796554
9.756594
9.697428
9.633998
9.578510
9.482085
9.345781
9.202698
9.260713
9.201722
9.178109
9.128492
9.099125
8.876053
8.881819
8.877562
9.286276
9.350737
9.334480
0.001871
0.000100
0.000048
0.000027
0.000018
0.000006
0.000003
0.000003
0.000002
0.000001
0.000001
0.000001
0.000002
0.000003
0.000005
0.000014
0.000018
0.000020
0.000023
0.000150
0.000220
0.000477
0.001197
0.001503
0.003648
0.007280
9.650629
9.682663
9.694363
9.702059
9.710677
9.716546
9.718052
9.715877
9.679722
9.404423
9.225626
8.554085
7.600710
6.206522
8.489565
9.181960
9.289057
9.313938
9.330549
9.392711
9.458709
9.525600
9.575569
9.579652
9.584678
9.584598
9.584541
9.584636
9.584298
9.581884
9.580446
9.580380
9.581855
9.582869
9.582187
9.582198
9.579626
9.553526
9.529099
9.521764
9.362282
9.216090
9.085937
8.298595
5.833415
6.857356
7.533798
7.735491
7.982984
8.045357
0.094658
8.303589
8.515564
8.662154
8.702832
8.696496
8.507321
8.280471
8.166723
7.934410
7.785009
9.005147
9.005463
9.018755
8.950279
8.834887
8.710611
0.067619
8.924834
8.903000
8.849946
0.064863
0.056731
8.854972
8.981128
9.051938
9.093678
9.119724
9.100024
8.915509
8.798687
0.379009
8.678820
9.093790
9.071599
9.046502
8.937888
9.125804
9.168816
9.203257
9.199741
9.190575
9.178239
9.168072
9.143532
9.131401
9.096286
9.021414
8.854806
8.691246
8.580472
0.030236
8.485668
8.042911
6.834268
5.896437
5.139380
4.431891
3.587123
3.231984
2.898029
2.492951
1.858437
1.489685
0.946877
0.780728
0.650086
0.582638
0.448190
0.224260
0.046364
0.008068
0.003581
0.003565
0.006444
0.000387
0.008853
0.007334
0.000174
0.000451
0.001024
0.382050
0.702376
0.827147
0.948785
1.283375
1.439435
1.708462
1.772386
1.921663
1.897619
1.832411
1.765949
1.421067
1.237868
1.054789
0.844357
0.732423
0.522322
0.396206
0.291675
0.139269
0.148720
0.141654
0.144584
0.164909
0.154921
0.154063
0.129081
0.095914
0.068431
0.058084
0.046075
0.039298
0.038361
0.031827
0.029892
0.028000
0.022752
0.021280
0.021097
0.006832
0.179883
0.188979
0.200063
0.230658
0.239622
0.356639
0.419045
0.457740
0.440705
0.432100
0.420958
0.393099
0.360884
0.322846
0.290735
0.218717
0.174753
0.145301
0.141784
0.141083
0.111009
0.060871
0.058485
0.056333
0.054060
0.047739
0.050109
0.010381
0.008063
0.007251
0.006678
0.005870
0.004797
0.000819
0.001165
0.000444
0.000358
0.000466
0.000237
0.000283
0.004245
0.004318
0.004283
0.004276
0.004155
0.003774
0.003574
0.003411
0.003448
0.003368
0.003471
0.003633
0.003708
0.003900
0.004064
0.005712
0.000037
0.000114
0.000087
0.000463
0.000611
0.000853
0.001271
0.096030
0.121125
0.429442
0.473477
0.515648
0.522391
0.512012
0.497239
0.487391
0.010289
0.008997
0.007235
0.003795
0.003357
0.005172
0.003699
0.003006
0.001605
0.000117
0.000098
0.000206
0.000228
0.002463
0.011470
0.018026
0.020992
0.073104
0.073270
0.073110
0.075785
0.291632
0.292686
0.245620
0.227069
0.061070
0.049292
0.007092
0.000150
0.000219
0.000238
0.020213
0.032170
0.032380
0.015096
0.018456
0.021042
0.008629
0.008417
0.008760
0.013540
0.032616
0.035037
0.285333
0.309145
0.326558
0.340850
0.351069
0.367062
0.367755
0.018228
0.018293
0.003497
0.003702
0.000362
0.000618
0.000026
0.000054
0.000033
0.000030
0.005158
0.005230
0.020086
0.022521
0.055294
0.206869
0.205313
0.076548
0.067466
0.030627
0.000493
0.000051
0.000051
0.000039
0.000120
0.000324
0.000109
0.000110
0.001604
0.007118
0.013473
0.010667
0.008970
0.577698
0.588510
0.602467
0.588285
0.542277
0.493737
0.403224
0.047773
0.041468
0.024377
0.021872
0.013389
0.012660
0.009657
0.008758
0.008654
0.008572
0.000283
0.004371
0.008665
0.008844
0.017234
0.016845
0.017040
0.017121
0.017560
0.019656
0.021945
0.001266
0.003671
0.015867
0.034497
0.057770
0.203827
0.213353
0.234845
0.229941
0.219423
0.101423
0.093566
0.087944
0.083699
0.086129
0.004025
0.002316
0.004503
0.000080
0.000172
0.000221
0.000705
0.000681
0.013949
0.552165
0.676308
0.797686
1.068120
1.611601
1.989705
2.323198
2.685663
3.252390
3.384548
3.537059
3.799339
3.899125
4.016348
4.122074
4.233177
4.347108
4.400772
0.004407
0.002361
0.001787
0.005800
0.006151
0.000677
0.001019
4.550383
4.676783
4.856663
5.045648
5.141797
5.264509
5.386518
5.433772
5.417219
5.389044
5.363011
0.008728
0.000332
0.000310
0.008982
5.397806
5.423255
5.345632
5.409458
5.402349
5.351291
5.281216
5.245981
5.044302
4.843586
4.637536
4.377368
3.949749
3.559620
0.060313
1.227245
1.107610
0.995125
0.070477
0.037934
0.012907
0.032746
0.036319
0.037005
0.038330
0.010873
0.019426
0.274952
1.887871
2.074643
2.260913
2.481773
2.729136
3.052233
3.227502
3.421329
3.624304
3.761836
3.905982
0.005740
0.004964
0.000508
0.000546
0.000533
0.001022
0.000873
0.010550
0.015677
3.869382
3.915869
3.982075
3.992241
4.000682
3.992232
3.990345
3.945261
3.919242
3.895546
3.837322
3.654877
3.474153
3.273566
3.128678
0.067160
2.710966
0.038620
0.046230
0.040467
0.037781
0.046129
0.089184
2.786550
2.861951
2.965918
2.976660
2.994774
3.013753
3.031415
2.774708
2.498684
2.472763
0.001024
0.000971
0.000819
0.001218
0.001116
0.001044
0.023542
2.034913
2.083764
2.117872
2.599702
2.632646
2.857345
3.503069
3.680236
3.852710
4.058889
4.279330
4.487269
4.697717
4.888542
4.949586
5.002338
5.123282
5.200399
5.229041
5.256702
0.020231
0.019738
0.024288
5.429547
5.489272
5.519447
5.538266
5.553371
5.531723
5.518840
5.498023
5.474131
5.307859
4.838424
4.345504
0.351738
0.404703
1.408265
5.007233
6.122292
6.613235
7.193690
7.241455
7.228275
7.228967
7.218678
7.140281
7.069352
0.000096
0.000039
0.004175
0.002539
6.941920
6.823988
6.706929
6.635118
6.484856
6.345112
6.238708
6.020854
5.635195
0.003762
0.002797
0.000633
0.000476
0.000085
0.000070
0.000042
0.000034
0.000021
0.000028
5.197427
4.997940
4.752986
4.523288
4.326528
4.205632
3.832485
3.522916
0.064454
0.055209
0.042771
0.040402
0.000917
0.018963
2.415357
2.202703
1.971878
1.780198
1.635445
1.480674
1.302979
1.149276
1.031382
0.890989
0.814935
0.622156
0.513451
0.463855
0.387766
0.019348
0.000828
0.000295
0.000265
0.011367
0.011401
0.011288
0.011242
0.010969
0.010709
0.009081
0.008203
0.007470
0.007139
0.007719
0.003833
0.003964
0.073979
0.071763
0.078699
0.072767
0.058348
0.057909
0.073854
0.071890
0.065973
0.071040
0.070485
0.067708
0.065139
0.060384
0.001104
0.000592
0.000386
0.000162
0.000155
0.000303
0.000112
0.000057
0.000036
0.000199
0.000061
0.000068
0.000260
0.003124
0.004901
0.007484
0.028985
0.029031
0.029256
0.028550
0.027790
0.027537
0.044630
0.043091
0.042729
0.042939
0.041908
0.041334
0.031527
0.024503
0.022952
0.024430
0.025113
0.026262
0.027967
0.015665
0.015506
0.012688
0.000817
0.000653
0.000093
0.000031
0.000034
0.000033
0.000032
0.000398
0.001305
0.003993
0.004604
0.005173
0.006662
0.050225
0.053957
0.101527
0.142489
0.205894
0.348479
0.472843
0.515223
0.570691
0.679687
0.703332
0.714879
0.701868
0.011578
0.047516
0.656610
0.675457
0.673699
0.672414
0.651591
0.596302
0.552371
0.514897
0.025575
0.026617
0.012056
0.019601
0.021338
0.000138
0.000048
0.000024
0.000061
0.000068
0.000027
0.000053
0.000079
0.000048
0.000054
0.030584
0.108964
0.175036
0.159141
0.163941
0.172334
0.172630
0.171062
0.119570
0.011728
0.000700
0.022845
0.026330
0.029483
0.266483
0.503159
0.538749
0.574894
0.054985
0.049123
0.002909
0.002228
0.000116
0.001394
0.038117
1.189389
1.311423
1.539992
1.740638
1.963451
2.241448
2.553887
2.665064
2.794621
2.960490
3.105836
0.006741
3.307706
3.441239
3.594210
3.640209
3.694643
3.774703
0.003866
0.002910
0.002277
0.005095
0.003653
0.003930
0.004713
0.005349
0.006332
0.008526
0.009745
0.009906
0.013137
3.775878
3.790330
3.827381
3.736387
0.000403
3.738990
0.016146
0.015146
0.000320
0.000038
0.000024
0.000013
0.000014
0.000017
0.000029
0.000086
0.000157
0.000129
0.000130
0.000114
0.000377
0.000482
0.004634
3.619709
3.638359
3.646804
3.637683
3.618061
3.612553
3.590972
3.566259
3.540944
3.517377
3.476781
3.422755
3.365607
3.338297
3.185040
3.070450
2.983101
2.910119
2.688814
0.016850
0.003932
0.002220
0.002274
0.002318
0.002555
0.003842
0.002857
0.002870
0.002708
0.002623
0.002564
0.002331
0.002583
0.003167
0.002152
0.001680
0.000677
0.000937
0.001086
0.001146
0.014575
0.015860
0.015013
0.015916
0.016160
2.334594
2.235690
2.130787
2.006581
1.921734
1.852072
1.755596
1.652162
1.475241
1.358008
1.213547
0.088362
0.006352
0.001065
0.000295
0.000308
0.000316
0.000310
0.000271
0.000120
0.007155
0.006915
0.005773
0.005156
0.009289
0.699311
0.662366
0.611689
0.566799
0.533658
0.511386
0.455046
0.429090
0.231570
0.004063
0.003476
0.000428
0.000266
0.000201
0.000163
0.000112
0.000119
0.000129
0.000111
0.000193
0.000148
0.000118
0.001758
0.061285
0.049834
0.048212
0.045881
0.034453
0.037611
0.035624
0.033640
0.024170
0.003275
0.000739
0.002760
0.003222
0.001278
0.001019
0.001108
0.001353
0.001452
0.001561
0.001981
0.002324
0.080238
0.089923
0.123207
0.227862
0.419390
0.592841
0.890119
1.012864
1.146408
1.337456
1.718069
1.988857
2.353463
2.952742
3.169427
3.455396
3.796690
3.883656
4.017981
4.134727
4.185137
4.181561
4.172457
4.167638
4.172342
4.158860
4.117112
4.082952
4.038228
4.020623
4.025252
0.039301
3.843877
3.881073
3.935017
3.936507
3.958593
3.977241
3.987520
3.990161
3.991938
3.960717
3.916575
3.928324
3.950055
0.031769
3.974826
3.981841
4.069362
4.176681
4.243351
4.308793
4.381627
4.421402
4.385399
4.255081
4.210337
4.135458
3.976074
3.859994
0.089005
4.045822
3.988396
0.004060
0.003103
0.001173
0.001046
0.000588
0.000138
0.000038
0.000026
0.000011
0.000007
0.000010
0.000022
0.000021
0.000012
0.000013
0.000011
0.000012
0.000014
0.000033
0.000018
0.000090
0.000011
0.000009
0.000004
0.000003
0.000004
0.000005
0.000003
0.000002
0.000002
0.000003
0.000009
0.000017
0.000024
0.000007
0.000005
0.000003
0.000003
0.000004
0.000007
0.000013
0.000022
0.000026
0.000049
0.000052
0.000176
0.000431
3.968024
3.972182
3.979085
3.995503
4.029857
4.035767
4.028559
3.943484
3.872829
3.827609
3.661380
3.547151
3.449644
3.356944
2.794669
2.365421
1.803645
1.659657
1.052590
0.975000
0.224596
0.196776
0.150206
0.047145
0.028485
0.022329
0.000955
0.000100
0.000082
0.000081
0.000085
0.002407
