0.002275
0.000007
0.000338
0.000344
0.000342
0.000344
0.000351
0.000365
0.000375
0.000381
0.000389
0.000399
0.000419
0.000409
0.000417
0.003086
0.002273
0.014685
0.014882
0.015456
2.489254
2.116117
1.878781
1.623189
1.312977
1.105369
0.485897
0.391728
0.180594
0.092204
0.079957
0.028401
0.024481
0.014575
0.003410
0.002672
0.002518
0.002504
0.002298
0.002135
0.000138
0.000223
0.000424
0.001034
0.007722
0.005542
0.005640
0.006285
0.016392
0.017674
0.018602
0.018752
0.019090
0.036357
0.048051
0.012895
0.000018
0.000027
0.000037
0.000030
0.000023
0.000030
0.000021
0.000012
0.000014
0.000012
0.000016
0.000027
0.015312
0.015542
0.016209
0.027546
0.072744
0.084883
0.097858
0.112266
0.129721
0.162862
0.150473
0.096174
0.067763
0.053319
0.044878
0.000341
0.000305
0.000201
0.000098
0.000110
0.000043
0.000043
0.008541
0.000343
0.000278
0.000313
0.000293
0.000278
0.000349
0.000127
0.000106
0.063201
0.066646
0.070194
0.071075
0.073474
0.107435
0.107193
0.105782
0.083440
0.069004
0.068205
0.013656
0.013543
0.013639
0.013929
0.022658
0.022025
0.022143
0.022038
0.021845
0.021864
0.020592
0.019009
0.005932
0.003673
0.004610
0.013164
0.047554
0.065749
0.074045
0.059329
0.079662
0.107722
0.111981
0.160849
0.179663
0.000146
0.000229
0.000326
0.199907
0.206058
0.232846
0.213879
0.212600
0.191638
0.069565
0.070439
0.069855
0.062969
0.060308
0.058725
0.055252
0.021096
0.020766
0.020464
0.018394
0.018344
0.016879
0.013315
0.001864
0.361567
0.388978
0.419492
0.582180
0.600340
0.609959
0.612889
0.616558
0.616834
0.550202
0.001064
0.000170
0.000175
0.000100
0.000083
0.000071
0.000533
0.000540
0.000617
0.000677
0.000966
0.000844
0.000916
0.000780
0.000965
0.005791
0.006171
0.005260
0.430023
0.447935
0.480167
0.456247
0.286576
0.026280
0.478485
0.512750
0.541648
0.578987
0.000808
0.000278
0.000173
0.000185
0.000299
0.001688
0.001645
0.772047
0.837097
0.893611
0.944234
1.165029
1.231655
1.248930
1.439651
1.550197
0.086048
0.089078
0.088063
0.113575
0.005459
0.141232
2.442657
2.780373
0.003870
0.005355
0.006673
3.514738
4.036821
4.792984
5.629587
6.363759
7.071540
7.624423
8.208633
8.662680
9.220870
9.478385
9.540274
9.553167
9.564444
9.591495
9.593514
9.592763
9.592849
9.589960
9.586251
9.585043
9.585807
9.586811
9.588194
9.589489
9.945392
9.955874
9.976972
9.980583
9.968684
9.954811
9.925287
0.055369
9.748060
9.777029
0.187749
9.864581
9.963097
9.981308
9.994190
9.999664
9.997087
9.996369
9.997301
9.998368
9.998795
9.999707
9.998723
9.997768
9.998168
9.999037
9.999518
9.999825
9.999481
9.998880
9.999042
9.999301
9.998615
9.998019
9.998619
9.999088
9.998559
9.998063
9.998444
9.991029
9.990475
9.995400
9.999736
9.999970
9.999948
9.999869
9.999747
9.999758
9.999792
9.999290
9.999220
9.999777
9.999816
9.999824
9.999887
9.999930
9.999950
9.999973
9.999985
9.999830
9.999077
9.995831
9.993228
9.990019
9.499634
9.499124
9.499514
9.500376
9.500394
9.500393
9.500203
9.500148
9.500160
9.499958
9.500034
9.500413
9.499912
9.499598
9.499816
9.499933
9.499802
9.499720
9.499592
9.499639
9.499403
9.499073
9.499218
9.499588
9.497401
9.493366
9.493662
9.497232
9.498011
9.498999
9.499763
9.500290
9.499558
9.494791
9.137763
9.134796
9.133353
9.132599
9.131854
9.128511
9.128322
9.129125
9.128692
9.127471
9.127452
9.127609
9.123446
9.118805
9.118108
9.120796
9.119510
9.121442
9.128729
9.128508
9.126859
9.126634
9.162827
9.186902
9.206375
9.225003
9.223910
9.221674
9.216274
9.210503
9.086938
8.976805
0.024974
0.008739
0.000000
0.000000
0.000000
0.000000
