0.014987
0.003106
0.001163
0.000231
0.000019
0.000007
0.000005
0.000005
0.000004
0.000006
0.000009
0.000012
0.000449
0.000495
0.000531
0.000592
0.000615
0.002632
0.002567
0.002517
0.002461
0.002277
0.001547
0.001931
0.001868
0.000182
0.000150
0.000047
0.000015
0.000040
0.000058
0.000070
0.002638
0.002654
0.003005
0.011926
0.019807
0.038311
0.052881
0.774751
0.750897
0.713114
0.021233
0.003914
0.008353
0.026356
0.037095
0.098801
0.593355
1.939384
2.274442
2.608342
3.048870
3.199689
3.429379
0.000010
0.000004
0.000001
0.000001
0.000001
0.000002
0.000004
0.000005
0.000000
0.000001
0.000003
0.000004
0.000004
0.000001
0.000000
0.000000
0.000000
0.000000
0.000000
0.000000
0.000000
0.000000
0.000000
0.000000
0.000000
0.000001
0.000001
3.544005
3.479591
3.389978
3.305789
3.192061
0.000549
0.000000
0.000001
0.000000
0.000000
0.000000
0.000000
0.000000
0.000000
0.000000
0.000000
0.000000
0.000000
0.000000
0.000000
0.000000
0.000000
0.000000
0.000000
0.000000
0.000000
0.000000
0.000000
0.000000
0.000000
0.000000
0.000000
0.000000
0.000000
0.000000
0.000000
0.000002
0.000001
0.000000
0.000000
0.000000
0.000000
0.000000
0.000000
0.000003
0.000001
0.000002
0.000002
0.000006
0.000185
2.931679
2.922994
2.708140
2.443046
2.333165
2.252766
2.137028
1.997940
1.893691
1.799332
1.691383
1.624749
0.003243
0.003907
0.000002
0.000002
0.000002
1.376116
0.004978
1.373690
1.248778
1.120236
0.983879
0.934495
0.825860
0.762127
0.019129
0.017874
0.017283
0.006405
0.006308
0.008789
0.012201
0.006176
0.003682
0.003697
0.015388
0.013943
0.016103
0.002697
0.003398
0.003321
0.002995
0.002802
0.002749
0.002615
0.002853
0.002796
0.003223
0.003185
0.003278
0.003216
0.000463
0.712490
0.697697
0.663322
0.006112
0.002841
0.003116
0.002503
0.002607
0.002968
0.003299
0.003307
0.003368
0.003424
0.003441
0.003540
0.018695
0.028513
0.413770
0.483072
0.475119
0.189470
0.129129
0.123852
0.106133
0.105723
0.106734
0.106464
0.108032
0.118036
0.148818
0.200857
0.291006
1.403907
1.933516
2.113754
2.359222
2.646561
2.956743
3.011345
3.043979
3.073782
3.095769
2.994648
2.934041
2.542839
2.233682
0.267898
0.148578
0.017471
0.004711
0.002319
0.002369
0.002119
0.000240
0.000193
0.000241
0.000057
0.000083
0.000035
0.000066
0.000023
0.000025
0.000028
0.000134
0.000156
0.000000
0.000000
0.000000
0.000001
0.000000
0.000001
0.000000
0.000000
0.000000
0.000002
0.009699
1.187687
1.305755
1.331833
1.366777
1.421959
1.516933
1.595156
1.697325
0.019846
0.003827
0.003955
0.002595
0.002527
0.002705
0.003983
0.004139
0.004227
0.031835
0.038011
2.209381
2.124197
0.035118
2.083400
2.002387
1.844026
1.771817
1.738222
1.635306
1.534167
1.388755
1.205578
1.158909
1.009310
0.930124
0.850040
0.344730
0.241011
0.031707
0.000018
0.000065
0.000029
0.000035
0.000028
0.000022
0.000021
0.000043
0.000069
0.000036
0.000029
0.000183
0.000029
0.000035
0.000064
0.000028
0.000026
0.000016
0.000027
0.000024
0.000029
0.000039
0.000033
0.000032
0.015022
0.000692
0.000923
0.001617
0.000231
0.000520
0.000118
0.000101
0.000244
1.128264
1.367088
1.671821
1.846465
2.006225
2.088351
2.138105
2.179460
2.177691
2.077456
1.973483
1.867927
1.743842
1.639598
1.398429
1.335210
1.221247
1.099177
0.001340
0.001067
0.000001
0.000000
0.000000
0.000000
0.000000
0.000000
0.000001
0.000000
0.000000
0.000000
0.000000
0.000000
0.000000
0.000000
0.000000
0.000000
0.000000
0.000000
0.000000
0.946452
0.845138
0.760925
0.684756
0.619337
0.560452
0.473353
0.404721
0.356441
0.198194
0.136656
0.113387
0.032194
0.026214
0.008450
0.003345
0.000573
0.000136
0.000001
0.000000
0.000000
0.000000
0.000000
0.000000
0.000000
0.000000
0.000000
0.000000
0.000000
0.000000
0.000000
0.000000
0.000000
0.000000
0.000000
0.000091
0.000045
0.000039
0.000045
0.000063
0.000108
0.000106
0.000088
0.001488
0.001250
0.000055
0.000093
0.000067
0.000064
0.000053
0.000007
0.000018
0.000090
0.000007
0.000006
0.000061
0.000082
0.000068
0.000103
0.000120
0.000201
0.000139
0.000190
0.000138
0.000157
0.000160
0.000068
0.000069
0.000058
0.000053
0.000672
0.000812
0.001105
0.001363
0.001412
0.001314
0.001370
0.001234
0.001644
0.291448
0.286555
0.250872
0.249158
0.240523
0.002971
0.463851
0.450286
0.442450
0.424156
0.002316
0.000600
0.000273
0.000208
0.390555
0.377666
0.363565
0.350619
0.001099
0.001207
0.189847
0.098125
0.023046
0.036588
0.016640
0.013549
0.013488
0.000003
0.000001
0.000001
0.000000
0.000000
0.000000
0.000000
0.000000
0.000002
0.000001
0.000001
0.000001
0.000001
0.010210
0.015396
0.005130
0.005385
0.032117
0.033601
0.030578
0.029475
0.024221
0.020734
0.000450
0.001019
0.001502
0.001442
0.001381
0.010982
0.009380
0.010317
0.001227
0.001211
0.001192
0.001181
0.001136
0.000938
0.000844
0.000411
0.028899
0.067470
0.120364
0.121696
0.127289
0.130352
0.129653
0.051848
0.045824
0.009646
0.009074
0.009665
0.014814
0.013570
0.013781
0.013844
0.013878
0.013898
0.013988
0.014017
0.005758
0.006825
0.007240
0.007660
0.007788
0.008287
0.015410
0.013177
0.013141
0.057397
0.149113
0.461245
0.500483
0.563929
0.577807
0.610788
0.651918
0.003766
0.002113
0.001665
0.000100
0.000071
0.000041
0.000043
0.000020
0.000095
0.000034
0.000045
0.000044
0.000037
0.000024
0.000017
0.000014
0.000012
0.000007
0.000007
0.000006
0.000006
0.000015
0.000013
0.000018
0.000024
0.000020
0.000021
0.000063
0.000102
0.000104
0.000244
0.000270
0.004529
0.004316
0.014157
0.028532
0.564723
0.872314
0.969708
1.034769
1.026989
1.156880
0.099983
0.100158
0.001755
0.002755
0.002933
0.070716
0.093678
0.089703
0.089519
0.084716
0.068956
0.069375
0.015085
0.008459
0.006973
0.000191
0.000215
0.000283
0.000291
0.046024
0.046463
0.045457
0.044120
0.044373
0.043916
0.043194
0.042370
0.030625
0.011734
0.004914
0.000538
0.000674
0.000868
0.011596
1.381330
1.437795
1.595087
1.751711
0.004425
2.276079
2.522138
2.780669
0.017661
3.620891
4.066137
4.578774
4.918625
5.381128
6.225446
6.296717
6.064129
5.924863
5.713957
5.530351
5.207513
4.851353
0.013779
0.026746
0.000051
0.024256
0.066567
0.385230
4.543337
5.112301
5.538744
6.100400
6.725993
7.280127
7.314449
7.352002
7.636182
7.647909
7.652992
7.654789
7.655307
7.654475
7.656015
7.893968
7.907080
7.787357
7.794889
7.796504
7.799158
7.805512
7.808473
7.810763
7.809259
7.808468
7.849368
7.842709
7.837032
7.828703
7.822163
0.000019
0.000015
0.000024
0.000010
0.000033
0.000025
0.000032
0.000040
0.000051
0.000062
0.000112
7.794022
7.794632
7.810448
7.816968
7.814412
7.915391
7.917342
7.965725
7.984057
7.991338
8.004232
8.004984
8.005162
0.000079
0.000046
0.000028
0.000061
0.000042
0.000017
0.000023
0.000009
0.000018
0.000007
0.000035
0.000016
0.000009
0.000016
0.000011
0.000011
0.000005
0.000033
0.000027
0.000019
0.000015
0.000030
0.000283
0.000329
0.000363
0.001074
0.001231
8.025511
7.947108
7.967880
7.997886
8.036471
8.077021
8.086404
8.116548
8.156444
8.370364
8.407490
8.414766
8.421119
8.426568
8.426409
8.426101
8.420954
8.417207
8.411154
8.393649
8.146052
8.136003
8.129367
8.124915
8.120066
8.098756
0.043293
7.776431
7.755795
7.640041
7.926233
8.075939
8.182457
8.235043
8.247174
8.251814
8.254861
8.257355
8.223340
8.237487
8.376786
8.406482
8.408794
8.439692
8.444401
8.451038
8.459272
8.454830
8.426127
8.381542
8.343255
8.312445
8.257728
8.244005
8.223257
0.082951
8.060810
8.019703
7.962978
7.836320
0.064139
0.004793
0.025327
0.025919
0.024237
0.023530
0.027436
8.033968
8.207010
8.263738
8.280429
8.297303
8.314116
8.288535
8.181879
0.000217
0.000152
0.000115
0.000024
0.000020
0.000012
0.000010
0.000009
0.000004
0.000001
0.000001
0.000001
0.000001
0.000001
0.000000
0.000002
0.000002
0.000005
0.000007
0.000019
0.000029
0.000050
0.000110
0.000290
0.000913
0.002330
7.993159
7.871391
7.873663
7.871947
7.870180
7.870400
7.869509
7.870629
7.870123
7.870480
7.872240
8.081185
8.085612
8.084057
8.086894
8.100530
8.101409
8.101121
8.191520
8.205995
8.214256
8.216972
8.218368
8.421438
8.429363
8.506772
8.514328
8.520521
8.520117
8.519969
8.520014
8.520465
8.519981
8.519563
8.519854
8.520447
8.520136
8.520001
8.518736
8.519020
8.521053
8.521755
8.520832
8.537546
8.540077
8.545924
8.548669
8.557733
8.558448
8.562130
8.544539
0.045581
0.044517
0.044253
0.044103
8.545197
8.570068
8.759985
8.786919
8.809491
8.839626
8.842714
8.846275
8.848615
8.851944
8.851654
8.850648
8.852113
8.851487
8.851122
8.848539
8.847145
8.761241
8.760331
8.770685
8.779864
8.781361
8.782312
8.782804
8.782949
8.783129
8.782943
8.782484
8.781259
8.970516
8.935544
9.064595
9.228198
9.173312
9.145453
9.122283
9.087372
9.041584
9.002719
8.971613
8.929549
8.927705
8.926623
8.942773
8.945489
8.927489
8.927115
8.924604
8.922475
8.939716
8.940370
8.942931
8.947564
8.950866
8.952013
8.951531
8.918763
8.919020
8.922806
8.925815
8.925888
8.926944
8.927664
8.927930
8.927877
8.927851
8.927709
8.926682
8.922522
8.920666
8.921577
8.922569
8.919429
8.920260
9.035354
9.046376
9.078278
9.097906
9.077248
9.023059
8.907679
8.869165
8.864393
8.865093
8.876636
8.878603
8.878661
8.874838
8.873373
8.874898
8.877234
8.878802
8.880177
8.881523
8.880385
8.878933
8.878398
8.876816
8.873447
8.874459
8.879180
8.881928
8.881876
9.196823
9.200575
9.201297
9.201341
9.202366
9.203587
9.202241
9.200418
9.200367
9.200351
9.199727
9.199425
9.200391
9.203911
9.205621
9.206569
9.439609
9.457618
9.482700
9.483673
9.480239
9.471292
9.462381
9.230966
9.202302
9.200808
9.199755
9.198475
9.196408
9.196413
9.198266
9.192489
9.185745
9.182625
9.184398
9.190164
9.195438
9.196437
9.196998
9.197038
9.197616
9.198568
9.199127
9.198927
9.198260
9.198265
9.199040
9.199189
9.199057
9.198537
9.192579
9.179468
9.166772
9.161041
9.139438
9.122385
9.057227
9.012404
8.838994
8.742356
8.741866
8.745427
8.739772
8.737569
8.737547
8.738731
8.739046
8.739645
8.740688
8.740840
8.741606
8.740652
8.740733
8.740755
8.740565
8.740447
8.740284
8.754222
8.746688
8.730435
8.420373
8.406796
8.408286
8.407995
8.407905
8.407921
8.408034
8.408090
8.408240
8.408690
8.408395
8.410376
8.477100
8.483615
8.484097
8.483219
8.482810
8.479261
8.467208
8.452962
8.432588
8.399017
8.269192
0.071791
0.021732
0.021033
0.018828
8.031601
8.100653
8.175537
8.255180
8.344558
8.390348
8.397854
8.404299
8.401577
8.399955
8.390844
8.389388
8.541429
8.673567
8.705230
8.710142
8.719423
8.724510
8.717324
8.712872
8.713094
8.716400
8.715922
8.718020
8.724563
8.721734
8.719299
8.721580
8.725931
8.720629
8.719375
8.720731
8.717914
8.711302
8.706926
8.706082
8.692865
8.687622
8.681826
8.665824
8.632036
8.539569
8.532042
8.528464
8.532990
8.537987
8.539418
8.544917
8.547975
8.549830
8.550961
8.547035
8.536997
8.526393
8.496760
8.449096
8.323303
8.220696
8.119651
8.040920
7.966255
0.044230
7.494229
7.645762
7.782902
7.846884
8.039232
8.108141
8.188097
7.899114
7.898778
7.649430
7.072722
6.391216
0.000002
0.000001
0.000000
0.000000
0.000000
0.000000
0.000000
0.000000
0.000000
0.000000
0.000000
0.000000
0.000000
0.000000
0.000000
5.754807
5.226444
4.782697
4.370498
3.925570
3.495982
3.192602
2.880335
2.325635
1.961765
0.019254
0.007546
0.001167
0.000699
0.000457
0.000206
0.000213
0.000122
0.000107
0.000111
1.318651
1.274318
1.182896
1.078841
0.986951
0.875922
0.686797
0.550898
0.466539
0.208088
0.256702
0.253034
0.241207
0.225806
0.186614
0.162102
0.131681
0.018582
0.010095
0.017039
0.016969
0.017794
0.019101
0.015007
0.001294
0.034827
0.193870
0.312261
0.386552
0.455668
0.529980
0.543172
0.634260
0.616372
0.620416
0.664686
0.876096
1.015788
1.027002
1.059368
1.094489
0.004028
0.001361
0.348829
0.112456
0.128753
0.133299
0.489570
0.517010
1.905582
2.160659
2.363998
2.563318
2.863572
3.118592
3.382408
3.622309
3.896592
4.142556
4.429567
4.718226
5.004353
5.341203
5.681481
6.110170
6.422671
6.793975
7.262673
7.349955
7.472720
7.538917
7.547517
7.522681
7.495043
7.485191
7.449828
7.382951
7.331240
7.185495
6.893122
6.632393
6.335767
5.784587
5.369490
4.801314
4.266159
3.730239
3.217080
2.832708
2.546161
0.004222
0.001866
0.001616
0.002217
0.003642
0.002912
0.018566
1.186358
1.082670
0.070306
0.659208
0.779025
0.783579
0.834442
0.851906
0.686676
0.431483
0.378374
0.008620
0.020941
0.061762
0.113085
0.364089
0.816275
2.919189
3.485360
3.880242
4.421615
5.056052
5.591385
5.518554
5.490195
5.470442
5.336527
0.009412
5.126529
4.843995
4.624074
4.278033
4.121059
3.945485
3.696237
0.175252
0.140848
0.108397
0.095428
0.096541
0.087809
0.012401
0.030930
0.033038
0.033410
0.034556
0.003428
0.001573
0.031492
0.115314
3.025452
3.049383
3.042097
3.064071
2.998081
2.690018
2.451530
2.244572
2.025737
0.017977
0.003950
0.001142
0.000383
0.000313
0.000239
0.000290
0.000838
0.000780
0.002345
1.403344
1.269633
1.154472
1.058739
0.001373
0.143122
0.133414
0.130218
0.130178
0.108443
0.107389
0.000530
0.000103
0.000092
0.000116
0.000097
0.000060
0.000053
0.000038
0.000032
0.000065
0.000078
0.001199
0.131844
0.151797
0.344072
0.339737
0.321711
0.132230
0.002685
0.001252
0.001004
0.000619
0.000924
0.000906
0.005199
0.114586
0.471180
0.655769
1.059039
1.533945
2.176493
2.672406
2.987961
3.430173
3.890309
0.000880
0.000898
0.000081
0.000074
0.000082
0.000084
0.000172
0.000035
0.000053
0.000055
0.000046
0.000195
0.000214
0.000095
0.000704
0.000669
0.000595
0.000491
0.000518
0.000165
0.000313
0.000105
0.000335
0.000283
0.000273
0.000367
0.000430
0.000020
0.000017
0.000033
0.000014
0.000072
0.000024
0.000026
0.000026
0.000026
0.000011
0.000038
0.000025
0.000029
0.000051
0.000050
0.000643
0.001715
0.001352
0.001756
0.001547
0.001619
0.004875
0.002649
4.744586
4.945587
5.008524
5.032890
5.008156
4.945857
0.032322
0.022959
0.002892
0.000481
0.000287
0.000102
0.000355
0.000067
0.000033
0.000023
0.000018
0.000014
0.000013
0.000053
0.000058
0.000079
0.000095
0.000075
0.000031
0.000009
0.000024
0.000090
0.000110
0.000015
0.000008
0.000005
0.000004
0.000015
0.000018
0.000048
0.000025
0.000033
0.000044
0.000014
0.000010
0.000052
0.000172
0.000202
0.000126
0.000040
0.000029
0.000015
0.000023
0.000017
0.000018
0.000120
0.000153
0.000135
0.000041
0.000005
0.000001
0.000001
0.000005
0.000020
0.000004
0.000002
0.000002
0.000002
0.000001
0.000001
0.000004
0.000002
0.000003
0.000003
0.000001
0.000001
0.000006
0.000010
0.000016
0.000022
0.000002
0.000000
0.000000
0.000001
0.000001
0.000000
0.000000
0.000000
0.000000
0.000000
0.000000
0.000000
0.000000
0.000000
0.000001
0.000001
0.000000
0.000000
0.000001
0.000002
0.000003
0.000001
0.000001
0.000001
0.000002
0.000002
0.000005
0.000002
0.000000
0.000000
0.000002
0.000001
0.000000
0.000000
0.000000
0.000000
0.000000
0.000000
0.000000
0.000000
0.000001
0.000000
0.000001
0.000001
0.000001
0.000000
0.000002
0.000001
0.000002
0.000004
0.000003
0.000002
0.000000
0.000000
0.000000
0.000000
0.000000
0.000000
0.000000
0.000001
0.000000
0.000000
0.000000
0.000000
0.000000
0.000000
0.000001
0.000000
0.000000
0.000000
0.000000
0.007190
0.005652
0.004832
0.003502
0.000000
0.000000
0.000000
0.000000
0.000000
0.000000
0.000000
0.000000
0.000000
0.000000
0.000000
0.000000
0.000000
0.000000
0.000000
0.000000
0.000000
0.000000
0.000000
0.000000
0.000000
0.000000
0.000000
0.000000
0.000000
0.000000
0.000000
0.000000
0.000000
0.000000
0.000000
0.000000
0.000000
0.000000
0.000000
0.000000
0.000000
0.000000
0.000000
0.000000
0.000000
0.000000
0.000000
0.000000
0.000000
0.000000
0.000000
0.000000
0.000000
0.000000
0.000000
0.000000
0.000000
0.000000
0.000000
0.000000
0.000000
0.000000
0.000000
0.000000
0.000000
0.000000
0.000000
0.000000
0.000000
0.000000
0.000000
0.000000
0.000000
0.000000
0.000000
0.000000
0.000000
0.000000
0.000000
0.000000
0.000000
0.000000
0.000000
0.000000
0.000000
0.000000
0.000000
0.000000
0.000000
0.000000
0.000000
0.000000
0.000000
0.000000
0.000000
0.000000
0.000000
0.000000
0.000000
0.000000
0.000000
0.000000
0.000000
0.000000
0.000000
0.000000
0.000000
0.000000
0.000000
0.000000
0.000000
0.000000
0.000000
0.000000
0.000000
0.000000
0.000000
0.000000
0.000000
0.000000
0.000000
0.000000
0.000000
0.000000
0.000000
0.000000
0.000000
0.000000
0.000000
0.000000
0.000000
0.000000
0.000000
0.000000
0.000000
0.000000
0.000000
0.000020
0.000013
0.000009
0.000006
0.000003
0.000002
0.000000
0.000000
0.000000
0.000000
0.000000
0.000000
0.000000
0.000000
0.000000
0.000000
0.000000
0.000002
0.000001
0.000000
0.000000
0.000000
0.000001
0.000000
0.000000
0.000000
0.000000
0.000000
0.000000
0.000000
0.000000
0.000055
0.000000
0.000000
0.000000
0.000000
0.000000
0.000000
0.000000
0.000000
0.000000
0.000000
0.000000
0.000000
0.000000
0.000000
0.000000
0.000001
0.000000
0.000000
0.000000
0.000000
0.000000
0.000000
0.000000
0.000000
0.000000
0.000000
0.000000
0.000000
0.000000
0.000000
0.000000
0.000000
0.000000
0.000000
0.000000
0.000000
0.000000
0.000000
0.000000
0.000000
0.000000
0.000000
0.000000
0.000000
0.000000
0.000000
0.000000
0.000000
0.000000
0.000000
0.000000
0.000000
0.000000
0.000000
0.000000
0.000000
0.000000
0.000000
0.000000
0.000000
0.000000
0.000000
0.000000
0.000000
0.000000
0.000000
0.000000
0.000000
0.000170
4.477750
4.417324
4.375016
4.137428
0.172771
0.000186
0.000005
0.000001
0.000001
0.000033
0.000027
0.000004
0.000000
0.000000
0.000000
0.000000
0.000000
0.000000
0.000004
0.000051
0.000000
0.000000
0.000000
0.000000
0.000000
0.000000
0.000000
0.000000
0.000000
0.000000
0.000000
0.000000
0.000000
0.000000
0.000000
0.000000
0.000000
0.000000
0.000000
0.000000
0.000000
0.000000
0.000000
0.000000
0.000000
0.000000
0.000000
0.000000
0.000000
0.000000
0.000000
0.000000
0.000000
0.000000
0.000000
0.000000
0.000000
0.000000
0.000000
0.000000
0.000000
0.000000
0.000000
0.000000
0.000000
0.000000
0.000000
0.000000
0.000000
0.000000
0.000000
0.000000
0.000000
0.000000
0.000000
0.000000
0.000000
0.000000
0.000000
0.000000
0.000000
0.000000
0.000000
0.000000
0.000000
0.000000
0.000000
0.000000
0.000000
0.000000
0.000001
0.001558
0.001560
0.001560
0.001562
0.001587
0.001548
0.001360
0.001222
0.001201
0.001198
0.001153
0.001135
0.000000
0.000000
0.000000
0.000000
