0.000000
0.000000
0.000000
0.000000
0.000001
0.000000
0.000001
0.000002
0.000000
0.000000
0.000000
0.000000
0.000000
0.000000
0.000000
0.000000
0.000000
0.000000
0.000000
0.000000
0.000000
0.000000
0.000000
0.000000
0.000000
0.000000
0.000000
0.000000
0.000000
0.000000
0.000000
0.000000
0.000000
0.000000
0.000000
0.000000
0.000000
0.000000
0.000000
0.000000
0.000000
0.000000
0.000000
0.000000
0.000000
0.000000
0.000000
0.000000
0.000000
0.000000
0.000000
0.000000
0.000000
0.000000
0.000000
0.000000
0.000000
0.000000
0.000000
0.000000
0.000000
0.000000
0.000000
0.000000
0.000000
0.000000
0.000000
0.000000
0.000000
0.000000
0.000000
0.000000
0.000000
0.000000
0.000000
0.000000
0.000000
0.000000
0.000000
0.000000
0.000000
0.000000
0.000000
0.000000
0.000000
0.000000
0.000000
0.000000
0.000000
0.000000
0.000000
0.000000
0.000000
0.000000
0.000000
0.000000
0.000000
0.000000
0.000000
0.000000
0.000000
0.000000
0.000000
0.000000
0.000000
0.000000
0.000000
0.000000
0.000000
0.000000
0.000000
0.000000
0.000000
0.000000
0.000000
0.000000
0.000000
0.000000
0.000000
0.000000
0.000000
0.000000
0.000000
0.000000
0.000000
0.000000
0.000000
0.000000
0.000000
0.000000
0.000000
0.000000
0.000000
0.000000
0.000000
0.000000
0.000000
0.000000
0.000000
0.000000
0.000000
0.000000
0.000000
0.000000
0.000000
0.000000
0.000000
0.000000
0.000000
0.000000
0.000000
0.000000
0.000000
0.000000
0.000000
0.000000
0.000000
0.000000
0.000000
0.000000
0.000000
0.000000
0.000000
0.000000
0.000000
0.000000
0.000000
0.000000
0.000000
0.000000
0.000000
0.000000
0.000000
0.000000
0.000000
0.000000
0.000001
0.000001
0.000002
0.000003
0.000402
0.000479
0.070038
0.269731
0.274574
0.000646
0.000643
0.000646
0.000644
0.000610
0.000603
0.000619
0.000618
0.000626
0.000569
0.000572
0.000451
0.000357
0.000111
0.000328
0.000425
0.000438
0.000454
0.000464
0.000477
0.000507
0.000508
0.000517
0.000538
0.000527
0.000387
0.000010
0.000006
0.000004
0.000003
0.000000
0.000000
0.000000
0.000000
0.000000
0.000000
0.000000
0.000000
0.000000
0.000000
0.000000
0.000000
0.000000
0.000000
0.000000
0.000000
0.000000
0.000000
0.000000
0.000000
0.000000
0.000000
0.000000
0.000000
0.000000
0.000000
0.000001
0.000001
0.000001
0.000001
0.000002
0.000001
0.000001
0.000025
0.000008
0.000004
0.000003
0.000005
0.000004
0.000003
0.000003
0.000003
0.000003
0.000002
0.000002
0.000002
0.000004
0.000001
0.000001
0.000002
0.000002
0.000001
0.000002
0.001331
0.000506
0.000341
0.000312
0.000333
0.000333
0.000317
0.000326
0.000346
0.000332
0.000435
0.000450
0.000497
0.000565
0.000011
0.000011
0.000001
0.000001
0.000002
0.000001
0.000003
0.000004
0.000003
0.000002
0.000002
0.000005
0.000002
0.000001
0.000007
0.000008
0.000003
0.000002
0.000003
0.000002
0.000001
0.000004
0.000004
0.000003
0.000007
0.000005
0.000020
0.000004
0.000004
0.000006
0.000006
0.000004
0.000012
0.000007
0.000004
0.000018
0.000019
0.000028
0.000022
0.000010
0.000019
0.000014
0.000010
0.000025
0.000038
0.000042
0.000061
0.000027
0.000023
0.000020
0.000033
0.000031
0.000037
0.000078
0.000101
0.000149
0.001390
0.020912
0.096192
1.212188
1.329787
1.474020
1.655818
1.813026
1.888819
1.991157
2.515034
2.652877
2.806105
2.986977
3.202114
3.345603
3.458934
3.561971
3.707803
3.745301
3.764235
3.778270
3.789308
3.784655
3.783592
3.781124
3.778997
3.761913
3.754016
3.747728
3.698384
3.599127
3.522834
3.435627
3.196221
2.952164
0.014772
0.009093
0.038269
0.020304
0.000270
0.000140
0.000107
0.000063
0.000038
0.000057
0.000049
0.000066
0.000045
0.000066
0.000270
0.000369
0.000264
0.000375
2.225273
2.092400
1.960323
1.640107
1.454203
0.033974
0.026184
0.025105
0.024971
0.026007
0.006224
0.005881
0.005675
0.005650
0.005544
0.004361
0.004312
0.004300
0.001357
0.000973
0.000931
0.018336
0.041672
1.007148
1.011136
0.993544
1.000106
0.391827
2.218926
2.367050
2.539854
2.747631
2.875418
2.982219
3.051339
3.144927
3.211317
3.236902
3.293235
3.315688
3.344262
3.389595
3.458611
3.564981
3.625278
3.704790
3.786402
3.787188
3.786963
3.811293
3.853088
3.867606
3.869497
3.860283
3.851119
3.860871
3.882995
3.862673
3.851612
3.836421
3.794090
3.764565
3.726746
3.691978
3.660139
3.655168
3.630338
3.615550
3.600721
3.597321
3.564631
3.546365
3.538205
3.528559
3.528181
3.532809
3.547916
3.570593
3.628270
3.683881
3.749772
3.782366
3.789854
3.788812
3.795759
3.802481
3.800062
3.775737
3.759832
3.757365
3.750299
3.715874
3.653716
0.000531
0.000315
0.000134
0.000092
0.000067
0.000065
0.000024
0.000005
0.000005
0.000007
0.000001
0.000001
0.000002
0.000009
0.000006
0.000011
0.000015
0.000022
0.000145
0.000238
0.000372
0.001798
3.410995
3.377279
3.321160
3.278834
3.208073
3.149699
3.126480
3.113475
3.096410
3.082652
3.001558
3.001126
3.006409
3.014137
3.081886
3.091332
3.176879
3.204161
3.249089
3.248815
3.202831
3.136256
3.095497
3.049214
2.999321
2.967872
2.944466
2.927964
2.917278
0.014413
2.830031
2.858540
2.874848
2.897129
2.922156
2.981669
3.007404
3.049071
3.080227
3.108460
3.128938
3.152071
3.170064
3.183828
3.202458
3.207764
3.224706
3.239199
3.262998
3.308755
3.355907
3.397149
3.407499
3.417971
3.422024
3.423381
3.425337
3.421293
3.377667
3.230059
3.012814
2.770062
2.666805
2.568231
2.305922
2.059710
1.989918
1.955695
1.796825
1.701581
1.579200
0.009653
0.026868
0.352403
1.664115
1.833483
1.997512
2.234637
2.697599
2.929015
3.066597
3.228132
3.418596
3.613840
3.644602
3.646986
3.653481
3.680543
3.678705
3.674852
3.664974
3.662413
3.659816
3.666459
3.689289
3.703049
3.715902
3.728379
3.736195
3.760005
3.775162
3.794305
3.807673
3.814023
3.827441
3.826625
3.818885
3.905778
3.948525
3.962080
3.962869
3.931435
3.857426
3.665392
3.503550
3.334686
3.104734
2.939635
2.784841
2.670245
2.399333
2.133349
1.901114
1.678805
1.460240
1.229911
0.479237
0.347455
0.312138
0.083723
0.078979
0.222014
0.506943
0.496240
0.477153
0.468975
0.460987
0.446501
0.433294
0.002368
0.353769
0.390115
0.409051
0.431142
0.482390
0.475780
0.480269
0.429107
0.405301
0.403472
0.002170
0.526100
0.532179
0.539603
0.531620
0.497638
0.518782
0.519942
0.517227
0.515049
0.505126
0.472581
0.341252
0.334243
0.322735
0.297693
0.282553
0.277140
0.032928
0.053172
0.054478
0.036777
0.061878
0.067958
0.072983
0.078452
0.082932
0.386272
0.381150
0.379672
0.378748
0.363922
0.381087
0.432570
0.421892
0.419568
0.402778
0.048805
0.050180
0.030273
0.001983
0.023419
0.779505
0.739774
0.673846
0.676802
0.662699
0.000753
0.000750
0.001691
0.001475
0.000691
0.000385
0.000059
0.000026
0.000022
0.000022
0.000117
0.000092
0.000127
0.000190
0.000035
0.000141
0.000036
0.000023
0.000030
0.000029
0.000027
0.000032
0.000043
0.000020
0.000122
0.000035
0.000054
0.021231
0.039982
0.038082
0.038451
0.006224
0.005145
0.024134
0.005022
0.688016
0.666363
0.613717
0.567343
0.533591
0.022374
0.048271
0.525726
0.528411
0.543676
0.535078
0.554734
0.555373
0.558861
0.068870
0.711462
0.775006
0.837952
0.909024
0.965874
1.022342
1.081671
1.163604
1.246742
1.292108
1.332962
1.373014
0.058624
0.057535
0.019831
0.018249
0.017902
0.017883
0.017301
0.016654
0.001873
0.004186
0.000360
0.000624
0.045115
1.464214
1.504740
1.523127
1.543914
1.541355
1.528359
1.553586
1.539585
0.024497
0.000208
0.000300
0.000382
0.000440
0.023171
0.032974
0.010271
0.010406
0.010770
0.011641
0.012874
0.014304
0.015820
0.034141
0.168543
0.219040
0.250169
2.504773
2.706310
3.037349
3.448397
3.616268
3.613932
3.620573
3.630635
3.653807
3.686528
3.714000
3.720949
3.725976
3.738451
3.754468
3.756755
3.745010
3.756500
3.726051
3.712318
3.713626
3.681604
3.657585
3.635431
3.629747
3.533046
3.413625
3.063412
2.725975
0.030102
0.000858
0.000193
0.000073
0.000040
0.000014
0.000010
0.000009
0.000009
0.000004
0.000004
0.000003
0.000010
0.000012
0.000004
0.000006
0.000014
0.000007
0.000010
0.000006
0.000003
0.000014
0.000012
0.000008
0.000005
0.000004
0.000004
0.000002
0.000004
0.000007
0.000002
0.000006
0.000007
0.000007
0.000002
0.000002
0.000002
0.000021
0.000016
0.000009
0.000006
0.000007
0.000006
0.000006
0.000005
0.000002
0.000006
0.000005
0.000004
0.000005
0.000003
0.000005
0.000006
0.000010
0.000012
0.000005
0.000006
0.000011
0.000007
0.000010
0.000006
0.000008
0.000011
0.000016
0.000023
0.000006
0.000004
0.000008
0.000007
0.000011
0.000019
0.000019
0.000008
0.000006
0.000005
0.000005
0.000011
0.000007
0.000005
0.000006
0.000005
0.000025
0.000021
0.000010
0.000019
0.000015
0.000010
0.000018
0.000024
0.000015
0.000068
0.000077
0.001066
0.000987
0.001136
0.001471
0.019853
0.119946
1.969405
1.970353
2.702711
2.874684
3.080895
2.997922
3.444775
3.644959
3.919267
4.122963
4.177495
4.213002
4.224262
4.227449
4.224813
4.181177
4.165004
4.161852
4.154129
4.151519
4.146438
4.160275
4.134235
4.111501
4.087003
4.071663
3.973987
3.894067
3.828153
3.631610
3.521887
3.427196
3.352222
3.290667
3.134660
3.084152
2.996540
2.958526
2.777888
2.527394
2.132481
1.026949
1.040680
1.422504
1.322788
1.248767
0.101724
0.093088
0.003274
0.002797
0.008783
0.061101
1.004016
1.053097
1.211260
1.270392
1.581333
1.642157
1.538718
1.820535
1.978746
2.186161
2.417746
2.705568
2.924850
3.056911
3.234129
3.339664
3.451778
0.000144
0.000095
0.000044
0.000037
0.000043
0.000026
0.000017
0.000016
0.000022
0.000034
0.000022
0.000043
0.000023
0.000032
0.000019
0.000022
0.000058
0.000061
0.000130
0.000172
0.000095
0.000049
0.000049
0.000041
0.000084
0.000059
0.000053
0.000073
0.000051
0.000105
0.000064
0.000108
0.000079
0.000131
0.000117
0.000102
0.000096
0.000041
0.000052
0.000173
0.000268
0.000178
0.000231
0.000214
0.000401
0.000489
0.000730
3.635223
3.713331
3.671766
3.659453
3.548392
3.593616
3.714904
3.832931
3.923788
4.032192
4.036862
4.045540
4.057113
4.043439
4.036731
4.051717
4.040788
4.028662
3.989712
3.959877
3.938301
3.886993
3.823702
3.652001
3.520545
3.287387
3.091472
0.374885
0.027691
3.879824
4.153908
4.311374
4.243424
3.854636
3.852141
3.831679
3.810597
3.792311
3.776398
3.771018
3.769171
3.724661
3.681656
3.650108
3.635127
3.624535
3.556022
3.460346
3.718319
3.761536
3.768512
3.776041
3.806950
3.850006
3.835043
3.785258
3.724715
3.638400
3.579802
3.458264
3.351524
3.233721
3.116943
2.827852
2.784843
2.614694
2.541395
0.075423
0.000375
0.000126
0.000121
0.000135
0.000142
0.000087
0.000090
0.000087
0.000278
0.000076
0.000080
0.000262
0.000337
0.000697
0.002298
0.002596
0.003339
0.202487
3.131102
3.292978
3.411958
3.521724
3.601276
3.593760
3.588537
3.494921
3.286675
3.077050
1.069054
0.050567
0.140419
2.750291
3.081759
3.495543
3.828818
4.012066
4.223535
4.450259
4.558511
4.533091
4.495997
4.425402
4.180519
3.505588
2.930298
2.491829
2.165827
1.593670
1.401799
0.005281
0.194646
0.250209
0.369879
0.475796
0.681687
0.677652
0.808727
0.889159
0.909982
0.923244
0.954914
0.956403
0.959706
0.654320
0.641471
0.636853
0.736837
0.685103
0.701574
0.677842
0.645400
0.595443
0.534265
0.413550
0.169358
0.166725
0.097736
0.083402
0.012911
0.012986
0.012862
0.012870
0.014143
0.014195
0.013716
0.013795
0.014246
0.015491
0.167477
0.216129
0.225320
0.223598
0.220070
0.217320
0.208092
0.104720
0.104090
0.102123
0.107898
0.039630
0.038131
0.009027
0.000055
0.000056
0.000065
0.000067
0.000165
0.000230
0.001143
0.000207
0.000244
0.000398
0.000070
0.000096
0.000074
0.000046
0.000060
0.000101
0.000205
0.000223
0.005458
0.006073
0.062356
0.508897
0.610294
0.812598
0.921157
1.051684
1.221613
1.361012
1.398168
1.412721
1.516334
1.548173
1.578073
1.589473
1.536929
1.530279
1.483540
0.000078
0.000057
0.000082
0.000057
0.000048
0.000036
0.000054
0.000082
0.000279
0.000336
0.000409
0.005245
1.538070
1.442227
1.373321
1.336617
1.275150
1.241172
1.156462
1.045384
0.003136
0.104316
0.612163
1.302595
1.395468
1.508937
1.675570
2.509053
2.785661
3.222763
3.538111
3.894931
4.182596
0.000092
0.000072
0.000035
0.000019
0.000014
0.000005
0.000004
0.000002
0.000001
0.000001
0.000001
0.000001
0.000001
0.000001
0.000003
0.000020
0.000003
0.000001
0.000005
0.000004
0.000003
0.000002
0.000004
0.000004
0.000001
0.000002
0.000001
0.000001
0.000001
0.000001
0.000002
0.000002
0.000001
0.000003
0.000029
0.000011
0.000007
0.000019
0.000004
0.000005
0.000002
0.000005
0.000007
0.000003
0.000004
0.000001
0.000001
0.000002
0.000001
0.000001
0.000001
0.000001
0.000003
0.000013
0.000006
0.000005
0.000017
0.000004
0.000005
0.000002
0.000007
0.000008
0.000003
0.000004
0.000002
0.000001
0.000002
0.000001
0.000001
0.000001
0.000001
0.000002
0.000008
0.000002
0.000001
0.000003
0.000002
0.000001
0.000001
0.000004
0.000002
0.000002
0.000001
0.000001
0.000003
0.000008
0.000005
0.000040
0.000029
0.000027
0.000023
0.000022
0.000030
0.000063
0.000147
0.000177
0.000255
0.000606
4.468311
4.597209
4.702793
4.748687
4.776193
4.806887
4.832791
5.150709
5.165366
5.174571
5.185655
5.198867
5.203965
5.204555
5.196919
5.191068
5.159909
0.000458
0.000270
0.000113
0.000052
0.000032
0.000011
0.000008
0.000007
0.000007
0.000002
0.000001
0.000001
0.000003
0.000002
0.000004
0.000003
0.000003
0.000001
0.000001
0.000001
0.000002
0.000003
0.000003
0.000006
0.000010
0.000029
0.000107
0.000162
0.000387
0.000662
5.217691
5.248075
5.258135
5.266739
5.278714
5.284182
5.284031
5.280142
5.277937
5.276895
5.272538
5.255212
5.237811
5.109217
4.964519
4.654736
4.335058
3.945528
3.505469
0.142727
3.048125
2.944682
2.476634
2.239920
2.111812
2.045105
1.908460
1.811482
0.004501
1.670945
1.565961
1.456901
1.318465
1.116169
1.036862
0.002105
0.000163
0.000114
0.000061
0.000043
0.000040
0.000031
0.000021
0.000010
0.000004
0.000022
0.000015
0.000009
0.000012
0.000009
0.000006
0.000016
0.000014
0.000025
0.000025
0.000036
0.000011
0.000008
0.000005
0.000011
0.000007
0.000009
0.000008
0.000008
0.000005
0.000008
0.000006
0.000005
0.000008
0.000009
0.000011
0.000016
0.000015
0.000007
0.000010
0.000006
0.000002
0.000006
0.000004
0.000007
0.000007
0.000010
0.000006
0.000016
0.000021
0.000020
0.000007
0.000021
0.000017
0.000014
0.000012
0.000009
0.000008
0.000012
0.000015
0.000008
0.000009
0.000029
0.000029
0.000015
0.000018
0.000020
0.000028
0.000041
0.000037
0.000018
0.000022
0.000026
0.000043
0.000054
0.000044
0.000038
0.000140
0.016410
0.025917
0.025159
0.014412
0.005637
0.005732
0.000033
0.000009
0.000012
0.000008
0.000006
0.000006
0.000006
0.000012
0.000007
0.000007
0.000012
0.000013
0.000022
0.000022
0.000014
0.000007
0.000008
0.000005
0.000006
0.000006
0.000002
0.000013
0.000011
0.000007
0.000046
0.000017
0.000016
0.000009
0.000006
0.000012
0.000009
0.000007
0.000011
0.000013
0.000015
0.000499
0.530123
0.631751
0.809009
0.829143
0.826563
0.816150
0.791292
0.106890
0.023017
0.002763
0.001107
0.000141
0.000111
0.000185
0.000264
0.000238
0.000353
0.008354
0.038079
0.104082
0.112437
0.117576
0.121330
0.139196
0.148533
1.158328
1.243157
1.400727
1.632191
1.723096
1.785443
1.855180
1.919066
2.025339
2.145486
2.220066
2.403140
2.484614
2.510941
2.522201
0.009827
0.002643
0.001532
0.001605
2.509513
2.519404
2.529131
2.631768
2.635255
2.668129
2.700005
2.737853
2.778978
2.846645
2.865621
2.841895
2.749943
2.761186
0.003864
0.005490
2.871635
2.923678
2.988455
3.229558
3.455862
3.687470
4.679522
4.790760
4.928967
4.896103
4.870383
0.068956
4.934213
5.021509
5.096119
5.150843
5.225215
5.282329
5.366747
5.398045
5.438358
5.440354
5.443229
5.453977
5.459418
5.467674
5.481148
5.487369
5.493897
5.478080
5.461338
5.452365
5.421158
5.368221
0.000637
0.000503
0.000413
0.000137
0.000160
0.000111
0.000134
0.000114
0.000224
0.000325
0.000603
0.001093
0.002308
5.306483
5.319045
5.363959
5.565238
5.617019
5.648364
5.650652
5.654765
5.658852
5.659487
5.654606
5.655051
5.969043
5.969133
5.952691
5.925078
5.746709
5.197710
4.727427
4.094507
3.594206
3.205982
2.853164
2.571463
0.253250
0.214354
0.003977
0.000633
0.005363
0.064160
0.064683
0.062715
0.090709
0.092232
0.107042
0.109282
0.117205
0.119142
0.121858
0.129442
1.321056
1.222328
1.146617
1.042679
0.867243
0.653319
0.551386
0.518638
0.493141
0.424533
0.352876
0.338115
0.220037
0.006457
0.035065
0.000209
0.000175
0.000048
0.000122
0.000060
0.000070
0.000039
0.000029
0.000022
0.000026
0.000047
0.000058
0.000088
0.001414
0.045316
0.043888
0.043960
0.073427
0.168480
0.165283
0.142203
0.139248
0.133147
0.121591
0.078518
0.075444
0.000045
0.000054
0.000047
0.000048
0.000048
0.000058
0.000048
0.000054
0.000050
0.000055
0.000060
0.000055
0.000063
0.000060
0.000062
0.000071
0.000113
0.000049
0.000044
0.000067
0.000076
0.000059
0.000038
0.000077
0.000083
0.000062
0.000063
0.000407
0.000059
0.000188
0.000150
0.000275
0.000293
0.000442
0.000260
0.003524
0.094824
0.172960
0.204152
0.425438
0.454263
0.483478
1.168930
1.666936
1.914609
2.406196
3.017631
3.532260
4.102489
4.837697
5.222741
5.344353
5.435456
5.569764
5.744283
5.801204
5.859514
5.903376
5.984378
6.145489
6.195114
6.016227
6.012698
6.009584
6.012441
6.009673
6.010253
6.023498
6.030341
6.031378
5.979665
5.953728
0.000309
0.000165
0.000097
0.000051
0.000037
0.000007
0.000006
0.000007
0.000008
0.000002
0.000002
0.000002
0.000002
0.000004
0.000001
0.000001
0.000002
0.000004
0.000002
0.000002
0.000001
0.000002
0.000001
0.000001
0.000001
0.000001
0.000001
0.000001
0.000004
0.000001
0.000012
0.000004
0.000002
0.000002
0.000002
0.000002
0.000003
0.000001
0.000001
0.000001
0.000002
0.000002
0.000002
0.000003
0.000007
0.000001
0.000001
0.000001
0.000001
0.000001
0.000001
0.000002
0.000002
0.000003
0.000001
0.000001
0.000001
0.000001
0.000001
0.000001
0.000001
0.000001
0.000001
0.000001
0.000001
0.000001
0.000001
0.000000
0.000001
0.000001
0.000001
0.000001
0.000001
0.000001
0.000002
0.000002
0.000001
0.000001
0.000001
0.000001
0.000001
0.000002
0.000002
0.000003
0.000002
0.000001
0.000001
0.000001
0.000001
0.000001
0.000002
0.000003
0.000104
0.000094
0.000016
0.000013
0.000012
0.000015
0.000027
0.000032
0.000060
0.000250
0.000414
0.000680
5.678966
5.700133
5.720890
5.755309
5.822892
5.853406
5.892736
5.933925
5.954243
5.977108
5.886827
5.877128
5.873380
5.859689
5.848783
6.057666
6.060087
6.056665
6.052305
6.049855
6.052032
6.052672
6.034577
6.045697
6.051054
6.058639
6.070383
6.084244
6.101462
6.129367
6.169840
6.219527
6.270737
6.295089
6.342959
6.362514
6.385608
6.403522
6.409956
6.415504
6.418870
6.423445
6.425072
6.424901
6.424779
6.424875
6.423481
6.420044
6.418604
6.420282
6.424386
6.423964
6.419282
6.411603
6.404333
6.388823
6.313125
6.259811
6.226689
6.178661
6.116523
6.073231
6.047330
5.948557
5.831995
5.751269
5.684063
5.657696
5.632012
5.517630
5.413540
5.340146
5.252992
5.120246
4.956834
4.844861
4.718736
0.034898
0.000768
0.000446
0.000188
0.000203
0.000168
0.000160
0.000224
0.000151
0.000152
0.000250
0.000021
0.000015
0.000007
0.000005
0.000004
0.000011
0.000013
0.000007
0.000018
0.000019
0.000026
0.000239
0.000214
0.000615
0.000073
0.000100
0.000009
0.000008
0.000025
0.000036
0.000042
0.000055
0.000147
0.000174
0.000329
0.015420
4.553640
4.533831
4.498764
4.472106
4.432897
4.314976
4.098581
4.023679
3.904604
3.763514
3.629064
3.257721
2.951367
2.644476
0.008443
0.001234
0.000749
0.000693
0.000421
0.000449
0.000293
0.000358
0.000149
0.000502
0.000153
0.000916
0.000273
0.000458
0.000170
0.063094
0.062731
0.062433
2.014678
1.800171
1.596250
1.553454
0.201444
0.003139
0.003441
0.000091
0.000055
0.000054
0.000083
0.000099
0.000112
0.000160
0.000288
0.000338
0.004202
0.003909
0.013349
0.015301
0.018006
0.018255
0.018429
0.018824
0.019477
0.020687
0.022036
0.023163
0.009284
0.009533
0.009285
0.009533
0.008625
0.008541
0.000576
0.001873
0.002092
0.016791
0.068282
0.769636
3.277777
3.697468
3.933500
4.003311
3.915265
3.905272
3.888130
3.825958
3.756113
0.022471
0.022330
3.687513
3.664958
3.584879
0.051621
0.010629
0.011750
0.010009
0.010363
0.009853
0.009832
0.009813
0.009861
0.009774
0.009600
0.008912
0.000480
0.000318
0.000196
0.000132
0.000112
0.000036
0.000031
0.000035
0.000748
0.001329
0.001552
0.001524
0.001324
0.000074
0.000054
0.000070
0.000056
0.000033
0.000043
0.000082
0.000030
0.000032
0.000021
0.000016
0.000029
0.000032
0.000087
0.000014
0.000014
0.000013
0.000007
0.000012
0.000038
0.000658
0.000621
0.000608
0.000560
0.000710
0.000652
0.000520
0.000531
0.000588
0.000561
0.000591
0.000624
0.000664
0.000749
0.000847
0.000944
0.001084
0.001152
0.001258
0.001471
0.009601
0.010341
0.010684
0.010958
0.011625
0.012297
0.012501
0.013685
0.014487
0.014483
0.016836
0.016678
3.583575
3.496328
3.446702
3.341933
3.201114
3.088363
0.344732
0.336043
0.325916
0.004160
0.002111
0.016231
0.016782
0.055112
0.058658
0.105822
3.294533
3.509127
3.704889
3.967441
4.326205
4.648659
5.045418
5.319629
5.663258
5.878762
6.084160
6.164682
6.221800
6.267003
6.341610
6.429361
6.478173
6.520380
6.578826
6.619754
6.651956
6.692303
6.711205
6.725694
6.754195
6.771804
6.744495
6.733527
6.726824
6.707790
6.673102
6.646972
6.565355
6.498253
6.438626
6.391703
6.350070
6.322181
6.282031
0.042550
0.044475
6.240100
6.214128
6.129078
6.075604
6.070430
6.027599
6.023061
6.013630
5.974252
5.934202
5.891829
5.856233
5.855437
5.817717
5.793786
5.883508
5.912161
5.906901
5.904906
5.912883
5.905068
5.494654
5.128230
4.760451
4.502163
4.302893
4.146451
4.002737
0.434703
0.429668
0.405287
0.013585
0.054971
4.096155
4.193928
4.253988
4.299052
4.271607
4.260611
4.182174
2.479044
4.302435
4.578739
4.921675
4.993216
5.072633
5.252129
5.367892
5.554788
5.708179
5.876365
5.976832
6.087419
5.798661
5.631998
5.501579
5.224818
5.036365
4.866944
4.649732
4.366761
4.140933
3.869114
3.611615
3.334491
3.065725
0.185819
0.180152
0.001829
0.001861
0.001082
0.000896
0.000392
0.000505
0.000552
0.002432
2.185814
2.172193
2.118611
0.727523
1.135732
2.329661
2.464652
2.583954
2.748896
2.886428
3.025373
0.000876
0.000607
0.000600
0.000326
0.000501
0.000417
0.000249
0.000739
0.001022
0.000591
0.000539
0.000516
0.000679
0.001923
0.003189
0.003292
3.177641
3.310563
3.480677
3.655932
3.882052
0.001096
0.000529
0.000313
0.000189
0.000163
0.000263
0.000218
0.000601
0.000627
0.012866
0.001319
0.001663
0.003212
4.036257
4.292667
4.650141
5.114925
5.497209
5.869833
6.165885
6.402324
6.573844
6.832376
7.112329
7.250215
7.278312
7.311403
7.324662
7.353704
7.404371
7.413612
7.420082
7.437621
7.429399
7.419184
7.412280
7.412056
7.425627
7.447643
7.446222
7.441834
7.447768
7.465783
7.469339
0.000170
0.000137
0.000106
0.000035
0.000012
0.000003
0.000002
0.000002
0.000001
0.000001
0.000001
0.000001
0.000001
0.000001
0.000001
0.000000
0.000001
0.000001
0.000001
0.000001
0.000000
0.000001
0.000001
0.000001
0.000000
0.000001
0.000001
0.000001
0.000000
0.000001
0.000000
0.000000
0.000000
0.000001
0.000001
0.000002
0.000002
0.000003
0.000003
0.000005
0.000010
0.000044
0.000168
0.000250
0.000589
7.128563
7.142761
7.152200
7.146543
7.141386
7.142523
7.150138
7.157845
7.172191
7.188388
7.189888
7.195434
7.202043
7.216672
7.223809
7.232995
7.235612
7.238304
7.236798
7.223444
7.056254
6.979425
6.806073
6.652298
6.219356
5.782027
5.493316
4.905604
4.368368
3.899056
3.535564
3.204769
2.711030
2.030898
1.678521
0.131593
0.976624
1.111005
1.196468
1.215571
1.235352
1.248185
1.611522
1.680640
1.769368
1.926822
2.453285
2.969072
4.248509
4.854282
5.433195
6.348770
6.509051
6.710734
0.046724
6.923877
7.019144
7.039755
7.054741
7.076391
7.142505
7.245079
7.252470
7.230350
7.204743
7.196467
7.052774
6.779781
6.658795
6.422633
6.206280
0.106849
0.162975
0.078982
6.066099
5.915478
5.971823
5.991533
5.972710
5.965572
5.930742
5.920319
5.843823
5.790877
5.706955
5.615016
5.450427
5.276982
5.106448
4.899967
4.474249
4.124262
3.832131
0.641242
0.538859
0.480919
0.432514
0.380280
0.226099
0.199396
0.140167
0.131732
0.124419
0.097905
0.083017
0.248048
0.246085
0.253260
0.247185
0.000407
0.000318
0.000199
0.000134
0.000107
0.000062
0.000184
0.000149
0.000164
0.002708
0.002348
0.002307
0.002223
0.000763
0.003879
0.004892
0.005909
0.008163
0.062958
0.130542
0.145790
0.202010
0.237866
0.641793
0.718931
0.857707
1.029706
4.445985
4.974353
5.189640
5.505341
5.869207
5.964119
6.013573
6.067406
6.129146
6.166324
6.215164
6.259164
6.223150
6.189230
6.141312
6.038307
5.953180
5.795650
5.681598
5.560047
5.467997
5.380244
5.221493
4.769310
4.492370
4.245192
3.936817
3.712676
3.438156
1.898156
1.617959
1.449470
1.234762
1.089567
0.950184
0.502030
0.425478
0.260840
0.247836
0.160211
0.181505
0.176522
0.173888
0.228280
0.237514
0.223027
0.024917
0.000065
0.000125
0.000152
0.000039
0.000054
0.000099
0.000123
0.000099
0.000069
0.000066
0.000052
0.000088
0.000080
0.000069
0.000069
0.000044
0.000019
0.000025
0.000035
0.000038
0.000034
0.000047
0.000119
0.000226
0.000042
0.000037
0.000058
0.000043
0.000168
0.000055
0.000040
0.000041
0.000077
0.000050
0.000102
0.000136
0.000216
0.076500
0.953441
0.998414
1.002972
1.068169
1.095150
1.068868
1.039422
1.037643
1.016375
0.997288
0.974042
0.959845
0.949613
0.933097
0.756274
0.131101
0.121287
0.118166
0.024904
0.035047
0.450751
0.452306
0.618284
0.633818
0.638025
0.651569
0.649294
0.041671
0.037152
0.026766
0.052462
0.550140
0.599455
0.949080
1.004754
1.067842
1.095466
0.620746
1.235577
1.315705
1.377803
1.309509
0.506312
0.459361
0.486269
0.602963
0.631848
0.660435
0.789221
0.876600
0.008107
0.934556
0.996283
1.093728
2.351626
3.718386
4.266555
4.855672
5.718080
6.814209
6.947804
7.004634
7.016764
7.013038
6.997714
6.983804
6.990622
6.960903
6.946154
6.947636
6.949444
6.853938
6.802102
6.751038
6.485410
6.309585
6.184903
6.069644
5.687602
5.220551
4.752577
4.499759
3.216004
2.422737
2.332031
2.201106
1.834026
1.839556
1.862457
2.535572
3.813479
3.999226
4.472604
4.764640
5.020579
5.336294
5.713178
6.262120
6.823432
6.976050
7.103596
7.272410
7.375683
7.418749
7.497859
7.606810
7.583338
7.566133
7.554946
7.553046
7.497950
7.446423
7.290786
7.296920
7.335951
7.386803
7.468766
7.595730
7.717430
7.756585
7.770332
7.797803
7.794017
7.784028
7.783071
7.791066
7.791381
7.799063
7.810558
7.814553
7.810424
7.811758
7.820253
7.825228
7.826697
7.829461
7.838511
7.830910
7.787630
7.766705
7.734009
7.415225
7.400356
7.394375
7.385451
7.241239
7.122306
6.956518
6.046723
5.316578
4.756452
4.246909
3.890086
3.557928
3.292604
3.071207
2.882055
2.700136
2.493629
2.079532
0.018095
1.428646
1.547062
2.164539
2.173526
0.066976
0.034781
0.010464
0.051445
2.061984
2.168373
2.152715
0.000463
0.000383
0.000266
0.000077
0.000118
0.000087
0.000031
0.000022
0.000016
0.000008
0.000010
0.000009
0.000011
0.000019
0.000014
0.000009
0.000009
0.000004
0.000003
0.000007
0.000007
0.000004
0.000007
0.000007
0.000005
0.000009
0.000008
0.000004
0.000008
0.000005
0.000006
0.000012
0.000011
0.000010
0.000009
0.000004
0.000003
0.000009
0.000010
0.000006
0.000010
0.000009
0.000010
0.000021
0.000014
0.000016
0.000018
0.000010
0.000013
0.000014
0.000013
0.000022
0.000011
0.000008
0.000017
0.000011
0.000012
0.000023
0.000014
0.000011
0.000011
0.000006
0.000006
0.000011
0.000009
0.000007
0.000023
0.005463
0.002502
0.000009
0.000009
0.000013
0.000007
0.000008
0.000014
0.000014
0.000009
0.000010
0.000005
0.000006
0.000013
0.000013
0.000008
0.000047
0.000049
0.301206
0.353020
0.362684
0.379972
0.355310
0.365475
0.000043
0.000035
0.000040
0.000029
0.000016
0.000017
0.000020
0.000023
0.000023
0.000009
0.000019
0.000015
0.000017
0.000022
0.000028
0.000014
0.000015
0.000010
0.000010
0.000012
0.000014
0.000013
0.000019
0.000006
0.000009
0.000013
0.000019
0.000013
0.000018
0.000012
0.000023
0.000008
0.000009
0.000011
0.000007
0.000006
0.000015
0.000007
0.000006
0.000011
0.000012
0.000012
0.000013
0.000010
0.000010
0.000009
0.000012
0.000012
0.000017
0.000005
0.000008
0.000010
0.000006
0.000006
0.000016
0.000008
0.000006
0.000011
0.000012
0.000013
0.000014
0.000010
0.000010
0.000011
0.000016
0.000018
0.000031
0.000007
0.000012
0.000013
0.000011
0.000012
0.000019
0.000010
0.000023
0.000019
0.000017
0.000017
0.000013
0.000016
0.000015
0.000038
0.000068
0.000014
0.000013
0.000013
0.000018
0.000032
0.000035
0.000026
0.000025
0.000035
0.000067
0.000040
0.000039
0.000030
0.000021
0.000011
0.000013
0.000011
0.000016
0.000014
0.000016
0.000068
0.000017
0.000024
0.000022
0.000020
0.000011
0.000008
0.000014
0.000019
0.000011
0.000017
0.000015
0.000014
0.000019
0.000025
0.000028
0.000047
0.000008
0.000015
0.000014
0.000012
0.000013
0.000019
0.000010
0.000023
0.000018
0.000016
0.000016
0.000012
0.000015
0.000011
0.000018
0.000029
0.000012
0.000010
0.000011
0.000013
0.000032
0.000047
0.000031
0.000027
0.000039
0.000079
0.003274
0.001055
0.000695
0.000752
0.464692
0.492524
0.518492
0.535692
0.550338
0.567528
0.575456
0.590284
0.607593
0.624563
0.633854
0.642150
0.066693
0.000064
0.000038
0.000018
0.000018
0.000010
0.000012
0.000011
0.000013
0.000008
0.000011
0.000008
0.000010
0.000008
0.000016
0.000009
0.000012
0.000006
0.000011
0.000034
0.000022
0.000013
0.000015
0.000009
0.000009
0.000012
0.000015
0.000009
0.000014
0.000013
0.000019
0.000012
0.000016
0.000018
0.000025
0.000011
0.000017
0.000068
0.000042
0.000020
0.000021
0.000012
0.000013
0.000014
0.000018
0.000011
0.000016
0.000014
0.000021
0.000013
0.000017
0.000019
0.000026
0.000011
0.000016
0.000053
0.000032
0.000021
0.000019
0.000012
0.000010
0.000013
0.000016
0.000010
0.000014
0.000014
0.000021
0.000014
0.000018
0.000021
0.000028
0.000013
0.000020
0.000074
0.000051
0.000029
0.000037
0.000034
0.000052
0.000085
0.000179
0.000258
0.000717
0.098120
0.700659
0.758166
3.868577
4.373624
4.831330
5.355088
5.797461
6.209657
6.799252
6.958632
7.284607
7.587160
7.742702
7.804723
7.816055
7.832989
7.836832
7.834962
7.835988
7.839341
7.841256
7.844751
7.844828
7.844940
7.844983
7.844599
7.843316
7.827389
7.814030
7.809381
7.812514
7.794670
7.773063
7.764090
7.758274
7.726476
7.507389
7.317678
7.082608
6.818920
6.164763
0.112910
6.468079
6.629078
6.813246
7.010924
7.181337
7.351296
7.492709
7.511635
7.504539
7.508029
7.216451
7.227896
7.236115
7.238849
7.258564
7.267546
7.332400
7.361892
7.361094
7.358696
7.351788
0.001220
0.000848
0.000648
0.000610
0.000634
0.001785
0.004539
0.007377
7.404886
7.426643
7.453060
7.485571
7.489138
7.493776
7.494039
7.496570
7.502728
7.498804
7.453108
7.374342
7.249091
7.173979
7.054013
6.991583
6.924870
6.596796
0.224425
6.250472
6.062038
5.985672
6.042151
5.956845
5.570290
5.840947
6.617390
0.053288
6.955621
7.195338
7.255863
7.266158
7.266188
7.266417
7.280822
7.284430
7.282166
7.266815
7.146359
7.145856
7.147031
7.146713
7.144827
7.143047
7.141201
7.119244
7.115059
7.111385
7.106511
7.096695
7.091578
7.076487
6.722014
6.766586
6.880425
6.978970
7.063041
7.160143
7.160324
7.166762
7.178706
7.179708
7.182293
7.183209
7.181112
7.174240
7.171674
7.173973
7.174852
7.161301
7.566008
7.567822
7.564797
7.560730
7.568439
7.557338
7.546711
7.541204
7.535619
7.533072
7.534427
7.537150
7.540032
7.550033
7.556367
0.000127
0.000153
0.000146
0.000036
0.000034
0.000025
0.000026
0.000063
7.561796
7.565000
7.560437
7.547682
7.488472
7.174789
7.154747
7.144898
7.125358
7.111996
7.106782
7.084611
6.984781
6.916008
6.848963
0.016451
0.006385
0.006263
0.002603
0.000193
0.000094
0.000075
0.000062
0.000031
0.000019
0.000017
0.000016
0.000009
0.000012
0.000005
0.000008
0.000010
0.000004
0.000011
0.000007
0.000014
0.000055
0.000059
0.000023
0.000017
0.000033
0.000012
0.000026
0.000063
0.000048
0.000007
0.000011
0.000017
0.000005
0.000009
0.000008
0.000005
0.000027
0.000012
0.000006
0.000023
0.000018
0.000003
0.000004
0.000006
0.000005
0.000003
0.000003
0.000009
0.000004
0.000011
0.000001
0.000001
0.000001
0.000001
0.000002
0.000002
0.000008
0.000001
0.000001
0.000001
0.000000
0.000002
0.000001
0.000002
0.000002
0.000002
0.000006
0.000005
0.000006
0.000004
0.000006
0.000010
0.000001
0.000001
0.000002
0.000004
0.000010
0.000009
0.000012
6.547318
6.409503
6.351037
6.287677
6.179594
6.089031
6.026736
5.964916
5.833684
5.742810
5.657088
5.179211
4.706859
4.242911
0.848875
0.010702
0.008129
3.461972
3.565709
3.663765
3.773495
3.770590
3.453026
3.312015
2.829047
2.710757
2.615505
0.321791
0.000009
0.000011
0.000034
0.000028
0.000009
0.000010
0.000025
0.000019
0.000043
0.000066
0.000046
0.000068
0.000084
0.000301
0.000931
0.000129
0.000100
0.000092
0.000065
0.000036
0.000031
0.000030
0.000007
0.000009
0.000019
0.000004
0.000004
0.000030
0.011528
2.849500
3.155742
3.286257
3.334086
3.080891
2.997082
2.815945
2.496722
0.152480
0.016729
0.000829
0.000384
0.000393
0.000418
0.000438
0.000027
0.000025
0.000032
0.000071
0.000063
0.000069
0.000046
0.000082
0.000128
0.000207
0.000100
0.000106
0.000045
0.000079
0.000079
0.000099
0.000189
0.000271
0.000691
0.019793
0.301242
2.520535
2.645657
0.010639
3.226567
3.467220
3.756051
4.026230
4.333303
4.677899
4.965778
5.243020
5.348545
5.431242
5.526724
5.739504
5.926831
6.026662
0.000129
0.000118
0.000019
0.000023
0.000010
0.000014
0.000012
0.000004
0.000003
0.000021
0.000040
0.000034
0.000021
0.000056
0.000028
0.000016
0.000008
0.000004
0.000003
0.000003
0.000003
0.000030
0.000014
0.000021
0.000017
0.000017
0.000031
6.348881
6.441047
6.560069
6.433680
6.424091
6.254410
6.092649
5.991008
5.937196
5.889107
5.887433
5.927060
5.562100
6.390216
6.715930
6.800355
6.872762
6.971514
7.115115
7.163574
7.234414
7.270750
7.291344
7.291394
7.288692
7.287285
7.250215
7.211120
7.180468
7.183130
0.000000
0.000000
0.000000
0.000000
0.000000
0.000000
0.000000
0.000000
0.000000
0.000000
0.000000
0.000000
0.000000
0.000000
0.000000
0.000000
0.000000
0.000000
0.000000
0.000000
0.000000
0.000000
0.000000
0.000000
0.000000
0.000000
0.000000
0.000000
0.000000
0.000000
0.000000
0.000000
0.000000
0.000001
0.000003
7.181211
7.069979
7.091666
7.101004
7.109636
7.111839
7.107591
7.108981
7.111098
7.109569
7.107596
7.105298
7.095583
7.062572
7.036794
6.995082
6.891238
6.474613
5.664785
5.030536
4.567701
0.002854
3.737791
3.320122
2.860271
2.512875
0.139713
0.894830
0.811688
0.739355
0.686093
0.609782
0.543722
0.473546
0.460041
0.423988
0.384537
0.303683
0.287745
0.271877
0.270987
0.260027
0.073402
0.073019
0.072896
0.073803
0.073836
0.073338
0.073534
0.077428
0.120962
0.124684
0.142026
0.159826
0.161281
0.159753
0.192985
0.188509
0.194961
0.178510
0.178236
0.177906
0.189697
0.290637
0.339961
0.358274
0.379379
0.379031
0.375116
0.013858
0.393511
0.404086
0.424314
0.436367
0.419486
0.390755
0.377726
0.077717
0.074979
0.072294
0.090884
0.063446
0.069338
0.076090
0.076388
0.076990
0.078239
0.108201
0.106647
0.109522
0.102177
0.122645
0.197147
0.214016
0.310326
0.388919
0.412200
0.463765
0.483222
0.511165
0.530149
0.564560
0.613973
0.689128
0.008139
0.815751
1.043472
1.201280
1.401552
1.619295
1.967246
2.927054
3.699633
4.283954
5.023000
5.650270
6.258478
6.400691
6.578727
6.716384
6.874021
6.998558
7.155080
7.286185
7.377116
7.465491
7.564167
7.569622
7.536624
7.436470
7.433889
7.441005
7.459184
7.503207
7.519392
7.523132
7.528820
7.532746
7.532639
7.535898
7.545365
0.004021
0.003911
0.003926
7.337918
7.041691
6.920432
6.815185
6.730572
6.420770
5.774325
3.065879
5.622146
6.204366
6.322548
6.429709
6.513088
6.602229
6.684263
6.846735
6.891388
6.914230
6.950887
6.950313
6.647578
6.694417
6.757471
6.729576
6.667239
6.646102
6.610375
6.523492
6.388223
6.258267
6.091780
5.812834
5.461835
5.127967
4.827471
4.323492
0.174224
0.144549
0.126897
0.003696
0.008784
3.475487
3.322021
3.118579
2.853775
0.267208
2.061286
2.110811
2.106717
2.047812
1.986507
1.841965
1.042428
0.977896
0.005305
0.000816
0.001201
0.028923
0.047996
0.172749
0.183355
0.312509
0.446957
0.495430
0.544631
0.593769
0.650032
0.701996
0.738686
0.851021
1.884846
2.051211
2.197073
2.270874
2.367278
2.782917
2.842155
2.910512
2.980398
3.079161
3.251976
3.477185
3.825243
4.197112
4.585720
4.899703
5.389555
5.468586
5.531563
5.565151
5.630707
5.545062
5.519830
5.546544
5.526705
5.567817
5.664788
5.757213
5.772883
5.832931
5.712407
5.828039
5.879312
5.880136
5.872204
5.873861
5.862681
5.817613
5.786832
5.764052
5.741942
5.737280
5.732782
5.732028
5.647030
5.608238
5.583706
5.572167
5.553059
5.538973
5.542429
5.542073
5.560376
5.580376
5.494895
5.349620
5.030107
0.150202
5.039608
5.142520
5.197579
5.246164
0.000424
0.000455
0.000184
0.000668
0.000738
0.000337
0.000415
0.000447
0.000901
0.001341
0.003201
0.006373
0.021411
5.628747
5.727321
5.836767
5.897518
5.934203
5.934264
5.125301
4.583221
4.121707
0.586193
0.510698
0.454821
0.396502
0.352202
0.225907
0.189984
0.181741
0.200069
0.221017
0.284011
0.293806
0.294586
0.104243
0.109099
0.026001
0.030150
0.008128
0.008353
0.008509
0.008725
0.008705
0.008241
0.008138
0.008169
0.008188
0.008652
0.008780
0.008407
0.008103
0.007697
0.007332
0.005886
0.006045
0.014590
0.007420
0.007982
0.021421
0.099705
0.112756
3.018288
3.289155
3.447644
3.571375
3.734278
3.937599
4.234783
4.603266
4.714922
4.862342
4.934275
5.062487
5.214548
5.322309
5.393883
5.460236
5.531475
0.002325
0.001678
0.001483
0.001440
0.001394
0.001521
5.396307
5.321628
5.257642
5.178019
4.943081
4.510472
4.140642
3.824814
1.450146
1.135488
0.405644
0.012783
0.004300
0.000475
0.000367
0.000400
0.000141
0.000113
0.000066
0.000086
0.000139
0.000135
0.000289
0.005749
0.004421
0.003423
0.002578
0.001974
0.001682
0.006521
0.006180
0.006317
0.005872
0.026233
0.026134
0.026809
2.113748
2.416550
2.841887
3.232094
3.498109
0.002275
0.000291
0.000498
0.000508
0.000870
0.001056
0.000541
0.000601
0.000689
0.000617
0.010121
0.012845
0.014083
4.264794
4.752751
4.971836
5.183352
5.259101
5.316652
5.320032
5.438320
5.587373
5.620353
5.660228
5.702131
5.742374
5.750518
5.761585
5.770821
5.747120
5.736333
5.732006
5.735412
5.741687
5.749575
5.763895
5.767150
5.751476
5.685042
5.663671
5.657976
5.603742
0.000525
0.000353
0.000211
0.000173
0.000094
0.000080
0.000045
0.000024
0.000015
0.000006
0.000004
0.000005
0.000005
0.000009
0.000048
0.000100
0.000147
0.000237
0.000392
0.000715
0.001291
5.569724
5.593800
5.569482
5.520267
5.485426
5.463019
5.436565
5.394952
5.349722
5.296865
5.220678
5.165670
5.113003
5.087237
5.079114
5.081828
5.106447
5.120085
5.159660
5.233145
5.279308
5.246656
0.026866
5.412929
5.451811
5.409108
5.353425
5.281795
5.172417
0.000185
0.000116
0.000073
0.000083
0.000088
0.000089
0.000163
5.050108
4.978126
4.906243
4.829136
4.781520
4.758756
4.765238
4.792953
4.850167
4.938076
5.065002
5.235537
5.472344
5.697837
5.827532
5.908217
5.956781
6.056174
6.079855
6.075718
6.081320
6.082255
6.088126
0.000058
0.000086
0.000063
0.000017
0.000007
0.000008
0.000008
0.000060
0.000118
0.000135
0.000213
0.001134
6.335507
6.415112
6.441850
6.439950
6.420749
6.093957
6.100489
6.101019
6.099627
6.098472
6.097595
6.093410
6.090427
6.083865
0.002186
6.078623
6.078363
6.074117
6.066148
6.058313
6.049394
6.047684
6.053457
6.064732
6.074320
6.078061
6.083311
6.280405
6.396495
6.469438
6.491423
6.502195
6.506764
6.507479
6.513611
6.517015
6.487750
6.488960
6.491248
6.491036
6.490014
6.490734
6.492433
6.507419
6.503553
6.501186
6.499542
6.499831
6.500511
6.503233
6.494910
6.494307
6.492977
6.493249
6.491595
6.490688
6.489366
6.484312
6.453178
6.426390
6.413925
6.404100
6.389582
6.090691
6.084083
6.078437
6.072884
6.066446
6.063807
6.055375
6.054320
6.049628
6.093770
6.068850
6.027556
5.988405
5.890224
0.005255
5.829717
5.750485
5.695536
5.260197
4.971398
4.775940
4.270843
3.872611
3.537449
0.004601
0.004525
0.004415
0.003431
3.234808
2.894443
2.601475
2.339927
1.453224
1.330994
0.530792
0.281860
0.168823
1.981700
3.816085
4.168475
4.367066
4.578953
4.819192
5.177676
5.346073
0.003059
5.591676
5.743071
5.823951
5.881533
5.977199
5.987270
6.004831
6.012291
6.024139
6.022753
6.030911
6.022802
5.975570
5.948528
5.936038
5.864567
5.805438
5.760482
5.314919
5.316808
5.322395
5.322408
5.322329
5.321756
5.321582
5.321019
5.321068
5.322019
5.303991
5.273531
5.250503
5.184394
5.148524
5.122505
5.108381
5.082722
5.073116
5.040247
5.030363
5.014531
5.186627
5.192596
5.217302
5.251696
5.271714
5.307186
5.333679
5.346439
5.351984
5.370685
5.397191
5.434924
5.449510
5.444275
5.435857
5.457881
5.502202
5.484076
5.449334
5.397927
5.348847
5.312917
5.287143
5.260591
0.001615
0.000790
0.000589
0.000451
0.000167
0.000163
0.000048
0.000010
0.000006
0.000006
0.000003
0.000002
0.000007
0.000013
0.000027
0.000031
0.000024
0.000087
5.109685
5.091005
5.091565
5.086479
5.098130
5.117435
5.144332
5.186469
5.197285
5.218575
5.255537
5.272003
5.269369
0.003582
0.002478
0.000864
0.000698
0.000585
0.000579
0.000603
0.000855
0.001194
5.126536
5.150034
5.161441
5.141715
5.147697
5.168861
5.178381
5.176424
5.158053
5.145661
5.122742
5.096313
5.083085
5.027029
4.977528
4.936407
4.898740
4.743420
4.588571
4.427254
4.059936
3.929086
3.724575
3.561290
3.248373
3.066759
2.944953
2.890758
2.848329
2.798654
2.773410
2.754845
2.750702
2.819172
2.808090
2.508107
1.119102
1.121204
1.111836
1.109219
1.108187
1.119094
1.105298
2.689577
2.747358
2.838676
2.903432
3.042397
3.182631
3.220876
3.273424
3.235720
2.947286
4.129511
4.499016
4.682302
4.802418
4.896799
4.972386
4.992607
4.996488
5.014928
5.010939
4.976766
4.939767
4.908161
4.886373
4.870106
4.867107
4.869180
4.845218
4.801089
4.785210
4.681259
4.600245
4.540866
4.501254
4.472420
4.454473
4.428820
4.433353
4.462112
4.439848
4.432051
4.426507
4.373884
4.388152
4.408032
4.433762
4.473002
4.492355
4.527684
4.572501
4.611910
4.661578
4.721492
4.723215
4.731430
4.720487
4.719534
4.731330
4.706304
4.676757
4.655221
0.003641
0.000719
0.000357
0.000255
0.000227
0.000224
0.000223
0.000028
0.000017
0.000013
0.000014
0.000003
0.000004
0.000015
0.000022
0.000005
0.000003
0.000057
0.000053
0.000051
0.000057
0.000013
0.000006
0.000007
0.000002
0.000003
0.000002
0.000003
0.000002
0.000001
0.000001
0.000001
0.000001
0.000001
0.000000
0.000001
0.000001
0.000000
0.000000
0.000000
0.000000
0.000000
0.000000
0.000000
0.000000
0.000000
0.000000
0.000000
0.000000
0.000000
0.000000
0.000000
0.000000
0.000000
0.000000
0.000000
0.000000
0.000000
0.000000
0.000000
0.000000
0.000000
0.000000
0.000002
0.000001
0.000014
0.000001
0.000000
0.000000
0.000000
0.000002
0.000001
0.000001
0.000001
0.000001
0.000000
0.000000
0.000001
0.000001
0.000019
0.000023
0.000017
0.000002
0.000002
0.000001
0.000001
0.000001
0.000020
0.000003
0.000002
0.000002
0.000001
0.000001
0.000001
0.000001
0.000001
0.000004
0.000003
0.000002
0.000004
0.000003
0.000027
0.000006
0.000005
0.000007
0.000011
0.000006
0.000001
0.000000
0.000001
0.000006
0.000002
0.000253
0.000149
0.000051
0.000047
0.000008
0.000010
0.000001
0.000001
0.000001
0.000001
0.000002
0.000001
0.000001
0.000001
0.000000
0.000001
0.000001
0.000002
0.000002
0.000008
0.000000
0.000001
0.000001
0.000011
0.000004
0.000001
0.000001
0.000000
0.000002
0.000001
0.000001
0.000001
0.000002
0.000000
0.000001
0.000000
0.000001
0.000000
0.000000
0.000002
0.000002
0.000002
0.000001
0.000000
0.000000
0.000000
0.000000
0.000000
0.000000
0.000001
0.000001
0.000000
0.000000
0.000000
0.000000
0.000001
0.000000
0.000000
0.000000
0.000000
0.000000
0.000000
0.000000
0.000000
0.000000
0.000000
0.000000
0.000000
0.000000
0.000000
0.000000
0.000000
0.000000
0.000000
0.000000
0.000000
0.000000
0.000000
0.000000
0.000000
0.000000
0.000000
0.000000
0.000000
0.000000
0.000000
0.000000
0.000000
0.000000
0.000000
0.000000
0.000000
0.000000
0.000000
0.000000
0.000000
0.000000
0.000000
0.000000
0.000000
0.000000
0.000000
0.000000
0.000000
0.000000
0.000000
0.000000
0.000000
0.000000
0.000000
0.000000
0.000000
0.000000
0.000000
0.000000
0.000000
0.000000
0.000000
0.000000
0.000000
0.000000
0.000000
0.000000
0.000000
0.000000
0.000000
0.000000
0.000000
0.000000
0.000000
0.000000
0.000000
0.000000
0.000000
0.000000
0.000000
0.000000
0.000000
0.000000
0.000000
0.000000
0.000000
0.000000
0.000000
0.000000
0.000000
0.000000
0.000000
0.000000
0.000000
0.000000
0.000000
0.000000
0.000000
0.000000
0.000000
0.000000
0.000000
0.000000
0.000000
0.000000
0.000000
0.000000
0.000000
0.000000
0.000000
0.000000
0.000000
0.000000
0.000000
0.000000
0.000000
0.000000
0.000000
0.000000
0.000000
0.000000
0.000000
0.000000
0.000000
0.000000
0.000000
0.000000
0.000000
0.000000
0.000000
0.000000
0.000000
0.000000
0.000000
0.000000
0.000000
0.000000
0.000000
0.000000
0.000000
0.000000
0.000000
0.000000
0.000000
0.000000
0.000000
0.000000
0.000000
0.000000
0.000000
0.000000
0.000000
0.000000
0.000000
0.000000
0.000000
0.000000
0.000000
0.000000
0.000000
0.000000
0.000000
0.000000
0.000000
0.000000
0.000000
0.000000
0.000000
0.000000
0.000000
0.000000
0.000000
0.000000
0.000000
0.000000
0.000000
0.000000
0.000000
0.000000
0.000000
0.000000
0.000000
0.000000
0.000000
0.000000
0.000000
0.000000
0.000000
0.000000
0.000000
0.000000
0.000000
0.000000
0.000000
0.000000
0.000000
0.000000
0.000000
0.000000
0.000000
0.000000
0.000000
0.000000
0.000000
0.000000
0.000000
0.000000
0.000000
0.000000
0.000000
0.000000
0.000000
0.000000
0.000000
0.000000
0.000000
0.000000
0.000000
0.000000
0.000000
0.000000
0.000000
0.000000
0.000000
0.000000
0.000000
0.000000
0.000000
0.000000
0.000000
0.000000
0.000000
0.000000
0.000000
0.000000
0.000000
0.000000
0.000000
0.000000
0.000000
0.000000
0.000000
0.000000
0.000000
0.000000
4.571867
4.542992
4.520698
4.504610
4.475949
4.275653
4.182257
4.099404
4.021881
3.829646
3.710030
3.545146
3.318566
3.145896
2.982749
2.805344
2.637024
2.461155
0.108427
0.078559
0.066255
0.060280
0.054238
0.010503
0.000601
0.000339
0.009074
0.019580
0.021195
1.936819
1.808872
1.663631
1.538010
1.460048
1.052939
0.919815
0.604179
0.003965
0.000000
0.000000
0.000000
0.000000
0.000000
0.000000
0.000000
0.000724
0.000381
0.000511
0.000000
0.000000
0.000000
0.000000
0.000000
0.000000
0.000000
0.000000
0.000000
0.000000
0.000000
0.000000
0.000000
0.000000
0.000000
0.000000
0.000000
0.000000
0.000000
0.000000
0.000000
0.000000
0.000000
0.000000
0.000000
0.000000
0.000000
0.000000
0.000000
0.000000
0.000000
0.000000
0.000000
0.000000
0.000000
0.000000
0.000000
0.000128
0.009794
0.032482
0.087834
0.100387
0.096781
0.091163
0.083447
0.079625
0.076738
0.062353
0.003107
0.002482
0.002059
0.001335
0.000798
0.000862
0.019717
0.082959
0.496849
0.560660
1.075853
1.227167
1.370241
1.379266
1.316672
1.258669
1.088815
0.988056
0.873795
0.737903
0.681304
0.598401
0.393853
0.273954
0.227839
0.196254
0.055412
0.000092
0.000018
0.000012
0.000023
0.000009
0.000010
0.000013
0.000027
0.000021
0.000023
0.000020
0.000040
0.000012
0.000000
0.000000
0.000000
0.000000
0.000000
0.000000
0.000000
0.000000
0.000000
0.000000
0.000000
0.000000
0.000000
0.000000
0.000000
0.000000
0.000000
0.000000
0.000000
0.000000
0.000000
0.000000
0.000000
0.000000
0.000000
0.000000
0.000000
0.000000
0.000000
0.000017
0.000019
0.000010
0.000009
0.000010
0.000010
0.000010
0.000016
0.000011
0.000008
0.000007
0.000006
0.000005
0.000000
0.000000
0.000000
0.000000
0.000000
0.000000
0.000000
0.000007
0.000010
0.000011
0.000018
0.000013
0.000013
0.000013
0.000000
0.000000
0.000000
0.000000
0.000000
0.000000
0.000000
0.000000
0.000000
0.000000
0.000000
0.000000
0.000000
0.000000
0.000000
0.000000
0.000000
0.000000
0.000000
0.000000
0.000000
0.000000
0.000000
0.000000
0.000000
0.000000
0.000000
0.000000
0.000000
0.000000
0.000000
0.000000
0.000000
0.000000
0.000000
0.000000
0.000000
0.000000
0.000000
0.000000
0.000000
0.000000
0.000000
0.000000
0.000000
0.000000
0.000000
0.000000
0.000000
0.000000
0.000000
0.000000
0.000000
0.000000
0.000000
0.000000
0.000000
0.000000
0.000000
0.000000
0.000000
0.000000
0.000000
0.000000
0.000000
0.000000
0.000000
0.000000
0.000000
0.000000
0.000000
0.000000
0.000000
0.000000
0.000000
0.000000
0.000000
0.000000
0.000000
0.000000
0.000000
0.000000
0.000000
0.000000
0.000000
0.000000
0.000000
0.000000
0.000000
0.000000
0.000000
0.000000
0.000000
0.000000
0.000000
0.000000
0.000000
0.000000
0.000000
0.000000
0.000000
0.000000
0.000000
0.000000
0.000000
0.000000
0.000000
0.000000
0.000000
0.000000
0.000000
0.000000
0.000000
0.000000
0.000000
0.000000
0.000000
0.000000
0.000000
0.000000
0.000000
0.000000
0.000000
0.000000
0.000000
0.000000
0.000000
0.000000
0.000000
0.000000
0.000000
0.000000
0.000000
0.000000
0.000000
0.000000
0.000000
0.000000
0.000000
0.000000
0.000000
0.000000
0.000000
0.000000
0.000000
0.000000
0.000000
0.000000
0.000000
0.000000
0.000000
0.000000
0.000000
0.000000
0.000000
0.000000
0.000000
0.000000
0.000000
0.000000
0.000000
0.000000
0.000000
0.000000
0.000000
0.000000
0.000000
0.000000
0.000000
0.000000
0.000000
0.000000
0.000000
0.000000
0.000000
0.000000
0.000000
0.000000
0.000000
0.000000
0.000000
0.000000
0.000000
0.000000
0.000000
0.000000
0.000000
0.000000
0.000000
0.000000
0.000000
0.000000
0.000000
0.000000
0.000000
0.000000
0.000000
0.000000
0.000000
0.000000
0.000000
0.000000
0.000000
0.000007
0.000011
0.000092
0.000112
0.000074
0.000078
0.000000
0.000000
0.000000
0.000000
0.000000
0.000000
0.000000
0.000000
0.000000
0.000000
0.000000
0.000000
0.000000
0.000000
0.000000
0.000000
0.000000
0.000000
0.000000
0.000000
0.000000
0.000000
0.000000
0.000000
0.000000
0.000000
0.000000
0.000000
0.000000
0.000000
0.000000
0.000000
0.000000
0.000000
0.000000
0.000000
0.000000
0.000000
0.000000
0.000000
0.000000
0.000879
0.000968
0.001192
0.000000
0.000000
0.000000
0.000000
0.000000
0.000000
0.000000
0.000000
0.000000
0.000000
0.000000
0.000000
0.000000
0.000000
0.000000
0.000000
0.000000
0.000000
0.000000
0.000000
0.000000
0.000000
0.000000
0.000000
0.000000
0.000000
0.000000
0.000000
0.000000
0.000000
0.000000
0.000000
0.000000
0.000000
0.000000
0.000000
0.000000
0.000000
0.000000
0.000000
0.000000
0.000000
0.000000
0.000000
0.000000
0.000000
0.000000
0.000000
0.000000
0.000000
0.000000
0.000000
0.000000
0.000000
0.000000
0.000117
0.000327
0.000724
0.000016
0.010452
0.010897
0.083721
0.087080
0.122313
0.132330
0.139055
0.135117
0.130563
0.129844
0.113612
0.100343
0.099108
0.098343
0.080029
0.061400
0.035366
0.031849
0.000185
0.000000
0.000000
0.000000
0.000000
0.000000
0.000000
0.000000
0.000000
0.000000
0.000000
0.000000
0.000000
0.000000
0.000000
0.000000
0.000000
0.000000
0.000000
0.000000
0.000000
0.000000
0.000000
0.000000
0.000000
0.000000
0.000000
0.000000
0.000000
0.000000
0.000000
0.000000
0.000000
0.000000
0.000000
0.000000
0.000000
0.000000
0.000000
0.000000
0.000000
0.000000
0.000000
0.000000
0.000000
0.000000
0.000000
0.000000
0.000000
0.000000
0.000000
0.000000
0.000000
0.000000
0.000000
0.000531
0.005993
0.028796
0.458501
0.494584
0.488115
0.483429
0.481302
0.457167
0.430445
0.285834
0.029607
0.028508
0.027611
0.024489
0.000885
0.000020
0.000000
0.000013
0.000452
0.000502
0.000028
0.000000
0.000000
0.000000
0.000000
0.000000
0.000000
0.000000
0.000000
0.000000
0.000000
0.000000
0.000000
0.000000
0.000000
0.000000
0.000000
0.000000
0.000000
0.000000
0.000028
0.000058
0.000157
0.000180
0.050847
0.080474
0.083940
0.127554
0.318208
0.449639
0.483786
0.489560
0.465682
0.449238
0.422177
0.213280
0.133738
0.127312
0.020419
0.002456
0.000247
0.000206
0.000206
0.001493
0.036810
0.105203
0.110579
0.124059
0.129342
0.128240
0.119972
0.117606
0.117223
0.117202
0.111113
0.107348
0.104863
0.101499
0.097504
0.081348
0.060846
0.059199
0.000209
0.000156
0.000145
0.000131
0.049303
0.048026
0.057774
0.019520
0.017894
0.008034
0.008380
0.059867
0.121320
0.133166
0.147706
0.141840
0.041663
0.044193
0.046652
0.046855
0.046143
0.025836
0.025566
0.025148
0.000404
0.000000
0.000000
0.000000
0.008224
0.008216
0.008206
0.008306
0.008286
0.008231
0.008326
0.008323
0.008378
0.008282
0.008241
0.008228
0.008248
0.008257
0.008241
0.008252
0.000000
0.000000
0.000000
0.000000
0.000000
0.000000
0.000000
0.000000
0.000000
0.000000
0.000000
0.000000
0.000000
0.000000
0.000000
0.000000
0.008262
0.008269
0.008281
0.235757
0.216448
0.219214
0.196802
0.000000
0.152426
0.157054
0.161409
0.161151
0.156947
0.153459
0.000000
0.000000
0.000000
0.000000
0.000000
0.000000
0.000000
0.000000
0.000000
0.000000
0.000000
0.000000
0.000000
0.000000
0.000000
0.000000
0.000000
0.000000
0.000000
0.000000
0.000000
0.000000
0.000000
0.000000
0.000000
0.000000
0.000000
0.000000
0.000095
0.000063
0.000048
0.000054
0.000054
0.000262
0.016904
0.245462
0.257533
0.262501
0.268746
0.270433
0.245580
0.216148
0.172498
0.149767
0.099447
0.033249
0.002500
0.002430
0.002468
0.002331
0.000230
0.000176
0.001047
0.003090
0.005834
0.006050
0.006245
0.007393
0.007468
0.008703
0.009534
0.011040
0.044238
0.186530
0.252883
0.307184
0.374494
0.418927
0.466160
0.507045
0.546850
0.000022
0.000000
0.000000
0.000000
0.000000
0.000000
0.000000
0.000000
0.000000
0.000000
0.000020
0.000019
0.000034
0.000094
0.001420
0.000154
0.000355
0.000358
0.031879
0.034100
0.889225
0.975654
0.997556
0.981768
0.952540
0.010790
0.010332
0.009996
0.000496
0.000133
0.000000
0.000000
0.000000
0.000000
0.000000
0.000000
0.000000
0.000000
0.000000
0.000000
0.000000
0.000000
0.000000
0.000000
0.000000
0.000000
0.000000
0.000000
0.000000
0.000000
0.000000
0.000000
0.000000
0.000000
0.000000
0.000000
0.000000
0.000000
0.000000
0.000000
0.000000
0.000000
0.000000
0.000000
0.000000
0.000160
0.000276
0.000255
0.000546
0.000823
0.001129
0.799063
0.808256
0.097884
0.079537
0.001351
0.000136
0.000111
0.000000
0.000000
0.000000
0.000000
0.000000
0.000000
0.000000
0.000000
0.000000
0.000000
0.000000
0.000000
0.000000
0.000000
0.000000
0.000000
0.000000
0.000000
0.000000
0.000000
0.000000
0.000000
0.000150
0.009633
0.009662
0.010129
0.011000
0.002191
0.005350
0.656420
0.682459
0.001403
0.000403
0.000195
0.020196
0.020639
0.784893
0.793188
0.000845
0.000070
0.000072
0.000061
0.000041
0.000118
0.000126
0.000153
0.000240
0.757846
0.766361
0.757551
0.737443
0.700530
0.713465
0.706435
0.647749
0.603387
0.585388
0.559976
0.531928
0.257195
0.231748
0.218551
0.135806
0.127080
0.077597
0.023673
0.012461
0.010647
0.000097
0.000103
0.000030
0.000037
0.000057
0.000053
0.036255
0.037058
0.038438
0.041926
0.041924
0.057958
0.060556
0.078645
0.083433
0.084651
0.083226
0.089795
0.079597
0.074881
0.062276
0.059751
0.058673
0.048044
0.045575
0.044146
0.021535
0.018736
0.008944
0.000664
0.000506
0.000906
0.000000
0.000000
0.010800
0.010952
0.153375
0.219319
