0.005524
0.003843
0.003807
0.003730
0.003466
0.003037
0.001138
0.003301
0.003339
0.003367
0.003366
0.003382
0.003352
0.003347
0.003359
0.003366
0.003369
0.003444
0.003098
0.002727
0.002231
0.002086
0.001989
0.001790
0.001703
0.001682
0.001692
0.001690
0.001518
0.001200
0.000039
0.000009
0.000009
0.000007
0.000010
0.000028
0.000032
0.000061
0.000004
0.000005
0.000006
0.000014
0.000011
0.000008
0.000015
0.000016
0.000030
0.004128
0.041263
0.041721
0.012456
0.000200
0.000177
0.000174
0.002728
0.002654
0.000010
0.000006
0.000005
0.000004
0.000005
0.000005
0.000155
0.000321
0.000237
0.000354
0.006516
0.000055
0.000051
0.000227
0.000137
0.000049
0.009425
0.032543
0.032912
0.053733
0.062758
0.566829
0.565940
0.553837
0.745662
0.773666
0.837408
0.828493
0.801908
0.727636
0.661436
0.587250
0.408550
0.305256
0.054976
0.091952
0.094027
0.093291
0.091747
0.091599
0.091744
0.109950
0.109640
0.189870
0.206282
0.001024
0.202601
0.220929
0.361650
0.486154
0.705168
0.772842
0.850873
1.095235
1.364619
1.484935
1.692263
2.075040
0.011857
0.005025
3.598537
3.982187
4.956663
5.727870
6.121208
6.818075
6.854456
6.877616
6.897276
6.900439
6.898922
6.898734
6.899837
6.901093
6.904623
6.909911
6.909890
6.912392
6.917964
6.927607
6.941852
6.994754
6.997198
6.986663
6.836526
6.745996
6.894773
7.257633
7.273687
7.291410
7.285776
7.273542
7.255022
7.234866
7.225772
7.630361
7.645086
7.646859
7.635680
7.619578
7.598609
0.007912
0.008286
0.008555
7.669091
8.464647
8.475859
8.493378
8.516461
8.548435
8.546953
8.546048
8.546692
8.376094
8.372207
8.368579
8.583615
8.668891
8.785469
8.802379
8.821875
8.814694
8.779949
8.755018
8.648229
8.619700
8.349133
8.336141
8.308096
8.282042
8.264623
7.719607
7.689009
7.649710
7.506405
7.336585
7.165003
6.879521
0.105159
0.058707
5.945941
0.170699
5.952481
6.256310
6.491671
6.596870
6.681404
6.794424
6.956660
6.575919
6.505141
6.491961
6.810919
7.235049
7.511836
7.706152
7.755501
7.791547
0.001537
0.001154
0.000517
0.000423
0.000194
0.000182
0.000128
0.000191
0.000453
0.001038
0.001336
8.558088
8.571872
8.576678
8.579370
8.580151
8.530901
8.295166
8.152636
7.657025
5.557518
5.042645
5.019751
4.347384
5.906270
6.588463
8.015883
8.481479
8.525968
8.547841
8.576183
8.622334
8.632701
8.655978
8.684276
8.689309
8.692823
8.677038
8.466494
8.465180
8.461258
8.458514
8.458418
8.460612
8.460840
8.461519
8.460521
8.460646
8.460888
8.461259
8.461564
8.462098
8.461597
8.463521
8.463372
8.461760
8.463389
8.789564
8.842321
8.926840
9.069167
9.156631
9.218445
8.907714
8.908575
8.903671
8.903986
8.902918
9.067900
9.199170
9.236615
9.209622
9.030417
9.039745
9.038393
9.038095
9.038726
9.037752
9.036980
9.035613
9.036362
9.038601
9.040523
9.292658
9.310668
9.312843
9.292901
9.259567
9.146770
8.964040
8.961469
8.961579
8.963455
8.964165
8.964566
8.963774
8.963545
8.960626
8.951532
9.220332
9.252600
9.246297
9.226698
9.213200
9.203511
9.195447
9.161500
9.127191
8.851279
8.826505
8.807486
8.968922
8.334021
8.449572
8.464152
8.464003
8.463965
8.465126
8.464951
8.464265
8.460632
8.460279
8.463786
8.465260
8.464830
8.464879
8.465382
8.465485
8.465602
8.465692
8.465706
8.465697
8.465652
8.465621
8.465626
8.465611
8.465537
8.465117
8.464907
8.465254
8.465565
8.465577
8.465406
8.464676
8.464728
8.465320
8.463522
8.460693
8.448824
8.443870
8.390723
8.158469
7.791235
0.069352
7.294789
6.808800
6.524950
0.614231
0.106045
0.625188
8.073275
8.251873
8.333626
8.359066
8.396073
8.413914
8.397169
8.390222
8.380288
8.370232
8.356430
8.334320
0.011979
0.004267
0.002447
0.001010
0.000888
0.000637
0.000425
0.000358
7.849074
7.767567
7.673334
7.462982
7.522115
7.576099
7.655675
7.723907
7.782829
7.813844
7.858851
7.936341
8.013901
8.060075
8.091746
8.103159
8.083890
8.043015
7.923514
7.801696
7.767317
7.688857
7.432918
7.412428
7.402182
7.394873
7.388789
7.375641
7.368128
7.360029
7.356709
7.354117
7.351008
7.349252
7.349821
7.351010
7.351357
7.351763
7.352321
7.554171
7.608620
7.611388
7.613504
7.614152
7.614508
7.614385
7.614392
7.614060
7.612689
7.609404
7.604670
7.602194
7.602794
7.607104
7.613389
7.613618
7.613656
7.613177
7.613334
7.614429
7.614418
7.614190
7.614280
7.614527
7.614494
7.614492
7.614585
7.614599
7.614196
7.613829
7.612796
7.612645
7.613305
7.614336
7.614600
7.614610
7.614505
7.614509
7.613789
7.608124
7.584030
0.000859
0.000166
0.000100
0.000051
0.000022
0.000007
0.000004
0.000002
0.000001
0.000001
0.000000
0.000000
0.000000
0.000000
0.000000
0.000000
0.000000
0.000000
0.000001
0.000001
0.000001
0.000000
0.000000
0.000000
0.000000
0.000001
0.000001
0.000001
0.000001
0.000001
0.000002
0.000003
0.000008
0.000032
0.000052
0.000079
0.002502
7.495339
7.453569
7.446034
7.444798
7.437890
7.418313
7.396819
7.197642
7.196998
7.196114
7.195581
7.195435
7.195715
7.195648
7.196227
7.460194
7.504210
7.511670
0.084597
0.081984
0.077278
0.000451
0.000368
0.000121
0.000028
0.000005
0.000005
0.000004
0.000002
0.000001
0.000001
0.000001
0.000001
0.000001
0.000001
0.000000
0.000000
0.000001
0.000001
0.000000
0.000001
0.000001
0.000001
0.000001
0.000000
0.000001
0.000002
0.000001
0.000001
0.000001
0.000002
0.000001
0.000001
0.000001
0.000003
0.000011
0.000012
0.000017
0.000033
0.000100
0.000214
6.971277
7.111795
7.273447
7.448676
7.478893
7.519484
7.599144
7.611666
7.621099
7.632676
7.641437
7.648085
7.653970
7.659831
7.666374
7.673165
7.679600
7.685809
7.691970
7.698125
7.703631
7.706544
7.713029
7.722957
7.730411
7.731314
7.732334
7.737590
7.744434
7.746965
7.753554
7.765817
7.779977
7.789071
7.796409
7.766793
7.755689
7.700465
7.561543
7.715835
7.815553
7.842918
7.855353
7.866400
7.871205
7.875888
7.877067
7.876970
7.872716
7.863544
7.848738
7.782833
7.740931
7.694554
0.008503
0.005129
0.002844
0.000918
0.000322
0.000130
0.000077
0.000052
0.000053
0.000061
0.000101
0.000247
7.263395
7.264812
7.262613
7.254287
7.016187
6.505705
0.000836
0.000844
0.001021
0.000070
0.000019
0.000008
0.000006
0.000009
0.000008
0.000015
0.000011
0.000008
0.000008
0.000008
0.000006
0.000012
0.000014
0.000010
0.000010
0.000019
0.000010
0.000007
0.000005
0.000003
0.000004
0.000007
0.000006
0.000007
0.000025
0.000024
0.000027
0.000010
0.000008
0.000008
0.000036
0.000015
0.000008
0.000010
0.000006
0.000008
0.000010
0.000031
0.000031
0.000040
0.000093
0.000113
0.000010
0.000007
0.000014
0.000017
0.000034
0.000046
0.000084
5.288260
5.503576
5.040570
5.335698
5.484630
6.446119
6.707825
6.917553
7.132679
7.223126
7.227771
7.239497
7.249448
7.255417
7.241239
7.221065
7.200238
7.096350
7.035472
6.892210
6.753938
6.172814
5.595354
4.729929
4.005897
3.459577
0.637339
0.543293
0.377081
0.339925
0.258952
0.236469
0.148844
0.127173
0.000111
0.000000
0.000000
0.000000
0.000000
0.000000
0.000000
0.000000
0.000000
0.000000
0.000000
0.000000
0.000000
0.000000
0.000285
0.000280
0.003896
0.004154
0.004384
0.004551
0.004801
0.004743
0.003931
0.003129
0.002540
0.002335
0.002072
0.001961
0.001859
0.000000
0.000000
0.000000
0.000001
0.000001
0.000001
0.000002
0.000145
0.000305
