0.000712
0.000526
0.000382
0.000311
0.000153
0.009365
0.009493
0.009732
0.010209
0.010946
0.011094
0.011127
0.010899
0.010717
0.010646
0.009940
0.009362
0.009025
0.000215
0.082413
0.080746
0.081207
0.081818
0.039296
0.038819
0.000353
0.000382
0.018115
0.268791
0.599415
1.014468
2.520694
3.017661
3.477476
3.888483
4.463852
5.038015
5.604860
6.163267
6.837443
7.268927
0.134721
8.281815
8.652514
8.721232
8.760731
8.775673
8.731353
0.000094
0.000056
0.000028
0.000021
0.000010
0.000004
0.000010
0.000004
0.000004
0.000003
0.000001
0.000008
0.000008
0.000012
0.000006
0.000003
0.000001
0.000001
0.000001
0.000001
0.000007
0.000005
0.000010
0.000100
0.000079
0.000053
0.000054
0.000049
0.000057
0.000817
0.000864
0.001462
0.001883
0.002230
0.002780
0.004053
9.140010
9.163067
9.164448
9.164591
9.164396
9.164457
9.164661
9.164506
9.164552
9.164177
9.159038
9.154971
9.156143
9.160535
9.157651
9.156160
9.158348
9.163952
9.163759
9.155455
9.151763
9.149339
9.142590
9.142378
9.149692
9.162735
9.163806
9.163720
9.160762
9.152336
9.272223
8.705907
8.672434
8.235836
5.630490
6.937327
7.623965
8.491236
8.969700
9.093210
9.192704
9.288339
9.376780
9.447412
9.564762
9.569754
9.562233
0.163883
9.312764
9.493335
9.502134
9.560302
9.568225
9.568688
9.568558
9.569884
9.570599
9.570580
9.570002
9.571273
9.571741
9.572392
9.572476
9.571876
9.571430
9.571015
9.570869
9.570614
9.569311
9.568231
9.566819
9.563230
9.554290
9.534567
9.480666
9.155915
8.647930
8.415430
8.420228
8.422123
8.421539
8.421985
8.421732
8.421772
8.421262
8.421272
8.422180
8.422898
8.425389
8.804559
8.925015
8.966646
8.983404
8.984158
8.982148
8.982012
8.983400
8.984051
8.987820
8.991285
8.992092
8.991938
8.991967
8.991412
8.989046
8.981573
8.964169
8.930070
8.640471
8.479562
8.873117
8.924921
8.930989
8.945699
9.448116
9.474475
9.509427
9.552955
9.559133
9.563239
9.569399
9.570277
9.571452
9.571911
9.572204
9.571701
9.569674
9.568482
9.568507
9.568318
9.549472
9.536462
9.526796
9.516756
9.487197
9.430606
9.008929
9.008154
9.011920
9.019340
9.027602
9.036494
9.038354
9.450310
9.450821
9.451273
9.452796
9.452346
9.732926
9.877738
9.975270
9.987162
9.995876
9.996087
9.997833
9.998887
9.998950
9.998853
9.999084
9.999380
9.999866
9.999937
9.999927
9.999572
9.997594
9.996131
9.974765
9.946486
9.927001
9.901386
9.897247
9.850405
9.792434
9.743076
9.629543
0.239641
9.510366
9.788422
9.921536
9.977108
9.986729
9.997980
9.998220
9.994024
9.983822
9.978683
9.981281
9.983489
9.989353
9.995793
9.998447
9.998968
9.999221
9.997086
9.995232
9.994232
9.995958
9.999714
9.999937
9.999952
9.999866
9.999584
9.998277
9.998267
9.999733
9.999530
9.998678
9.996715
9.992721
9.991710
9.990356
9.986473
9.980376
9.980930
9.984410
9.990425
9.991978
9.994504
9.997473
9.999194
9.999859
9.999916
9.999940
9.999938
9.999823
9.999708
9.999134
9.997112
9.995957
9.995512
9.957236
9.825415
9.626433
9.328883
8.661434
6.997126
4.494404
0.444426
0.005774
0.003745
0.000194
0.000109
0.000082
0.000061
0.000059
0.000044
0.000133
0.000059
0.000073
0.000923
0.000020
0.000013
0.000013
0.000015
0.000012
0.000007
0.000006
0.000004
0.000008
0.000007
0.000001
0.000001
0.000001
0.000001
0.000001
0.000001
0.000001
0.000002
0.000004
0.000004
0.000001
0.000001
0.000001
0.000001
0.000001
0.000002
0.000001
0.000006
0.000014
0.000053
0.000061
0.006354
0.007637
0.007741
0.007604
0.007603
0.007602
0.007600
0.007127
0.079003
0.000240
0.000335
0.000427
0.000432
0.000451
0.000464
0.000482
0.000554
0.000587
0.000606
0.000629
0.000657
0.000659
0.000651
0.000004
0.000001
0.000001
0.000000
0.000000
0.000000
0.000000
0.000000
0.000000
0.000000
0.000000
0.000000
0.000000
0.000000
0.000000
0.000000
0.000000
0.000000
0.000000
0.000000
0.000000
0.000000
0.000000
0.000000
0.000000
0.000001
0.000000
0.000000
0.000000
0.000000
0.000000
0.000000
0.000000
0.000000
0.000000
0.000000
0.000000
0.000000
0.000000
0.000000
0.000000
0.000000
0.000000
0.000000
0.000000
0.000000
0.000000
0.000000
0.000000
0.000000
0.000000
0.000000
0.000000
0.000000
0.000000
0.000000
0.000000
0.000000
0.000000
0.000000
0.000000
0.000000
0.000000
0.000000
0.000000
0.000000
0.000000
0.000000
0.000000
0.000000
0.000000
0.000000
0.000000
0.000000
0.000000
0.000000
0.000000
0.000000
0.000000
0.000000
0.000000
0.000000
0.000000
0.000000
0.000000
0.000000
0.000000
0.000000
0.000000
0.000000
0.000000
0.000000
0.000000
0.000000
0.000000
0.000000
0.000000
0.000000
0.000000
0.000000
0.000000
0.000000
0.000000
0.000000
0.000000
0.000000
0.000000
0.000000
0.000000
0.000000
0.000000
0.000000
0.000000
0.000000
0.000000
0.000000
0.000000
0.000000
0.000000
0.000000
0.000000
0.000000
0.000000
0.000000
0.000000
0.000000
0.000000
0.000000
0.000000
0.000000
0.000000
0.000000
0.000000
0.000000
0.000000
0.000000
0.000000
0.000000
0.000000
0.000000
0.000000
0.000000
0.000000
0.000000
0.000000
0.000000
0.000000
0.000000
0.000000
0.000000
0.000000
0.000000
0.000000
0.000000
0.000000
0.000000
0.000000
0.000000
0.000000
0.000000
0.000000
0.000000
0.000000
0.000000
0.000000
0.000000
0.000000
0.000000
0.000000
0.000000
0.000000
0.000000
0.000000
0.000000
0.000000
0.000000
0.000000
0.000000
0.000000
0.000000
0.000000
