0.002578
0.000337
0.000120
0.010342
0.010507
0.010677
0.010863
0.009543
0.000674
0.005402
0.005462
0.005461
0.007877
0.010841
0.012976
0.015505
0.015551
0.016420
0.017171
0.030165
0.030022
0.030012
0.032930
0.033871
0.033047
0.016569
0.010679
0.009631
0.005407
0.000194
0.000260
0.000219
0.000010
0.000010
0.000403
0.000479
0.000797
0.005642
0.013468
0.014199
0.014499
0.014999
0.006734
0.006803
0.007163
0.007692
0.009227
0.008978
0.008992
0.008916
0.010610
0.008544
0.008515
0.008661
0.009160
0.009027
0.009045
0.008942
0.003175
0.001738
0.001924
0.000016
0.000033
0.002069
0.002308
0.003926
0.015871
0.016492
0.016503
0.020188
0.023712
1.411044
1.262187
1.179023
0.444279
0.214476
0.197603
0.166136
0.143953
0.007697
0.002025
0.001359
0.001404
0.000999
0.000731
0.001406
0.000830
0.000906
0.002247
0.002495
0.002720
0.002788
0.003108
0.002768
0.002980
0.003764
0.003823
0.004413
0.003688
0.002335
0.002179
0.001894
0.001971
0.000853
0.000967
0.001026
0.000146
0.000316
0.000309
0.000203
0.000163
0.000262
0.000585
0.000696
0.002785
0.020486
0.075245
0.174602
1.648406
1.855805
2.026974
2.281250
2.698447
2.932433
3.249772
3.478786
3.726026
4.030224
0.035255
0.058890
4.928469
5.381563
5.416542
5.334223
5.258642
0.051517
0.056668
0.071510
5.261392
5.303324
5.377101
6.047985
6.220662
6.393832
6.588717
6.788910
6.861728
7.092212
0.093289
8.026734
8.286241
8.369203
8.444533
8.484220
8.920209
8.938395
8.954801
8.959079
9.099150
9.045585
0.004413
0.003375
0.003393
0.003397
0.003450
0.003685
0.003899
0.004782
9.140645
9.159854
9.156991
9.150688
9.145751
9.105692
9.102047
9.094734
9.085971
9.080208
9.041152
9.013489
8.994432
8.857413
8.817362
8.661322
8.441532
0.269913
8.232320
8.370203
8.574958
8.758345
8.865030
8.986652
9.114703
9.243576
9.286354
9.322659
9.356586
0.002298
0.001942
0.000468
0.000305
0.000254
0.000050
0.000034
0.000006
0.000004
0.000013
0.000009
0.000006
0.000006
0.000012
0.000006
0.000010
0.000035
0.000017
0.000011
0.000006
0.000004
0.000005
0.000004
0.000008
0.000027
0.000033
0.000084
0.000102
0.000151
0.000305
0.000655
9.289224
9.402059
9.479094
9.517884
9.541438
9.590239
9.607601
9.608111
9.612832
9.623545
9.623619
9.622072
9.614780
9.612823
9.615093
9.615141
9.615120
9.616854
9.620956
9.624426
9.622703
9.622423
9.622287
9.624737
9.625747
9.627523
9.629857
9.626846
9.620733
9.617482
9.617453
9.622314
9.631183
9.633340
9.634505
9.634162
9.633129
9.628831
9.625597
9.627522
9.629300
9.634465
9.635385
9.636065
9.635524
9.635330
9.631941
9.620501
9.613529
9.613497
9.616970
9.616767
9.620060
9.628525
9.632445
9.633246
9.634379
9.630753
9.619824
9.585306
9.550573
9.480065
9.341419
0.015151
0.012356
0.003425
0.002540
0.001797
0.002976
0.002945
0.001713
0.001595
0.003529
9.230906
9.214783
9.197519
9.448427
9.451856
0.072734
0.079181
9.363044
9.441421
9.542863
9.652256
9.782490
9.844669
9.907478
9.939524
9.950829
9.943632
9.939364
9.937306
9.919399
9.889894
9.868126
9.807827
9.738182
9.630981
9.547426
9.394257
0.251828
0.056689
9.088701
9.206118
9.292180
0.104738
0.108918
9.586139
9.585153
9.580629
0.024206
0.016548
9.511452
9.548466
9.550857
9.526822
9.494379
0.004596
0.007937
0.008043
0.009009
0.010336
0.012338
9.650309
9.741991
9.774874
9.789706
9.814148
9.853119
9.871129
9.883727
9.909591
9.938827
9.929519
9.884050
9.859233
9.766341
9.574923
9.241150
8.764161
0.091372
8.664458
8.626251
8.722020
8.750512
8.723271
0.129250
8.817205
9.213327
9.496803
9.646392
9.679216
9.711078
9.751592
9.782405
9.792873
9.788034
9.787646
9.793129
9.816436
9.777759
9.747528
9.604850
9.471897
9.298401
0.111172
0.011590
0.010696
0.009947
7.652294
5.692747
6.508524
6.793827
7.172374
7.309839
7.216866
7.182729
7.028077
0.018635
0.017011
0.012257
0.010948
0.010285
0.017896
0.015941
6.574738
6.121875
5.749380
5.462371
5.211737
4.553698
4.360729
4.173737
4.000316
3.601560
3.137453
2.694811
2.104214
0.000676
0.000179
0.000146
0.000121
0.000172
0.000121
0.000048
0.000025
0.000041
0.000045
0.000038
0.000016
0.000010
0.000011
0.000022
0.000022
0.000026
0.000048
0.000055
0.000832
0.000028
0.000042
0.000025
0.000013
0.000154
0.000008
0.000007
0.000005
0.000004
0.000007
0.000006
0.000010
0.000008
0.000013
0.000011
0.000013
0.000009
0.000009
0.000010
0.000004
0.000003
0.000003
0.001018
0.000100
0.000012
0.000008
0.000009
0.000012
0.000004
0.000001
0.000005
0.000006
0.000008
0.000001
0.000002
0.000001
0.000003
0.000002
0.000003
0.000004
0.000008
0.000001
0.000001
0.000001
0.000001
0.000002
0.000001
0.000001
0.000001
0.000002
0.000001
0.000001
0.000001
0.000002
0.000002
0.000011
0.000004
0.000003
0.002052
0.205672
0.132597
0.111502
0.107417
0.097375
0.091918
0.069595
0.053665
0.051223
0.045524
0.035020
0.002359
0.027779
0.024776
0.021990
0.015213
0.007423
0.007490
0.000000
0.000000
0.000000
0.000000
0.000000
0.000000
0.000000
0.000000
0.000000
0.000000
0.000000
0.000000
0.000000
0.000000
0.000000
0.000000
0.000000
0.000000
0.000000
0.000000
0.000000
0.000000
0.000000
0.000000
0.000000
0.000000
0.000000
0.000000
0.000000
0.000000
0.000000
0.000000
0.000000
0.000000
0.000000
0.000000
0.000000
0.000000
0.000000
0.000000
0.000000
0.000000
0.000000
0.000000
0.000000
0.000000
0.000000
0.000000
0.000000
0.000000
0.000000
0.000000
0.000000
0.000000
0.000000
0.000000
0.000000
0.000000
0.000000
0.000000
0.000000
0.000000
0.000000
0.000000
0.000000
0.000000
0.000000
0.000000
0.000000
0.000000
0.000000
0.000000
0.000000
0.000000
0.000000
0.000000
0.000000
0.000000
0.000000
0.000000
0.000000
0.000000
0.000000
0.000000
0.000000
0.000000
0.000000
0.000000
0.000000
0.000000
0.000000
0.000000
0.000000
0.000000
0.000000
0.000000
0.000000
0.000000
0.000000
0.000000
0.000000
0.000000
0.000000
0.000000
0.000000
0.000000
0.000000
0.000000
0.000000
0.000000
0.000000
0.000000
0.000000
0.000000
0.000000
0.000000
0.000000
0.000000
0.000000
0.000000
0.000000
0.000000
0.000000
0.000000
0.000000
0.000000
0.000000
0.000000
0.000000
0.000000
0.000000
0.000000
0.000000
0.000000
0.000000
0.000000
0.000000
0.000000
0.000000
0.000000
0.000000
0.000000
0.000000
0.000000
0.000000
0.000000
0.000000
0.000000
0.005750
0.005754
0.005758
0.000000
0.000000
0.000000
0.000000
0.000000
0.000000
0.000000
0.000000
0.000000
0.000000
0.000000
0.000000
0.000000
0.000000
0.000000
0.000000
0.000000
0.000000
0.000000
0.000000
0.000000
0.000000
0.000000
0.000000
0.000000
0.000000
0.000000
0.000000
0.000000
0.000000
0.000000
0.000000
0.000000
0.000000
0.000000
0.000000
0.000000
0.000000
0.000000
0.000000
0.000000
0.000000
0.000000
0.000000
0.000000
0.000000
0.000000
0.000000
0.000000
0.000000
0.000000
0.000000
0.000000
0.000000
0.000000
0.000000
0.000000
0.000000
0.000000
0.000000
0.000000
0.000000
0.000000
0.000000
0.000000
0.000000
0.000000
0.000000
0.000000
0.000000
0.000000
0.000000
0.000000
0.000000
0.000000
0.000000
0.000000
0.000000
0.000000
0.000000
0.000000
0.000000
0.000000
0.000000
0.000000
0.000000
0.000000
0.000000
0.000000
0.000000
0.000000
0.000000
0.000000
0.000000
0.000000
0.000000
0.000000
0.000000
0.000000
0.000000
0.000000
0.000000
0.000000
0.000000
0.000000
0.000000
0.000000
0.000000
0.000000
0.000000
0.000000
0.000000
0.000000
0.000000
0.000000
0.000000
0.000000
0.000000
0.000000
0.000000
0.000000
0.000000
0.000000
0.000000
0.000000
0.000000
0.000000
0.000000
0.000000
0.000000
0.000000
0.000000
0.000000
0.000000
0.000000
0.000000
0.000000
0.000000
0.000000
0.000000
0.000000
0.000000
0.000000
0.000000
0.000000
0.000000
0.000000
0.000000
0.000000
0.000000
0.000000
0.000000
0.000000
0.000000
0.000000
0.000000
0.000000
0.000000
0.000000
0.000000
0.000000
0.000000
0.000000
0.000000
0.000000
0.000000
0.000000
0.000000
0.000000
0.000000
0.000000
0.000000
0.000000
0.000000
0.000000
0.000000
0.000000
0.000000
0.000000
0.000000
0.000000
0.000000
0.000000
0.000000
0.000000
0.000000
0.000000
0.000000
0.000000
0.000000
0.000000
0.000000
0.000000
0.000000
0.000000
0.000000
0.000000
0.000000
0.000000
0.000000
0.000000
0.000000
0.000000
0.000000
0.000000
0.000000
0.000000
0.000000
0.000000
0.000000
0.000000
0.000000
0.000000
0.000000
0.000000
0.000000
0.000000
0.000000
0.000000
0.000000
0.000000
0.000000
0.000000
0.000000
0.000000
0.000000
0.000000
0.000000
0.000000
0.000000
0.000000
0.000000
0.000000
0.000000
0.000000
0.000000
0.000000
0.000000
0.000000
0.000000
0.000000
0.000000
0.000000
0.000000
0.000000
0.000000
0.000000
0.000000
0.000000
0.000000
0.000000
0.000000
0.000000
0.000000
0.000000
0.000000
0.000000
0.000000
0.000000
0.000000
0.000000
0.000000
0.000000
0.000000
0.000000
0.000000
0.000000
0.000000
0.000000
0.000000
0.000000
0.000000
0.000000
0.000000
0.000000
0.000000
0.000000
0.000000
0.000000
0.000000
0.000000
0.000000
0.000000
0.000000
0.000000
0.000000
0.000000
0.000000
0.000000
0.000000
0.000000
0.000000
0.000000
0.000000
0.000000
0.000000
0.000000
0.000000
0.000000
0.000000
0.000000
0.000000
0.000000
0.000000
0.000000
0.000000
0.000000
0.000000
0.000000
0.000000
0.000000
0.000000
0.000000
0.000000
0.000000
0.000000
0.000000
0.000000
0.000000
0.000000
0.000000
0.000000
0.000000
0.000000
0.000000
0.000000
0.000000
0.000000
0.000000
0.000000
0.000000
0.000000
0.000000
0.000000
0.000000
0.000000
0.000000
0.000000
0.000000
0.000000
0.000000
0.000000
0.000000
0.000000
0.000000
0.000000
0.000000
0.000000
0.000000
0.000000
0.000000
0.000000
0.000000
0.000000
0.000000
0.000000
0.000000
0.000000
0.000000
0.000000
0.000000
0.000000
0.000000
0.000000
0.000000
0.000000
0.000000
0.000000
0.000000
0.000000
0.000000
0.000000
0.000000
0.000000
0.000000
0.000000
0.000000
0.000000
0.000000
0.000000
0.000000
0.000000
0.000000
0.000000
0.000000
0.000000
0.000000
0.000000
0.000000
0.000000
0.000000
0.000000
0.000000
0.000000
0.000000
0.000000
0.000000
0.000000
0.000000
0.000000
0.000000
0.000000
0.000000
0.000000
0.000000
0.000000
0.000000
0.000000
0.000000
0.000000
0.000000
0.000000
0.000000
0.000000
0.000000
0.000000
0.000000
0.000000
0.000000
0.000000
0.000000
0.000000
0.000000
0.000000
0.000000
0.000000
0.000000
0.000000
0.000000
0.000000
0.000000
0.000000
0.000000
0.000000
0.000000
0.000000
