0.010959
0.000682
0.000587
0.000002
0.000005
0.000002
0.000003
0.000006
0.000007
0.000346
0.000359
0.000822
0.001544
0.002055
0.002127
0.002096
0.001963
0.001362
0.001333
0.007135
0.007269
0.007432
0.007674
0.007959
0.008615
0.007246
0.007273
0.007184
0.007097
0.000009
0.000016
0.000025
0.000023
0.000044
0.000028
0.000053
0.000026
0.000032
0.016924
0.017967
0.021981
0.023045
0.023928
0.031171
0.034350
2.078789
1.900558
1.064758
0.932605
0.496141
0.439138
0.380821
0.337567
0.018414
0.008865
0.006839
0.000907
0.000102
0.000060
0.000110
0.000081
0.000074
0.000040
0.000670
0.000770
0.000618
0.000332
0.001016
0.003202
0.003667
0.003508
0.003992
0.015837
0.030740
0.058663
0.072396
0.111600
0.120122
0.151005
0.213092
0.281151
0.607900
0.569669
0.525650
0.466127
0.002972
0.001668
0.001497
0.000050
0.000550
0.009146
0.012425
0.012124
0.011799
0.003057
0.000640
0.002125
0.002870
0.002978
0.009318
0.142642
0.226948
0.219684
0.210891
0.198644
0.005344
0.005030
0.001047
0.001100
0.001037
0.001072
0.000029
0.000026
0.000010
0.000020
0.000038
0.000019
0.000066
0.003912
0.000073
0.003069
0.003148
0.003243
0.003333
0.003656
0.003404
0.000120
0.000221
0.001896
0.001993
0.003306
0.040004
0.054241
0.106967
0.108878
0.111279
0.113777
0.124452
0.128363
0.102975
0.106444
0.074254
0.032469
0.004166
0.001573
0.000142
0.000053
0.000050
0.000059
0.000074
0.000160
0.000117
0.000111
0.000234
0.006530
0.010098
0.016212
0.134997
0.159387
0.443071
0.655974
0.786877
0.891110
1.005332
1.179615
1.152333
1.105943
1.067501
0.998600
0.016030
0.014938
0.014253
0.013222
0.013178
0.013100
0.012155
0.011185
0.000259
0.000675
0.018919
0.019647
0.031906
0.028093
0.000474
0.000351
0.000399
0.045487
0.065967
0.082390
0.162835
0.229865
0.441466
0.715125
1.223529
1.747576
2.583323
3.753854
4.240664
4.880638
0.000081
0.000050
0.000059
0.000053
0.000114
0.000085
0.000083
0.000028
0.000049
0.000028
0.000076
0.000195
0.000407
0.000756
0.001235
0.001674
5.711158
6.724599
8.047318
8.642065
8.805429
8.877470
8.915355
8.957849
8.969422
8.992562
9.010269
9.021115
9.027007
9.052207
9.066519
9.098287
9.125233
9.134449
9.143873
9.143167
9.141298
9.137899
9.126490
9.128181
9.122991
9.122171
9.122446
9.125989
9.132467
9.133091
9.133074
9.133131
9.132892
9.130311
9.130221
9.132627
9.132908
9.132364
9.128627
9.125092
9.414307
9.413118
9.397236
9.222023
9.049543
8.748477
8.514848
8.248689
7.918878
7.195513
6.808243
6.310713
5.762432
5.283204
0.275001
0.006222
0.008371
0.009225
2.559736
6.227338
7.082170
7.402532
7.820955
8.144738
8.546125
8.598742
8.678978
0.000096
0.000065
0.000089
0.000023
0.000005
0.000005
0.000007
0.000017
0.000007
0.000006
0.000007
0.000002
0.000001
0.000001
0.000006
0.000005
0.000004
0.000002
0.000002
0.000002
0.000003
0.000003
0.000003
0.000004
0.000016
0.000063
0.000009
0.000004
0.000003
0.000003
0.000007
0.000008
0.000058
0.000117
0.000112
0.000117
0.000094
0.000112
0.000231
0.000522
0.002457
0.003175
8.568317
8.559470
8.391623
8.446545
8.478056
8.487036
8.478116
8.479740
8.481995
8.484648
8.489115
8.494563
8.494551
8.491861
8.432972
8.272520
8.051912
8.032020
7.912180
0.117297
7.719787
7.754618
7.794606
7.876386
7.877532
0.001442
0.000816
0.000392
0.000203
0.000175
0.000086
0.000031
0.000020
0.000013
0.000014
0.000038
0.000210
0.000175
0.014009
0.017175
0.019555
0.186583
8.095696
8.362691
8.592199
8.720016
8.815508
8.651478
8.501514
8.297087
8.401528
9.017608
9.173629
9.297047
9.455290
9.508106
9.514142
9.524637
9.527555
9.527703
9.521413
9.515407
9.510772
9.511155
9.516605
9.526559
9.527762
9.527780
9.528763
9.528303
9.528504
9.529081
9.528629
9.527775
9.520999
9.483180
9.441820
9.337964
9.283859
9.248964
9.221926
9.071604
9.175099
9.213249
9.223963
9.236929
9.243298
9.252546
9.261416
9.272652
9.364104
9.369863
9.379366
9.403467
9.437638
9.483919
9.564663
9.582399
9.562595
9.524208
9.451648
9.251709
9.059230
9.009226
0.043256
0.045201
9.209602
9.349331
9.479370
9.391462
9.393397
9.407033
9.424977
9.440228
9.474426
9.496289
9.509128
9.504780
9.400973
0.005465
0.075714
0.058575
0.054338
0.056138
0.002568
0.002554
0.002343
0.002387
0.002548
0.002751
0.002750
0.002854
0.002977
0.003222
0.003483
0.003536
0.003476
0.003424
0.003202
0.002914
0.002597
0.002287
0.002164
0.002059
0.001694
0.001504
0.000017
0.000015
0.000007
0.000005
0.000008
0.000011
0.000005
0.000001
0.000001
0.000001
0.000001
0.000001
0.000001
0.000002
0.000002
0.000003
0.000007
0.000005
0.000010
0.000011
0.000003
0.000000
0.000001
0.000005
0.000002
0.000002
0.000002
0.000001
0.000002
0.000001
0.000001
0.000001
0.000001
0.000001
0.000002
0.000001
0.000002
0.000001
0.000001
0.000001
0.000000
0.000001
0.000001
0.000001
0.000001
0.000000
0.000001
0.000001
0.000001
0.000004
0.000002
0.000000
0.000000
0.000000
0.000000
0.000000
0.000000
0.000000
0.000002
0.000001
0.000002
0.000000
0.000000
0.000000
0.000000
0.000000
0.000000
0.000000
0.000000
0.000001
0.000001
0.000002
0.000008
0.000001
0.000001
0.000025
0.000022
0.000022
0.000022
0.000027
0.000039
0.000059
0.000107
0.000240
0.000901
8.768221
8.724215
8.755934
8.733696
8.748858
8.754956
8.750795
8.750391
8.752222
8.754070
8.737760
8.760958
8.737734
8.679132
8.639490
0.002120
0.001852
0.001563
0.001528
0.001085
0.000707
0.000261
0.000095
0.000075
0.000150
0.000093
0.000431
0.000022
0.000034
0.000031
0.000053
0.000018
0.000020
0.000039
0.000072
0.000066
0.000094
0.000123
0.000233
0.000456
0.000042
0.000129
0.000219
0.000099
0.000010
0.000017
0.000039
0.000021
0.000005
0.000014
0.000025
0.000038
0.000042
0.000094
0.000072
0.000121
0.000017
0.000007
0.000009
0.000012
0.000005
0.000014
0.000028
0.000043
0.000002
0.000004
0.000002
0.000001
0.000002
0.000005
0.000002
0.000003
0.000004
0.000007
0.000004
0.000001
0.000001
0.000002
0.000001
0.000002
0.000003
0.000007
0.000011
0.000012
0.000009
0.000009
0.000012
0.000019
0.000035
0.000032
0.000039
0.000079
0.000114
8.587259
8.589709
8.575274
8.564994
8.559533
8.523320
8.499732
8.425367
7.454138
6.711823
5.851764
4.771664
3.264992
1.551831
1.029273
0.863303
0.745161
0.494098
0.210101
0.185821
0.133713
0.091760
0.072019
0.062557
0.039596
0.034634
0.030686
0.012541
0.007581
0.001783
0.000025
0.000016
0.000009
0.000020
0.000021
0.000051
0.000003
0.000002
0.000001
0.000001
0.000229
0.000010
0.000009
0.000009
0.000009
0.000010
0.000001
0.000001
0.000002
0.000043
