0.589179
0.149832
0.103731
0.039822
0.031238
0.026725
0.000089
0.000006
0.000004
0.000003
0.000003
0.000003
0.000006
0.000000
0.000000
0.000000
0.000000
0.000000
0.000000
0.000000
0.000000
0.000000
0.000000
0.000000
0.000001
0.000001
0.000003
0.000003
0.000006
0.000025
0.000026
0.000049
0.002800
0.003062
0.003344
0.003532
0.003577
0.003620
0.003521
0.003439
0.003270
0.012181
0.011998
0.000008
0.000006
0.000005
0.000005
0.000000
0.000000
0.000000
0.000000
0.000000
0.000000
0.000001
0.000000
0.000000
0.000000
0.000000
0.000000
0.000000
0.000001
0.000001
0.000000
0.000000
0.000000
0.000000
0.000000
0.000000
0.000000
0.000000
0.000000
0.000000
0.000000
0.000000
0.000000
0.000000
0.004402
0.004149
0.003221
0.001250
0.000050
0.000035
0.000034
0.000001
0.000000
0.000000
0.000001
0.000030
0.000060
0.000809
0.002896
0.003406
0.003517
0.003649
0.000010
0.000008
0.000002
0.000004
0.000000
0.000000
0.000000
0.000000
0.000000
0.000000
0.000000
0.000000
0.000000
0.000000
0.000000
0.000000
0.000000
0.000001
0.000001
0.000000
0.000000
0.000000
0.000000
0.000000
0.000000
0.000002
0.000002
0.000002
0.000001
0.000001
0.000002
0.000003
0.000002
0.000002
0.000002
0.000005
0.000003
0.000000
0.000000
0.000000
0.000000
0.000005
0.000003
0.000003
0.000002
0.000001
0.000001
0.000002
0.000001
0.000003
0.000002
0.000001
0.000003
0.000001
0.000002
0.000003
0.000002
0.000005
0.000018
0.000004
0.000008
0.000007
0.000011
0.000021
0.000003
0.000004
0.000004
0.000005
0.000017
0.000008
0.000014
0.000016
0.000017
0.000987
0.000869
0.000929
0.009546
0.010168
0.020710
0.021590
0.022284
0.022831
0.020098
0.017640
0.015953
0.015486
0.016328
0.015500
0.004483
0.000860
0.000858
0.000925
0.004550
0.004561
0.004919
0.053997
0.055750
0.095781
0.096433
0.095170
0.126202
0.119080
0.099820
0.000000
0.000000
0.000000
0.000034
0.000055
0.000000
0.000000
0.000000
0.000001
0.000002
0.000001
0.000000
0.000000
0.000000
0.000000
0.000000
0.000000
0.000061
0.000053
0.000070
0.000038
0.000536
0.000628
0.005089
0.015185
0.019960
0.021583
0.020991
0.019451
0.016794
0.015141
0.014896
0.001198
0.029002
0.030196
0.031350
0.032508
0.032576
0.032515
0.032238
0.000000
0.000011
0.000004
0.000000
0.000000
0.000000
0.000000
0.000000
0.000000
0.000000
0.000000
0.000000
0.000000
0.000000
0.000000
0.000000
0.000004
0.000133
0.000118
0.000115
0.000011
0.000008
0.000007
0.000010
0.000203
0.000154
0.001615
0.051715
0.052529
0.052188
0.012170
0.011529
0.011034
0.010791
0.005157
0.000049
0.000070
0.000000
0.000000
0.000000
0.000000
0.000000
0.000000
0.000000
0.000000
0.000000
0.000000
0.000000
0.000000
0.000000
0.000000
0.000000
0.000000
0.000000
0.000000
0.000000
0.000000
0.000000
0.000000
0.000000
0.000000
0.000000
0.000000
0.000000
0.000000
0.000000
0.000000
0.000000
0.000000
0.000000
0.000000
0.000000
0.000000
0.000000
0.000000
0.000000
0.000000
0.000008
0.000006
0.000011
0.000721
0.000046
0.000026
0.000039
0.000013
0.000021
0.000046
0.000015
0.000013
0.000009
0.000018
0.000000
0.000000
0.000000
0.000000
0.000000
0.000000
0.000000
0.000309
0.000099
0.000080
0.000070
0.000078
0.000083
0.000076
0.000000
0.000000
0.000000
0.000000
0.000000
0.000000
0.000000
0.000000
0.000000
0.000000
0.000000
0.000000
0.000000
0.000000
0.000000
0.000000
0.000000
0.000000
0.000000
0.000000
0.000000
0.000000
0.000000
0.000000
0.000000
0.000000
0.000000
0.000000
0.000000
0.000000
0.000000
0.000000
0.000000
0.000000
0.000000
0.000000
0.000000
0.000000
0.000000
0.000000
0.000000
0.000000
0.000000
0.000000
0.000000
0.000000
0.000000
0.000000
0.000000
0.000000
0.000000
0.000000
0.000028
0.000415
0.000463
0.000408
0.000564
0.000563
0.000592
0.000672
0.000633
0.000743
0.000196
0.000000
0.000000
0.000000
0.000000
0.000000
0.000000
0.000000
0.000000
0.000000
0.000000
0.000000
0.000000
0.000000
0.000000
0.000000
0.000000
0.000000
0.000066
0.000107
0.000118
0.000061
0.000028
0.000037
0.000000
0.000000
0.000000
0.000000
0.000000
0.000000
0.000000
0.000000
0.000000
0.000000
0.000000
0.000000
0.000000
0.000000
0.000001
0.000201
0.000190
0.000199
0.002823
0.002810
0.002836
0.002828
0.006021
0.052571
0.065919
0.069815
0.074644
0.079587
0.082661
0.087360
0.089117
0.088060
0.087078
0.004903
0.004254
0.000296
0.000289
0.000000
0.000000
0.000000
0.000000
0.000000
0.000000
0.000000
0.000000
0.000000
0.000000
0.000000
0.000000
0.000000
0.000000
0.000000
0.000000
0.000000
0.000000
0.000000
0.000000
0.000000
0.000000
0.000000
0.000000
0.000000
0.000084
0.000101
0.160309
0.178228
0.189994
0.196774
0.285417
0.290190
0.033097
0.027651
0.012918
0.000189
0.000168
0.000000
0.000000
0.000000
0.000001
0.005400
0.010709
0.012880
0.024085
0.034253
0.102712
0.107511
0.109108
0.078159
0.008576
0.000260
0.000261
0.000258
0.000000
0.000000
0.000000
0.000000
0.000000
0.000003
0.000003
0.000002
0.000000
0.000000
0.000000
0.000000
0.000000
0.000000
0.000000
0.000000
0.000000
0.000000
0.000000
0.000000
0.000000
0.000000
0.000000
0.000000
0.000000
0.000000
0.000000
0.000000
0.000001
0.000001
0.000001
0.001286
0.001284
0.001258
0.000137
0.000000
0.000000
0.000000
0.000000
0.000000
0.000003
0.000000
0.000000
0.000000
0.000000
0.000000
0.000001
0.000001
0.000000
0.000000
0.000000
0.000028
0.000024
0.000024
0.000019
0.000016
0.000015
0.000015
0.000000
0.000000
0.000000
0.000001
0.000001
0.000001
0.000002
0.000001
0.000002
0.000004
0.000001
0.000001
0.000001
0.000006
0.000002
0.000002
0.000002
0.000002
0.000002
0.000002
0.000004
0.000001
0.000001
0.000001
0.000002
0.000001
0.000001
0.000000
0.000000
0.000000
0.000000
0.000000
0.000551
0.000000
0.000000
0.000000
0.000000
0.000000
0.000000
0.000000
0.000000
0.000000
0.000000
0.000000
0.000000
0.000000
0.000000
0.000000
0.000000
0.000000
0.000000
0.000000
0.000000
0.000000
0.000000
0.000000
0.000000
0.000000
0.000000
0.000000
0.000000
0.000000
0.000000
0.000000
0.000000
0.000000
0.000000
0.000000
0.000000
0.000000
0.000000
0.000000
0.000000
0.000000
0.000000
0.000000
0.000000
0.000000
0.000000
0.000000
0.000000
0.000000
0.000000
0.000000
0.000000
0.000000
0.000000
0.000000
0.000000
0.000000
0.000000
0.000000
0.000000
0.000000
0.000000
0.000000
0.000000
0.000000
0.000000
0.000000
0.000000
0.000000
0.000000
0.000003
0.000000
0.000001
0.000002
0.000004
0.000003
0.000003
0.000000
0.000000
0.000000
0.000000
0.000000
0.000000
0.000000
0.000000
0.000000
0.000000
0.000000
0.000000
0.000005
0.000000
0.000000
0.000000
0.000000
0.000000
0.000000
0.000000
0.000000
0.000000
0.000000
0.000000
0.000000
0.000000
0.000000
0.000000
0.000000
0.000000
0.000000
0.000000
0.000000
0.000000
0.000000
0.000000
0.000000
0.000000
0.000000
0.000000
0.000000
0.000000
0.000000
0.000000
0.000000
0.000000
0.000000
0.000000
0.000000
0.000000
0.000000
0.000000
0.000000
0.000000
0.000000
0.000000
0.000000
0.000000
0.000000
0.000000
0.000000
0.000000
0.000000
0.000000
0.000002
0.000001
0.000001
0.000001
0.000001
0.000000
0.000000
0.000000
0.000000
0.000000
0.000002
0.000000
0.000000
0.000000
0.000000
0.000000
0.000000
0.000000
0.000000
0.000000
0.000000
0.000000
0.000000
0.000000
0.000000
0.000005
0.000006
0.000006
0.000034
0.000009
0.000009
0.000006
0.000019
0.000006
0.000005
0.000000
0.000000
0.000000
0.000001
0.000003
0.000008
0.000014
0.000014
0.000014
0.000011
0.000007
0.000003
0.000000
0.000000
0.000000
0.000000
0.000000
0.000000
0.000000
0.000000
0.000000
0.000000
0.000000
0.000000
0.000000
0.000000
0.000000
0.000000
0.000000
0.000000
0.000000
0.000000
0.000000
0.000000
0.000000
0.000000
0.000000
0.000000
0.000000
0.000000
0.000000
0.000000
0.000017
0.000020
0.000019
0.000019
0.000018
0.000010
0.000008
0.000000
0.000000
0.000000
0.000000
0.000000
0.000000
0.000000
0.000000
0.000000
0.000000
0.000000
0.000000
0.000000
0.000000
0.000000
0.000000
0.000000
0.000000
0.000000
0.000000
0.000000
0.000000
0.000000
0.000000
0.000000
0.000000
0.000000
0.000000
0.000001
0.000000
0.000000
0.000000
0.000000
0.000000
0.000000
0.000000
0.000000
0.000000
0.000000
0.000000
0.000000
0.000000
0.000000
0.000000
0.000000
0.000000
0.000000
0.000000
0.000000
0.000000
0.000000
0.000000
0.000000
0.000000
0.000000
0.000000
0.000000
0.000000
0.000001
0.000001
0.000002
0.000089
0.000100
0.000108
0.000108
0.000106
0.000104
0.000102
0.000105
0.000151
0.000128
0.000109
0.000091
0.000071
0.000085
0.000001
0.000001
0.000001
0.000000
0.000000
0.000000
0.000000
0.000000
0.000000
0.000000
0.000000
0.000000
0.000000
0.000000
0.000000
0.000000
0.000001
0.000019
0.000004
0.000001
0.000001
0.000001
0.000001
0.000002
0.000000
0.000001
0.000066
0.000083
0.000086
0.000077
0.000049
0.000034
0.000041
0.000004
0.000273
0.000532
0.277192
0.286649
0.327156
0.332528
0.273407
0.268200
0.216048
0.181988
0.018171
0.014290
0.000003
0.000000
0.000000
0.000000
0.000000
0.000000
0.000000
0.000000
0.000001
0.000001
0.000002
0.000002
0.000001
0.000001
0.000001
0.000001
0.000001
0.000001
0.000003
0.000003
0.000003
0.000006
0.000008
0.000003
0.000002
0.000027
0.000027
0.000011
0.000008
0.000007
0.000007
0.000016
0.000015
0.000019
0.000003
0.000003
0.000002
0.000008
0.013684
0.014073
0.014340
0.014465
0.014311
0.014365
0.015473
0.015355
0.037446
0.034895
0.035304
0.026689
0.038049
0.012959
0.013871
0.000032
0.000007
0.000007
0.000030
0.000023
0.000028
0.000029
0.000003
0.000003
0.000003
0.000006
0.000007
0.000006
0.000007
0.000020
0.000016
0.000014
0.001764
0.001662
0.001589
0.001497
0.001289
0.001012
0.000967
0.000945
0.000811
0.000800
0.000804
0.000664
0.000182
0.000788
0.000758
0.000783
0.000797
0.000771
0.000803
0.000764
0.000525
0.000450
0.000285
0.000279
0.000253
0.000010
0.000014
0.000013
0.000018
0.000016
0.000010
0.000184
0.000065
0.000051
0.000033
0.000017
0.000026
0.000107
0.000194
0.000298
0.000369
0.009418
0.018848
0.022317
0.023957
0.034338
0.048965
0.053371
0.096045
0.260016
0.554987
0.585577
0.605218
0.629278
0.022512
0.000027
0.000028
0.000019
0.000034
0.000059
0.001730
0.002608
0.003650
0.000062
0.000260
0.000293
0.000379
0.000603
0.001052
0.001548
1.456281
2.009695
2.363948
3.110057
4.296939
4.892875
5.710122
6.678514
7.328574
0.031449
7.999492
8.356191
8.569213
8.736283
8.871453
8.885658
8.895898
8.893652
8.892708
8.973294
8.977138
8.982216
8.987860
8.992389
8.991203
8.989258
8.987861
9.172204
9.168631
9.164849
9.152847
9.143157
9.109362
9.102070
9.092316
9.086019
8.974679
9.026576
9.185550
9.250401
9.383433
9.518918
9.631378
9.655240
9.664492
9.665167
9.666686
9.666420
9.663247
9.659714
9.655682
9.637890
9.625343
9.604261
9.377171
0.001578
0.000700
0.000221
0.000114
0.000055
0.000039
0.000020
0.000011
0.000013
0.000003
0.000002
0.000002
0.000002
0.000001
0.000002
0.000002
0.000001
0.000001
0.000001
0.000001
0.000001
0.000001
0.000003
0.000002
0.000002
0.000007
0.000002
0.000001
0.000002
0.000002
0.000001
0.000002
0.000002
0.000001
0.000001
0.000002
0.000001
0.000001
0.000001
0.000002
0.000001
0.000001
0.000001
0.000001
0.000001
0.000001
0.000002
0.000001
0.000002
0.000002
0.000001
0.000001
0.000002
0.000001
0.000001
0.000001
0.000002
0.000001
0.000001
0.000001
0.000001
0.000001
0.000001
0.000002
0.000001
0.000002
0.000002
0.000001
0.000001
0.000002
0.000001
0.000001
0.000001
0.000003
0.000003
0.000003
0.000004
0.000002
0.000002
0.000003
0.000010
0.000008
0.000006
0.000002
0.000006
0.000003
0.000002
0.000002
0.000001
0.000001
0.000001
0.000003
0.000004
0.000005
0.000002
0.000002
0.000004
0.000006
0.000004
0.000004
0.000001
0.000004
0.000002
0.000001
0.000002
0.000001
0.000001
0.000001
0.000003
0.000004
0.000005
0.000002
0.000002
0.000004
0.000006
0.000004
0.000004
0.000001
0.000004
0.000002
0.000001
0.000002
0.000001
0.000001
0.000001
0.000003
0.000004
0.000005
0.000002
0.000002
0.000004
0.000006
0.000004
0.000004
0.000001
0.000004
0.000002
0.000001
0.000002
0.000001
0.000001
0.000001
0.000002
0.000002
0.000005
0.000002
0.000003
0.000002
0.000003
0.000002
0.000003
0.000005
0.000003
0.000002
0.000001
0.000001
0.000001
0.000001
0.000001
0.000001
0.000001
0.000002
0.000003
0.000008
0.000005
0.000005
0.000002
0.000004
0.000002
0.000001
0.000002
0.000001
0.000001
0.000001
0.000002
0.000002
0.000001
0.000002
0.000005
0.000004
0.000009
0.000006
0.000005
0.000002
0.000004
0.000002
0.000001
0.000002
0.000001
0.000001
0.000001
0.000002
0.000002
0.000001
0.000002
0.000005
0.000004
0.000009
0.000006
0.000005
0.000002
0.000004
0.000002
0.000001
0.000002
0.000001
0.000001
0.000001
0.000005
0.000003
0.000002
0.000001
0.000001
0.000001
0.000002
0.000001
0.000002
0.000002
0.000001
0.000001
0.000002
0.000001
0.000001
0.000001
0.000002
0.000002
0.000002
0.000002
0.000001
0.000001
0.000001
0.000002
0.000001
0.000002
0.000002
0.000001
0.000001
0.000002
0.000001
0.000001
0.000001
0.000002
0.000001
0.000001
0.000001
0.000001
0.000001
0.000001
0.000002
0.000001
0.000002
0.000002
0.000001
0.000001
0.000002
0.000001
0.000001
0.000001
0.000003
0.000002
0.000001
0.000003
0.000002
0.000001
0.000002
0.000001
0.000001
0.000002
0.000002
0.000001
0.000001
0.000002
0.000001
0.000001
0.000001
0.000002
0.000002
0.000001
0.000001
0.000001
0.000001
0.000002
0.000001
0.000001
0.000002
0.000002
0.000001
0.000001
0.000002
0.000001
0.000001
0.000002
0.000004
0.000003
0.000004
0.000018
0.000022
0.000040
0.000078
0.000178
0.000356
0.000867
8.894828
9.004533
9.014758
9.018019
9.013662
9.165150
9.259085
9.272809
9.277325
9.579099
9.576622
9.580128
9.589005
9.617558
9.618033
9.621414
9.628531
9.635492
9.648018
9.648853
9.648991
9.647990
9.647818
9.647802
9.648352
9.646019
9.645949
9.648295
9.649202
9.649663
9.649725
9.649437
9.648931
9.647131
9.646650
9.647638
9.647644
9.644528
9.642404
9.640427
9.630872
9.746134
9.859373
9.952004
9.980933
9.993901
9.997917
9.999051
9.999356
9.999707
9.999366
9.998516
9.997143
9.997012
9.995702
9.965363
9.919610
9.888322
9.840317
9.655235
9.029647
1.170755
0.473069
8.346921
9.246484
9.577393
9.638700
9.722181
9.817677
9.910885
9.931002
9.941678
9.963645
9.985468
9.992736
9.995430
9.992908
9.986752
9.972657
9.944759
9.923341
9.602437
9.601630
9.602197
9.602536
9.601700
9.601342
9.601782
9.601582
9.601939
9.602213
9.864058
9.921903
9.965971
9.986027
9.990758
9.989349
9.990686
9.993020
9.987234
9.955010
9.928026
9.914977
9.856193
9.687478
9.661447
9.615905
9.491186
9.344520
0.510241
8.282009
8.378871
8.553117
8.769113
9.238089
9.353383
9.490903
9.507022
9.506953
9.510709
9.516476
9.519820
9.524667
9.521399
9.516821
9.513304
9.508353
9.504205
9.505000
9.497018
9.396231
9.309370
9.150267
8.916476
8.528037
0.003339
0.001958
0.001648
0.001060
0.000510
0.000163
0.000139
0.000108
0.000199
0.000139
0.000175
0.000081
0.000021
0.000040
0.000150
0.000520
0.000042
0.000032
0.000069
0.000152
0.000045
0.000039
0.000047
0.000027
0.000046
0.000045
0.000015
0.000021
0.000032
0.000034
0.000006
0.000007
0.000007
0.000017
0.000043
0.000043
0.000036
0.000004
0.000002
0.000003
0.000007
0.000021
0.000006
0.000006
0.000011
0.000008
0.000005
0.000004
0.000005
0.000024
0.000010
0.000013
0.000026
0.000114
0.000007
0.000002
0.000002
0.000003
0.000006
0.000016
0.000006
0.000002
0.000001
0.000002
0.000001
0.000002
0.000014
0.000031
0.000007
0.000003
0.000003
0.000007
0.000013
0.000025
0.000019
0.000002
0.000003
0.000001
0.000003
0.000002
0.000002
0.000009
0.000013
0.000004
0.000003
0.000003
0.000022
0.000015
0.000009
0.000011
0.000021
0.000007
0.000004
0.000002
0.000004
0.000003
0.000053
0.000052
0.000008
0.000001
0.000000
0.000001
0.000001
0.000001
0.000000
0.000000
0.000001
0.000002
0.000001
0.000000
0.000000
0.000001
0.000001
0.000001
0.000000
0.000000
0.000000
0.000001
0.000001
0.000001
0.000001
0.000001
0.000000
0.000000
0.000000
0.000000
0.000001
0.000001
0.000002
0.000002
0.000002
0.000002
0.000004
0.000000
0.000000
0.000000
0.000000
0.000000
0.000000
0.000001
0.000001
0.000001
0.000001
0.000000
0.000000
0.000000
0.000000
0.000001
0.000001
0.000001
0.000006
0.000006
8.076372
7.833896
7.340718
6.967975
6.564925
6.413811
5.528429
4.948832
4.453040
3.586611
1.899408
1.323265
1.048206
0.876879
0.694806
0.304569
0.223835
0.124797
0.066481
0.055240
0.044476
0.033528
0.000003
0.000017
0.000024
0.000031
0.006881
0.006994
0.006951
0.005875
0.005049
0.004834
0.004605
0.004292
0.004133
0.004120
0.004136
0.003755
0.000054
0.000036
0.000028
0.000007
0.000004
0.000004
0.000003
0.000002
0.000002
0.000008
0.000010
0.000103
0.001418
0.001639
