0.017532
0.015954
0.014376
0.004118
0.000000
0.000000
0.000000
0.000000
0.000000
0.000000
0.000000
0.000000
0.000000
0.000000
0.000000
0.000000
0.000000
0.000000
0.000000
0.000000
0.000000
0.000000
0.000000
0.000000
0.000000
0.000000
0.000000
0.000000
0.000000
0.000000
0.000000
0.000000
0.000000
0.000000
0.000000
0.000000
0.000000
0.000000
0.000000
0.000000
0.000000
0.000000
0.001886
0.001593
0.001653
0.001430
0.001407
0.001250
0.000060
0.000052
0.000041
0.000007
0.000005
0.000003
0.000003
0.000031
0.000029
0.000027
0.000026
0.000000
0.000000
0.000000
0.000000
0.000000
0.000000
0.000000
0.000000
0.000000
0.000000
0.000000
0.000000
0.000000
0.000000
0.000000
0.000000
0.000000
0.000000
0.000000
0.000000
0.000000
0.000000
0.000000
0.000000
0.000000
0.000000
0.000000
0.000000
0.000000
0.000000
0.000000
0.000000
0.000000
0.000000
0.000000
0.000000
0.000000
0.000000
0.000000
0.000000
0.000000
0.000000
0.000000
0.000000
0.000000
0.000000
0.000000
0.000000
0.000000
0.000000
0.000000
0.000000
0.000000
0.000000
0.000000
0.000000
0.000000
0.000026
0.000027
0.000024
0.000020
0.000014
0.000013
0.000011
0.000011
0.000011
0.000013
0.000001
0.000000
0.000000
0.000000
0.000000
0.000000
0.000000
0.000000
0.000000
0.000000
0.000000
0.000000
0.000000
0.000000
0.000000
0.000000
0.000000
0.000000
0.000000
0.000000
0.000000
0.000003
0.000003
0.000004
0.000004
0.000005
0.000005
0.000005
0.000005
0.000005
0.000005
0.000005
0.000005
0.000005
0.000005
0.000005
0.000007
0.000007
0.000010
0.000006
0.000035
0.000038
0.000000
0.000000
0.000000
0.000000
0.000000
0.000000
0.000000
0.000000
0.000000
0.000000
0.000000
0.000000
0.000000
0.000000
0.000000
0.000000
0.000000
0.000000
0.000000
0.000361
0.000035
0.000000
0.000000
0.000000
0.000000
0.000000
0.000000
0.000000
0.000000
0.000000
0.000000
0.000000
0.000000
0.000000
0.000000
0.000000
0.000069
0.000056
0.000162
0.000000
0.000000
0.000000
0.000000
0.000000
0.000000
0.000000
0.000000
0.000000
0.000000
0.000000
0.000000
0.000000
0.000000
0.000000
0.000000
0.000000
0.000000
0.000000
0.000000
0.000000
0.000000
0.000000
0.000007
0.000007
0.000008
0.000010
0.000010
0.000009
0.000010
0.000009
0.000011
0.000009
0.000009
0.000009
0.000008
0.000007
0.000043
0.000415
0.000190
0.000000
0.000000
0.000000
0.000000
0.000000
0.000000
0.000000
0.000007
0.000002
0.000005
0.000014
0.000000
0.000000
0.000000
0.000000
0.000000
0.000000
0.000000
0.000000
0.000000
0.000000
0.000005
0.000003
0.005460
2.436484
1.551570
1.179917
0.626770
0.534533
0.154529
0.112839
0.068310
0.051771
0.023218
0.000028
0.000012
0.000011
0.000005
0.000013
0.000012
0.000000
0.000000
0.000000
0.000000
0.000000
0.000000
0.000012
0.000004
0.000002
0.000002
0.000005
0.000013
0.000009
0.000010
0.000026
0.000025
0.000000
0.000000
0.000000
0.000000
0.000000
0.000000
0.000000
0.000000
0.000000
0.000000
0.000000
0.000016
0.000069
0.000046
0.000027
0.000025
0.000012
0.000013
0.000010
0.000026
0.000000
0.000000
0.000000
0.000000
0.000000
0.000000
0.000000
0.000000
0.000000
0.000000
0.000000
0.000039
0.000042
0.000051
0.000032
0.000019
0.000021
0.000023
0.000044
0.000055
0.000014
0.000026
0.000027
0.000021
0.000010
0.000016
0.000014
0.000020
0.004449
0.005303
0.005432
0.004387
0.013445
0.014571
0.014012
0.013562
0.014629
0.013964
0.014133
0.014951
0.015956
0.000000
0.000000
0.000000
0.000000
0.000000
0.000000
0.000000
0.000000
0.000000
0.000238
0.000606
0.000186
0.000000
0.000000
0.000000
0.000093
0.013109
0.014026
0.014687
0.015294
0.000523
0.000148
0.000145
0.006975
0.006920
0.006998
0.006543
0.006671
0.000650
0.000040
0.000000
0.000000
0.000000
0.000000
0.000000
0.000000
0.000000
0.000000
0.000000
0.000000
0.000000
0.000000
0.000000
0.000000
0.000000
0.000000
0.000000
0.000002
0.000000
0.000000
0.000021
0.000015
0.000026
0.000023
0.000020
0.000016
0.000024
0.000001
0.000010
0.000009
0.000000
0.000000
0.000001
0.000002
0.000002
0.000004
0.000001
0.000001
0.000003
0.000001
0.000001
0.000000
0.000000
0.000000
0.000001
0.000000
0.000000
0.000000
0.000000
0.000000
0.000000
0.000000
0.000000
0.000000
0.000000
0.000000
0.000000
0.000000
0.000001
0.000000
0.000001
0.000002
0.000002
0.000001
0.000002
0.000001
0.000000
0.000001
0.000000
0.000000
0.000000
0.000000
0.000000
0.000000
0.000000
0.000000
0.000000
0.000000
0.000000
0.000000
0.000000
0.000000
0.000000
0.000000
0.000001
0.000001
0.000000
0.000001
0.000000
0.000001
0.000001
0.000001
0.000001
0.000001
0.000001
0.000001
0.000001
0.000000
0.000001
0.000028
0.000161
0.000174
0.000174
0.000106
0.000042
0.000031
0.000032
0.000031
0.000034
0.000035
0.000036
0.000046
0.000046
0.000042
0.000001
0.000001
0.000001
0.000001
0.000002
0.000002
0.000003
0.000033
0.000025
0.000027
0.000002
0.000006
0.000002
0.000002
0.000002
0.000004
0.000010
0.000014
0.000073
0.000006
0.000006
0.000003
0.000004
0.000005
0.000007
0.000009
0.000005
0.000008
0.000017
0.000011
0.000008
0.000020
0.000027
0.000016
0.000021
0.000035
0.000417
0.000410
0.000438
0.000445
0.000455
0.000464
0.000429
0.000399
0.000459
0.000736
0.000376
0.000349
0.000283
0.000252
0.000233
0.000054
0.000029
0.000038
0.000011
0.000007
0.000006
0.000008
0.000006
0.000005
0.000009
0.000018
0.000022
0.000008
0.000006
0.000006
0.000007
0.000005
0.000006
0.000006
0.000006
0.000007
0.000028
0.000028
0.000043
0.000039
0.000055
0.000008
0.000016
0.000018
0.000009
0.000011
0.000010
0.000020
0.000016
0.000031
0.000015
0.000013
0.000028
0.000030
0.000036
0.000090
0.000011
0.000012
0.000020
0.000023
0.000014
0.000021
0.000019
0.000018
0.000047
0.000045
0.000040
0.000172
0.000106
0.000090
0.000080
0.000074
0.000087
0.000100
0.000044
0.000071
0.000096
0.000168
0.003784
0.004132
0.022838
0.032575
0.035188
0.082678
0.075345
0.092684
0.345480
0.449947
0.557813
0.647534
0.866458
1.053314
1.243612
1.509946
1.706080
1.873734
0.000242
0.000021
0.000005
0.000006
0.000004
0.000276
0.000113
0.000181
0.000143
0.000155
0.000135
0.004212
0.004550
0.005850
0.006290
0.000015
0.000008
0.000013
0.000014
0.000010
0.000008
0.000005
0.000008
0.000015
0.000147
0.000107
0.000070
0.000033
0.000031
0.000029
0.000097
0.000021
0.000017
0.000015
0.000016
0.000029
0.000028
0.000031
0.000021
0.000017
0.000012
0.000012
0.000041
0.000070
0.000021
0.000024
0.000028
0.000045
0.000039
0.000077
0.000090
0.000313
0.000122
0.000187
0.000123
0.000216
0.000369
0.000762
1.160883
0.115199
0.001216
0.001081
0.001268
0.003831
0.877350
3.624760
4.222673
4.738414
6.003272
6.576650
7.080880
7.356576
7.617505
7.936727
8.057386
8.235109
8.487241
8.690449
8.740915
8.805102
8.879764
8.894624
8.897316
9.004173
9.075969
9.185504
9.184494
9.194167
9.209238
9.225398
9.261675
9.308299
9.364723
9.379595
9.417070
9.448404
9.481272
9.478012
9.443551
9.420200
9.374615
9.335156
9.229005
9.101763
8.924889
8.433825
7.868191
6.771524
6.011430
5.149702
4.450504
3.191420
1.776511
1.271676
0.605814
0.304266
0.079010
0.000040
0.000023
0.000011
0.000009
0.000008
0.000009
0.000009
0.000009
0.000014
0.000011
0.000005
0.000011
0.000008
0.000010
0.000013
0.000014
0.000017
0.000024
0.000026
0.000027
0.000009
0.000008
0.000006
0.000005
0.000013
0.000024
0.000024
0.000035
0.000022
0.000009
0.000007
0.000006
0.000002
0.000003
0.000005
0.000004
0.001184
0.001395
0.001894
0.001887
0.001713
0.000687
0.000774
0.000792
0.000005
0.000004
0.000009
0.000003
0.000003
0.000005
0.000005
0.000005
0.000002
0.000001
0.000001
0.000004
0.000012
0.000003
0.000004
0.000002
0.000001
0.000001
0.000003
0.000004
0.000002
0.000002
0.000005
0.000005
0.000005
0.000006
0.000006
0.000004
0.000004
0.000006
0.000005
0.000004
0.000008
0.000009
0.000112
1.444589
1.501287
2.074606
2.266231
2.273948
2.405504
2.282808
0.012161
1.165785
1.146788
1.103979
1.081899
0.006868
0.000986
0.001345
0.000594
0.000454
0.000469
0.000665
0.000797
0.001118
0.049448
0.188933
0.573756
2.112426
2.600810
3.040125
3.459992
4.024300
4.419272
4.748385
5.149270
5.470803
5.911259
6.346774
6.701113
7.153450
7.506651
7.904042
8.348804
8.544762
8.722628
8.890775
9.117977
9.306955
9.524151
9.592122
9.598339
9.539280
9.425620
9.319224
9.158330
8.993717
8.651483
8.251863
7.875918
7.225836
0.795301
0.832322
9.335365
9.461082
9.572205
9.588516
9.597741
9.621225
9.649471
9.822951
9.865494
9.910821
9.939654
9.952036
9.945629
9.940495
9.938904
9.943490
9.950706
9.964258
9.971067
9.981473
9.979518
9.973745
9.968365
9.957646
9.900506
9.850467
9.796029
9.753002
9.687048
9.650807
9.605112
9.572183
9.515907
9.459919
9.436891
9.372341
9.307120
9.220359
9.048543
8.952000
8.875541
8.778958
8.623728
8.510500
8.399634
8.004338
7.851891
7.540782
0.121267
0.072662
7.833726
7.909530
7.690173
0.083229
0.077129
0.002146
0.002135
0.001703
0.000316
0.000456
0.000129
0.000235
0.000133
0.000185
0.000219
0.000141
0.000018
0.000031
0.000044
0.000057
0.000033
0.000061
0.000093
0.000134
0.000046
0.000039
0.000090
0.000185
0.000241
0.000148
0.000081
0.000136
0.000158
0.000020
0.000026
0.000032
0.000024
0.000236
0.000050
0.000081
0.000058
0.000138
0.000028
0.000066
0.000016
0.000019
0.000010
0.000012
0.000012
0.000008
0.000008
0.000004
0.000005
0.000002
0.000003
0.000002
0.000005
0.000002
0.000005
0.000001
0.000002
0.000001
0.000001
0.000001
0.000001
0.000000
0.000000
0.000000
0.000000
0.000000
0.000001
0.000002
0.000003
7.354147
7.079004
6.970438
6.907601
6.836664
6.792990
6.560274
6.465681
0.000109
0.000052
0.000022
0.000021
0.000013
0.000015
0.000005
0.000003
0.000006
0.000002
0.000003
0.000006
0.000002
0.000001
0.000001
0.000001
0.000002
0.000004
0.000004
0.000002
0.000001
0.000000
0.000000
0.000003
0.000003
0.000003
0.000002
0.000001
0.000002
0.000010
0.000005
0.000001
0.000000
0.000001
0.000003
0.000003
0.000001
0.000003
0.000019
0.000012
0.000002
0.000002
0.000001
0.000001
0.000000
0.000000
0.000001
0.000005
0.000003
0.000002
0.000002
0.000001
0.000000
0.000001
0.000001
0.000001
0.000002
0.000000
0.000000
0.000000
0.000000
0.000000
0.000000
0.000000
0.000000
0.000000
0.000000
0.000000
0.000000
0.000000
0.000000
0.000000
0.000000
0.000000
0.000000
0.000000
0.000000
0.000000
0.000000
0.000000
0.000000
0.000000
0.000000
0.000000
0.000000
0.000000
0.000000
0.000000
0.000000
0.000000
0.000000
0.000000
0.000000
0.000000
0.000000
0.000000
0.000000
0.000000
0.000000
0.000000
0.000000
0.000000
0.000000
0.000000
0.000000
0.000000
0.000000
0.000000
0.000000
0.000000
0.000000
0.000000
0.000000
0.000000
0.000000
0.000000
0.000000
0.000000
0.000000
0.000000
0.000000
0.000000
0.000000
0.000000
0.000000
0.000000
0.000000
0.000000
0.000000
0.000000
0.000000
0.000000
0.000000
0.000000
0.000000
0.000000
0.000000
0.000000
0.000000
0.000000
0.000000
0.000000
0.000000
0.000000
0.000000
0.000000
0.000000
0.000000
0.000000
0.000000
0.000000
0.000000
0.000000
0.000000
0.000000
0.000000
0.000000
0.000000
0.000001
0.000000
6.397295
6.335432
6.353431
6.244659
6.201967
6.190855
6.187703
6.211306
6.217190
6.254482
6.314652
6.406167
6.530984
6.695281
6.778350
6.839118
6.935653
7.030949
7.029049
7.012593
6.973414
6.837806
5.052719
4.068267
0.002576
0.001358
0.000816
0.000621
0.000216
0.000058
0.000050
0.000029
0.000021
0.000030
0.000026
0.000017
0.000026
0.000023
0.000013
0.000010
0.000013
0.000008
0.000009
0.000029
0.000024
0.000022
0.000019
0.000007
0.000003
0.000003
0.000005
0.000003
0.000008
0.000012
0.000005
0.000012
0.000007
0.000004
0.000005
0.000013
0.000018
0.000002
0.000003
0.000002
0.000003
0.000003
0.000020
0.000015
0.000006
0.000006
0.000002
0.000003
0.000003
0.000002
0.000003
0.000003
0.000003
0.000005
0.000005
0.000008
0.000002
0.000003
0.000002
0.000002
0.000002
0.000003
0.000002
0.000002
0.000001
0.000002
0.009554
1.790666
1.211588
0.558644
0.255727
0.233308
0.032792
0.018970
0.011437
0.003169
0.002503
0.001516
0.000025
0.000027
0.000002
0.000002
0.000003
0.000001
0.000000
0.000000
0.000001
0.000001
0.000001
0.000001
0.000000
0.000000
0.000000
0.000001
0.000005
0.000002
0.000003
0.000002
0.000005
0.000007
0.000019
0.000023
0.000127
0.003090
0.003200
0.003371
0.003429
0.003480
0.003539
0.003544
0.003577
0.003567
0.003552
0.003553
0.003548
0.003556
0.003558
0.003568
0.003583
0.003574
0.003566
0.003567
0.003572
0.003528
0.003366
0.003096
0.002885
0.002726
0.002604
0.002275
0.001934
0.000212
0.000153
0.000128
0.000130
0.000148
0.000185
0.001886
0.002846
0.002895
0.002933
0.002933
0.002985
0.002985
0.002983
0.003005
0.003018
0.003038
0.003046
0.003037
0.002919
0.000015
0.000010
0.000006
0.000009
0.000002
0.000000
0.000000
0.000000
0.000000
0.000000
0.000000
0.000000
0.000000
0.000000
0.000000
0.000000
0.000001
0.000000
0.000000
0.000000
0.000000
0.000000
0.000009
0.000008
0.000010
0.000010
0.000018
0.000018
0.000030
0.003076
0.002939
0.008447
0.008381
0.009337
0.008490
0.001074
0.001157
0.001137
0.001115
0.001076
0.001058
0.001049
0.000000
0.000000
0.000000
0.000000
0.000000
0.000000
0.000000
0.000000
0.000000
0.000014
0.000015
0.000016
0.000016
0.000015
0.000015
0.000013
0.000013
0.000012
0.000012
0.000008
0.000000
0.000000
0.000000
0.000000
0.000000
0.000000
0.000000
0.000000
0.000000
0.000000
0.000000
0.000000
0.000002
0.000000
0.000000
0.000000
0.000000
0.000000
0.000000
0.000000
0.000001
0.000001
0.000002
0.000002
0.000024
0.000028
0.000034
0.001093
0.001099
0.001159
0.001207
0.001254
0.001325
0.001402
0.001456
0.001524
0.001482
0.001491
0.001380
0.001269
0.001129
0.001039
0.000836
0.000000
0.000000
0.000000
0.000000
0.000000
0.000000
0.000000
0.000000
0.000000
0.000000
0.000000
0.000000
0.000000
0.000000
0.000000
0.000000
0.000000
0.000005
0.000007
0.000008
