0.005230
0.001441
0.001250
0.001003
0.000015
0.000000
0.000000
0.000000
0.000000
0.000000
0.000000
0.000000
0.000000
0.000000
0.000000
0.000000
0.000000
0.000000
0.000000
0.000000
0.000000
0.000000
0.000000
0.000000
0.000000
0.000000
0.000000
0.000000
0.000000
0.000000
0.000000
0.000000
0.000000
0.000000
0.000000
0.000000
0.000000
0.000000
0.000000
0.000000
0.000000
0.000000
0.000000
0.000000
0.000000
0.000000
0.000000
0.000000
0.000000
0.000000
0.000000
0.000000
0.000000
0.000000
0.000000
0.000000
0.000000
0.000000
0.000000
0.000000
0.000000
0.000000
0.000000
0.000000
0.000000
0.000000
0.000000
0.000000
0.000000
0.000000
0.000000
0.000000
0.000000
0.000000
0.000000
0.000000
0.000000
0.000000
0.000000
0.000000
0.000000
0.000000
0.000000
0.000000
0.000000
0.000000
0.000000
0.000000
0.000000
0.000000
0.000000
0.000000
0.000000
0.000000
0.000000
0.000000
0.001292
0.001277
0.001235
0.001151
0.000885
0.000698
0.000000
0.000000
0.000000
0.000000
0.000000
0.000000
0.000000
0.000000
0.000000
0.000000
0.000000
0.000000
0.000000
0.000000
0.000000
0.000000
0.000000
0.000000
0.000000
0.000000
0.000000
0.000000
0.000000
0.000016
0.000017
0.000034
0.000000
0.000000
0.000000
0.000000
0.000000
0.000000
0.000000
0.000000
0.000000
0.000000
0.000000
0.000000
0.000000
0.000000
0.000000
0.000000
0.000000
0.000000
0.000000
0.000000
0.000000
0.000000
0.000000
0.000000
0.000000
0.000000
0.000000
0.000000
0.000000
0.000000
0.000000
0.000000
0.000000
0.000001
0.000001
0.000000
0.000000
0.000000
0.000000
0.000000
0.000000
0.000000
0.000000
0.000000
0.000000
0.000000
0.000000
0.000000
0.000000
0.000000
0.000000
0.000000
0.000000
0.000000
0.000000
0.000000
0.000000
0.000000
0.000000
0.000000
0.000000
0.000000
0.000000
0.000000
0.000000
0.000000
0.000000
0.000000
0.000000
0.000000
0.000000
0.000000
0.000000
0.000000
0.000000
0.000000
0.000000
0.000000
0.000000
0.000000
0.000000
0.000000
0.000000
0.000000
0.000000
0.000000
0.000000
0.000000
0.000000
0.000000
0.000000
0.000000
0.000000
0.000000
0.000000
0.000000
0.000000
0.000000
0.000000
0.000000
0.000000
0.000000
0.000000
0.000000
0.000000
0.000000
0.000000
0.000000
0.000000
0.000000
0.000000
0.000000
0.000000
0.000000
0.000000
0.000000
0.000000
0.000000
0.000000
0.000000
0.000000
0.000000
0.000000
0.000000
0.000000
0.000000
0.000000
0.000000
0.000000
0.000000
0.000000
0.000000
0.000000
0.000000
0.000000
0.000037
0.000173
0.000160
0.000143
0.000130
0.000114
0.000077
0.000052
0.000000
0.000000
0.000000
0.000000
0.000000
0.000000
0.000000
0.000000
0.000000
0.000000
0.000000
0.000000
0.000000
0.000000
0.000000
0.000000
0.000000
0.000000
0.000000
0.000000
0.000000
0.000000
0.000000
0.000000
0.000000
0.000000
0.000000
0.000000
0.000000
0.000000
0.000000
0.000000
0.000000
0.000000
0.000000
0.000000
0.000000
0.000000
0.000000
0.000000
0.000000
0.000000
0.000000
0.000000
0.000000
0.000000
0.000000
0.000000
0.000000
0.000000
0.000000
0.000000
0.000000
0.000000
0.000000
0.000000
0.000000
0.000000
0.000000
0.000000
0.000000
0.000000
0.000000
0.000000
0.000000
0.000000
0.000000
0.000000
0.000000
0.000000
0.000000
0.000000
0.000000
0.000000
0.000000
0.000000
0.000000
0.000000
0.000000
0.000000
0.000000
0.000000
0.000000
0.000000
0.000000
0.000000
0.000000
0.000000
0.000000
0.000000
0.000000
0.000000
0.000000
0.000000
0.000000
0.000000
0.000000
0.000000
0.000000
0.000000
0.000000
0.000000
0.000000
0.000000
0.000000
0.000000
0.000000
0.000000
0.000000
0.000000
0.000000
0.000000
0.000000
0.000000
0.000000
0.000000
0.000000
0.000000
0.000000
0.000000
0.000000
0.000000
0.000000
0.000000
0.000000
0.000000
0.000000
0.000000
0.000000
0.000000
0.000000
0.000000
0.000000
0.000000
0.000000
0.000000
0.000000
0.000000
0.000000
0.000000
0.000000
0.000000
0.000000
0.000000
0.000000
0.000000
0.000000
0.000000
0.000000
0.000000
0.000000
0.000000
0.000016
0.000017
0.000019
0.000004
0.000006
0.000011
0.000005
0.000000
0.000000
0.000000
0.000000
0.000000
0.000000
0.000047
0.000555
0.000639
0.000791
0.000833
0.000985
0.000000
0.000000
0.000000
0.000000
0.000000
0.000000
0.000000
0.000000
0.000000
0.000000
0.000000
0.000000
0.000000
0.000000
0.000000
0.000000
0.000000
0.000000
0.000000
0.000000
0.000000
0.000000
0.000000
0.000000
0.000000
0.000000
0.000000
0.000000
0.000000
0.000000
0.000000
0.000000
0.000000
0.000000
0.000000
0.001281
0.002171
0.004097
0.003950
0.003272
0.005582
0.005483
0.000000
0.000000
0.000000
0.000000
0.000000
0.000000
0.000000
0.000000
0.000000
0.000000
0.000000
0.000000
0.000000
0.000000
0.000000
0.000000
0.000000
0.000000
0.000000
0.000000
0.000000
0.000000
0.000000
0.000000
0.000000
0.000000
0.000000
0.000000
0.000000
0.000000
0.000000
0.000000
0.000000
0.000000
0.000000
0.000000
0.000000
0.000000
0.000000
0.003685
0.003672
0.003700
0.003765
0.003871
0.003934
0.004051
0.004036
0.000019
0.000016
0.000014
0.000833
0.000965
0.005110
0.005075
0.004958
0.000000
0.000000
0.000000
0.000000
0.000000
0.000000
0.000000
0.000000
0.000000
0.000000
0.000000
0.000000
0.000000
0.000000
0.000000
0.000000
0.000000
0.000000
0.000000
0.000000
0.000000
0.000000
0.000000
0.000000
0.000000
0.000000
0.000000
0.000000
0.000000
0.000000
0.000000
0.000000
0.000000
0.000000
0.000000
0.000000
0.000000
0.000000
0.000000
0.000000
0.000000
0.000000
0.000000
0.000000
0.000000
0.000000
0.000000
0.000000
0.000000
0.000000
0.000000
0.000000
0.000000
0.000000
0.000000
0.000000
0.000000
0.000000
0.000000
0.000000
0.000000
0.000000
0.000000
0.000000
0.000000
0.000000
0.000000
0.000000
0.000000
0.000000
0.000000
0.000000
0.000000
0.000000
0.000000
0.000000
0.000000
0.000010
0.000007
0.000005
0.000000
0.000000
0.000000
0.000000
0.000000
0.000000
0.000000
0.000000
0.000000
0.000000
0.000000
0.000000
0.000000
0.000000
0.000000
0.000000
0.000000
0.000000
0.000000
0.000000
0.000000
0.000000
0.000015
0.000016
0.000000
0.000000
0.000000
0.000000
0.000000
0.000000
0.000000
0.000000
0.000000
0.000000
0.000000
0.000000
0.000000
0.000000
0.000000
0.000000
0.000000
0.000000
0.000000
0.000000
0.000000
0.000000
0.000000
0.000000
0.000000
0.000000
0.000000
0.000000
0.000001
0.000000
0.000000
0.000000
0.000019
0.000007
0.000012
0.000053
0.005841
0.005923
0.006071
0.000000
0.000000
0.000000
0.000000
0.000000
0.000000
0.000000
0.000000
0.000000
0.000000
0.000000
0.000000
0.000000
0.000000
0.000000
0.000000
0.000000
0.000000
0.000000
0.000000
0.000000
0.000000
0.000000
0.000000
0.000000
0.000000
0.000000
0.000000
0.000000
0.000002
0.000002
0.000061
0.000029
0.000025
0.000028
0.000027
0.000002
0.000000
0.000000
0.000000
0.000000
0.000000
0.000001
0.000001
0.000003
0.000000
0.000005
0.000003
0.000044
0.006503
0.006387
0.006023
0.000219
0.000004
0.000003
0.000002
0.000002
0.000001
0.000001
0.000001
0.000001
0.000001
0.000000
0.000004
0.000003
0.000001
0.000001
0.000001
0.000001
0.000001
0.000001
0.000001
0.000001
0.000002
0.000019
0.000029
0.000003
0.000012
0.000006
0.000006
0.000001
0.000001
0.000015
0.000009
0.000003
0.000002
0.000001
0.000001
0.000001
0.000000
0.000009
0.000004
0.000002
0.000002
0.000001
0.000001
0.000002
0.000001
0.000001
0.000001
0.000001
0.000003
0.000003
0.000003
0.000004
0.000004
0.000013
0.000011
0.000010
0.000005
0.002722
0.002730
0.003187
0.003861
0.005741
0.006596
0.006918
0.007167
0.025330
0.136625
0.141945
0.147486
0.609516
2.034029
2.495427
2.842899
3.083023
3.437203
3.640565
0.226273
4.056700
4.322065
0.028532
0.006954
0.008886
0.011090
0.044274
5.021568
5.173523
5.202275
5.306305
5.324060
5.533447
5.573907
5.633838
5.661433
5.669470
5.656852
5.661720
5.664517
5.663764
5.664047
5.661533
5.658934
5.656535
5.679816
5.686352
5.690278
5.689500
5.778742
5.783791
5.794353
5.803149
5.805455
5.806223
5.794596
5.643596
5.637778
5.633265
5.628691
5.625198
5.620465
5.571468
5.523943
5.490880
5.467481
5.444777
5.376010
5.276208
5.191299
5.046399
4.883380
4.707134
4.439031
4.128669
3.916419
3.688612
3.375407
3.004508
2.521312
2.169012
1.901592
1.589136
1.368851
0.024458
0.004941
0.007672
0.870940
0.779043
0.673025
0.599725
0.499647
0.412817
0.403249
0.367869
0.322687
0.061320
0.050132
0.015013
0.012935
0.007475
0.007657
0.032746
0.037990
0.041952
0.065587
0.082037
0.297449
0.381273
0.410308
0.511453
0.554039
0.705375
0.769766
0.824705
0.830295
0.848554
0.881254
0.928824
0.940494
0.968723
0.015612
0.053202
1.012434
1.060548
1.097544
1.142294
1.200377
1.245078
1.327269
1.357496
1.390343
1.370757
1.304173
1.254348
1.218781
1.183589
0.001503
0.004932
0.020569
0.011518
0.000095
0.000084
1.028700
0.969132
0.874191
0.787361
0.689462
0.524712
0.425380
0.358464
0.311549
0.276483
0.231299
0.179074
0.162199
0.148678
0.129223
0.119350
0.110794
0.102060
0.018393
0.016603
0.003359
0.006996
0.020524
0.020743
0.020283
0.021321
0.027892
0.055199
0.056864
0.056863
0.059830
0.062841
0.054911
0.052844
0.050975
0.044328
0.040465
0.040293
0.001492
0.000759
0.000733
0.000751
0.000764
0.000103
0.000100
0.000079
0.000082
0.000810
0.000908
0.001020
0.001229
0.001264
0.001277
0.001315
0.001364
0.001358
0.001358
0.001725
0.000027
0.000031
0.000043
0.000033
0.000042
0.000040
0.000036
0.000166
0.000176
0.000042
0.000063
0.000467
0.106184
0.108143
0.106082
0.105725
0.099418
0.099501
0.099633
0.098743
0.076807
0.037292
0.035698
0.005472
0.010830
0.012428
0.031784
0.095402
0.102948
0.131659
0.139102
0.134945
0.135372
0.134748
0.132351
0.128866
0.120605
0.113793
0.013055
0.011186
0.010859
0.009154
0.008712
0.009449
0.009754
0.009753
0.008701
0.005685
0.000671
0.000169
0.000152
0.000364
0.000508
0.000704
0.000704
0.000734
0.000702
0.000654
0.000619
0.000602
0.000638
0.023878
0.025204
0.026118
0.027208
0.028370
0.028753
0.029033
0.000058
0.000035
0.000022
0.000019
0.000044
0.000089
0.000075
0.027547
0.027359
0.021835
0.016683
0.017018
0.016841
0.016224
0.016616
0.017922
0.018459
0.017954
0.018409
0.015047
0.015853
0.016021
0.016243
0.016488
0.010793
0.005319
0.006047
0.065667
0.071736
0.098536
0.106791
0.111326
0.133946
0.142032
0.147750
0.154247
0.158714
0.157808
0.153775
0.145267
0.142627
0.134172
0.129059
0.123229
0.118636
0.114362
0.004356
0.004274
0.003775
0.000198
0.000227
0.000044
0.000117
0.000235
0.008223
0.014360
0.023357
0.024476
0.027219
0.100272
0.104461
0.099399
0.096807
0.067837
0.066540
0.061999
0.058993
0.056853
0.052927
0.028293
0.025719
0.018229
0.015286
0.011440
0.009263
0.001309
0.000123
0.000082
0.000118
0.000122
0.076822
0.092708
0.144563
0.154139
0.163468
0.167631
0.177327
0.180719
0.180756
0.188195
0.000274
0.000069
0.000052
0.000060
0.000121
0.000311
0.001213
0.006686
0.228810
0.227898
0.227246
0.225997
0.224034
0.221303
0.217886
0.215043
0.003874
0.008435
0.028873
0.197858
0.201541
0.216609
0.223599
0.008347
0.016364
0.304108
0.309995
0.319360
0.330382
0.342630
0.352661
0.353751
0.331146
0.332945
0.070139
0.060372
0.058559
0.008498
0.007938
0.007803
0.007836
0.007403
0.000195
0.000511
0.000256
0.000214
0.000210
0.000170
0.000136
0.000078
0.000154
0.000286
0.000199
0.000057
0.000289
0.003749
0.005807
0.017576
0.019258
0.049891
0.199284
0.217765
0.230046
0.242671
0.256646
0.266554
0.282642
0.307321
0.324206
0.276752
0.290795
0.101972
0.000145
0.000204
0.000123
0.000084
0.000083
0.000182
0.001525
0.004692
0.011718
0.039005
0.977555
1.114365
1.292565
1.675744
2.102261
2.656310
3.212301
3.725726
4.041370
4.345512
4.613201
4.907498
5.041818
5.245201
5.449847
5.796247
6.458731
6.610340
6.805043
6.862575
6.913852
6.943895
6.945526
6.947037
6.949485
6.945055
6.910761
6.869487
6.823771
6.644761
6.650984
6.655403
6.686706
6.686069
6.709797
6.713355
6.713868
6.714396
6.714369
6.715895
6.711522
6.714077
6.715276
6.715994
6.717015
6.717550
6.717361
6.717403
6.717187
6.709045
6.679470
6.652686
6.590924
6.527687
6.371510
6.252439
6.119860
5.958897
5.653156
0.106278
5.878942
0.065207
0.053994
5.850675
5.987819
6.188380
6.254067
6.343991
6.427798
6.463946
6.467183
6.466670
6.462873
6.457411
6.453651
6.448770
6.434576
6.425512
6.423817
6.424142
6.426791
6.434844
6.438865
6.439704
6.442666
6.449102
6.450786
6.449244
6.445113
6.448688
6.443024
6.435682
6.378281
6.325297
6.195642
6.121110
6.070806
5.656218
5.534473
5.427734
5.291130
5.249692
5.190570
5.138628
5.113177
5.078757
0.006329
0.006857
0.003920
0.004231
0.004321
5.039395
5.030975
5.020873
5.009609
4.901383
0.002436
0.000844
0.000701
0.000642
0.004863
0.004824
0.004663
0.004843
0.004248
0.004168
0.000114
0.000131
0.000094
0.000110
0.010538
0.014485
0.002067
0.000050
0.000064
0.000060
0.000110
0.000206
0.000369
0.000479
0.003544
0.036515
5.599426
5.863993
6.127055
6.325547
6.317737
6.326058
6.291512
6.233834
5.811834
5.485309
0.031099
0.025489
0.023978
0.023817
0.021736
0.690748
5.505030
6.153285
6.559093
6.676941
6.875223
6.967799
7.061654
7.061619
7.069515
7.085515
7.082804
7.005015
6.957355
6.905895
6.818439
6.696453
6.800417
6.689476
6.556007
0.004886
0.004759
0.005400
0.043996
0.184078
6.446616
6.577581
6.690455
0.034972
6.917212
7.059867
7.189156
7.371414
7.512041
7.647474
7.708367
7.769820
7.845709
7.922520
7.967186
8.038350
8.075991
8.088299
8.100847
8.108751
8.111893
8.112237
8.113548
8.112949
8.112252
8.113041
8.114844
8.114900
8.345844
8.348084
8.624904
8.630637
8.635524
8.635765
8.635157
8.635333
8.635970
8.635680
8.635621
8.635921
8.635736
8.635579
8.633594
8.628249
8.585944
8.486110
8.427950
8.401830
8.380714
8.338587
8.336130
8.326270
8.315837
8.267230
8.220008
7.941633
7.658288
7.415311
7.206594
7.008879
6.855587
6.634190
6.258327
5.997311
0.016632
0.015212
0.000583
0.000320
0.000155
0.000082
0.000045
0.000031
0.000032
0.000028
0.000024
0.000022
0.000021
0.000021
0.000020
0.000020
0.000019
0.000020
0.000016
0.000014
0.000012
0.000012
0.000015
0.000019
0.000018
0.000015
0.000015
0.000014
0.000016
0.000020
0.000027
0.000021
0.000018
0.000017
0.000017
0.000017
0.000017
0.000017
0.000018
0.000019
0.000019
0.000016
0.000017
0.000019
0.000018
0.000019
0.000025
0.000027
0.000026
0.000027
0.000033
0.000058
0.000098
5.414528
5.022940
0.062503
2.960662
0.020938
0.013997
0.001510
0.000224
0.000215
0.000181
0.000209
0.000202
0.000303
0.000426
0.001137
0.001430
4.213441
4.420063
4.701832
0.001369
0.000629
0.000601
0.002083
0.001637
0.001475
0.001243
0.000232
0.000219
0.000724
0.000707
0.002262
0.002547
0.002971
0.002995
0.002962
0.006597
0.005130
0.005070
0.002456
0.002262
0.002014
0.001996
0.001923
0.002078
0.001904
0.000025
0.000022
0.000024
0.000021
0.000022
0.000038
0.000044
0.000087
0.000119
0.026361
0.035569
5.307977
5.464055
5.671814
5.541398
5.289303
2.717801
0.014769
0.001012
0.001045
0.000315
0.000400
0.000552
0.000186
0.000247
5.007455
5.500698
6.059856
6.370093
6.483486
6.606012
6.608456
6.578722
6.538792
6.546212
6.467049
6.390046
6.161160
5.882951
5.646730
5.460763
5.163486
4.788868
4.530180
4.105838
3.751830
0.010622
0.007664
0.006645
0.006285
0.005053
0.004410
0.001776
0.001813
0.009130
0.008653
2.414153
1.103228
0.566948
0.009835
0.006269
0.005026
0.000565
0.000330
0.001496
0.001564
0.013593
0.012820
0.012308
0.011436
0.010801
0.010401
0.000104
0.007880
0.018431
0.020223
0.022370
0.025909
0.385573
2.224442
2.853913
3.309815
3.727595
4.295376
4.894848
5.536461
6.288666
6.691289
6.943173
6.978741
6.979853
6.955700
6.919347
0.053908
0.031014
0.001170
0.001099
0.001048
0.000454
0.000531
0.000753
6.795079
6.773439
6.635627
6.496578
6.257132
5.736254
5.287782
0.281495
0.227625
0.153870
0.181410
4.246271
4.143287
3.942150
0.038499
4.194101
0.013065
0.036138
0.051475
0.053343
5.402224
5.830922
6.075826
6.299910
6.431870
6.460362
6.426734
6.189981
5.584399
4.949209
3.738994
1.810410
0.050861
0.005175
0.005312
0.005029
0.004406
0.004170
0.175702
0.063594
3.886723
4.250294
4.670082
5.127292
0.016970
0.014343
5.691455
6.211105
6.422335
6.621107
6.815429
6.946669
7.018744
7.043412
7.055587
7.064573
7.100387
7.114280
7.153024
7.222316
7.313088
7.399360
7.518758
7.540671
7.594492
7.652763
0.005862
0.002928
0.001425
0.000396
0.000294
0.000135
0.000418
0.000049
0.000075
0.000050
0.000050
0.000039
0.000006
0.000026
0.000035
0.000037
0.000008
0.000018
0.000057
0.000024
0.000022
0.000049
0.000049
0.000048
0.000057
0.000067
0.000053
0.000014
0.000019
0.000011
0.000038
0.000008
0.000011
0.000006
0.000014
0.000022
0.000033
0.000033
0.000027
0.000044
0.000004
0.000006
0.000007
0.000006
0.000007
0.000010
0.000007
0.000010
0.000018
0.000027
0.000192
0.000231
0.000449
7.611438
7.604438
7.395928
6.933033
6.408581
5.773231
5.121173
4.343541
3.463269
0.133216
0.355864
1.184870
0.005373
0.000130
0.000027
0.000049
0.000040
0.000028
0.000025
0.000028
0.000020
0.000033
0.000031
0.000081
0.000031
0.000069
0.000644
0.006217
5.098479
5.549935
5.816870
6.008150
6.170573
6.271879
6.182612
6.064308
5.968229
5.857572
5.702557
5.517940
5.280447
4.880199
4.057993
3.221714
2.719408
2.031564
1.609749
1.203806
0.325033
0.151502
0.063908
0.016769
0.014099
0.000493
0.008336
0.009971
0.010610
0.010768
0.007215
0.007137
0.007981
0.008120
0.008127
0.008378
0.007980
0.000150
0.000225
0.000313
0.000264
0.000359
0.010244
0.010649
0.011076
0.011515
0.012108
0.012626
0.013109
0.016234
0.015361
0.012768
0.012434
0.011655
0.010642
0.009792
0.001450
0.000621
0.000211
0.009029
0.009144
0.008955
0.009128
0.005428
0.005263
0.004716
0.002573
0.000402
0.000388
0.000306
0.000324
0.000339
0.001336
0.004823
0.005280
0.006459
0.006870
0.007232
0.007548
0.007921
0.007842
0.007826
0.005457
0.005450
0.005335
0.005285
0.005299
0.005355
0.005831
0.005779
0.006925
0.006789
0.006672
0.006281
0.006844
0.006689
0.007155
0.007437
0.007546
0.007479
0.007612
0.007898
0.005225
0.008822
0.010351
0.011394
0.011463
0.011409
0.011264
0.011789
0.011243
0.011220
0.011043
0.010785
0.010608
0.010447
0.010360
0.010109
0.009538
0.005820
0.001761
0.001764
0.000441
0.000408
0.000361
0.001323
0.001730
0.002334
0.002555
0.002697
0.002761
0.002851
0.003099
0.014902
0.034012
0.041160
0.049162
1.170021
1.331747
1.918833
2.157155
2.651004
3.089701
4.533763
5.141288
5.411815
5.760809
5.969812
6.042958
6.094764
6.106648
6.113205
6.082669
5.633048
4.990686
4.201062
3.652260
3.179353
2.826650
0.104343
0.055836
0.002388
0.001918
0.000715
0.001824
0.026492
0.433159
0.668244
0.847730
1.351765
1.647619
2.099039
2.362016
2.717141
0.005244
0.000319
0.000317
0.000168
0.000200
0.000354
0.000489
0.000674
0.001903
0.007610
3.385593
3.841726
3.980289
0.020980
0.000765
0.000762
0.001112
0.011653
0.015046
0.001284
4.353623
4.665122
4.753837
4.907353
5.031874
5.226452
5.439502
5.627416
5.933548
6.154748
6.357385
6.607604
6.853480
7.053661
7.306406
7.412568
7.643052
7.782116
7.885256
7.928336
8.000237
7.842248
7.852790
7.859157
7.879667
7.883307
7.856582
7.839887
7.825594
7.779758
0.200517
7.712014
7.742548
7.767295
0.145501
7.777884
7.849814
0.011907
0.003062
0.002312
0.000602
0.000486
0.000207
0.000099
0.000061
0.000008
0.000006
0.000006
0.000001
0.000002
0.000003
0.000003
0.000002
0.000002
0.000002
0.000002
0.000011
0.000012
0.000024
0.000033
0.000041
7.625064
7.627084
7.635021
7.651376
7.683177
7.702352
7.727464
7.757523
7.736239
7.637758
7.338717
6.967194
5.977087
5.001020
4.138662
3.512116
0.009259
2.833556
0.094372
0.016073
0.006692
0.006222
0.002946
0.002767
0.002730
0.002756
0.002661
0.002665
0.002679
0.002702
0.002718
0.002719
0.002923
2.173698
1.868185
0.033783
0.014919
0.000674
0.000687
0.000500
0.000323
0.005248
0.655352
0.606703
0.538054
0.048485
0.024612
0.012228
0.010974
0.004629
0.000619
0.000449
0.000455
0.000513
0.000583
0.000555
0.000463
0.000507
0.000431
0.000420
0.000538
0.000450
0.000425
0.000401
0.000417
0.000641
0.000793
0.000547
0.000610
0.004594
0.003869
0.003654
0.003694
0.468832
0.453223
0.545762
0.538108
0.524852
0.508510
0.495101
0.469623
0.436640
0.410496
0.388935
0.371127
0.012954
0.000337
0.000102
0.000056
0.000074
0.000090
0.000132
0.000088
0.000115
0.000068
0.000071
0.000051
0.000292
0.000371
0.000328
0.000481
0.000577
0.000537
0.000475
0.000610
0.000078
0.000057
0.000044
0.000042
0.000058
0.000050
0.000037
0.000040
0.000053
0.000045
0.000948
0.000745
0.001108
0.001183
0.000980
0.000991
0.000979
0.001016
0.001137
0.001340
0.004625
0.012852
0.096544
0.124735
0.110859
0.104827
0.092892
0.076112
0.067843
0.063166
0.060519
0.032162
0.000305
0.000024
0.000017
0.000014
0.000016
0.000017
0.000015
0.000012
0.000012
0.000011
0.000010
0.000012
0.000012
0.000013
0.000010
0.000009
0.000010
0.000010
0.000007
0.000007
0.000009
0.000008
0.000012
0.000013
0.000008
0.000008
0.000006
0.000007
0.000008
0.000008
0.000010
0.000005
0.000007
0.000007
0.000004
0.000005
0.000006
0.000005
0.000005
0.000005
0.000004
0.000005
0.000004
0.000004
0.000005
0.000443
0.008840
0.008732
0.007926
0.000061
0.000004
0.000004
0.000006
0.000004
0.000004
0.000003
0.000003
0.000005
0.000004
0.000003
0.000003
0.000002
0.000003
0.000003
0.000002
0.000002
0.000002
0.000002
0.001351
0.000773
0.000515
0.000489
0.000689
0.000707
0.003592
0.004076
0.004612
0.013772
0.015982
0.017228
0.021685
0.085248
0.207363
0.308310
0.318597
0.336600
0.350444
0.340893
0.329985
0.319189
0.318030
0.301528
0.295661
0.261643
0.178496
0.153770
0.122391
0.085329
0.065182
0.028316
0.013088
0.000407
0.000143
0.000002
0.000002
0.000135
0.015422
0.014716
0.006644
0.006127
0.006033
0.005704
0.005689
0.004756
0.004337
0.022567
0.037076
0.037337
0.035116
0.033892
0.032445
0.030954
0.030200
0.009067
0.000141
0.000004
0.000106
0.000123
0.000090
0.000746
0.000641
0.001098
0.001293
0.001711
0.001915
0.001953
0.021039
0.021539
0.029987
0.030773
0.033421
0.034684
0.032971
0.033033
0.033304
0.043526
0.042884
0.042215
0.042194
0.040104
0.026353
0.019576
0.019638
0.000262
0.000180
0.000020
0.000076
0.000034
0.000045
0.000092
0.000101
0.000054
0.000139
0.000138
0.001740
0.001781
0.012477
0.013134
0.013906
0.015600
0.052037
0.057330
0.280893
0.294971
0.304146
0.311798
0.319798
0.317499
0.313825
0.316597
0.314219
0.290657
0.268938
0.201234
0.003356
0.000329
0.000249
0.000075
0.000004
0.000003
0.000007
0.000004
0.000005
0.000005
0.000006
0.000080
0.000311
0.000511
0.000461
0.000024
0.000462
0.110988
0.111704
0.108737
0.076856
0.076990
0.069932
0.058847
0.040984
0.039739
0.036688
0.017625
0.016392
0.013354
0.003362
0.000987
0.000573
0.000461
0.000004
0.000006
0.000004
0.000005
0.000006
0.000019
0.000002
0.000006
0.000001
0.000001
0.000001
0.000001
0.000001
0.000001
0.000003
0.000002
0.000001
0.000001
0.000001
0.000000
0.000000
0.000001
0.000006
0.000004
0.000006
0.000005
0.000005
0.000002
0.000001
0.000004
0.000005
0.000001
0.000001
0.000001
0.000002
0.000002
0.000003
0.000001
0.000001
0.000003
0.000001
0.000001
0.000001
0.000000
0.000001
0.000002
0.000001
0.000002
0.000002
0.000001
0.000000
0.000000
0.000000
0.000001
0.000001
0.000001
0.000000
0.000001
0.000001
0.000008
0.000008
0.000012
0.000001
0.000001
0.000001
0.000001
0.000001
0.000001
0.000001
0.000001
0.000001
0.000000
0.000000
0.000000
0.000001
0.000002
0.000002
0.000002
0.000000
0.000000
0.000000
0.000000
0.000000
0.000001
0.000000
0.000001
0.000000
0.000000
0.000001
0.000001
0.000000
0.000011
0.000011
0.000011
0.000001
0.000002
0.000001
0.000001
0.000000
0.000000
0.000000
0.000000
0.000000
0.000000
0.000000
0.000000
0.000000
0.000000
0.000000
0.000001
0.000000
0.000000
0.000000
0.000000
0.000000
0.000000
0.000000
0.000000
0.000000
0.000000
0.000000
0.000000
0.000000
0.000000
0.000000
0.000000
0.000000
0.000000
0.000000
0.000000
0.000000
0.000001
0.000000
0.000000
0.000000
0.000004
0.000004
0.000004
0.000385
0.000524
0.014900
0.014874
0.022401
0.023745
0.036413
0.037443
0.032383
0.021717
0.007246
0.004248
0.000028
0.000023
0.000020
0.000016
0.000019
0.000213
0.000003
0.000000
0.000000
0.000000
0.000000
0.000000
0.000000
0.000000
0.000000
0.000000
0.000000
0.000000
0.000000
0.000000
0.015654
0.015452
0.004360
0.004065
0.000872
0.000814
0.000761
0.000216
0.000056
0.000055
0.000056
0.000034
0.000003
0.000001
0.000001
0.000001
0.000003
0.000003
0.000017
0.001145
0.001233
0.001304
0.001477
0.001508
0.001609
0.003386
0.003494
0.003516
0.003371
0.001725
0.000019
0.000013
0.000012
0.000009
0.000003
0.000006
0.000005
0.000009
0.000014
0.000751
0.000002
0.000002
0.000001
0.000001
0.000002
0.000001
0.000001
0.000001
0.000002
0.000039
0.000044
0.000011
0.004743
0.014101
0.023145
