0.000000
0.000611
0.000675
0.000709
0.000725
0.000708
0.077167
0.074577
0.070438
0.089193
0.083015
0.086909
0.082168
0.081534
0.081103
0.069314
0.068941
0.071169
0.071397
0.076246
0.080343
0.090888
0.093048
0.093511
0.093715
0.091059
0.091073
0.099667
0.099535
0.099757
0.094231
0.093962
0.094213
0.093453
0.089802
0.077291
0.074899
0.070264
0.068996
0.068874
0.065303
0.057344
0.051030
0.040580
0.035325
0.003014
0.000088
0.000070
0.000041
0.000036
0.000017
0.000014
0.000151
0.000153
0.013786
0.013513
0.013583
0.013835
0.012645
0.012120
0.006273
0.000101
0.000127
0.000125
0.000426
0.000506
0.000567
0.000704
0.000807
0.000839
0.000022
0.000031
0.003410
0.003580
0.003913
0.007019
0.007631
0.009278
0.042360
0.520110
0.513519
0.511986
0.534589
0.818757
0.852725
0.823569
0.901492
0.081630
0.056348
0.055520
0.004641
0.004564
0.004446
0.000076
0.000091
0.000115
0.000072
0.000060
0.000089
0.000056
0.000043
0.000027
0.000042
0.000155
0.000138
0.000128
0.000032
0.000034
0.000034
0.000025
0.000027
0.000055
0.000077
0.000101
0.000091
0.000116
0.000213
0.000313
0.010522
0.053136
0.062519
0.070736
0.079320
0.093605
1.213103
1.660176
1.971529
4.257897
4.894181
5.833924
6.539317
6.774677
6.945844
6.985869
7.036861
7.067102
7.091945
7.099691
7.089966
6.537000
6.536624
7.015266
7.282538
7.283777
7.282271
7.280815
7.275799
7.271461
7.260116
7.253589
7.234862
7.215084
7.181528
7.182514
7.521709
7.763634
7.787825
7.793734
7.801854
7.817754
7.822794
7.824883
7.826764
7.877251
7.877840
7.882244
7.892945
7.904621
8.375682
8.407725
8.471576
8.561541
8.611674
8.658563
8.694732
8.694300
8.697413
8.693632
8.692248
8.691864
8.693651
8.691385
8.690100
8.692255
8.697936
8.695448
8.683355
8.671498
8.620921
8.547569
8.466172
8.373904
8.242977
8.264664
8.302111
8.331928
8.312935
8.280308
8.245508
0.031263
0.041245
8.275170
8.297000
8.314990
8.336476
8.353118
8.378849
8.393057
8.392593
8.375293
8.318177
7.532559
6.491241
0.044326
3.724043
3.293915
0.192373
1.248285
5.982400
7.221190
7.635380
8.026973
8.587118
8.635815
8.664071
8.684946
8.704873
8.628644
8.637651
8.644614
8.644199
8.655793
8.742209
8.786217
0.093122
8.806737
8.864578
8.928087
8.961513
8.964612
8.965528
8.957942
8.918788
8.883908
8.864652
8.866753
8.872495
9.221049
9.239797
9.241549
9.241972
9.241278
9.241701
9.242857
9.242986
9.240167
9.238798
9.238583
9.238438
9.237370
9.227687
9.225106
8.972064
8.972293
8.961385
8.951017
8.945608
8.875930
0.071724
8.752648
8.817791
8.830877
8.828127
8.826887
8.840960
8.890944
8.916717
8.924689
0.000397
0.000163
0.000063
0.000032
0.000013
0.000008
0.000006
0.000004
0.000005
0.000005
0.000006
0.000008
0.000011
0.000044
0.000058
0.000167
0.000263
8.818496
8.961533
8.970560
8.972988
8.972545
8.972411
8.968932
8.962197
8.957030
8.963006
9.085902
9.079620
9.033312
8.950836
8.839229
9.061581
8.760115
8.159131
8.092137
8.064980
8.001618
7.762374
7.485048
0.346684
7.841382
8.173190
8.381092
8.418901
8.653937
8.683681
8.629309
8.578219
8.560529
8.543402
8.515855
8.496782
8.481758
8.463792
8.454968
8.443976
8.397087
8.434328
8.447509
8.459131
8.464566
8.469058
8.469024
8.470049
8.471728
8.472160
8.446482
8.426602
8.334513
7.871986
0.004882
0.000669
0.000370
0.000290
0.000269
0.000217
0.000220
0.003649
0.004647
0.004762
0.004849
0.004994
0.005486
0.006333
0.008211
0.000021
0.000030
0.000008
0.000006
0.000006
0.000007
0.000002
0.000005
0.000001
0.000002
0.000003
0.000001
0.000002
0.000004
0.000016
0.000009
0.000007
0.000005
0.000006
0.000009
0.000012
0.000115
0.000135
0.000185
0.000380
0.000591
0.003668
8.186796
8.234144
8.187183
7.919006
7.621264
7.617335
7.617641
7.616462
7.608712
0.000253
0.000215
0.000213
0.000023
0.000088
0.000079
0.000080
0.000065
0.000032
0.000181
0.000201
0.000157
0.000325
0.000331
0.001203
7.631792
7.634828
7.642124
7.653802
7.666257
7.688103
7.687127
7.687539
7.691655
7.691559
7.694558
7.695220
7.694256
0.009161
0.008023
0.007466
0.007391
0.007474
7.782033
7.843615
8.121685
8.183171
8.192311
8.192409
8.187039
8.173136
0.002182
0.000847
0.000420
0.000228
0.000121
0.000052
0.000032
0.000016
0.000005
0.000005
0.000017
0.000023
0.000026
0.000145
0.000316
0.000341
0.000654
8.047974
8.095015
8.151425
8.180069
8.179246
8.171333
8.153061
8.136293
8.107187
8.047083
7.850079
0.100143
7.672141
7.565636
7.358116
0.188315
0.042623
0.045014
7.410751
0.179684
7.345739
7.626629
7.708795
7.689414
7.848979
7.910181
8.129912
8.124195
8.114341
8.107972
7.992196
7.975244
7.984329
7.829573
7.986438
8.002310
8.011581
8.019514
8.027780
7.962575
7.943334
7.937302
7.879948
7.778943
0.021610
0.006649
0.005943
0.015432
0.011032
0.011192
0.011527
7.820992
7.852754
7.866709
7.852655
7.811043
7.733615
7.660932
7.561112
7.553036
7.523751
7.495281
7.470980
7.455244
7.446510
7.471333
7.490502
7.479489
0.001612
0.001317
0.000828
0.000323
0.001044
7.437989
7.408190
7.384734
0.021057
0.001954
0.000811
0.000113
0.000033
0.000024
0.000076
0.000090
0.000100
0.000106
0.000163
0.000010
0.000008
0.000008
0.000012
0.000021
0.000032
0.000006
0.000006
0.000020
0.000026
0.000045
0.000078
7.154410
6.849596
0.004879
0.001267
0.000871
0.000193
0.000141
0.000077
0.000014
0.000066
0.000046
0.000044
0.000047
0.000057
0.000023
0.000058
0.000086
6.689265
6.660699
6.586733
6.529719
0.000130
0.000113
0.000105
0.000027
0.000005
0.000005
0.000006
0.000005
0.000009
0.000025
0.000084
0.000014
0.000009
0.000006
0.000003
0.000005
0.000004
0.000005
0.000006
0.000008
0.000001
0.000001
0.000001
0.000002
0.000002
0.000002
0.000000
0.000000
0.000001
0.000002
0.000001
0.000001
0.000002
0.000032
0.000016
0.000011
0.000008
0.000002
0.000001
0.000002
0.000003
0.000001
0.000002
0.000001
0.000001
0.000002
0.000004
0.000001
0.000001
0.000002
0.000001
0.000001
0.000001
0.000002
0.000003
0.000025
0.000012
0.000002
0.000001
0.000002
0.000001
0.000003
0.000002
0.000003
0.000002
0.000001
0.000005
0.000000
0.000000
0.000001
0.000001
0.000002
0.000022
0.000023
0.000009
0.000004
0.000002
0.000002
0.000001
0.000000
0.000000
0.000001
0.000001
0.000000
0.000000
0.000000
0.000000
0.000000
0.000001
0.000001
0.000002
0.000000
0.000000
0.000000
0.000000
0.000000
0.000000
0.000000
0.000000
0.000000
0.000000
0.000000
0.000000
0.000000
0.000000
0.000000
0.000000
0.000000
0.000000
0.000000
0.000000
0.000000
0.000000
0.000000
0.000000
0.000000
0.000000
0.000000
0.000000
0.000000
0.000000
0.000000
0.000000
0.000000
0.000000
0.000000
0.000000
0.000000
0.000000
0.000000
0.000000
0.000000
0.000000
0.000000
0.000000
0.000000
0.000000
0.000000
0.000000
0.000000
0.000000
0.000000
0.000000
0.000000
0.000000
0.000000
0.000000
0.000000
0.000000
0.000000
0.000000
0.000000
0.000000
0.000000
0.000000
0.000000
0.000000
0.000000
0.000000
0.000000
0.000000
0.000000
0.000000
0.000000
0.000000
0.000000
0.000000
0.000000
0.000000
0.000000
0.000000
0.000000
0.000001
0.000002
6.476292
6.304541
0.195986
0.001786
0.000943
0.000621
0.000553
0.000064
0.000082
0.000072
0.000065
0.000037
0.000079
0.000096
0.000011
0.000017
0.000006
0.000005
0.000003
0.000004
0.000007
0.000003
0.000009
0.000015
0.000008
0.000018
0.000018
0.000017
0.000025
0.000005
0.000021
0.000005
0.000004
0.000005
0.000002
0.000011
0.000004
0.000015
0.000003
0.000005
0.000014
0.000013
0.000124
0.000137
0.000002
0.000014
0.000014
0.000003
0.000032
0.000023
0.000016
0.000007
0.000008
0.000009
0.000008
0.000008
0.000003
0.000004
0.000004
0.000002
0.000002
0.000003
0.000001
0.000001
0.000002
0.000002
0.000007
0.000001
0.000001
0.000001
0.000001
0.000003
0.000003
0.000001
0.000001
0.000001
0.000006
0.000001
0.000001
0.000002
0.000002
0.000001
0.000009
0.000010
0.000013
0.000002
0.000005
0.000002
0.000017
0.000020
0.000007
0.000003
0.000003
0.000002
0.000002
0.000001
0.000000
0.000000
0.000000
0.000000
0.000000
0.000000
0.000001
0.000002
0.000005
0.000002
0.000004
0.000004
0.000004
0.000000
0.000000
0.000000
0.000000
0.000001
0.000001
0.000003
0.000004
0.000001
0.000011
0.000008
0.000008
0.000001
0.000000
0.000000
0.000000
0.000000
0.000008
0.000007
0.000003
0.000006
0.000005
0.000000
0.000000
0.000000
0.000000
0.000000
0.000000
0.000000
0.000000
0.000000
0.000000
0.000001
0.000002
0.000000
0.000000
0.000000
0.000000
0.000000
0.000000
0.000000
0.000000
0.000000
0.000000
0.000000
0.000000
0.000001
0.000001
0.000001
0.000004
0.000005
0.000602
0.000890
0.001122
0.001263
0.001416
0.001460
0.001579
0.001763
0.001533
0.001552
0.001538
0.001561
0.001603
0.001660
0.001684
0.001852
0.001837
0.001867
0.001846
0.001687
0.001667
0.001639
0.000092
0.000005
0.000002
0.000002
0.000001
0.000001
0.000001
0.000000
0.000000
0.000000
0.000000
0.000000
0.000000
0.000000
0.000000
0.000000
0.000000
0.000000
0.000000
0.000000
0.000001
0.000014
0.001594
0.001677
0.001489
0.001451
0.001469
0.001441
0.001415
0.001361
0.001314
0.001260
0.001254
0.001173
0.001158
0.001224
0.001554
0.001670
0.001019
0.001091
0.001307
0.001333
0.001424
0.001428
0.001504
0.000000
0.000000
0.000001
0.000000
0.000000
0.000000
0.000000
0.000000
0.000000
0.000000
0.000000
0.000000
0.000000
0.000000
0.000000
0.000000
0.000000
0.000000
0.000000
0.000000
0.000000
0.000000
0.000001
0.000000
0.000000
0.000000
0.000000
0.000000
0.000000
0.000000
0.000001
0.000000
0.000000
0.000000
0.000000
0.000000
0.000000
0.000000
0.000000
0.000000
0.000000
0.000000
0.000000
0.000000
0.000000
0.000000
0.000000
0.000000
0.000000
0.000000
0.000000
0.000000
0.000000
0.000000
0.000000
0.000000
0.000000
0.000000
0.000000
0.000000
0.000000
0.000000
0.000000
0.000000
0.000000
0.000000
0.000000
0.000039
4.988976
0.000016
0.000001
0.000000
0.000000
0.000000
0.000000
0.000000
0.000000
0.000000
0.000000
0.000000
0.000001
0.000000
0.000000
0.000000
0.000000
0.000000
0.000000
0.000000
0.000000
0.000000
0.000000
0.000000
0.000000
0.000000
0.000000
0.000000
0.000000
0.000000
0.000000
0.000000
0.000000
0.000000
0.000000
0.000000
0.000000
0.000000
0.000000
0.000000
0.000000
0.000000
0.000000
0.000000
0.000000
0.000000
0.000000
0.000000
0.000000
0.000000
0.000000
0.000000
0.000000
0.000000
0.000000
0.000000
0.000000
0.000000
0.000000
0.000000
0.000000
0.000000
0.000000
0.000000
0.000000
0.000000
0.000000
0.000000
0.000000
0.000000
0.000000
0.000000
0.000000
0.000000
0.000000
4.276388
2.776547
1.800224
0.931591
0.503683
0.164624
0.090174
0.048065
0.020487
0.000322
0.000254
0.000230
0.000241
0.000226
0.000234
0.000246
0.000258
0.000004
0.000002
0.000000
0.000000
0.000018
0.000014
0.000016
0.000019
0.000018
0.000019
0.000016
0.000014
0.000007
0.000007
0.000007
0.000006
0.000008
0.000017
0.000001
0.000002
0.000001
0.000001
0.000001
0.000001
0.000002
0.000002
0.000074
0.000076
0.000077
0.000075
0.000073
0.000071
0.000066
0.000064
0.000065
0.000056
0.000053
0.000050
0.000049
0.000047
0.000047
0.000046
0.000047
0.000045
0.000044
0.000045
0.000044
0.000042
0.000039
0.000028
0.000045
0.000021
0.000012
0.000011
0.000009
0.000008
0.000008
0.000008
0.000006
0.000000
0.000000
0.000000
0.000000
0.000000
0.000000
0.000000
0.000000
0.000000
0.000065
0.000068
0.000076
0.000078
0.000076
0.000078
0.000081
0.000005
0.000004
0.000004
0.000000
0.000000
0.000000
0.000000
0.000000
0.000000
0.000000
0.000000
0.000000
0.000000
0.000000
0.000001
0.000001
0.000001
0.000000
0.000000
0.000000
0.000000
0.000000
0.000000
0.000000
0.000000
0.000000
0.000000
0.000001
0.000002
0.000189
0.000201
0.000200
0.000015
0.000013
0.000012
0.000017
0.000019
0.000022
0.000027
0.000151
0.000173
0.000223
0.000185
0.000192
0.000143
0.000013
0.000011
0.000010
0.000000
0.000000
0.000000
0.000000
0.000000
0.000000
0.000000
0.000000
0.000000
0.000000
0.000000
0.000001
0.000001
0.000017
0.000016
0.000016
0.000000
0.000000
0.000000
0.000000
0.000000
0.000000
0.000000
0.000000
0.000000
0.000000
0.000000
0.000000
0.000000
0.000000
0.000000
0.000001
0.000001
0.000001
0.000023
0.000037
0.000037
0.000037
0.000036
0.000035
0.000034
0.000034
0.000035
0.000033
0.000037
0.000037
0.000036
0.000023
0.000020
0.000019
0.000015
0.000010
0.000000
0.000000
0.000000
0.000000
0.000000
0.000000
0.000000
0.000000
0.000000
0.000000
0.000000
0.000000
0.000001
0.000006
0.000007
0.000006
0.000007
0.000008
0.000008
0.000006
0.000006
0.000006
0.000007
0.000012
0.000010
0.000010
0.000011
0.000015
0.000015
0.000015
0.000015
0.000015
0.000016
0.000017
0.000017
0.000016
0.000016
0.000017
0.000018
0.000018
0.000018
0.000544
0.000552
0.000592
0.000597
0.000598
0.000542
0.000503
0.000483
0.000009
0.000007
0.000005
0.000005
0.000002
0.000002
0.000002
0.000002
0.000039
0.000153
0.000205
0.000304
0.000306
0.000200
0.000095
0.000437
0.000410
0.000401
0.000254
0.000002
0.000000
0.000000
0.000000
0.000000
0.000000
0.000000
0.000001
0.000009
0.000010
0.000011
0.000011
0.000011
0.000011
0.000013
0.000011
0.000012
0.000012
0.000012
0.000012
0.000013
0.000012
0.000011
0.000010
0.000003
0.000020
0.000033
0.000045
0.000058
0.001248
0.001332
0.001327
0.001252
0.001157
0.000838
0.000606
0.000371
0.000001
0.000001
0.000000
0.000000
0.000000
0.000000
0.000000
0.000002
0.000000
0.000001
0.000001
0.000001
0.000002
0.000019
0.000021
0.000145
0.001936
0.002015
0.002014
0.001906
0.001781
0.001647
0.001573
0.001557
0.001541
0.001508
0.001528
0.001380
0.001026
0.000909
0.000870
0.000838
0.000823
0.000807
0.000799
0.000790
0.000726
0.000682
0.000005
0.000003
0.000002
0.000001
0.000001
0.000001
0.000000
0.000000
0.000000
0.000000
0.000000
0.000037
0.000046
0.000052
0.000056
0.000056
0.000053
0.000054
0.000054
0.000052
0.000052
0.000055
0.000053
0.000008
0.000000
0.000000
0.000000
0.000000
0.000000
0.000000
0.000000
0.000000
0.000000
0.000001
0.000000
0.000000
0.000000
0.000012
0.000013
0.000013
0.000013
0.000016
0.000017
0.000017
0.000045
0.000318
0.000369
0.000424
0.000460
0.000501
0.000537
0.000571
0.000569
0.000570
0.000577
0.000580
0.000527
0.000469
0.000397
0.000224
0.000417
0.000423
0.000422
0.000419
0.000412
0.000407
0.000378
0.000377
0.000412
0.000402
0.000395
0.000391
0.000404
0.000411
0.000432
0.000482
0.000549
0.000561
0.000545
0.000026
0.000019
0.000019
0.000024
0.000024
0.000077
0.001441
0.001789
0.002431
0.002811
0.002844
0.002795
0.002748
0.002658
0.002447
0.001908
0.001689
0.001223
0.000693
0.000346
0.000391
0.002587
0.002529
0.002408
0.002208
0.002111
0.002051
0.002036
0.001876
0.001788
0.001678
0.001641
0.001654
0.001701
0.001754
0.001806
0.001892
0.002061
0.002378
0.002954
0.003004
0.003047
0.002912
0.002853
0.002848
0.002901
0.002978
0.003041
0.003345
0.003174
0.002815
0.002659
0.002429
0.002473
0.002551
0.002593
0.002884
0.004354
0.005178
0.005239
0.005105
0.008832
0.009267
