0.000000
0.000014
0.000012
0.000015
0.000015
0.008444
0.008453
0.008392
0.007876
0.007310
0.006703
0.006079
0.005588
0.004982
0.011796
0.018994
0.014317
0.014489
0.020855
0.030183
0.041801
0.055727
0.058606
0.058816
0.049697
0.022868
0.029647
0.028852
0.028264
0.030550
0.013439
0.012814
0.012858
0.006540
0.017469
0.017059
0.016883
0.017252
0.017228
0.018963
0.007360
0.007392
0.266978
0.249291
0.229929
0.118978
0.088547
0.085620
0.031171
0.011279
0.007263
0.007818
0.007620
0.001282
0.000252
0.000027
0.000061
0.000033
0.000050
0.000046
0.000174
0.000122
0.000639
0.000604
0.001274
0.004279
0.385146
0.457876
0.564201
0.788665
0.863415
1.401206
1.652442
1.856435
2.363324
2.706543
3.257168
3.781211
4.390389
4.717343
4.965998
5.020206
0.472684
0.454557
0.449842
0.008441
0.007421
0.444218
5.113463
5.497300
5.810058
6.195188
6.643931
7.112451
7.327193
7.435285
7.490671
7.509557
7.514544
8.029413
8.032094
8.032539
8.017619
7.974698
0.010235
0.009570
0.009282
0.009169
0.009089
0.009137
0.009279
7.872250
7.680388
7.670407
7.668154
7.668107
7.666895
7.666828
7.667587
7.666687
7.666533
7.728571
7.729457
7.729756
7.730081
7.729670
7.729229
7.729671
7.730432
7.730401
7.730180
7.729426
7.729141
7.728821
7.728344
7.728552
7.732191
7.730819
7.729930
7.729178
7.727683
7.728621
7.731247
7.731922
7.729254
7.726091
7.724777
7.718544
7.826681
7.777363
7.612412
0.001697
0.000929
0.000341
0.000187
0.000113
0.000094
0.000067
0.000068
0.000078
0.000104
0.000231
0.000380
0.000997
7.424240
0.147374
7.427673
7.620643
7.628206
7.626391
7.611435
7.594700
7.589654
7.563038
7.563930
7.572603
7.567819
7.559197
7.607916
7.611486
7.617530
7.624658
7.637716
7.638463
7.632914
7.632316
7.623030
7.616790
7.610808
7.607695
7.598592
7.588980
7.742918
7.793097
7.839306
8.239300
8.244691
8.248834
8.303190
8.315979
8.332304
8.351329
8.396680
8.457906
8.540819
8.645270
8.407543
8.403288
8.399862
8.397713
8.398389
8.398777
8.398855
8.397868
8.388278
8.384831
8.385932
8.382722
8.381392
8.384071
8.390221
8.386887
8.382612
8.379347
8.365013
8.355518
8.356235
8.316186
8.060112
7.833602
7.598850
7.281425
6.764929
6.214486
5.572092
0.757790
1.106302
3.042171
6.020500
7.095097
7.595548
7.944580
8.009471
8.064690
8.075131
8.080337
8.084723
8.054596
7.945578
7.849175
7.757076
0.001276
0.000457
0.000310
0.000168
0.000105
0.000020
0.000008
0.000007
0.000004
0.000067
0.000005
0.000002
0.000002
0.000001
0.000008
0.000005
0.000004
0.000004
0.000001
0.000002
0.000003
0.000003
0.000002
0.000007
0.000016
0.000014
0.000009
0.000010
0.000005
0.000004
0.000002
0.000002
0.000004
0.000009
0.000006
0.000003
0.000006
0.000011
0.000006
0.000001
0.000004
0.000004
0.000003
0.000003
0.000004
0.000006
0.000009
0.000020
0.000053
0.000112
0.000248
0.036359
7.898729
8.328516
8.680339
8.808827
8.843522
8.857941
8.865627
8.864820
8.859543
8.856841
8.858420
8.864547
8.863304
8.864629
8.868710
8.863654
8.858545
8.845417
8.845468
8.845537
8.845700
8.845815
8.844949
8.621029
8.610890
8.544172
8.539084
8.537805
8.533047
8.513279
8.492362
8.488366
8.492705
8.527633
8.541611
8.548989
8.550304
8.705647
8.732730
8.777545
8.843318
8.861769
8.873504
8.891409
8.898348
8.900134
8.902056
8.898377
8.831117
8.805299
8.691972
8.692328
8.718500
8.715401
8.705495
8.684082
8.669240
8.649768
8.642795
8.644142
8.629897
8.606310
8.563740
8.565072
8.560789
8.573927
8.583654
8.604232
8.579959
8.499406
8.386101
0.000381
0.000139
0.000062
0.000038
0.000028
0.000025
0.000020
0.000019
0.000003
0.000003
0.000002
0.018393
0.013928
0.000004
0.000012
0.000014
0.000025
0.000047
0.000102
0.000224
0.000463
8.033608
0.032086
0.018176
0.015061
0.004189
0.002170
0.000154
0.000089
0.000068
0.000065
0.000068
0.000059
0.000010
0.000008
0.000004
0.000003
0.000002
0.000006
0.000006
0.000006
0.000008
0.000077
0.000083
0.000073
0.000034
0.000024
0.000009
0.000004
0.000005
0.000010
0.000217
0.000025
0.000003
0.000002
0.000001
0.000002
0.000002
0.000021
0.000018
0.000021
0.000018
0.000009
0.000025
0.000030
0.000012
0.000006
0.000005
0.000004
0.000005
0.000007
0.000018
0.000035
0.000054
0.000117
0.000095
7.794281
0.030250
0.028284
0.000407
0.000092
0.000146
0.000142
0.000179
0.000236
0.000136
0.022474
7.426869
7.439336
7.448220
7.452437
7.451924
7.422502
7.425525
7.431695
7.515902
7.547271
7.551882
7.580495
7.560849
0.156575
0.100760
0.032448
6.946009
6.983855
6.979844
7.002654
7.056864
0.015119
0.018986
0.020832
0.000635
0.000705
0.000072
0.027347
0.028967
7.339475
7.452865
7.486725
7.518311
0.020083
0.000215
0.000209
0.000293
0.000366
0.019373
8.007218
8.100760
8.129813
8.156445
8.225269
8.365072
8.398618
8.384606
8.361945
8.313216
8.270253
8.227749
0.000340
0.000038
0.000031
0.000014
0.000012
0.000005
0.000112
0.000100
0.000036
0.000024
0.000021
0.000028
0.000017
0.000025
0.005072
0.004465
0.003056
0.000207
0.002751
0.008232
0.008332
0.008260
0.008161
0.007951
0.007584
0.006911
0.006178
0.005976
0.005970
0.006012
0.006373
0.006924
0.003285
0.000313
8.163946
8.215289
8.288858
8.369373
8.396117
8.430112
8.490812
8.521619
8.531175
8.537181
8.535755
8.532306
0.001426
0.001459
0.001446
0.000234
0.000174
0.001331
0.001446
0.001534
0.001677
0.001684
0.001707
0.001723
0.001754
0.001839
0.001919
0.001996
0.001735
0.001224
0.000078
0.000079
0.000122
0.000108
0.000084
0.000746
0.001066
0.001274
0.001160
0.001169
0.001302
0.001722
0.001591
0.001654
0.001482
0.001009
0.000905
0.000865
0.000860
0.000820
0.000786
0.000022
0.000013
0.000010
0.000007
0.000011
0.000018
0.000015
0.000016
0.000008
0.000024
0.000011
0.000011
0.000017
0.000009
0.000008
0.000011
0.000015
0.000002
0.000002
0.000006
0.000015
0.000011
0.000051
0.000056
0.001889
0.002478
0.003047
0.003613
0.003645
0.003638
0.003651
0.003642
0.003654
0.003675
0.000004
0.000004
0.000004
0.000005
0.000008
0.000016
0.000030
0.000057
0.000125
8.518748
8.519443
8.516827
8.501481
8.475059
0.057075
0.000022
0.000007
0.000007
0.000040
0.000004
0.000005
0.000017
0.000010
0.000013
0.000160
0.000139
0.003692
0.004125
0.004308
0.004279
0.004163
0.003923
0.003558
0.003396
0.002533
0.001523
0.001558
0.007313
0.007607
0.007802
0.007746
0.007680
0.007617
0.007519
0.007366
0.007192
0.007172
0.007248
0.007085
0.007124
0.006984
0.006604
0.006227
0.006076
0.005994
0.005989
0.005654
0.000107
0.000043
0.000032
0.000030
0.000014
0.000013
0.000013
0.000025
0.001092
0.001264
0.001303
0.001249
0.001198
0.000872
0.000027
0.000023
0.000025
0.000030
0.000049
0.000051
0.000058
0.000051
0.003327
0.004153
0.004987
0.005960
0.007202
0.008025
0.008136
0.008314
0.008522
0.008722
0.008760
0.008710
0.008687
0.008721
0.008808
0.008790
0.008774
0.008796
0.008782
0.008800
0.008745
0.008759
0.008824
0.008900
0.008880
0.008877
0.008758
0.008634
0.008476
0.008062
0.007660
0.007608
0.007090
0.000676
0.000344
0.000322
0.000134
0.000105
0.000111
0.001413
0.001565
0.001507
0.001496
0.001485
0.001213
0.001059
0.000923
0.000714
0.000594
0.000384
0.000162
0.000165
0.000170
0.011957
0.012086
0.012140
0.012239
0.012346
0.012619
0.013039
0.013746
0.013780
0.013785
0.013759
0.013390
0.013015
0.012869
0.012756
0.000014
0.000007
0.000002
0.000003
0.000002
8.259462
8.272918
8.314556
8.389563
8.383498
8.266245
8.270117
8.270140
8.276630
8.290147
8.290254
8.367067
8.410516
8.418165
8.423684
8.420641
8.421976
8.427019
8.432683
8.421741
0.000011
0.000012
0.000012
0.000002
0.000043
0.000070
0.000100
0.000080
0.000002
0.000003
0.000004
0.000005
0.000008
0.000025
8.387875
8.089714
7.990111
7.787470
7.612248
7.419177
7.281654
6.917775
0.029222
0.004294
0.000018
6.281346
0.000005
4.334489
2.484803
2.067244
1.171848
0.651551
0.482569
0.196235
0.093685
0.093931
0.065138
0.036894
0.035177
0.034525
0.029587
0.027781
0.014180
0.013172
0.000226
0.000195
0.000250
0.000107
0.000021
0.000209
0.003597
0.009473
0.009373
0.009494
0.009150
0.009211
0.009074
0.000075
0.000000
0.000000
0.000000
0.000000
0.000000
0.000000
0.000001
0.000000
0.000000
0.000059
0.000145
0.000116
0.021112
0.022047
0.019663
0.009090
0.008068
0.005744
0.000004
0.000012
0.000010
0.000003
0.000004
0.000007
0.000007
0.000003
0.000006
0.000006
0.000001
0.000002
0.000003
0.000001
0.000004
0.000007
0.000008
0.000013
0.000062
0.000139
0.000507
0.010361
0.010914
0.010945
0.009495
0.009561
0.009714
0.010427
0.010787
0.010998
0.010908
0.015030
0.014976
0.014754
0.000030
0.000000
0.000000
0.000000
