0.000103
0.000064
0.000037
0.000004
0.000004
0.000002
0.000002
0.000237
0.000235
0.000240
0.000227
0.000202
0.000086
0.000060
0.001470
0.001465
0.000696
0.000703
0.000714
0.000759
0.000799
0.000906
0.000932
0.005111
0.005523
0.006343
0.007872
0.011273
0.011653
0.011700
0.011812
0.011594
0.012641
0.011134
0.008444
0.008194
0.004252
0.004200
0.003688
0.003442
0.002269
0.002131
0.002068
0.002012
0.001985
0.001808
0.000146
0.000662
0.003647
0.003355
0.000780
0.000152
0.001321
0.001707
0.002064
0.002404
0.008675
0.624941
0.568804
0.424773
0.341699
0.108959
0.054102
0.046414
0.023925
0.022536
0.006574
0.000871
0.000191
0.000130
0.000141
0.000131
0.005325
0.005358
0.005464
0.005290
0.005167
0.005277
0.005240
0.005269
0.005241
0.005239
0.005429
0.004696
0.004400
0.000041
0.000041
0.000037
0.000049
0.000022
0.000107
0.000105
0.000012
0.000139
0.000322
0.000251
0.000391
0.021538
0.026779
0.030813
0.035821
0.049603
0.064236
0.070577
0.149941
0.195186
0.226191
0.303717
0.516892
0.591220
0.663850
0.718745
0.853533
0.893667
0.925553
0.000125
0.000047
0.000012
0.000009
0.000005
0.000010
0.000013
0.000014
0.000015
0.000017
0.000066
0.000110
0.933681
0.936339
0.944717
0.951254
0.951440
0.941594
0.935659
0.926028
0.909238
0.893132
0.875350
0.823054
0.814719
0.791675
0.773235
0.754630
0.020898
0.018320
0.001634
0.000985
0.000008
0.000007
0.000005
0.000005
0.000023
0.000023
0.000034
0.000014
0.000000
0.000000
0.000000
0.000000
0.000014
0.000006
0.000008
0.000008
0.000017
0.000026
0.000141
0.000101
0.000157
0.003368
0.009241
0.009724
0.003721
0.003023
0.000175
0.000002
0.000003
0.000005
0.000623
0.000043
0.000189
0.000186
0.000216
0.000282
0.000282
0.756552
0.787033
0.002684
0.000064
0.003707
0.833390
0.857129
0.878465
0.892304
0.898944
0.906325
0.900719
0.009951
0.000049
0.000031
0.000029
0.000012
0.000011
0.000019
0.000010
0.007736
0.007940
0.007243
0.007453
0.007258
0.000106
0.000000
0.000001
0.002428
0.002745
0.002738
0.002767
0.000131
0.000000
0.000000
0.000001
0.000000
0.000002
0.000001
0.000000
0.000000
0.000000
0.000001
0.000000
0.000000
0.000000
0.000000
0.000001
0.000623
0.000131
0.000029
0.000034
0.000044
0.003487
0.004200
0.004300
0.008138
0.007319
0.001439
0.001795
0.001321
0.000498
0.000011
0.000007
0.000002
0.000006
0.000003
0.000190
0.001937
0.002113
0.001992
0.000016
0.000011
0.000009
0.000006
0.000002
0.000004
0.000004
0.000008
0.000193
0.000211
0.000208
0.000314
0.000339
0.000431
0.002005
0.943367
0.961216
0.980213
0.990647
0.000117
0.000321
0.000255
0.000085
0.000354
0.001088
0.004652
0.973105
0.970477
0.972765
0.962470
0.954538
0.947265
0.001962
0.001253
0.000742
0.000065
0.000003
0.000004
0.001072
0.001136
0.001094
0.000011
0.000125
0.000199
0.000059
0.000023
0.000020
0.000001
0.000049
0.000058
0.000043
0.000312
0.005029
0.004792
0.007388
0.007486
0.007471
0.004138
0.000367
0.000334
0.000004
0.000005
0.000005
0.000004
0.000005
0.000006
0.000005
0.000001
0.000001
0.000000
0.000000
0.000000
0.000001
0.000001
0.000306
0.000291
0.000296
0.000455
0.000410
0.000487
0.000452
0.000412
0.000254
0.000247
0.000247
0.000304
0.000283
0.000042
0.000806
0.005708
0.007560
0.010399
0.873026
0.883462
0.895019
0.905681
0.898345
0.879065
0.867991
0.834572
0.730986
0.644298
0.575454
0.483536
0.416535
0.287757
0.118468
0.068703
0.042566
0.014445
0.000588
0.000362
0.000308
0.000257
0.000316
0.000020
0.000020
0.000012
0.000003
0.000001
0.000001
0.000001
0.000003
0.000002
0.000002
0.000002
0.000001
0.000002
0.000034
0.000023
0.000022
0.000019
0.000019
0.000005
0.000001
0.000001
0.000039
0.000039
0.000032
0.000003
0.000002
0.000001
0.002548
0.002750
0.002691
0.002631
0.007646
0.016691
0.017533
0.017534
0.017082
0.010482
0.010362
0.010207
0.010266
0.005779
0.000031
0.000040
0.000001
0.000003
0.000003
0.000003
0.000002
0.000053
0.000047
0.000025
0.000027
0.000029
0.000040
0.000039
0.000058
0.000141
0.026821
0.098249
0.131003
0.140382
0.152873
0.182832
0.218720
0.234104
0.271562
0.282697
0.288634
0.305470
0.286454
0.288000
0.260280
0.034433
0.009155
0.007412
0.006050
0.000094
0.000082
0.000075
0.000066
0.000055
0.000534
0.003877
0.003748
0.003506
0.003275
0.003134
0.002879
0.002733
0.000008
0.000021
0.000007
0.000014
0.001097
0.001090
0.000955
0.000961
0.000925
0.000002
0.000027
0.000016
0.000015
0.000016
0.000052
0.000071
0.000080
0.000063
0.000100
0.000100
0.000103
0.000020
0.000006
0.000051
0.000022
0.000014
0.000007
0.000004
0.000002
0.000007
0.000002
0.000003
0.000002
0.000001
0.000001
0.000001
0.000001
0.000002
0.000002
0.000002
0.000003
0.000004
0.000001
0.000001
0.000001
0.000001
0.000007
0.000006
0.000003
0.000005
0.000003
0.000007
0.000008
0.000024
0.000286
0.000298
0.000297
0.000297
0.000294
0.000296
0.000291
0.000003
0.000006
0.000062
0.000058
0.000023
0.000131
0.000099
0.000133
0.000080
0.000002
0.000003
0.000016
0.000013
0.000033
0.000033
0.000034
0.000083
0.000086
0.000190
0.000151
0.000178
0.000225
0.000819
0.000747
0.031018
0.089068
0.107568
0.141122
0.153839
0.165380
0.180464
0.196545
0.211539
0.226664
0.229320
0.231951
0.229282
0.224258
0.220050
0.208777
0.189033
0.171079
0.028807
0.023498
0.014477
0.012259
0.006370
0.005715
0.002081
0.000018
0.004427
0.004539
0.005088
0.004652
0.004698
0.004701
0.005042
0.005252
0.005282
0.005051
0.005080
0.004620
0.004197
0.003413
0.002089
0.003291
0.003761
0.003945
0.005832
0.006331
0.006897
0.007290
0.010497
0.001641
0.000624
0.003810
0.004935
0.004715
0.004843
0.004944
0.004992
0.004996
0.005028
0.005037
0.005045
0.004985
0.004711
0.004703
0.004666
0.004573
0.004138
0.004006
0.000125
0.000158
0.000104
0.000214
0.000306
0.008212
0.012289
0.061536
0.059704
0.060061
0.059902
0.057379
0.054640
0.046938
0.045457
0.044785
0.035709
0.033413
0.022766
0.015088
0.014505
0.012927
0.011926
0.011764
0.000106
0.000326
0.000350
0.000023
0.012943
0.013459
0.013718
0.013379
0.013258
0.012631
0.011675
0.010842
0.010175
0.004979
0.000083
0.000034
0.000208
0.000043
0.000037
0.000004
0.000005
0.000004
0.000021
0.000043
0.000035
0.000023
0.000023
0.000008
0.000019
0.000015
0.000013
0.000727
0.000727
0.000787
0.000782
0.000809
0.000762
0.000755
0.000753
0.000010
0.000008
0.000010
0.000007
0.000004
0.000006
0.000007
0.000010
0.000017
0.000007
0.000050
0.000053
0.000052
0.000037
0.000026
0.000024
0.000017
0.000007
0.000013
0.000010
0.000012
0.000013
0.000008
0.000009
0.000007
0.000011
0.000011
0.000004
0.000009
0.000014
0.000016
0.000012
0.000026
0.000034
0.000394
0.000425
0.007438
0.007579
0.007529
0.007502
0.007193
0.034104
0.035858
0.037332
0.049164
0.054952
0.059790
0.061213
0.062815
0.063668
0.065419
0.063577
0.002317
0.008238
0.023842
0.024603
0.026405
0.027569
0.027637
0.084887
0.087052
0.091288
0.095914
0.099646
0.099933
0.100486
0.099735
0.105204
0.102481
0.085725
0.081440
0.074326
0.065529
0.062576
0.058127
0.030836
0.023734
0.006360
0.005868
0.004235
0.000792
0.000785
0.000415
0.000656
0.000712
0.000055
0.000018
0.000015
0.000012
0.000010
0.000012
0.000012
0.000012
0.000011
0.000005
0.000005
0.003480
0.009771
0.009595
0.010379
0.004471
0.003249
0.001476
0.000661
0.000676
0.000026
0.000027
0.000026
0.005217
0.013544
0.017010
0.016971
0.017033
0.020865
0.021181
0.017943
0.018412
0.018207
0.018774
0.020425
0.024131
0.033556
0.034241
0.051481
0.052675
0.070675
0.088924
0.110900
0.116839
0.123859
0.129871
0.133423
0.142888
0.158274
0.173852
0.176671
0.181694
0.183527
0.182360
0.179934
0.169382
0.153673
0.146237
0.103443
0.068490
0.060879
0.057061
0.039162
0.035826
0.002772
0.007836
0.007826
0.007809
0.007891
0.007946
0.007935
0.003631
0.003302
0.009061
0.009041
0.009111
0.014726
0.015343
0.015665
0.021078
0.023158
0.030891
0.031087
0.149984
0.162642
0.168999
0.169109
0.166930
0.164250
0.161034
0.155680
0.029608
0.024376
0.029014
0.022358
0.022180
0.024504
0.026194
0.028984
0.042175
0.043197
0.044053
0.045463
0.050390
0.050170
0.047088
0.000285
0.000225
0.000239
0.000038
0.007478
0.007724
0.007527
0.006850
0.006741
0.006819
0.006974
0.007130
0.007525
0.007803
0.060563
0.055218
0.051453
0.038795
0.015879
0.027194
0.028113
0.054966
0.057435
0.088230
0.089355
0.121683
0.136270
0.141130
0.147048
0.124109
0.103867
0.076571
0.070333
0.068036
0.058486
0.035301
0.033375
0.029470
0.011010
0.060699
0.064274
0.099656
0.122337
0.145615
0.292883
0.324981
0.020855
0.010083
0.010410
0.001640
0.001743
0.001681
0.001770
0.002162
0.002264
0.002072
0.001993
0.002046
0.839938
0.923394
1.014231
1.120726
1.253588
0.005533
0.008440
0.003963
0.002374
0.002604
0.002992
0.003239
0.004006
0.002736
1.625593
1.901965
2.162081
2.518208
3.079147
3.652777
4.374057
5.524989
6.028242
6.429162
6.557638
6.579624
6.580157
6.590105
6.559831
0.007675
0.008192
0.008655
6.642572
6.632683
6.583601
0.021448
0.020573
0.000444
0.000294
0.000199
0.000195
0.000243
0.000307
0.000623
0.001008
0.029309
0.030714
6.845369
6.967001
7.029312
7.075448
7.128162
7.128739
7.135473
7.139828
7.140933
7.148123
7.201717
7.204676
7.208519
7.214029
7.219481
7.485655
7.480729
7.443846
7.428785
7.220972
7.092139
6.863714
6.412656
0.073646
5.114223
3.509203
4.411198
0.021886
0.013209
0.000280
0.000213
0.000150
0.000090
0.000036
0.000076
0.000099
0.000061
0.000052
0.000053
0.000108
0.000130
0.000102
0.000063
0.000107
0.000137
0.000068
0.000063
0.000098
0.000170
0.000364
0.000402
0.000340
0.012505
0.014133
0.024569
4.160001
4.909520
5.265790
5.660900
6.309922
6.614232
7.051216
7.282965
7.479545
7.521995
7.549883
7.579119
7.605127
7.605853
7.606329
7.606438
7.607894
7.609776
7.609967
7.610124
7.603025
7.582446
7.504514
7.169065
7.035326
6.469266
5.549587
4.641682
2.491385
1.852683
1.603915
0.454279
0.263706
0.103814
0.096902
0.091051
0.081795
0.018289
0.013105
0.016980
0.013618
0.008618
0.008575
0.008221
0.007005
0.002181
0.000586
0.005232
0.017603
0.017815
0.018210
0.018960
0.019588
0.000734
0.000772
0.004714
0.006453
0.067243
0.146051
0.524759
1.220136
2.113153
2.565697
3.140549
3.610839
4.225867
5.292116
6.216628
6.617537
6.947384
0.007198
0.000254
0.000195
0.000175
0.000111
0.000036
0.000017
0.000012
0.000009
0.000011
0.000022
0.001025
0.000560
0.000305
0.000680
0.000832
0.000000
0.000000
0.000000
0.000000
0.000000
0.000001
7.195919
7.319916
7.447714
7.578334
7.641537
7.679622
7.698268
7.709193
7.714293
7.720627
7.740425
7.749963
7.759723
7.756469
7.733208
7.686598
7.674399
7.630084
7.572337
7.532681
0.005372
0.000595
0.000179
0.000101
0.000053
0.000032
0.000027
0.000019
0.000011
0.000002
0.000002
0.000001
0.000004
0.000002
0.000001
0.000001
0.000002
0.000003
0.000003
0.000012
0.000005
0.000001
0.000001
0.000001
0.000001
0.000001
0.000001
0.000002
0.000003
0.000004
0.000006
0.000007
0.000003
0.000001
0.000001
0.000001
0.000001
0.000001
0.000001
0.000001
0.000001
0.000005
0.000006
0.000005
0.000003
0.000001
0.000001
0.000001
0.000001
0.000001
0.000001
0.000001
0.000001
0.000002
0.000002
0.000002
0.000003
0.000001
0.000001
0.000001
0.000003
0.000001
0.000001
0.000001
0.000001
0.000002
0.000002
0.000002
0.000002
0.000001
0.000001
0.000001
0.000001
0.000001
0.000001
0.000001
0.000001
0.000001
0.000002
0.000002
0.000003
0.000001
0.000001
0.000001
0.000001
0.000001
0.000001
0.000001
0.000002
0.000004
0.000005
0.000004
0.000003
0.000001
0.000001
0.000001
0.000003
0.000001
0.000001
0.000001
0.000001
0.000003
0.000003
0.000003
0.000002
0.000001
0.000001
0.000001
0.000001
0.000001
0.000001
0.000001
0.000001
0.000001
0.000001
0.000001
0.000003
0.000001
0.000001
0.000001
0.000003
0.000001
0.000001
0.000001
0.000001
0.000001
0.000001
0.000001
0.000002
0.000001
0.000001
0.000001
0.000001
0.000001
0.000001
0.000001
0.000001
0.000001
0.000001
0.000001
0.000002
0.000001
0.000001
0.000001
0.000001
0.000001
0.000001
0.000001
0.000001
0.000001
0.000000
0.000000
0.000000
0.000001
0.000001
0.000001
0.000001
0.000001
0.000001
0.000001
0.000001
0.000001
0.000001
0.000001
0.000001
0.000001
0.000001
0.000001
0.000001
0.000001
0.000002
0.000002
0.000004
0.000002
0.000001
0.000001
0.000001
0.000001
0.000001
0.000001
0.000001
0.000001
0.000001
0.000001
0.000001
0.000003
0.000001
0.000001
0.000001
0.000003
0.000002
0.000001
0.000001
0.000001
0.000002
0.000001
0.000004
0.000006
0.000007
0.000018
0.000033
0.000051
0.000422
0.000509
0.006020
7.766266
7.560180
7.563075
7.570473
7.530322
0.002617
0.002229
0.000422
0.000257
0.000040
0.000022
0.000398
0.000339
0.000550
0.000503
0.000069
0.000023
0.000011
0.000007
0.000006
0.000010
0.000010
0.000010
0.000010
0.000010
0.000096
0.000131
0.000162
0.000250
0.000344
0.001303
0.001890
7.398927
7.450209
7.505665
7.547678
7.573383
7.586104
7.793036
7.777327
7.763113
7.743337
7.692950
7.580053
0.026719
0.026384
0.000498
7.400803
7.342148
7.343823
7.734474
7.789399
7.818100
7.851276
7.870834
7.848280
7.807065
0.056082
7.920553
7.996937
8.036996
8.080306
8.127784
8.002439
0.024656
0.023146
0.020915
0.018071
7.918691
7.952329
7.989367
8.040595
8.056158
8.061526
8.088294
8.121499
8.129041
8.132725
8.138130
8.147572
8.147478
8.149646
8.145530
8.143860
8.144172
8.131504
8.105871
8.074684
7.943835
8.084711
8.080923
8.040850
7.903212
7.832048
7.780202
0.001891
0.001227
0.000410
0.000164
0.000153
0.000111
0.000095
0.000057
0.000069
0.000132
0.000013
0.000007
0.000007
0.000033
0.000006
0.000002
0.000002
0.000003
0.000003
0.000014
0.000007
0.000007
0.000023
0.000021
0.000037
0.000045
0.000075
0.000256
0.000296
0.000526
7.631035
7.572696
7.422466
7.305971
7.087462
6.184788
4.769443
3.984708
1.756833
0.040415
0.009699
1.419744
1.571930
1.679585
1.781211
1.911598
2.110229
4.477499
5.004881
5.672744
6.314591
6.839109
7.426196
7.531416
7.471077
7.436120
7.435112
7.439343
7.446916
7.433461
7.423802
7.357322
7.310270
7.226504
7.150857
7.097661
7.058097
0.027197
7.036248
7.070989
7.124429
7.184673
7.236901
7.331064
7.061290
0.048302
6.263032
6.634643
6.973573
7.149970
7.327186
7.515287
7.603490
7.663242
7.743421
7.840002
7.891590
7.924612
8.266164
8.298482
8.309607
8.325883
8.463599
8.519413
8.595092
8.610257
8.635397
8.659555
8.652904
8.640289
8.630050
8.618132
8.609783
8.577564
8.484774
8.434399
8.370881
8.280107
8.196956
8.126134
8.064846
7.998657
0.040453
0.067771
8.396406
8.462250
8.557085
8.593105
8.630723
8.640947
8.633534
8.516153
0.004933
0.002011
0.001171
0.000998
0.000454
0.000037
0.000026
0.000015
0.000003
0.000002
0.000001
0.000002
0.000002
0.000003
0.000001
0.000001
0.000001
0.000001
0.000010
0.000007
0.000002
0.000001
0.000001
0.000001
0.000002
0.000003
0.000005
0.000009
0.000019
0.000058
0.000137
0.000439
0.000908
8.457825
8.273210
8.272053
8.256247
8.244111
8.247247
8.253977
8.269649
8.284885
8.303639
8.296102
8.293937
8.295276
8.248196
8.220704
8.208011
8.208575
8.158183
8.124795
8.102285
8.070905
7.900157
7.725696
0.101200
0.019573
0.018751
0.019210
7.658291
7.727787
7.493279
7.332614
7.190523
6.747156
6.281899
5.798495
5.423525
0.005561
0.003002
0.001129
0.000599
0.000382
0.003189
0.002070
0.001316
0.000431
0.007603
0.000031
0.000028
0.000030
0.000021
0.000020
0.000024
0.000012
0.000013
0.000013
0.000019
0.000023
0.000006
0.000010
0.000016
0.000015
0.000074
0.000102
0.000053
0.000092
0.000087
0.000180
0.005922
4.443411
4.197316
3.570282
3.113714
2.281909
0.393813
0.079003
0.006410
0.014679
0.013604
0.011687
0.002702
0.011867
0.011980
0.028629
0.036485
0.062920
0.341067
0.514321
1.005582
1.231587
1.676445
2.328644
2.708526
3.135324
4.423364
5.082111
5.802294
6.476460
6.687940
6.931081
6.945449
6.824059
6.672775
6.575273
6.457730
6.356979
0.093641
6.466032
6.594667
6.404839
6.129307
0.123124
0.008549
0.010145
0.010536
0.007070
0.006736
5.451873
5.469882
5.454300
5.468682
0.165923
6.291582
6.790040
6.902826
6.792376
6.716131
6.673665
6.615475
6.554075
5.625700
4.946319
4.221258
3.610866
3.105184
0.008995
0.005161
0.002289
0.001692
0.001598
0.000307
0.000136
0.000050
0.000069
0.000041
0.000683
0.000170
0.000135
0.000061
0.000016
0.000012
0.000021
0.000020
0.000012
0.000017
0.000015
0.000020
0.000018
0.000014
0.000014
0.000018
0.000021
0.001600
0.001012
0.000022
0.000013
0.000017
0.000014
0.000009
0.000008
0.000010
0.000010
0.000019
0.000018
0.000030
0.000011
0.000009
0.000008
0.000008
0.000008
0.000008
0.000024
0.000026
0.000006
0.000008
0.000015
0.000006
0.000010
0.000006
0.000012
0.000009
0.000015
0.000014
0.000019
0.000014
0.000020
0.000005
0.000005
0.000005
0.000005
0.000005
0.000003
0.000008
0.000004
0.000003
0.000001
0.000003
0.000003
0.000002
0.000003
0.000002
0.000003
0.000003
0.000003
0.000002
0.000003
0.000003
0.000003
0.000002
0.000003
0.000003
0.000003
0.000004
0.000002
0.000004
0.000003
0.000004
0.000006
0.000007
0.000004
0.000011
0.000004
0.000003
0.000002
0.000008
0.000007
0.000022
0.000011
0.000008
0.000004
0.000003
0.000002
0.000009
0.000008
0.000009
0.000008
0.000011
0.000014
0.000016
0.000086
0.000012
0.000078
0.000006
0.000003
0.000002
0.000002
0.000002
0.000002
0.000003
0.000001
0.000002
0.000002
0.000026
0.000005
0.000008
0.000007
0.000001
0.000003
0.000002
0.000002
0.000002
0.000001
0.000001
0.000001
0.000001
0.000003
0.000002
0.000003
0.000002
0.000002
0.000002
0.000001
0.000001
0.000000
0.000000
0.000001
0.000001
0.000001
0.000001
0.000002
0.000001
0.000001
0.000001
0.000002
0.000002
0.000004
0.000003
0.000004
0.000003
0.000005
0.000014
0.000001
0.000007
0.000006
0.000016
0.000011
0.000003
0.000002
0.000027
0.000012
0.000007
0.000007
0.000002
0.000002
0.000001
0.000001
0.000002
0.000003
0.000015
0.000581
0.010680
2.362413
2.002027
1.733358
0.009437
0.007626
0.001727
0.004233
0.790706
0.723631
0.048495
0.049686
0.048879
0.039349
0.031199
0.025838
0.025831
0.029840
0.034762
0.037332
0.042437
0.045021
0.053358
0.058114
0.060398
0.073355
0.069072
0.055365
0.031757
0.031902
0.029484
0.029800
0.029324
0.026328
0.025933
0.025669
0.025469
0.025019
0.024048
0.023348
0.022679
0.020482
0.019125
0.017924
0.002933
0.034699
0.037396
0.038577
0.034518
0.035117
0.035967
0.035368
0.049462
0.049721
0.049607
0.019463
0.017274
0.016726
0.016496
0.016286
0.016104
0.015967
0.015948
0.015920
0.015793
0.015519
0.016561
0.019841
0.053811
0.043304
0.045341
0.045255
0.056936
0.058388
0.056727
0.056444
0.055664
0.051573
0.043809
0.041295
0.000946
0.027829
0.028474
0.035683
0.037634
0.037605
0.031021
0.036101
0.045565
0.216299
0.258237
0.297191
0.330622
0.381861
0.101865
0.264924
1.292032
1.511718
1.714187
1.994512
2.121921
2.212642
2.271202
2.358499
2.366641
0.002362
0.001883
0.001720
0.003132
0.002482
0.000663
0.000558
0.000513
0.000358
0.000395
0.000208
0.000699
0.000525
0.000592
0.002890
2.330427
2.382937
2.405054
2.417191
2.370197
2.311966
1.962530
1.722797
1.378698
1.198906
1.092013
0.984811
0.916670
0.135945
0.052790
0.000135
0.000142
0.000131
0.000101
0.000101
0.000539
0.000194
0.000114
0.001305
0.002599
0.060902
0.645864
0.654123
0.683703
0.679648
0.000751
0.000663
0.000583
0.001044
0.000567
0.000551
0.000659
0.000977
0.001382
0.001255
0.008774
0.021284
0.065518
0.384930
0.475520
0.538595
1.270401
1.484657
1.646476
1.844567
2.072921
2.156283
0.011373
0.009269
0.010794
0.000153
0.000283
0.010313
2.254044
2.180450
2.135255
2.108884
2.038657
1.878629
1.750542
1.552439
1.431546
1.298435
1.130369
0.999045
0.839576
0.692634
0.536080
0.450995
0.330095
0.127985
0.044735
0.011417
0.008346
0.000110
0.005190
0.008098
0.008199
0.015862
0.016109
0.127976
0.111774
0.106602
0.099235
0.008577
0.008369
0.007153
0.006403
0.005583
0.004803
0.001160
0.001673
0.011394
0.013440
0.071144
0.175420
0.187794
0.193840
0.198649
0.199316
0.182392
0.059924
0.018581
0.008032
0.006801
0.000382
0.000268
0.003541
0.089832
0.102822
0.117894
0.133012
0.187334
0.206032
0.206115
0.201340
0.180716
0.091268
0.120964
0.000073
0.000075
0.000035
0.000031
0.000062
0.000067
0.122438
0.107281
0.090750
0.052092
0.036163
0.031507
0.059683
0.000293
0.000253
0.000102
0.000230
0.000050
0.000044
0.000055
0.000182
0.000725
0.077249
0.079281
0.078713
0.089198
0.089971
0.075531
0.035038
0.020601
0.000759
0.000236
0.086453
0.131069
0.135443
0.136794
0.137433
0.145924
0.181054
0.185797
0.190864
0.201806
0.209344
0.216110
0.186889
0.189948
0.191395
0.004364
0.004751
0.004869
0.000021
0.000062
0.000063
0.000079
0.000050
0.003186
0.000046
0.000051
0.000081
0.000040
0.000035
0.000183
0.000041
0.000011
0.000010
0.000011
0.000013
0.000017
0.000011
0.000013
0.002133
0.001950
0.002269
0.001932
0.000292
0.000277
0.000341
0.000350
0.000396
0.000635
0.000018
0.000023
0.000038
0.000036
0.000023
0.000021
0.000024
0.000050
0.000124
0.001221
0.001441
0.003062
0.204698
0.279872
0.318294
0.339687
0.352306
0.368115
0.386250
0.383032
0.380102
0.373328
0.380152
0.022047
0.000070
0.000091
0.000075
0.000076
0.000201
0.000382
0.006359
0.025874
0.083612
0.136356
0.557564
0.697420
0.858006
1.003051
1.074503
1.087151
0.038585
1.004550
1.021673
1.041784
1.007903
0.982449
0.008124
0.006767
0.002949
0.008191
0.037033
0.082766
0.579803
0.603048
0.557612
0.513791
0.026510
0.022798
0.020112
0.006212
0.004911
0.005192
0.001281
0.001208
0.000500
0.001828
0.000937
0.007026
0.006990
0.007771
0.020328
0.066307
0.222139
0.426248
1.186399
1.221621
0.037024
1.106188
1.099023
1.049799
0.979053
0.717799
0.649121
0.560234
0.282756
0.101097
0.084807
0.023465
0.011406
0.000282
0.000321
0.000705
0.005107
0.007462
0.374838
0.406932
0.412621
0.414737
0.393328
0.367657
0.340034
0.231262
0.147825
0.046905
0.036018
0.032255
0.027622
0.025002
0.024459
0.023060
0.022443
0.000184
0.000102
0.000090
0.000687
0.000249
0.000158
0.000101
0.000121
0.000068
0.023299
0.082014
0.091414
0.161249
0.166478
0.169480
0.179782
0.199974
0.203953
0.256173
0.001811
0.001863
0.001861
0.001978
0.002714
0.002947
0.338638
0.342214
0.338231
0.337950
0.332913
0.325404
0.317732
0.288080
0.231423
0.160828
0.155537
0.063603
0.048294
0.048050
0.048506
0.077032
0.081592
0.143142
0.182962
0.759733
0.900231
1.054680
1.207425
1.421014
1.644155
1.930724
2.258496
2.668452
3.241504
3.980030
0.000076
0.000097
0.000013
0.000026
0.000018
0.000011
0.000002
0.000002
0.000001
0.000001
0.000001
0.000169
0.000152
0.000187
0.000337
0.000284
0.000295
0.039429
0.041029
0.043164
0.042087
0.041866
0.040845
0.014162
0.014393
0.005068
0.005055
0.007260
4.281917
4.386226
4.499458
4.625891
4.758965
4.878127
5.030990
5.156037
5.290955
5.379408
5.498183
5.512490
5.534885
5.553111
5.488538
5.452163
5.443361
0.000037
0.000036
0.000034
0.000033
0.000041
0.000060
0.000098
5.370198
5.314945
5.290510
5.194787
5.067993
0.000326
0.000296
0.000496
0.000097
0.004674
0.001225
0.000495
0.000562
0.000521
0.000721
0.000519
0.000319
0.000047
0.000054
0.000049
0.000051
0.000045
0.000050
0.000032
0.000055
0.000079
0.000110
0.000135
0.000183
0.000210
0.000252
0.000118
0.000013
0.000011
0.000010
0.000006
0.000004
0.000004
0.000004
0.000005
0.000003
0.000002
0.000002
0.000002
0.000006
0.000010
0.000011
0.000007
0.000003
0.000006
0.000007
0.000009
0.000005
0.000007
0.000009
0.000016
0.000005
0.000010
0.000009
0.000050
0.000020
0.000019
0.000019
0.000034
0.000008
0.000018
0.000005
0.000008
0.000003
0.000003
0.000017
0.000019
0.000015
0.000022
0.000016
0.000017
0.000015
0.000011
0.000027
0.000022
0.000014
0.000009
0.000011
0.000016
0.000001
0.000001
0.000001
0.000012
0.000001
0.000001
0.000001
0.000001
0.000001
0.000003
0.000001
0.000001
0.000001
0.000001
0.000001
0.000002
0.000075
4.924026
4.856651
4.668744
4.518949
4.408740
4.303993
3.894136
3.539346
3.250713
0.024527
0.013248
0.009126
0.008003
0.006923
0.006160
0.004630
0.003227
0.002160
0.000108
0.000077
0.000076
0.000098
0.000146
0.000035
0.000239
0.000260
0.000336
0.000409
0.000291
0.000288
0.000367
0.000368
0.000058
0.000021
0.000023
0.000043
0.000045
0.000041
0.000036
0.000050
0.000064
0.000017
0.000035
0.000024
0.000023
0.000027
0.000034
0.000513
0.048966
2.560706
2.287238
2.049994
1.839788
1.639659
0.003177
0.975827
0.003025
0.000811
0.001461
0.346145
0.243087
0.167429
0.029299
0.001456
0.001442
0.000286
0.000045
0.000057
0.000605
0.000613
0.000430
0.000001
0.000001
0.000002
0.000001
0.000001
0.000478
0.001566
0.001928
0.001916
0.001946
0.001857
0.002234
0.001949
0.010452
0.016279
0.103739
0.190882
0.751788
0.975732
1.129273
1.332395
1.446621
1.617378
1.777316
0.000086
0.000001
0.000001
0.000000
0.000001
0.000000
0.006888
0.007274
2.131777
2.355860
0.000199
0.000035
0.000007
0.000008
0.000005
0.000012
0.000021
0.000011
0.000011
0.000012
0.000011
0.000060
0.000261
0.000492
0.000519
0.000477
0.000487
0.000635
0.000976
0.001781
0.003370
2.674983
2.836337
0.000778
0.000083
0.000032
0.000012
0.000009
0.000028
0.000030
0.000034
0.000199
0.001090
0.001280
0.001077
0.000024
0.000012
0.000006
0.000009
0.000010
0.000018
0.005041
0.011074
0.011582
0.013099
0.013132
0.006992
0.005017
0.004917
0.005438
0.006535
0.006892
0.007466
0.010160
0.011433
0.010768
0.012524
0.047310
0.066715
3.176178
3.301816
0.000003
0.000003
0.000001
0.000001
0.000000
0.000000
0.000004
0.000006
0.000021
3.285395
3.280377
3.263252
3.188053
0.005925
0.005256
0.001599
0.001291
0.000105
0.000073
0.000036
0.000187
0.000034
0.000079
0.000111
0.000102
0.000083
0.000027
0.000024
0.000035
0.000052
0.001055
3.005231
2.942307
2.835616
2.681757
2.448321
2.172258
1.841482
1.645094
1.489270
1.345569
1.239241
1.147551
1.078702
0.987714
0.924593
0.858969
0.190926
0.154226
0.145030
0.105538
0.002562
0.000624
0.000044
0.000067
0.004836
0.004728
0.004668
0.004375
0.004355
0.004227
0.004166
0.004118
0.004031
0.000071
0.000031
0.000023
0.000025
0.000034
0.000015
0.000012
0.000023
0.000018
0.000018
0.000012
0.000017
0.000023
0.000047
0.000065
0.000023
0.000010
0.000022
0.000017
0.000026
0.000121
0.000025
0.000049
0.000038
0.000010
0.000016
0.000020
0.001884
0.001918
0.001752
0.000037
0.000025
0.000015
0.000012
0.000009
0.000046
0.000038
0.000011
0.000017
0.000010
0.000026
0.000027
0.000082
0.001956
0.002479
0.003026
0.003122
0.002871
0.002924
0.003140
0.003413
0.003916
0.004025
0.004099
0.004205
0.004493
0.004972
0.005618
0.005906
0.006132
0.006104
0.005999
0.005910
0.005889
0.005819
0.005795
0.005792
0.005767
0.005627
0.005566
0.005561
0.005527
0.005551
0.005476
0.005362
0.005267
0.005079
0.005037
0.005048
0.005069
0.005105
0.005138
0.005158
0.005264
0.005399
0.005417
0.005239
0.001598
0.002070
0.002892
0.003775
0.004391
0.004813
0.004818
0.004810
0.004684
0.004502
0.004383
0.004260
0.004093
0.003847
0.003315
0.003190
0.003121
0.003118
0.003152
0.003172
0.003046
0.002289
0.000245
0.000227
0.000625
0.000813
0.001109
0.000024
0.000020
0.000018
0.000005
0.000002
0.000004
0.000002
0.000002
0.000002
0.000003
0.000012
0.000034
0.001288
0.001677
0.001703
0.001717
0.001729
0.001733
0.001458
0.000046
0.000033
0.000026
0.000022
0.000022
0.000029
0.000013
0.000008
0.000007
0.000008
0.000010
0.000011
0.000014
0.000011
0.000015
0.000075
0.000514
0.000862
0.001026
0.001497
0.001489
0.001504
0.001532
0.002323
0.003075
0.003094
0.003102
0.002885
0.002721
0.001996
0.000058
0.000047
0.000022
0.000007
0.000005
0.000003
0.000002
0.000004
0.000002
0.000002
0.000002
0.000004
0.000003
0.000002
0.000002
0.000004
0.000620
0.000557
0.000106
0.000105
0.000300
0.000338
0.001174
0.001043
0.000943
0.000328
0.000306
0.002066
0.002392
0.002436
0.002539
0.002592
0.002642
0.002787
0.002851
0.002888
0.002896
0.002880
0.002894
0.002929
0.002983
0.003045
0.003087
0.003127
0.003123
0.003054
0.002982
0.002953
0.002927
0.002911
0.002820
0.002649
0.002265
0.001902
0.001666
0.001527
0.001317
0.001187
0.001074
0.000456
0.000471
0.001023
0.001042
0.000958
0.000877
0.000848
0.000790
0.000778
0.000776
0.000785
0.000745
0.000590
0.000012
0.000442
0.000413
0.000396
0.000359
0.000331
0.000280
0.000276
0.000247
0.000006
0.000006
0.000005
0.000005
0.000004
0.000004
0.000008
0.000001
0.000000
0.000002
0.000026
0.000035
0.000038
0.000039
0.000043
0.000046
0.000044
0.000045
0.000039
0.000036
0.000001
0.000003
0.000001
0.000000
0.000000
0.000000
0.000000
0.000087
0.000543
0.000683
0.398122
0.387014
0.382146
0.372290
0.369254
0.000008
0.000007
0.000004
0.000008
0.000004
0.000007
0.000008
0.000009
0.000007
0.000006
0.000005
0.000004
0.000002
0.000003
0.000002
0.000002
0.000005
0.000003
0.000003
0.000003
0.000002
0.000003
0.000006
0.000006
0.000033
0.000151
0.000170
0.000199
0.000204
0.000201
0.000194
0.000200
0.000199
0.000192
0.000185
0.000187
0.000184
0.000190
0.000179
0.000133
0.000110
0.000090
0.000063
0.000046
0.000037
0.000001
0.000004
0.000003
0.000000
0.000000
0.000000
0.000001
0.000002
0.000003
0.000003
0.000008
0.000007
0.000002
0.000006
0.000005
0.000002
0.000004
0.000003
0.000003
0.000003
0.000040
0.000053
0.000049
0.000048
0.000049
0.000050
0.000050
0.000008
0.000015
0.000021
0.000024
0.000000
0.000000
0.000620
0.000001
0.000001
0.000001
0.000001
0.000002
0.000002
0.000002
0.000001
0.000001
0.000001
0.000001
0.000000
0.000000
0.000000
0.000012
0.000013
0.000015
0.000018
0.000018
0.000014
0.000000
0.000001
0.000001
0.000001
0.000002
0.000002
0.000289
0.000305
0.000306
0.000001
0.000000
0.000000
0.000000
0.000000
0.000000
0.000000
0.000000
0.000000
0.000000
0.000000
0.000000
0.000000
0.000000
0.000000
0.000000
0.000000
0.000000
0.000000
0.000000
0.000000
0.000000
0.000000
0.000000
0.000000
0.000000
0.000000
0.000000
0.000000
0.000000
0.000000
0.000000
0.000000
0.000000
0.000000
0.000000
0.000000
0.000000
0.000000
0.000000
0.000000
0.000000
0.000000
0.000000
0.000000
0.000000
0.000000
0.000000
0.000000
0.000000
0.000000
0.000000
0.000000
0.000001
0.000001
0.000002
0.005057
0.005094
0.005047
0.005317
0.005879
0.006725
0.000023
0.000041
0.000040
0.000039
0.000000
0.000003
0.000002
0.000000
0.000001
0.000000
0.000000
0.000003
0.014368
0.014669
0.014015
0.000001
0.000001
0.000000
0.000000
0.000000
0.000000
0.000000
0.000001
0.000000
0.000000
0.000000
0.000000
0.000066
0.000060
0.000003
0.000004
0.000003
0.000002
0.000001
0.000002
0.000003
0.000048
0.000069
0.000082
0.000099
0.007728
0.609078
0.582370
0.000703
0.000002
0.000002
0.000000
0.000000
0.000000
0.409859
0.000003
0.000001
0.000000
0.000000
0.000000
0.000000
0.000000
0.000000
0.000000
0.000000
0.000008
0.000007
0.000003
0.000002
0.000001
0.000002
0.000004
0.000001
0.000001
0.000001
0.000001
0.000002
0.000001
0.000001
0.000000
0.000000
0.000000
0.000000
0.000000
0.000000
0.000000
0.000000
0.000000
0.000000
0.000000
0.000000
0.000003
0.000004
0.000889
0.000918
0.000903
0.000900
0.000896
0.000902
0.000908
0.000896
0.000807
0.000621
0.000043
0.000039
0.000007
0.000003
0.000001
0.000001
0.000000
0.000000
0.000000
0.000000
0.000000
0.000000
0.000000
0.000000
0.000001
0.000001
0.000004
0.000255
0.000283
0.000298
0.000302
0.000314
0.000290
0.000044
0.000010
0.000013
0.000014
0.000013
0.000120
0.000189
0.000211
0.000225
0.000247
0.000302
0.000330
0.000389
0.000460
0.000539
0.000584
0.000557
0.000544
0.000538
0.000534
0.000528
0.000534
0.000542
0.000560
0.000577
0.000575
0.000545
0.000518
0.000438
0.000391
0.000315
0.000010
0.000001
0.000000
0.000000
0.000000
0.000000
0.000000
0.000000
0.000000
0.000000
0.000000
0.000000
0.000000
0.000004
0.000001
0.000000
0.000000
0.000001
0.000000
0.000001
0.000002
0.000003
0.000012
0.000015
0.000760
0.000787
0.000793
0.000775
0.000009
0.000008
0.000008
0.000007
0.000001
0.000001
0.000001
0.000001
0.000001
0.000000
0.000000
0.000000
0.000000
0.000001
0.000001
0.000001
0.000002
0.000016
0.000615
0.000729
0.000857
0.000906
0.000927
0.000925
0.000847
0.000479
0.000018
0.000012
0.000002
0.000001
0.000001
0.000001
0.000001
0.000001
0.000002
0.000002
0.000005
0.000022
0.001248
0.001305
0.001313
0.001291
0.001271
0.001264
0.001128
0.001028
0.000713
0.000039
0.000037
0.000037
0.000038
0.000039
0.000043
0.000986
0.001156
0.001272
0.001392
0.001473
0.001490
0.001507
0.001412
0.001378
0.001199
0.001065
0.001002
0.004382
0.001953
0.000024
0.000010
0.000008
0.000001
0.000000
0.000000
0.000000
0.000000
0.000000
0.000000
0.000000
0.000000
0.000000
0.000000
0.000000
0.000000
0.000000
0.000000
0.000000
0.000000
0.000000
0.000000
0.000000
0.000000
0.000000
0.000000
0.000000
0.000004
0.000061
0.000074
0.000092
0.000110
0.000133
0.000148
0.000157
0.000161
0.000159
0.000159
0.000160
0.000161
0.000169
0.000166
0.000167
0.000177
0.000195
0.000196
0.000200
0.000204
0.000197
0.000166
0.000154
0.000143
0.000136
0.000003
0.000002
0.000002
0.000002
0.000001
0.000000
0.000000
0.000000
0.000000
0.000000
0.000000
0.000000
0.000000
0.000001
0.000020
0.000014
0.000001
0.000000
0.000000
0.000000
0.000000
0.000000
0.000000
0.000000
0.000000
0.000000
0.000000
0.000000
0.000000
0.000000
0.000000
0.000000
0.000000
0.000000
0.000000
0.000000
0.000000
0.000000
0.000000
0.000000
0.000000
0.000000
0.000000
0.000000
0.000000
0.000000
0.000000
0.000000
0.000000
0.000000
0.000000
0.000000
0.000000
0.000000
0.000000
0.000000
0.000000
0.000000
0.000000
0.000000
0.000000
0.000000
0.000000
0.000000
0.000000
0.000000
0.000000
0.000000
0.000000
0.000000
0.000000
0.000000
0.000001
0.000005
0.000092
0.000108
0.000129
0.000164
0.000191
0.000198
0.000008
0.000001
0.000001
0.000000
0.000000
0.000000
0.000000
0.000000
0.000000
0.000000
0.000000
0.000000
0.000000
0.000000
0.000000
0.000000
0.000000
0.000000
0.000000
0.000000
0.000000
0.000000
0.000000
0.000000
0.000000
0.000000
0.000001
0.000002
0.000115
0.000151
0.000200
0.000210
0.000225
0.000236
0.000254
0.000284
0.000318
0.000359
0.000358
0.000327
0.000293
0.000275
0.000259
0.000254
0.000252
0.000227
0.000201
0.000185
0.000127
0.000100
0.000085
0.000077
0.000071
0.000068
0.000065
0.000063
0.000066
0.000062
0.000063
0.000063
0.000063
0.000064
0.000065
0.000066
0.000068
0.000060
0.000055
0.000002
0.000002
0.000002
0.000002
0.000002
0.000091
0.000123
0.000130
0.000140
0.000151
0.000165
0.000165
0.000170
0.000177
0.000157
0.000140
0.000129
0.000125
0.000093
0.000083
0.000071
0.000054
0.000045
0.000035
0.000019
0.000015
0.000001
0.000001
0.000002
0.000002
0.000002
0.000002
0.000003
0.000134
0.000197
0.000335
0.000584
0.000612
0.000667
0.000686
0.000737
0.000777
0.000877
0.001065
0.001227
0.001487
0.001584
0.001723
0.001738
0.001786
0.001884
0.001972
0.002172
0.002370
0.002607
0.002657
0.002653
0.002437
0.001982
0.001586
0.001234
0.000994
0.000982
0.000789
0.000663
0.003128
0.003210
0.003308
0.003317
0.003327
0.003335
0.003097
0.003094
0.003094
0.003075
0.002974
0.000043
0.000040
0.000036
0.000004
0.000001
0.000001
0.000000
0.000000
0.000000
0.000000
0.000000
0.000000
0.000000
0.000000
0.000000
0.000000
0.000000
0.000000
0.000000
0.000000
0.000000
0.000000
0.000000
0.000000
0.000000
0.000000
0.000000
0.000000
0.000000
0.000000
0.000000
0.000000
0.000000
0.000000
0.000000
0.000000
0.000000
0.000002
0.000003
0.000511
0.000668
0.000748
0.000820
0.000791
0.000771
0.000024
0.000008
0.000004
0.000002
0.000002
0.000001
0.000000
0.000000
0.000000
0.000000
0.000000
0.000001
0.000002
0.000239
0.000379
0.000854
0.001305
0.001361
0.001396
0.001434
0.001469
0.001460
0.001453
0.001457
0.001461
0.001482
0.001460
0.001294
0.001154
0.001495
0.004868
0.034009
0.059512
0.600447
0.588647
0.000856
0.000815
0.000598
0.000013
0.000008
0.000007
0.001201
0.000001
0.012797
0.001493
0.000001
0.000002
0.000002
0.000006
0.000011
0.000482
0.000504
0.000538
0.000536
0.000514
0.000498
0.000475
0.000123
0.000121
0.000467
0.000646
0.000668
0.000684
0.000707
0.000704
0.000704
0.000711
0.000670
0.000608
0.000472
0.000387
0.000314
0.000290
0.000286
0.000238
0.000196
0.000146
0.000006
0.000006
0.000006
0.000002
0.000001
0.000001
0.000000
0.000000
0.000000
0.000000
0.000001
0.015109
0.000194
0.000007
0.000008
0.000077
0.000114
0.000121
0.000152
0.000170
0.000163
0.000156
0.000151
0.000146
0.000132
0.000126
0.000122
0.000121
0.000117
0.000118
0.000106
0.000100
0.000100
0.000100
0.000104
0.000114
0.000134
0.000142
0.000161
0.000185
0.000209
0.000217
0.000181
0.000127
0.000032
0.000034
0.000041
0.000048
0.002046
0.002096
0.002148
0.002181
0.002175
0.002190
0.002210
0.002230
0.002238
0.002207
0.002178
0.002177
0.002175
0.002155
0.002119
0.000028
0.000005
0.000003
0.000001
0.000001
0.000002
0.000008
0.000346
0.006922
0.008808
0.453342
0.463684
0.480219
0.001574
0.000128
0.000002
0.000001
0.000009
0.000026
0.000026
0.000029
0.000579
0.000618
0.000673
0.000724
0.000717
0.000736
0.000000
0.000001
0.000001
0.000000
0.000002
0.000000
0.000000
0.000000
0.000000
0.000000
0.000000
0.000002
0.001522
0.014985
0.019857
0.024741
0.569361
0.243235
0.221454
0.130407
0.111042
0.048770
0.035046
0.005297
0.004091
0.000017
0.000012
0.000009
0.000011
0.000239
0.000000
0.000281
0.000345
0.000376
0.000393
0.000394
0.000400
0.000405
0.000412
0.000417
0.000422
0.000439
0.000480
0.000499
0.000533
0.000585
0.000592
0.000593
0.000602
0.000608
0.000606
0.000608
0.000606
0.000609
0.000577
0.000556
0.000435
0.000368
0.000325
0.000287
0.000252
0.000243
0.000218
0.000036
0.000026
0.000021
0.000021
0.000022
0.000166
0.000180
0.000179
0.000178
0.000181
0.000173
0.000164
0.000161
0.000162
0.000162
0.000162
0.000168
0.000175
0.000183
0.000189
0.000180
0.000181
0.000183
0.000180
0.000171
0.000158
0.000151
0.000142
0.000136
0.000123
0.000103
0.000091
0.000005
0.000005
0.000004
0.000002
0.000001
0.000002
0.000001
0.000001
0.000018
0.000023
0.000023
0.000023
0.000027
0.000035
0.000038
0.000040
0.000044
0.000045
0.000049
0.000056
0.000063
0.000086
0.000099
0.000138
0.000197
0.000261
0.000285
0.000325
0.000402
0.000420
0.000425
0.000427
0.000066
0.000060
0.000058
0.000046
0.000035
0.000030
0.000028
0.000027
0.000025
0.000023
0.000022
0.000033
0.000032
0.000033
0.000036
0.000038
0.000041
0.000018
0.000018
0.000019
0.000005
0.000006
0.000444
0.000471
0.016841
