0.001522
0.000438
0.000334
0.000000
0.000000
0.000000
0.000000
0.000000
0.000000
0.000000
0.000000
0.000000
0.000003
0.000002
0.000001
0.000000
0.000001
0.000001
0.000000
0.000000
0.000000
0.000000
0.000000
0.000001
0.000001
0.000000
0.000000
0.000001
0.000001
0.000002
0.000004
0.000000
0.000000
0.000147
0.000149
0.000160
0.000171
0.000190
0.000178
0.000178
0.000190
0.000192
0.000195
0.000205
0.000210
0.000000
0.000000
0.000225
0.000228
0.001246
0.001309
0.001286
0.000988
0.000018
0.000017
0.000016
0.000023
0.000452
0.000628
0.000561
0.000029
0.002535
0.007534
0.007880
0.016027
0.018092
0.019408
0.021066
2.308172
1.976238
1.862478
1.755491
0.121740
0.000719
0.000626
0.000000
0.000000
0.000000
0.000000
0.000000
0.000000
0.000000
0.000000
0.000000
0.000000
0.000000
0.000000
0.000000
0.000000
0.000000
0.000000
0.000000
0.000000
0.000000
0.000000
0.000000
0.000000
0.000000
0.000000
0.000000
0.000000
0.000000
0.000000
0.000000
0.000000
0.000000
0.000000
0.000000
0.001925
0.001942
0.003264
1.484230
0.001909
0.001657
0.001771
0.000901
0.001018
0.000000
0.000000
0.000000
0.000000
0.000000
0.000000
0.000000
0.000000
0.000019
0.000028
0.000000
0.000020
0.000017
0.000024
0.000022
0.000019
0.000073
0.000018
0.000016
0.000022
0.000082
0.000069
0.000040
0.000011
0.000014
0.000011
0.000028
0.000030
0.000019
0.000017
0.000042
0.000082
0.000079
0.000096
0.000027
0.000035
0.000046
0.000136
0.000192
0.000000
0.000000
0.000000
0.000000
0.039566
0.243834
2.313398
2.570594
2.771000
2.850115
2.916822
2.969159
2.964766
3.009009
2.996750
2.945430
0.000389
0.000245
0.000000
0.000000
0.000000
0.000000
0.000000
0.000000
0.000000
0.000000
0.000000
0.000000
0.000000
0.000000
0.000000
0.000000
0.000000
0.000000
0.000000
0.000000
0.000000
0.000000
0.000000
0.000000
0.000000
0.000000
0.000000
0.000000
0.000000
0.000000
0.000000
0.000000
0.000000
0.000000
0.000000
0.000000
0.000000
0.000000
0.000000
0.000000
0.000007
0.000004
0.000025
0.000026
0.000007
0.000006
0.000005
0.000009
0.000027
0.000000
0.000000
0.000000
0.000000
0.000000
0.000000
0.000000
0.000000
0.000000
0.000000
0.000000
0.000000
0.000000
0.000000
0.000000
0.000000
0.000000
0.000000
0.000000
0.000000
0.000000
0.000000
0.000000
0.000000
0.000000
0.000000
0.000000
0.000000
0.000000
0.000000
0.000000
0.000000
0.000000
0.000000
0.000000
0.000000
0.000000
0.000000
0.000000
0.000000
0.000000
0.000000
0.000000
0.000000
0.000000
0.000000
0.000000
0.000000
0.000000
0.000000
0.000000
0.000000
0.000001
0.000001
0.000000
0.000000
0.000000
0.000000
0.000000
0.000000
0.000000
0.000000
0.000000
0.000000
0.000000
0.000000
0.000000
0.000000
0.000013
0.000028
0.000020
0.000017
0.000018
2.877730
2.803359
2.725619
2.651826
0.000133
0.000107
0.000043
0.000035
0.000055
0.000125
0.000177
0.000749
0.000581
2.400751
2.184371
1.881327
1.635132
1.397606
0.475611
0.319478
0.269503
0.146769
0.007499
0.003075
0.000001
0.000002
0.000004
0.000001
0.000002
0.000000
0.000001
0.000000
0.000002
0.000001
0.000000
0.000000
0.000001
0.000000
0.000000
0.000000
0.000001
0.000000
0.000001
0.000002
0.000001
0.000004
0.000009
0.000002
0.000027
0.000026
0.000001
0.000001
0.000001
0.000001
0.000001
0.000004
0.000003
0.000002
0.000001
0.000002
0.000002
0.000008
0.000013
0.000001
0.000001
0.000001
0.000001
0.000001
0.000001
0.000001
0.000002
0.000003
0.000001
0.000001
0.000001
0.000001
0.000002
0.000003
0.000001
0.000001
0.000002
0.000005
0.000001
0.000001
0.000002
0.000009
0.000018
0.000031
0.000035
0.000003
0.000004
0.000004
0.000003
0.000007
0.000002
0.000002
0.000001
0.000001
0.000001
0.000001
0.000002
0.000001
0.000001
0.000002
0.000001
0.000001
0.000001
0.000002
0.000003
0.000003
0.000004
0.000001
0.000003
0.000004
0.000006
0.000009
0.000006
0.000006
0.000004
0.000002
0.000002
0.000002
0.000002
0.000002
0.000002
0.000002
0.000002
0.000004
0.000007
0.000007
0.000037
0.000011
0.000006
0.000005
0.000012
0.000012
0.000015
0.000004
0.000018
0.000005
0.000005
0.000006
0.000012
0.000003
0.000003
0.000005
0.000006
0.000008
0.000011
0.000011
0.000005
0.000005
0.000058
0.000087
0.000037
0.000052
0.000007
0.000002
0.000006
0.000007
0.000006
0.000014
0.000029
0.000043
0.000025
0.000036
0.000026
0.000029
0.000046
0.000087
0.000154
0.084307
0.100692
1.172999
1.404725
1.554280
1.819070
2.010877
2.170473
2.249505
2.318468
2.391321
2.442102
2.402396
2.346720
2.231579
2.158039
1.987814
1.834564
0.985622
1.494987
2.228384
2.453065
2.811319
3.092218
0.000454
0.000641
0.000997
0.002369
0.002900
0.003878
3.870210
4.028047
4.086218
4.155219
4.111066
4.029356
3.955363
3.891805
3.573518
3.482380
3.517792
3.593451
4.178541
4.335232
4.657118
0.056194
4.948487
5.114942
5.148062
5.155277
5.156048
5.157508
0.000058
0.000013
0.000004
0.000002
0.000001
0.000000
0.000000
0.000000
0.000000
0.000000
0.000000
0.000001
0.000001
0.000005
0.000037
0.000051
0.001121
5.165607
5.804555
5.806365
5.813572
5.815149
0.000075
0.000031
0.000021
0.000018
0.000009
0.000003
0.000001
0.000001
0.000000
0.000012
0.000006
0.000004
0.000003
0.000002
0.000002
0.000007
0.002907
0.002929
0.003017
5.811684
5.815865
5.817024
5.812675
5.810695
5.800808
5.791228
5.719681
5.658099
5.584091
5.519418
5.253684
0.000215
0.000075
0.000044
0.000035
0.000046
0.000012
0.000005
0.000004
0.000002
0.000004
0.000009
0.000016
0.000008
0.000014
0.000021
0.000007
0.000003
0.000004
0.000005
0.000006
0.000006
0.000004
0.000007
0.000010
0.000012
5.000524
4.750929
4.516693
4.213745
4.105658
3.822423
2.877385
0.072180
4.452195
4.609920
4.757874
4.961758
0.004351
0.000019
0.000011
0.000001
0.000002
0.000002
0.000002
0.000027
0.000006
0.000005
0.000006
0.000002
0.000002
0.000017
0.005957
0.007418
0.009479
5.435296
5.686240
5.924721
5.989191
0.000560
0.000544
0.000046
0.000011
0.000005
0.000006
0.000011
0.000016
0.000018
0.000021
0.000132
6.031466
6.021494
6.007569
5.886497
5.809501
5.724552
5.525794
0.000073
0.000010
0.000003
0.000002
0.000004
0.000003
0.000002
0.000002
0.000002
0.000002
0.000017
0.000004
0.000023
0.000029
0.000012
0.000009
0.000011
0.000034
0.000038
0.000060
0.000039
0.000252
0.000197
5.432949
5.492591
5.559968
5.584904
5.646806
5.695604
5.611156
5.460279
5.552632
5.510205
5.490548
5.467033
5.500707
5.427886
5.430537
5.574523
5.621001
0.158125
6.106010
6.161387
6.249761
6.327370
6.405137
6.462876
0.000813
0.000333
0.000093
0.000015
0.000008
0.000004
0.000013
0.000017
0.000004
0.000004
0.000001
0.000003
0.000004
0.000039
0.000031
0.000018
0.000018
0.000038
0.000012
0.000019
0.000623
0.000628
0.000609
0.000023
0.000057
0.000006
0.000004
0.000003
0.000005
0.000002
0.000005
0.000004
0.000004
0.000006
0.000015
0.000022
0.000069
0.000120
6.487903
6.503124
6.503224
6.497865
6.475252
6.463817
6.453017
6.438093
6.403565
6.072356
5.687186
5.167550
4.645489
4.252859
3.759518
3.218099
2.875821
2.576202
0.005022
0.002691
0.000643
0.000199
0.000076
0.000046
0.000042
0.000027
0.000033
0.000031
0.000019
0.000027
0.000021
0.000028
0.000029
0.000546
0.000557
0.000564
0.000585
0.000645
0.000465
0.000456
0.000479
0.000552
0.000690
0.001314
0.001834
0.002437
0.002652
0.002946
0.002910
0.003087
0.003044
0.002924
0.002765
0.000191
0.000061
0.000054
0.000053
0.000069
0.000027
0.000041
0.000059
0.000089
0.000079
0.000083
0.000094
0.000077
0.000145
0.000183
1.773820
1.622042
1.466023
1.145712
0.672117
0.530524
0.167201
0.037779
0.030398
0.027212
0.024444
0.022519
0.007620
0.006817
0.000186
0.000059
0.000059
0.000086
0.000040
0.000054
0.000023
0.000060
0.000035
0.000048
0.000020
0.000031
0.000063
0.000018
0.000015
0.000033
0.000040
0.000042
0.000130
0.000123
0.000131
0.000065
0.000061
0.000086
0.000093
0.000100
0.000018
0.000026
0.000034
0.000035
0.000013
0.000012
0.000018
0.000081
0.000044
0.000044
0.000190
0.000039
0.000169
0.000055
0.000090
0.000139
0.000052
0.000034
0.000064
0.000074
0.000092
0.015539
0.022128
0.039963
0.049880
0.078760
0.124835
0.003866
0.875395
1.107317
1.213427
1.336403
1.501955
1.732632
1.925703
2.142221
2.406276
2.723902
3.134163
3.205590
3.063899
2.926307
2.707204
0.013954
0.009996
0.007478
0.000845
0.000565
2.257567
2.056676
1.851670
1.360746
1.054856
0.350024
0.272523
0.243376
0.050847
0.034820
0.025118
0.011807
0.002071
0.004122
0.003451
0.010264
0.038481
0.184795
0.302753
0.329327
0.507806
0.542167
0.618642
0.531543
0.504167
0.473354
0.381049
0.286524
0.268453
0.209772
0.193787
0.184202
0.144293
0.046388
0.000242
0.000239
0.029025
0.079086
0.104029
0.108564
0.179383
0.192382
0.201868
0.229431
0.245480
0.003132
0.000095
0.000111
0.000155
0.000179
0.002548
0.007709
0.006522
0.002869
0.000787
0.000120
0.002980
1.334941
1.661408
1.912721
2.158972
2.193080
2.125854
2.080647
0.009191
0.005635
0.024332
0.015785
0.005171
0.004664
0.003892
0.005236
0.005387
0.005732
0.006201
0.001715
0.008345
0.005604
1.735884
1.621581
1.516724
1.418342
0.232652
0.123638
0.120724
0.089401
0.034333
0.025195
0.020767
0.013743
0.013580
0.000338
0.006090
0.005771
0.013230
0.615283
0.897079
1.043471
1.218976
1.714143
1.858814
2.035339
2.251140
2.514396
0.000264
0.000338
0.000376
0.000671
0.006065
0.007003
0.001646
3.102298
3.497155
3.975527
4.614513
5.501383
6.570580
7.125511
7.600499
7.772318
7.766443
7.689153
7.602007
0.009754
0.009109
0.024572
0.033151
7.484785
7.630912
7.473261
7.688245
0.003528
0.006575
0.004953
0.004524
0.005064
0.005839
0.006651
7.896117
8.151733
8.427235
8.676005
8.828379
8.906541
8.935485
8.188983
7.663581
0.001537
0.000767
0.000291
0.000147
0.000080
0.000065
0.000030
0.000019
0.000023
0.000076
0.000060
0.000092
0.000070
0.000179
0.000074
0.000438
0.000566
0.000638
0.016894
0.038110
0.188009
6.151008
7.301970
7.807961
8.442621
9.011295
9.263605
9.348564
9.373270
9.392819
9.400723
9.410023
9.400019
9.388049
9.365827
9.214272
8.794191
8.077951
7.332730
0.003117
0.016104
0.001488
0.104645
0.039309
0.068554
6.448762
6.090988
5.634634
4.868736
4.341624
3.819384
3.356281
2.943805
2.588121
0.005260
1.806884
1.617338
1.367324
1.072290
0.942091
0.795629
0.728082
0.665200
0.022628
0.014389
0.028939
0.087194
0.304440
0.484561
0.515518
0.567585
0.611870
0.044379
0.206507
2.232643
2.599387
3.042900
3.507516
4.076871
5.166831
5.719378
5.985360
6.400509
6.844625
7.347256
7.625702
8.102267
8.250452
8.359547
8.754323
8.948782
9.063915
9.378378
9.403125
9.430449
9.438274
9.399808
9.340855
9.239345
9.165578
9.084234
8.911335
9.055907
9.034457
9.025916
8.941368
0.121028
9.025534
8.991791
8.642337
8.371561
7.388816
6.319978
5.416370
4.763185
3.916123
3.461732
2.716024
2.372902
0.244274
0.308580
0.875685
0.896697
0.011890
0.000227
0.000177
0.000066
0.000065
0.000028
0.000034
0.000018
0.000023
0.000014
0.000021
0.000013
0.000020
0.000013
0.000020
0.000013
0.000019
0.000013
0.000019
0.000012
0.000019
0.000012
0.000019
0.000012
0.000018
0.000012
0.000019
0.000012
0.000019
0.000014
0.000022
0.000018
0.000033
0.000030
0.000059
0.117597
3.177670
3.542471
3.916518
4.282020
4.801484
5.133725
5.597897
5.963907
6.282114
6.712345
7.264418
7.700934
7.757294
7.827545
7.933429
7.987016
8.034083
8.081140
8.145538
8.162685
8.203721
8.253064
8.306155
8.329678
8.644855
8.723648
0.017569
0.018594
0.018195
0.017089
8.995756
9.096131
9.130979
9.174718
9.192026
9.208671
9.209995
9.213115
9.214761
9.215112
9.206510
9.189588
9.132382
8.924440
8.964750
8.801426
8.648081
8.465407
7.862215
7.235895
0.880577
1.326275
7.533886
8.114777
8.464402
8.894748
9.139673
9.134496
9.072978
8.825983
8.664675
8.629888
8.510607
8.172668
7.799241
7.170345
6.317319
5.326178
0.233503
0.203895
0.079904
0.007210
0.387057
1.073410
2.761870
3.633311
5.070876
5.828083
6.192541
6.564993
6.951361
7.346214
7.504192
7.679700
7.834288
7.981279
8.071630
8.126364
8.217754
8.275285
8.344380
8.407976
8.242088
8.269653
8.314551
8.407709
8.490067
8.523323
8.532943
8.537413
8.541194
8.550597
8.731368
8.732917
8.725512
8.721605
8.724831
8.859609
8.872769
8.890120
8.889995
8.891794
8.889515
8.886161
8.884523
8.887241
8.892051
8.894012
8.893452
8.891870
8.892569
8.894145
8.893823
8.894320
8.895105
8.890285
8.874973
8.850938
8.986373
8.849166
8.849529
8.856850
8.864729
8.870391
8.874845
8.874624
8.871230
8.866520
8.863454
8.850032
8.834378
8.824824
8.816825
8.615801
8.595139
8.573571
8.528784
0.001842
0.001843
0.001709
0.001798
0.001820
0.002004
0.002263
0.002666
8.480710
8.535159
8.565033
8.603695
8.606843
8.605560
8.607410
8.606753
8.595508
8.587869
8.583243
8.579962
8.571238
8.563747
8.554962
8.471632
8.425520
8.385550
8.357782
8.333090
8.297626
8.106308
7.847784
0.568813
6.894372
0.244663
7.094767
7.475537
7.752946
7.964569
8.052984
8.164200
8.224248
8.200533
8.022011
8.029700
8.043610
8.046813
8.049472
8.053000
8.053572
8.053245
8.051660
8.048142
8.033738
8.018486
7.981518
7.856233
7.901302
7.793163
7.707029
7.622135
7.420131
7.175538
6.464979
5.801473
5.112726
4.567182
4.093838
3.564426
2.189243
1.755316
1.568582
0.164837
0.010396
1.506142
1.534575
0.123810
0.100439
0.092603
0.092697
2.964536
3.251840
3.652832
4.030733
4.441155
0.091209
0.152977
4.880892
5.210480
5.770260
6.234105
0.000022
0.000009
0.000004
0.000001
0.000002
0.000004
0.000006
0.000000
0.000000
0.000000
0.000000
0.000000
0.000000
0.000000
0.000000
0.000000
0.000000
0.000000
0.000000
0.000000
0.000000
0.000000
0.000000
0.000000
0.000000
0.000000
0.000000
0.000000
0.000000
0.000000
0.000000
0.000000
0.000000
0.000000
0.000000
0.000000
0.000000
0.000000
0.000000
0.000000
0.000000
0.000000
0.000000
0.000000
0.000000
0.000000
0.000000
0.000000
0.000000
0.000000
0.000000
0.000000
0.000000
0.000000
0.000000
0.000000
0.000000
0.000000
0.000000
0.000000
0.000000
0.000000
0.000000
0.000000
0.000000
0.000000
0.000000
0.000000
0.000000
0.000000
0.000000
0.000000
0.000000
0.000000
0.000000
0.000000
0.000000
0.000000
0.000000
0.000000
0.000000
0.000000
0.000000
0.000000
0.000000
0.000000
0.000000
0.000000
0.000000
0.000000
0.000000
0.000000
0.000000
0.000000
0.000000
0.000000
0.000000
0.000000
0.000000
0.000000
0.000000
0.000000
0.000000
0.000000
0.000000
0.000000
0.000000
0.000000
0.000000
0.000000
0.000000
0.000000
0.000000
0.000000
0.000000
0.000000
0.000000
0.000000
0.000000
0.000000
0.000000
0.000000
0.000000
0.000000
0.000000
0.000000
0.000000
0.000000
0.000000
0.000000
0.000000
0.000000
0.000000
0.000000
0.000000
0.000000
0.000000
0.000000
0.000000
0.000000
0.000000
0.000000
0.000000
0.000000
0.000227
0.000000
0.000000
0.000000
0.000000
0.000000
0.000000
0.000000
0.000000
0.000000
0.000000
0.000000
0.000000
0.000000
0.000000
0.000000
0.000000
0.000000
0.000000
0.000000
0.000000
0.000000
0.000000
0.000000
0.000000
0.000000
0.000000
0.000000
0.000000
0.000000
0.000000
0.000000
0.000000
0.000000
0.000000
0.000000
0.000000
0.000000
0.000000
0.000000
0.000000
0.000000
0.000000
0.000000
0.000000
0.000000
0.000000
0.000000
0.000000
0.000000
0.000000
0.000000
0.000000
0.000000
0.000000
0.000000
0.000000
0.000000
0.000000
0.000000
0.000000
0.000000
0.000000
0.000000
0.000000
0.000000
0.000000
0.000000
0.000000
0.000000
0.000000
0.000000
0.000000
0.000000
0.000000
0.000000
0.000000
0.000000
0.000000
0.000000
0.000000
0.000000
0.000000
0.000000
0.000000
0.000000
0.000000
0.000000
0.000000
0.000000
0.000000
0.000000
0.000000
0.000000
0.000000
0.000000
0.000000
0.000000
0.000000
0.000000
0.000000
0.000000
0.000000
0.000000
0.000000
0.000000
0.000000
0.000000
0.000000
0.000000
0.000000
0.000000
0.000000
0.000000
0.000000
0.000000
0.000000
0.000000
0.000000
0.000000
0.000000
0.000000
0.000000
0.000000
0.000000
0.000000
0.000000
0.000000
0.000000
0.000000
0.000000
0.000000
0.000000
0.000000
0.000000
0.000000
0.000000
0.000000
0.000000
0.000000
0.000000
0.000000
0.000000
0.000000
0.000000
0.000000
0.013168
0.019712
6.725676
7.008154
7.241172
7.546274
7.765068
7.796218
7.841542
7.842016
7.810237
7.764008
7.746960
7.727584
0.046972
7.587401
7.633905
7.676739
7.669703
0.463778
7.127889
7.494435
7.596878
7.655246
7.710853
7.722239
7.750933
7.753578
7.835755
7.887873
7.907900
7.909116
7.921657
7.924738
7.909666
7.861242
7.824116
7.775423
7.520130
7.151523
6.735773
6.217778
0.024992
0.032978
0.076385
4.389286
5.922123
6.777002
7.164936
7.425025
7.596161
7.698743
7.830340
7.876288
7.870542
7.877678
7.888679
7.887469
7.910457
7.917463
7.909970
7.827868
7.802818
7.769395
7.742168
0.007769
0.004523
0.000557
0.000407
0.000301
0.000198
0.000178
0.000038
0.000021
0.000040
0.000013
0.000014
0.000013
0.000011
0.000008
0.000009
0.000020
0.000005
0.000010
0.000014
0.000005
0.000007
0.000008
0.000009
0.000016
0.000017
0.000068
0.000045
0.000042
0.000040
0.000094
0.000028
0.000025
0.000035
0.000132
0.000149
7.644105
7.620142
7.600619
7.527085
7.428226
7.360556
7.514163
7.532090
7.521973
7.515635
7.510027
7.491317
7.425935
7.389971
7.351854
7.354805
7.320199
7.296133
7.207905
7.069904
6.976820
6.915367
6.761244
6.628688
6.512491
6.129672
4.921212
2.878998
2.141126
0.002463
0.000559
0.000281
0.000222
0.000129
0.000115
0.000064
0.000033
0.000020
0.000010
0.000006
0.000012
0.000009
0.000011
0.000012
0.000022
0.000019
0.000014
0.000007
0.000009
0.000010
0.000022
0.000025
0.000021
0.000014
0.000047
0.000051
0.000023
0.000020
0.000029
0.000016
0.000016
0.000018
0.000031
0.000028
0.000022
0.000024
0.000068
0.000025
0.000033
0.000040
0.000049
0.000115
1.135600
1.033813
0.805488
0.628421
0.171702
0.147762
0.081105
0.068290
0.036729
0.013104
0.012363
0.011634
0.004727
0.002794
0.002557
0.002211
0.002222
0.000028
0.000005
0.000006
0.000005
0.000001
0.000002
0.000004
0.000013
0.000016
0.000025
0.000001
0.000000
0.000007
0.000036
0.000041
0.002246
0.002463
0.002534
0.002551
0.002434
0.002316
0.001934
0.001550
0.001073
0.000044
0.000005
0.000002
0.000001
0.000001
0.000001
0.000001
0.000000
0.000001
0.000001
0.000000
0.000000
0.000000
0.000001
0.000001
0.000001
0.000001
0.000002
0.000002
0.000007
0.000001
0.000001
0.000002
0.000003
0.000001
0.000004
0.000003
0.000002
0.000003
0.000002
0.000001
0.000000
0.000000
0.000004
0.000003
0.000002
0.000002
0.000001
0.000001
0.000001
0.000000
0.000000
0.000000
0.000000
0.000000
0.000001
0.000001
0.000001
0.000000
0.000000
0.000000
0.000000
0.000001
0.000002
0.000000
0.000000
0.000000
0.000000
0.000000
0.000000
0.000000
0.000000
0.000000
0.000000
0.000000
0.000000
0.000000
0.000000
0.000000
0.000000
0.000000
0.000000
0.000000
0.000000
0.000000
0.000000
0.000000
0.000000
0.000000
0.000000
0.000000
0.000000
0.000000
0.000000
0.000000
0.000010
0.000007
0.000001
0.000000
0.000000
0.000000
0.000000
0.000000
0.000000
0.000000
0.000000
0.000000
0.000000
0.000000
0.000000
0.000000
0.000000
0.000000
0.000000
0.000000
0.000000
0.000000
0.000000
0.000000
0.000000
0.000000
0.000000
0.000000
0.000000
0.000000
0.000000
0.000000
0.000000
0.000000
0.000000
0.000000
0.000000
0.000000
0.000000
0.000000
0.000000
0.000000
0.000000
0.000000
0.000000
0.000000
0.000000
0.000000
0.000000
0.000000
0.000000
0.000000
0.000000
0.000003
0.000001
0.000000
0.000000
0.000000
0.000000
0.000000
0.000000
0.000000
0.000000
0.000000
0.000000
0.000000
0.000000
0.000000
0.000000
0.000000
0.000000
0.000000
0.000000
0.000000
0.000000
0.000000
0.000000
0.000000
0.000000
0.000000
0.000000
0.000000
0.000000
0.000000
0.000000
0.000000
0.000000
0.000000
0.000000
0.000000
0.000000
0.000000
0.000000
0.000000
0.000000
0.000000
0.000000
0.000000
0.000000
0.000000
0.000000
0.000000
0.000000
0.000000
0.000000
0.000000
0.000000
0.000000
0.000000
0.000000
0.000000
0.000000
0.000000
0.000000
0.000000
0.000000
0.000000
0.000000
0.000000
0.000000
0.000000
0.000000
0.000000
0.000000
0.000000
0.000000
0.000000
0.000000
0.000000
0.000000
0.000000
0.000000
0.000000
0.000000
0.000000
0.000000
0.000000
0.000000
0.000000
0.000000
0.000000
0.000000
0.000000
0.000000
0.000000
0.000000
0.000000
0.000001
0.000001
0.000001
0.000001
0.000001
0.000001
0.000001
0.000002
0.000002
0.000003
0.000005
0.000001
0.000000
0.000000
0.000000
0.000000
0.000000
0.000000
0.000000
0.000000
0.000000
0.000000
0.000000
0.000000
0.000000
0.000000
0.000000
0.000000
0.000000
0.000000
0.000000
0.000000
0.000000
0.000000
0.000000
0.000000
0.000000
0.000000
0.000000
0.000000
0.000000
0.000000
0.000000
0.000000
0.000000
0.000000
0.000000
0.000000
0.000000
0.000000
0.000000
0.000000
0.000000
0.000000
0.000000
0.000000
0.000000
0.000000
0.000000
0.000000
0.000116
