0.000000
0.000000
0.001121
0.001072
0.000919
0.000224
0.001728
0.002153
0.007695
0.008340
0.008675
0.009016
0.009039
0.009124
0.009851
0.010099
0.010407
0.004333
0.004467
0.019552
0.033591
0.044573
0.047388
0.051846
2.283508
2.344590
2.362721
2.340813
0.008993
0.007308
0.000426
0.000470
0.000176
0.000299
0.000169
0.000441
0.000000
0.000000
0.000001
0.000001
0.000001
0.000000
0.000000
0.000000
0.000000
0.000000
0.000000
0.000000
0.000000
0.000230
0.000258
0.000312
0.000271
0.000403
0.000085
0.000337
0.005531
0.007826
3.008724
3.020585
0.001913
0.000000
0.000000
0.000000
0.000000
0.000000
0.000000
0.000000
0.000000
0.000000
0.000000
0.000000
0.000001
0.000666
0.000632
0.000885
0.000483
0.000004
0.000003
0.000000
0.000000
0.000000
0.000000
0.000000
0.000000
0.000000
0.000000
0.000001
0.000001
0.000000
0.000000
0.000000
0.002640
2.846311
0.152053
0.143312
0.132612
0.000000
0.000000
0.000000
0.000000
0.000000
0.000000
0.000000
0.000000
0.000002
0.000002
0.000005
0.000001
0.000001
0.000000
0.000001
0.000001
0.000001
0.000001
0.000003
0.000005
0.000012
0.000019
0.015475
0.199353
2.982017
0.045140
0.032822
0.013611
0.011949
0.000013
0.000004
0.000002
0.000002
0.000002
0.000003
0.000003
0.000003
0.000001
0.003754
0.003220
0.002792
0.000162
0.000001
0.000004
0.000024
0.000002
0.000000
0.000000
0.000000
0.000000
0.000000
0.000000
0.000003
0.000004
0.000002
0.000039
0.000136
0.000051
0.000054
0.000140
0.000074
0.000141
0.000170
0.000123
0.000003
0.000003
0.000003
0.000015
0.000010
0.000006
0.000004
0.000005
0.000006
0.000006
0.000012
0.000021
0.000004
0.000013
0.000004
0.000003
0.000003
0.000002
0.000003
0.000023
0.000012
0.000008
0.000007
0.000009
0.000002
0.000007
0.000007
0.000012
0.000012
0.000010
0.000008
0.000026
0.000512
2.160776
1.780610
1.716793
1.588202
0.002128
0.001818
0.000041
0.000019
0.000018
0.000023
0.000050
0.000034
0.000036
0.000029
0.000042
0.000040
0.000049
0.000090
0.000164
0.000174
0.000150
0.000153
0.000171
0.000234
0.000237
0.000029
0.000065
0.000086
0.000044
0.000036
0.000021
0.000012
0.000042
0.000034
0.000043
0.000060
0.000050
0.000097
0.000065
0.000042
0.000038
0.000097
0.000186
0.000332
0.000879
0.000810
0.033077
0.033857
1.566093
1.704772
2.389417
2.882216
3.236280
3.499038
0.113019
0.098511
0.073270
0.190749
4.551985
5.237116
5.898609
6.518709
6.967116
7.304468
7.428803
7.993865
8.160010
8.437462
8.468586
8.495421
8.538081
8.557907
8.564044
8.557670
8.514859
8.481542
8.435279
8.388999
8.328721
8.289865
8.264503
8.135260
8.001705
0.002741
0.000653
0.000462
0.000381
0.000137
0.000083
0.000046
0.000007
0.000005
0.000008
0.000004
0.000004
0.000010
0.000014
0.000031
0.000065
0.000164
0.001123
0.002127
8.038303
7.799988
7.585267
0.043100
7.070182
7.032140
6.961959
6.814876
8.176295
0.002257
0.002386
0.004696
0.090953
0.095860
8.428277
8.488383
8.509988
8.438831
8.336693
8.279673
8.224636
8.192365
0.063091
8.300187
8.303431
8.399245
0.074762
8.238233
8.354588
8.469370
8.649139
8.815274
8.862654
8.917143
8.982371
9.012582
9.279423
9.284134
9.287500
9.295295
9.290774
9.283748
9.285126
9.281074
9.232864
9.183179
8.996037
8.993369
8.992839
8.993016
8.991081
8.984952
8.972486
9.072183
9.346925
9.431919
9.451018
9.459606
9.462442
9.458151
9.452264
9.420744
9.127396
8.863661
8.509418
0.070212
8.332969
8.412426
8.639576
8.811980
9.034827
9.141815
9.185201
9.207347
9.236320
9.267492
9.298260
9.287250
9.288824
9.293609
9.296809
9.315530
9.335144
9.452830
9.502435
9.586230
9.630816
9.681275
9.744407
9.759286
9.751890
9.743158
9.718904
9.641948
9.620770
9.608019
9.587949
9.472456
9.447505
9.278238
9.118299
9.036120
8.960175
8.723490
8.728202
8.626166
8.556057
8.517968
8.481106
8.344880
8.261074
8.173864
8.087689
0.008640
0.006055
7.678749
7.410351
6.884459
6.387030
5.368922
4.564315
4.208494
0.346367
0.011876
0.011322
0.009585
0.002753
0.000134
0.000162
0.000080
0.000075
0.000172
0.000058
0.000076
0.000072
0.000038
0.000030
0.000082
0.000145
0.000076
0.000041
0.000056
0.000049
0.000034
0.000041
0.000038
0.000036
0.000071
0.000507
0.000115
0.000119
0.000102
0.000068
0.000098
0.000055
0.000185
0.000420
0.003593
0.003265
0.003414
0.019885
3.404547
3.670443
3.844059
4.777091
5.140113
0.005709
0.013085
0.009584
0.010207
0.012390
0.016136
0.016827
6.015265
6.435279
6.803088
6.832322
6.984894
7.190695
7.113000
6.994507
6.608897
0.034314
5.963124
5.210249
3.780858
3.761088
3.682554
0.107591
5.890402
6.571285
7.302902
7.548253
7.855625
8.160555
8.237955
8.342072
8.483794
8.442756
8.495880
8.585650
8.589617
8.577507
8.545489
8.516906
8.492968
8.354862
8.241245
8.134218
7.810244
8.093427
8.172491
8.276880
8.267152
8.291756
8.358501
8.292775
8.156697
8.064890
7.995647
7.789606
7.590117
7.415930
7.305178
7.203981
7.132189
7.061037
7.035241
7.050145
7.095217
7.285936
7.345226
7.345630
7.376362
7.420216
7.410922
7.453191
7.403025
7.309736
7.146691
6.976737
6.850815
6.794461
6.668950
6.455785
6.270128
5.924290
5.404994
4.885634
4.510535
3.941375
3.510575
3.087115
2.641383
2.286155
1.923300
1.363404
1.105389
0.482749
0.286223
0.163386
0.487817
0.625922
0.795317
0.962285
0.997943
0.000671
0.000363
0.000339
0.000442
0.000713
0.000317
0.007238
1.079642
1.100529
1.105063
1.098443
0.678175
0.198081
1.049118
1.076633
1.094315
0.034264
0.001357
0.000479
0.000248
0.000246
0.001623
0.025315
0.051814
1.589399
1.698497
1.702628
1.656820
0.015536
1.712681
1.624224
0.017029
1.125807
0.017889
0.837326
0.772142
0.740794
0.660183
0.588216
0.373646
0.357915
0.340007
0.272847
0.245559
0.234746
0.224222
0.203351
0.218529
0.134227
0.119005
0.109161
0.067700
0.062323
0.047016
0.023389
0.021538
0.019780
0.000371
0.000268
0.012957
0.012491
0.012202
0.011838
0.010543
0.010166
0.000843
0.004469
0.004475
0.004671
0.015875
0.080605
0.094459
0.101008
0.106987
0.182370
0.216856
0.241794
0.240205
0.231728
0.222402
0.000868
0.010465
0.010473
0.010439
0.010762
0.010720
0.010861
0.010678
0.010683
0.010620
0.000140
0.011205
0.012171
0.222629
0.219751
0.056149
0.294849
0.296070
0.304810
0.308157
0.307959
0.000820
0.000479
0.001035
0.003905
0.004083
0.314712
0.309779
0.307152
0.293221
0.266605
0.255817
0.019539
0.000693
0.000178
0.000200
0.000056
0.000038
0.000037
0.000090
0.000015
0.000012
0.000021
0.000028
0.000022
0.000099
0.000042
0.007763
0.007659
0.007630
0.007573
0.007427
0.007304
0.007219
0.007051
0.010174
0.004985
0.028904
0.038209
0.171971
0.174049
0.173083
0.166473
0.112761
0.098550
0.090115
0.086795
0.080052
0.040677
0.026601
0.022925
0.011047
0.000070
0.001310
0.006406
0.008318
0.009276
0.009112
0.010894
0.011003
0.010440
0.009789
0.014252
0.014033
0.013881
0.013860
0.013492
0.013153
0.001251
0.001245
0.001203
0.001111
0.001090
0.001052
0.000253
0.000583
0.000892
0.001115
0.001238
0.001255
0.001333
0.001327
0.001318
0.001321
0.001327
0.001372
0.011616
0.020016
0.017874
0.017708
0.017513
0.017133
0.017339
0.001480
0.001324
0.001309
0.001312
0.001309
0.001315
0.001342
0.001411
0.001471
0.001321
0.001324
0.001315
0.001312
0.001310
0.001306
0.001307
0.001307
0.001312
0.001301
0.001298
0.001312
0.001323
0.001352
0.001380
0.001973
0.002051
0.002088
0.002176
0.002310
0.002677
0.020010
0.020296
0.000457
0.007857
0.005453
0.003470
0.003241
0.004827
0.005394
0.005491
0.006284
0.006496
0.007013
0.008507
0.008373
0.008974
0.009359
0.009764
0.010236
0.023846
0.033343
0.035058
0.036914
0.038732
0.040134
0.040793
0.043372
0.044256
0.043246
0.045720
0.049373
0.055735
0.056228
0.080699
0.077767
0.074097
0.039516
0.035510
0.032637
0.030203
0.000160
0.003807
0.003799
0.003711
0.004165
0.037785
0.039785
0.042379
0.042637
0.040929
0.038368
0.035773
0.001635
0.001321
0.001157
0.001047
0.004999
0.005345
0.008371
0.008584
0.016755
0.017113
0.019605
0.108849
0.139419
0.170234
0.179760
0.189146
0.195297
0.194774
0.194063
0.189330
0.188982
0.186388
0.184696
0.177814
0.064746
0.055185
0.028051
0.021674
0.020113
0.018989
0.018993
0.000031
0.000020
0.000019
0.011169
0.034487
0.037321
0.040068
0.040928
0.039914
0.034892
0.029223
0.026601
0.003830
0.004168
0.004149
0.000142
0.000142
0.000123
0.000155
0.000169
0.000188
0.000084
0.000080
0.000144
0.000022
0.000024
0.000022
0.000013
0.000010
0.000018
0.000038
0.000049
0.000031
0.000032
0.000020
0.000025
0.000042
0.000030
0.000062
0.000076
0.004727
0.004613
0.003799
0.003813
0.002235
0.000383
0.002061
0.002657
0.002791
0.003407
0.015769
0.038760
0.094169
0.141704
0.143436
0.145966
0.137849
0.153744
0.155403
0.156845
0.157048
0.155715
0.151073
0.144350
0.024616
0.010294
0.011022
0.010843
0.021063
0.029974
0.079541
0.085311
0.092822
0.094154
0.089111
0.086824
0.000245
0.001200
0.002630
0.002661
0.002684
0.002745
0.002600
0.002511
0.000274
0.000233
0.000403
0.007349
0.006765
0.007269
0.021128
0.101188
0.123495
0.154240
0.202890
0.197915
0.166190
0.158740
0.152041
0.111783
0.070232
0.032429
0.029313
0.046327
0.046018
0.045325
0.013043
0.012553
0.012072
0.010104
0.009937
0.009917
0.009817
0.009756
0.009773
0.009763
0.009855
0.009875
0.009801
0.009816
0.009857
0.009878
0.009890
0.009877
0.009950
0.000005
0.000029
0.000026
0.000019
0.019385
0.019528
0.019652
0.019567
0.052438
0.052361
0.051707
0.052960
0.053490
0.053909
0.053020
0.041855
0.048112
0.042196
0.024299
0.026221
0.020083
0.017461
0.016963
0.016632
0.021143
0.025074
0.029387
0.030732
0.032000
0.033226
0.033737
0.033841
0.029307
0.024033
0.023680
0.014951
0.000206
0.004840
0.000052
0.000065
0.000100
0.000171
0.000215
0.000259
0.011016
0.011107
0.012228
0.026110
0.067748
0.105955
0.117315
0.217489
0.270626
0.294493
0.323453
0.347500
0.373093
0.453090
0.513826
0.003323
0.802547
0.873435
0.967206
1.064302
1.170858
1.343461
1.631258
1.716360
1.789066
0.001281
0.000852
0.000659
0.000496
0.000683
0.000815
0.000937
0.000921
0.000062
0.000091
0.000375
0.000125
0.000147
0.000032
0.000003
0.000010
0.000004
0.000004
0.000003
0.000011
0.000002
0.000001
0.000002
0.000001
0.000001
0.000001
0.000001
0.000001
0.000003
0.000002
0.000001
0.000001
0.000001
0.000002
0.000003
0.000008
0.000004
0.000005
0.000005
0.000084
0.000016
0.000036
0.000005
0.000004
0.000003
0.000004
0.000008
0.000005
0.000003
0.000003
0.000004
0.000020
0.000020
0.000021
0.000019
0.000051
0.000022
0.000029
0.000036
0.000069
0.000132
0.006351
0.007488
0.009885
1.798129
0.017927
2.222623
2.343359
2.505769
0.014375
2.579996
0.005630
0.004759
0.006847
0.006341
0.004249
0.003240
0.000077
0.000088
0.000118
0.000018
0.000014
0.000011
0.000006
0.000035
0.000060
0.000041
0.000061
0.000106
0.000183
0.000202
0.000249
0.000010
0.000037
0.000021
0.000048
0.000082
0.000004
0.000004
0.000009
0.000008
0.000012
0.000017
0.000063
0.001075
2.532712
2.530844
2.535298
2.232278
0.220825
0.174148
0.075083
0.034215
0.018443
0.005849
0.005605
0.000149
0.000212
0.016723
0.016727
0.022412
0.074674
0.074845
0.097904
0.628179
0.574507
0.523375
0.478622
0.378344
0.299866
0.205145
0.158633
0.128962
0.074930
0.060858
0.046625
0.042929
0.040516
0.035245
0.010038
0.007324
0.006111
0.000106
0.000031
0.000026
0.000019
0.000008
0.000003
0.000004
0.000006
0.000006
0.000005
0.000005
0.000010
0.000019
0.000054
0.000040
0.000016
0.000018
0.000017
0.000023
0.000308
0.002566
0.003137
0.000112
0.004967
0.054767
0.061261
0.074055
0.082677
0.294991
0.333089
0.379685
0.423273
0.471118
0.108596
0.006194
0.001542
0.000077
0.002644
0.002471
0.002305
0.002252
0.002201
0.002134
0.000077
0.000072
0.000057
0.001036
0.001129
0.001299
0.001356
0.001456
0.001127
0.000674
0.000301
0.000029
0.000026
0.000032
0.000057
0.000066
0.000407
0.089416
0.095192
0.083398
0.088063
0.092464
0.097501
0.100614
0.104852
0.139221
0.150369
0.155512
0.159822
0.163854
0.511104
0.641496
0.715499
0.825932
0.770470
0.737200
0.497566
0.089848
0.005631
0.005258
0.005258
0.003710
0.176429
0.178021
0.196206
0.197021
0.196892
0.198308
0.000350
0.017706
0.016811
0.000151
0.000009
0.000153
0.000381
0.052045
0.519810
0.533232
0.544787
0.554993
0.555319
0.553356
0.556316
0.539785
0.482428
0.237060
0.231589
0.219374
0.276507
0.270333
0.253408
0.240361
0.138299
0.136015
0.135453
0.134735
0.134695
0.134693
0.134708
0.145378
0.146190
0.147332
0.183176
0.182765
0.170410
0.134635
0.134620
0.000080
0.000288
0.004226
0.147387
0.005671
0.000275
0.011078
0.173815
0.174300
0.172873
0.005294
0.004396
0.009316
0.019195
0.370981
0.686805
0.811980
0.809301
0.809488
0.779375
0.646867
0.585960
0.449929
0.395696
0.157902
0.124659
0.035454
0.005510
0.003049
0.000187
0.000094
0.000063
0.000022
0.000045
0.000015
0.000026
0.006888
0.094099
0.094991
0.098399
0.116556
0.117830
0.154923
0.156209
0.165818
0.169652
0.170480
0.165329
0.172616
0.173351
0.188867
0.184885
0.190574
0.192110
0.195592
0.193870
0.188993
0.157077
0.111586
0.080303
0.000659
0.000442
0.000307
0.000323
0.000330
0.000115
0.000109
0.000105
0.000120
0.000107
0.000095
0.000010
0.000022
0.000072
0.000069
0.000117
0.000129
0.000238
0.011374
0.012544
0.082630
0.090784
0.094900
0.073628
0.075540
0.002059
0.001242
0.000034
0.000043
0.000014
0.000010
0.000011
0.000011
0.000010
0.000009
0.000005
0.000013
0.000013
0.000116
0.000097
0.000098
0.000084
0.000081
0.000075
0.000108
0.000118
0.000005
0.000003
0.000003
0.000006
0.000004
0.000010
0.000006
0.000004
0.000013
0.000020
0.000032
0.000026
0.001717
0.003511
0.304771
0.323970
0.356929
0.375164
0.392842
0.405031
0.395623
0.323787
0.286368
0.269500
0.001718
0.000005
0.001843
0.152089
0.149983
0.149874
0.006388
0.000003
0.000002
0.000005
0.000006
0.000006
0.000093
0.000153
0.000567
0.000625
0.007363
0.014488
0.025987
0.028661
0.031311
0.030980
0.034196
0.037380
0.040615
0.043608
0.045367
0.047057
0.200042
0.199879
0.199421
0.196984
0.195578
0.000645
0.000645
0.003339
0.004156
0.004919
0.005759
0.006110
0.006632
0.006728
0.192108
0.154191
0.000061
0.000004
0.000074
0.000048
0.000021
0.000075
0.000121
0.000287
0.222070
0.400024
0.448324
0.514063
0.577713
0.691984
0.795711
0.854236
1.003242
1.061148
1.051004
0.000177
0.047690
0.047763
0.000006
0.000001
0.000002
0.000001
0.000004
0.000003
0.000002
0.000001
0.000000
0.000000
0.000001
0.000002
0.000005
0.047542
0.048239
0.048030
0.187726
0.187919
0.188456
0.188724
0.188541
0.000051
0.910484
0.851941
0.794420
0.763837
0.002388
0.000223
0.000810
0.000562
0.091218
0.088565
0.139854
0.138835
0.137167
0.228996
0.997781
1.018847
0.055835
0.025485
0.004127
0.003484
0.001005
0.000001
0.000001
0.000001
0.000001
0.000005
0.000006
0.000002
0.000004
0.000001
0.000002
0.000003
0.000002
0.000006
0.000002
0.000003
0.000003
0.000004
0.000003
0.000002
0.000003
0.000003
0.000003
0.000002
0.000001
0.000010
0.000008
0.000026
0.000002
0.000005
0.000006
0.000013
0.000014
0.000002
0.000005
0.000008
0.000009
0.000006
0.000012
0.000002
0.000001
0.000002
0.000001
0.000001
0.000000
0.000001
0.000001
0.000001
0.000000
0.000001
0.000001
0.000001
0.000007
0.000003
0.000006
0.000008
0.000007
0.000007
0.000006
0.000008
0.000006
0.000002
0.000001
0.000001
0.000002
0.000003
0.000002
0.000005
0.000003
0.000003
0.000003
0.000011
0.000017
0.000016
0.000008
0.000004
0.000007
0.000008
0.000006
0.000007
0.000007
0.000002
0.000003
0.000003
0.000002
0.000003
0.000005
0.000003
0.000001
0.000005
0.000006
0.000002
0.000005
0.000004
0.000006
0.000003
0.000003
0.000008
0.000008
0.000012
0.000018
0.000013
0.000008
0.000005
0.000005
0.000003
0.000007
0.000008
0.000010
0.000002
0.000006
0.000005
0.000009
0.000010
0.000001
0.000002
0.000015
0.000004
0.000003
0.000023
0.000006
0.000002
0.000003
0.000003
0.000003
0.000001
0.000015
0.000012
0.000011
0.000003
0.000033
0.000023
0.000023
0.000005
0.000001
0.000003
0.000003
0.000002
0.000005
0.000004
0.000004
0.000002
0.000001
0.000000
0.000000
0.000001
0.000001
0.000002
0.000003
0.000000
0.000001
0.000002
0.000000
0.000002
0.000001
0.000001
0.000001
0.000001
0.000001
0.000001
0.000002
0.000002
0.000004
0.000008
0.000003
0.000003
0.000006
0.000053
0.000109
0.000062
0.000029
0.000008
0.000002
0.000001
0.000000
0.000000
0.000000
0.000000
0.000000
0.000000
0.000000
0.000001
0.000001
0.000017
0.000012
0.000004
0.000002
0.000002
0.000002
0.000001
0.000002
0.000002
0.000002
0.000002
0.000003
0.000002
0.000001
0.000001
0.000003
0.000001
0.000000
0.000000
0.000001
0.000000
0.000000
0.000000
0.000001
0.000001
0.000001
0.000003
0.000002
0.000002
0.000002
0.000001
0.000001
0.000001
0.000001
0.000001
0.000001
0.000002
0.000001
0.000002
0.000002
0.000003
0.000008
0.000007
0.000007
0.000007
0.000001
0.000001
0.000000
0.000001
0.000001
0.000001
0.000001
0.000001
0.000003
0.000008
0.000002
0.000003
0.000009
0.000017
0.000014
0.000008
0.000006
0.000016
0.000006
0.000007
0.000006
0.000006
0.000003
0.000010
0.000008
0.022349
0.023412
0.024138
0.000002
0.000001
0.000002
0.000002
0.000002
0.000001
0.000001
0.000000
0.000000
0.000006
0.000004
0.000003
0.000005
0.000005
0.000005
0.000004
0.000009
0.000004
0.000001
0.000002
0.000004
0.000005
0.000003
0.000002
0.000002
0.000001
0.000000
0.000000
0.000001
0.000001
0.000001
0.000001
0.000000
0.000001
0.000000
0.000000
0.000000
0.000001
0.000001
0.000001
0.000000
0.000000
0.000000
0.000000
0.000000
0.000000
0.000000
0.000000
0.000000
0.000000
0.000001
0.000001
0.000000
0.000000
0.000000
0.000000
0.000000
0.000000
0.000000
0.000000
0.000002
0.000001
0.000004
0.000007
0.000000
0.000337
0.000262
0.000068
0.000016
0.000014
0.000002
0.000003
0.000001
0.000000
0.000000
0.000000
0.000000
0.000000
0.000000
0.000000
0.000000
0.000000
0.000000
0.000000
0.000032
0.000026
0.000020
0.000001
0.000001
0.000000
0.000000
0.000000
0.000000
0.000000
0.000000
0.000000
0.000000
0.000000
0.000000
0.000001
0.000000
0.000001
0.000000
0.000002
0.000031
0.942819
0.941313
0.032449
0.022833
0.019997
0.017540
0.013918
0.012907
0.004520
0.000241
0.000000
0.000000
0.000000
0.000000
0.000000
0.000000
0.000000
0.000000
0.000000
0.000000
0.000000
0.000001
0.000000
0.000000
0.000000
0.000000
0.000000
0.000000
0.000000
0.000000
0.000000
0.000000
0.000000
0.000000
0.000000
0.000000
0.000000
0.000000
0.000000
0.000000
0.000000
0.000000
0.000000
0.000000
0.000000
0.000000
0.000000
0.000000
0.000000
0.000000
0.000000
0.000000
0.000000
0.000000
0.000000
0.000000
0.000000
0.000000
0.000000
0.000000
0.000000
0.000000
0.000000
0.000000
0.000000
0.000000
0.000000
0.000000
0.000000
0.000000
0.000000
0.000000
0.000000
0.000000
0.000000
0.000000
0.000000
0.000000
0.000000
0.000000
0.000000
0.000000
0.000000
0.000000
0.000000
0.002093
0.004214
0.004531
0.004602
0.000000
0.000000
0.000000
0.000000
0.000000
0.000000
0.000000
0.000000
0.000000
0.000000
0.000000
0.000000
0.000000
0.000000
0.000000
0.000000
0.000000
0.000000
0.000000
0.000000
0.000000
0.000000
0.000000
0.000000
0.000000
0.000000
0.000000
0.000000
0.000000
0.000000
0.000000
0.000000
0.000000
0.000000
0.000000
0.000000
0.000000
0.000000
0.000000
0.000000
0.000000
0.000000
0.000000
0.000000
0.000000
0.000000
0.000000
0.000000
0.000000
0.000000
0.000000
0.000000
0.000000
0.000000
0.000000
0.000000
0.000000
0.000000
0.000000
0.000000
0.000000
0.000000
0.000000
0.000000
0.000000
0.000000
0.000000
0.000000
0.000000
0.000000
0.000000
0.000000
0.000000
0.000000
0.000000
0.000000
0.000000
0.000000
0.000000
0.000000
0.000000
0.000000
0.000000
0.000000
0.000000
0.000000
0.000000
0.000000
0.000000
0.000000
0.000000
0.000000
0.000000
0.000000
0.000000
0.000000
0.000000
0.000000
0.000000
0.000000
0.000000
0.000000
0.000000
0.000000
0.000000
0.000000
0.000000
0.000000
0.000000
0.000000
0.000000
0.000000
0.000000
0.000000
0.000000
0.000000
0.000000
0.000000
0.000000
0.000000
0.000000
0.000000
0.000000
0.004612
0.005142
0.004876
0.000000
0.000000
0.000000
0.000000
0.000000
0.000000
0.000000
0.000000
0.000000
0.000000
0.000000
0.000000
0.000000
0.000000
0.000000
0.000000
0.000000
0.000000
0.000000
0.000000
0.000000
0.000000
0.000000
0.000000
0.000000
0.000000
0.000000
0.000000
0.000000
0.000000
0.000000
0.000000
0.000000
0.000000
0.000000
0.000000
0.000000
0.000000
0.000000
0.000000
0.000000
0.000000
0.000000
0.000000
0.000000
0.000000
0.000000
0.000000
0.000000
0.000000
0.000000
0.000000
0.000000
0.000000
0.000000
0.000000
0.000000
0.000000
0.000000
0.000000
0.000000
0.000000
0.000000
0.000000
0.000000
0.000000
0.000000
0.000000
0.000000
0.000000
0.000000
0.000000
0.000000
0.000000
0.000000
0.000000
0.000000
0.000000
0.000000
0.000000
0.000000
0.000000
0.000000
0.000000
0.000000
0.000000
0.000000
0.006069
0.019122
0.018713
0.016281
0.014044
0.000000
0.000000
0.000000
0.000000
0.000000
0.000000
0.000000
0.000000
0.000000
0.000000
0.000000
0.000000
0.000000
0.000000
0.000000
0.000000
0.000000
0.000000
0.000000
0.000000
0.000000
0.000000
0.000000
0.000000
0.000000
0.000000
0.000000
0.000000
0.000000
0.000000
0.000000
0.000000
0.000000
0.000000
0.000000
0.000000
0.000000
0.000000
0.000000
0.000000
0.000000
0.000000
0.000000
0.000000
0.000000
0.000000
0.000000
0.000000
0.000000
0.000000
0.000000
0.000000
0.000000
0.000000
0.000000
0.000000
0.000000
0.000000
0.000000
0.000000
0.000000
0.000000
0.000000
0.000000
0.000000
0.000000
0.000000
0.000000
0.000000
0.000000
0.000000
0.000000
0.000000
0.000000
0.000000
0.000000
0.000000
0.000000
0.000000
0.000000
0.000000
0.000000
0.000000
0.000000
0.000000
0.000000
0.000000
0.000000
0.000000
0.000000
0.000000
0.000000
0.000000
0.000000
0.000000
0.000000
0.000000
0.000000
0.000000
0.000000
0.000000
0.000000
0.000000
0.000000
0.000000
0.000000
0.000000
0.000000
0.000000
0.000000
0.000000
0.000000
0.000000
0.000000
0.000000
0.000000
0.000000
0.000000
0.000000
0.000000
0.000000
0.000000
0.000000
0.000000
0.000000
0.000000
0.000000
0.000000
0.000000
0.000000
0.000000
0.000000
0.000000
0.000000
0.000000
0.000000
0.000000
0.003393
0.000000
0.000000
0.000000
0.000000
0.000000
0.000000
0.000000
0.000000
0.000000
0.000000
0.000000
0.000000
0.000000
0.000000
0.000000
0.000000
0.000000
0.000000
0.000000
0.000000
0.000000
0.000000
0.000000
0.000000
0.000000
0.000000
0.000000
0.000000
0.000000
0.000000
0.000000
0.000000
0.000000
0.000000
0.000000
0.000000
0.000000
0.000000
0.000000
0.000000
0.000000
0.000000
0.000000
0.000000
0.000000
0.000000
0.000000
0.000000
0.000000
0.000000
0.000000
0.000000
0.000000
0.000000
0.006539
0.024360
0.026986
0.028275
0.030423
0.000013
0.000094
0.000093
0.000097
0.000000
0.000000
0.000000
0.000000
0.000000
0.000000
0.000000
0.000000
0.000000
0.000000
0.000000
0.000000
0.000000
0.000000
0.000000
0.000000
0.000000
0.000000
0.000000
0.000001
0.000000
0.000000
0.000000
0.000000
0.000000
0.000000
0.000000
0.000910
