0.000000
0.000000
0.000000
0.000000
0.000000
0.001821
0.003998
0.004822
0.004699
0.004405
0.004255
0.004213
0.001383
0.001357
0.001313
0.001162
0.000064
0.006505
0.006955
0.003527
0.000872
0.000066
0.000081
0.000134
0.000943
0.001478
0.002102
0.007305
0.008560
0.009324
0.009913
4.223569
4.012102
4.229329
4.307823
4.396099
5.391778
5.750932
5.901413
6.476851
6.619759
6.661237
6.702081
6.735427
6.740611
6.746420
6.747825
7.072290
7.077743
7.081475
7.081865
7.081831
7.075900
7.057432
7.053115
7.060454
7.068387
7.061909
7.057122
7.055175
7.056441
7.055722
7.060453
7.062095
7.056829
7.024451
7.008246
7.002012
6.994887
7.004096
7.007583
7.009583
7.019009
7.035513
7.062044
7.069653
7.068551
7.072797
7.077894
7.081552
7.089248
7.094717
7.097334
7.097066
7.095808
7.375264
7.379766
7.383574
7.383761
7.384477
7.384567
7.384583
7.385052
7.384393
7.384263
7.384246
7.381906
0.088467
7.262744
7.051496
6.751327
6.473398
0.684933
6.149650
6.479643
6.925486
7.395936
7.684644
7.736458
7.749749
7.759400
7.763144
7.762530
7.761107
7.751690
7.748480
7.746275
7.750360
7.751862
7.758746
7.765334
7.772373
7.772437
8.015891
8.020658
8.025728
8.028163
8.031104
8.031261
8.031557
8.031868
8.033045
8.032897
8.032882
8.033471
8.033368
8.035617
8.033163
8.031079
8.024520
8.022266
8.015675
8.011478
8.012030
8.017780
8.020941
8.024581
8.028122
8.028908
8.021254
7.981305
7.944256
7.797585
7.333752
6.296771
7.095665
6.101751
5.355120
6.603852
7.154680
7.554383
7.854848
8.137849
8.499416
8.679224
8.722329
8.724644
8.723275
8.720005
8.719193
8.716016
8.713088
8.712761
8.709022
8.670433
8.659344
8.647898
8.640150
8.640753
8.644071
8.650729
8.673461
8.701366
8.710984
8.715933
8.721436
8.720468
8.703645
8.678198
8.669323
8.668431
8.704481
8.622621
8.551591
8.460144
8.430892
0.000041
0.000016
0.000009
0.000002
0.000001
0.000001
0.000001
0.000000
0.000000
0.000000
0.000000
0.000000
0.000000
0.000000
0.000000
0.000000
0.000000
0.000000
0.000000
0.000000
0.000000
0.000000
0.000000
0.000001
0.000001
0.000000
0.000000
0.000000
0.000000
0.000000
0.000000
0.000000
0.000000
0.000000
0.000000
0.000000
0.000000
0.000000
0.000002
0.000001
0.000000
0.000000
0.000000
0.000000
0.000000
0.000001
0.000001
0.000001
0.000001
0.000003
0.000008
0.000011
0.000021
0.000045
0.000135
8.432657
8.464131
8.481865
8.490555
8.509355
8.519244
8.523344
8.528739
8.535569
8.543928
8.548924
8.555272
8.561088
8.563569
8.565135
8.569959
8.576019
8.582523
8.590258
8.588704
8.591062
8.597749
8.606809
8.613632
8.619085
8.622656
8.627563
8.629365
8.629825
8.631663
8.610169
8.598179
8.599421
8.611439
8.624263
8.640455
8.653178
8.661520
8.658441
8.647026
8.644073
8.572795
8.571238
8.555937
8.540878
8.518559
8.461765
8.488592
8.509354
8.551429
8.615626
8.715750
8.884570
8.941998
9.016492
8.937850
8.600536
8.571266
8.570067
8.569005
8.568689
8.567960
8.567979
8.567044
8.566778
8.567277
8.567957
8.567693
8.568003
8.690094
8.782440
8.801123
8.802785
8.802518
8.802440
8.802570
8.800411
8.723487
8.723642
8.724275
8.724360
8.724283
8.723508
8.723188
8.723051
8.723100
8.723510
8.724222
8.724578
8.723942
8.723731
8.724130
8.723941
8.721525
8.719334
8.718131
8.718219
8.721074
8.722633
8.722720
8.722448
8.719546
8.715954
8.706210
8.704548
8.704730
8.706358
8.709388
8.710153
8.716034
8.723549
8.722730
8.722893
8.723900
8.723344
8.722814
8.723012
8.723636
8.724591
8.724648
8.724451
8.724201
8.721487
8.719879
8.710821
8.579207
8.414512
8.300177
7.632630
0.024958
6.388651
5.826733
0.518494
4.575346
4.398854
4.239563
4.099750
3.815759
3.391822
3.722879
3.821833
0.020226
0.034826
0.160675
5.065919
5.680530
6.336835
7.051094
8.043365
8.444275
8.610656
8.686467
9.447782
9.452754
9.454047
9.454729
9.454607
9.454769
9.454986
9.454918
9.453797
9.452437
9.451994
9.451806
9.451946
9.451560
9.452755
9.452558
9.452176
9.452890
9.454447
9.454462
9.454459
9.454559
9.453177
9.449062
9.448303
9.449038
9.452734
9.454742
9.454635
9.454654
9.454708
9.454781
9.454997
9.455030
9.455022
9.454988
9.454841
9.454501
9.449645
9.440325
9.430264
9.426409
9.430265
9.425150
9.412846
9.405646
9.398175
9.397528
9.409358
9.432370
9.430299
9.424102
9.425737
9.432019
9.426331
9.423602
9.425311
9.428150
9.416903
9.288227
0.080962
8.583813
7.909682
7.416659
6.011094
7.764988
8.112118
8.489092
8.634918
8.782485
8.948419
8.733845
8.451921
8.160252
7.997586
7.596961
7.207883
6.123780
6.138573
8.133906
8.549609
9.042265
9.291113
9.348865
9.406443
9.425183
9.443111
9.451724
9.452833
9.440129
9.433653
9.417290
9.386366
9.347656
9.286979
8.961383
0.090791
8.746509
8.560886
8.405722
8.261014
8.077146
0.009397
0.003270
0.002855
0.000802
0.000525
0.000267
0.000178
0.000113
0.000108
0.000093
0.000180
0.000383
7.801954
7.601794
7.432584
7.128835
6.625665
6.166491
5.856758
4.130095
3.484065
1.479037
0.250295
0.009575
0.008982
0.008793
0.001613
0.001090
0.000062
0.000185
0.000220
0.000043
0.000045
0.000074
0.000044
0.000037
0.000377
0.000052
0.000031
0.000015
0.000026
0.000034
0.000026
0.000025
0.000076
0.001684
0.001620
0.000050
0.000226
0.000224
0.000310
0.000256
0.000175
0.000175
0.000222
0.000010
0.000006
0.000012
0.000006
0.000005
0.000003
0.000009
0.000009
0.000005
0.000008
0.000005
0.000175
0.000229
0.000229
0.000214
0.000252
0.000003
0.000002
0.000002
0.000002
0.000003
0.000005
0.000002
0.000002
0.000003
0.000002
0.000011
0.000003
0.000004
0.000016
0.000005
0.000006
0.000007
0.000001
0.000003
0.000001
0.000002
0.000003
0.000002
0.000001
0.000001
0.000000
0.000000
0.000001
0.000000
0.000000
0.000000
0.000001
0.000000
0.000000
0.000000
0.000003
0.000002
0.000001
0.000000
0.000000
0.000000
0.000002
0.000001
0.000001
0.000000
0.000000
0.000000
0.000000
0.000000
0.000000
0.000000
0.000000
0.000000
0.000000
0.000000
0.000000
0.000000
0.000000
0.000000
0.000000
0.000000
0.000001
0.000003
0.000004
0.000002
0.000002
0.000002
0.000003
0.000000
0.000000
0.000000
0.000000
0.000001
0.000000
0.000001
0.000000
0.000000
0.000000
0.000000
0.000000
0.000000
0.000001
0.000001
0.000000
0.000000
0.000000
0.000000
0.000000
0.000000
0.000000
0.000000
0.000000
0.000000
0.020178
0.094348
0.071826
0.061526
0.060136
0.059362
0.057503
0.055531
0.050907
0.050169
0.050198
0.011365
0.005625
0.013087
0.013418
0.014041
0.000000
0.000000
0.000000
0.000000
0.000000
0.000000
0.000000
0.000000
0.000000
0.000000
0.000000
0.000000
0.000000
0.000000
0.000000
0.000000
0.000000
0.000000
0.000000
0.000000
0.000000
0.000000
0.000000
0.000000
0.000000
0.000000
0.000000
0.000000
0.000000
0.000000
0.000000
0.000000
0.000000
0.000000
0.000000
0.000000
0.000000
0.000000
0.000000
0.000000
0.000000
0.000000
0.000000
0.000000
0.000000
0.000000
0.000000
0.000000
0.000000
0.000000
0.000000
0.000000
0.000000
0.000000
0.000000
0.000000
0.000000
0.000000
0.000000
0.000001
0.000004
0.000005
0.000000
0.000000
0.000000
0.000002
0.000001
0.000001
0.000002
0.000000
0.000000
0.000000
0.000000
0.000000
0.000000
0.000000
0.000000
0.000000
0.000000
0.000000
0.000000
0.000000
0.000000
0.000000
0.000000
0.000000
0.000000
0.000000
0.000000
0.000000
0.000000
0.000000
0.000000
0.000000
0.000000
0.000000
0.000000
0.000000
0.000000
0.000000
0.000000
0.000000
0.000000
0.000000
0.000000
0.000000
0.000000
0.000000
0.000000
0.000000
0.000000
0.000000
0.000000
0.000000
0.000000
0.000000
0.000000
0.000000
0.000000
0.000000
0.000000
0.000000
0.000000
0.000000
0.000000
0.000000
0.000000
0.000000
0.000000
0.000000
0.000000
0.000000
0.000000
0.000000
0.000000
0.000001
0.000001
0.000000
0.000000
0.000000
0.000000
0.000000
0.000000
0.000000
0.000000
0.000000
0.000000
0.000000
0.000000
0.000000
0.000000
0.000000
0.000000
0.000000
0.000000
0.000000
0.000000
0.000000
0.000000
0.000000
0.000000
0.000000
0.000000
0.000000
0.000000
0.000000
0.000000
0.000000
0.000000
0.000000
0.000000
0.000000
0.000000
0.000000
0.000000
0.000000
0.000000
0.000000
0.000000
0.000000
0.000000
0.000000
0.000000
0.000000
0.000000
0.000000
0.000000
0.000000
0.000000
0.000000
0.000000
0.000000
0.000000
0.000000
0.000000
0.000000
0.000000
0.000000
0.000000
0.000000
0.000000
0.000000
0.000000
0.000000
0.000000
0.000000
0.000000
0.000000
0.000000
0.000000
0.000000
0.000000
0.000000
0.000000
0.000000
0.000000
0.000000
0.000000
0.000000
0.000000
0.000000
0.000000
0.000000
0.000000
0.000000
0.000000
0.000000
0.000000
0.000000
0.000000
0.000000
0.000000
0.000000
0.000000
0.000000
0.000000
0.000000
0.000000
0.000000
0.000000
0.000000
0.000000
0.000000
0.000000
0.000000
0.000000
0.000000
0.000000
0.000000
0.000000
0.000000
0.000000
0.000000
0.000000
0.000000
0.000000
0.000000
0.000000
0.000000
0.000000
0.000000
0.000000
0.000000
0.000001
0.000000
0.000000
0.000000
0.000000
0.000000
0.000000
0.000000
0.000000
0.000000
0.000000
0.000000
0.000000
0.000000
0.000000
0.000000
0.000000
0.000000
0.000000
0.000000
0.000000
0.000000
0.000000
0.000000
0.000000
0.000000
0.000000
0.000000
0.000000
0.000000
0.000000
0.000000
0.000000
0.000000
0.000000
0.000000
0.000000
0.000000
0.000000
0.000000
0.000000
0.000000
0.000000
0.000000
0.000000
0.000000
0.000000
0.000000
0.000000
0.000000
0.000000
0.000000
0.000000
0.000000
0.000000
0.000000
0.000000
0.000000
0.000000
0.000000
0.000000
0.000000
0.000000
0.000000
0.000000
0.000000
0.000000
0.000000
0.000000
0.000000
0.000000
0.000000
0.000000
0.000000
0.000000
0.000000
0.000000
0.000000
0.000000
0.000000
0.000000
0.000000
0.000000
0.000000
0.000000
0.000000
0.000000
0.000000
0.000000
0.000000
0.000000
0.000000
0.000000
0.000000
0.000000
0.000000
0.000000
0.000000
0.000000
0.000000
0.000000
0.000000
0.000000
0.000000
0.000000
0.000000
0.000000
0.000000
0.000000
0.000000
0.000000
0.000000
0.000000
0.000000
0.000000
0.000000
0.000000
0.000000
0.000000
0.000000
0.000000
0.000000
0.000000
0.000000
0.000000
0.000000
0.000000
0.000000
0.000000
0.000000
0.000000
0.000000
0.000000
0.000000
0.000000
0.000000
0.000000
0.000000
0.000000
0.000000
0.000000
0.000000
0.000000
0.000000
0.000000
0.000000
0.000000
0.000000
0.000000
0.000000
0.000000
0.000000
0.000000
0.000000
0.000000
0.000000
0.000000
0.000000
0.000000
0.000000
0.000000
0.000000
0.000000
0.000000
0.000000
0.000000
0.000000
0.000000
0.000000
0.000000
0.000000
0.000000
0.000000
0.000000
0.000000
0.000000
0.000000
0.000000
0.000000
0.000000
0.000000
0.000000
0.000000
0.000000
0.000000
0.000000
0.000000
0.000000
0.000000
0.000000
0.000000
0.000000
0.000000
0.000000
0.000000
0.000000
0.000000
0.000000
0.000000
0.000000
0.000000
0.000000
0.000000
0.000000
0.000000
0.000000
0.000000
0.000000
0.000000
0.000000
0.000000
0.000000
0.000000
0.000000
0.000000
0.000000
0.000000
0.000000
0.000000
0.000000
0.000000
0.000000
0.000000
0.000000
0.000000
0.000000
0.000000
0.000000
0.000000
0.000000
0.000000
0.000000
0.000000
0.000000
0.000000
0.000000
0.000000
0.000000
0.000000
0.000000
0.000000
0.000000
0.000000
0.000000
0.000000
0.000000
0.000000
0.000000
0.000000
0.000000
0.000172
0.000173
0.000173
0.000173
0.000000
0.000000
0.000000
0.000000
0.000000
0.000000
0.000000
0.000000
0.000000
0.000000
0.000000
0.000000
0.000000
0.000000
0.000000
0.000000
0.000000
0.000000
0.000000
0.000000
0.000000
0.000000
0.000000
0.000000
0.000000
0.000000
0.000000
0.000000
0.000000
0.000000
0.000000
0.000000
0.000000
