0.002244
0.001564
0.001499
0.001478
0.000030
0.000031
0.000043
0.000061
0.007047
0.006990
0.006520
0.009552
0.009476
0.008941
0.002545
0.002873
0.002796
0.000854
0.001320
0.001672
0.001952
0.002154
0.002317
0.002357
0.001844
0.001803
0.001572
0.001580
0.001623
0.013324
0.013523
0.014043
0.019937
0.040177
0.057766
0.088034
0.110541
0.124954
0.140163
1.235558
0.095787
0.098760
0.099504
0.121003
0.003050
0.002497
0.000269
0.000531
0.034217
0.034502
0.000347
0.049549
0.052192
0.053359
0.054693
0.056234
0.053199
0.057244
0.058815
0.062351
0.062871
0.063893
0.000086
0.003120
0.003193
0.000130
0.000002
0.004340
0.067605
0.067935
0.075249
0.076649
0.076652
0.075631
0.080985
0.103529
0.220443
0.231722
0.307872
0.325123
0.890417
0.940084
0.000000
0.000000
0.000000
0.000000
0.000000
0.000000
0.000000
0.000000
0.000000
0.000000
0.000000
0.000000
0.000000
0.000000
0.000000
0.000000
0.000000
0.000000
0.000000
0.000000
0.000000
0.000000
0.000000
0.000000
0.000000
0.000000
0.000000
0.000000
0.000000
0.000000
0.000000
0.000000
0.000000
0.000000
0.000000
0.000000
0.000000
0.000000
0.000000
0.000000
0.000000
0.000000
0.000000
0.000000
0.000000
0.000000
0.000000
0.000000
0.000000
0.000000
0.000000
0.000000
0.000000
0.000000
0.000000
0.000000
0.000000
0.000000
0.000000
0.000000
0.000000
0.000000
0.000001
0.000001
0.000000
0.000001
0.000001
0.000002
0.000002
0.000000
0.000000
0.000001
0.000000
0.000009
0.000006
0.000001
0.000000
0.000001
0.000001
0.000001
0.000001
0.000000
0.000001
0.000001
0.000001
0.000000
0.000001
0.000001
0.000001
0.000000
0.000002
0.000002
0.000000
0.000000
0.000000
0.000001
0.000003
0.000003
0.000007
0.000016
0.000029
1.095007
3.851219
4.231000
4.700654
5.040806
5.275222
5.436999
5.650249
5.751970
5.796718
5.843825
5.865362
5.854397
5.843141
5.844175
5.697091
5.261116
4.927343
0.000304
0.000199
0.000082
0.000076
0.000062
0.000056
0.000083
0.000133
0.000000
0.000000
0.000000
0.000001
0.000001
0.000001
0.000001
0.000002
0.000004
0.000002
0.000117
0.006573
4.338308
3.898300
3.175606
2.818069
2.229172
0.115113
0.019414
0.014625
0.005246
0.002032
0.000003
0.000001
0.000001
0.000001
0.000000
0.000001
0.000001
0.000001
0.000001
0.000001
0.000002
0.000002
0.000002
0.000001
0.000001
0.000002
0.000001
0.000002
0.000003
0.000003
0.000002
0.000013
0.000022
0.000032
0.000024
0.000230
0.000009
0.000017
0.000016
0.000040
0.000003
0.000013
0.000012
0.000009
0.000006
0.000006
0.000010
0.000009
0.000018
0.000024
0.000013
0.000008
0.000006
0.000006
0.000002
0.000002
0.000002
0.008178
0.274522
0.945836
1.608689
2.577931
2.995569
4.090764
6.498378
7.710942
0.042280
7.732395
8.049358
8.293642
8.414682
8.795306
9.112004
9.146842
9.139002
9.110708
8.874708
8.874431
8.875236
8.875050
8.875047
8.875061
0.000051
0.000027
0.000009
0.000004
0.000002
0.000001
0.000006
0.000004
0.000003
0.000001
0.000001
0.000000
0.000000
0.000000
0.000000
0.000001
0.000000
0.000003
0.000002
0.000005
0.000008
0.000006
0.000021
0.000001
0.000001
0.000001
0.000001
0.000006
0.000001
0.000001
0.000004
0.000097
0.000042
0.000018
0.000012
0.000009
0.000016
0.000006
0.000008
0.000004
0.000004
0.000015
0.000008
0.000007
0.000009
0.000009
0.000005
0.000004
0.000003
0.000002
0.000002
0.000003
0.000006
0.000004
0.000005
0.000004
0.000014
0.000009
0.000009
0.000005
0.000003
0.000003
0.000025
0.000019
0.000006
0.000003
0.000003
0.000010
0.000022
0.000059
0.000051
0.000033
0.000045
0.000019
0.000007
0.000003
0.000004
0.000062
0.000035
0.000014
0.000010
0.000005
0.000004
0.000006
0.000051
0.000038
0.000020
0.000012
0.000009
0.000011
0.000020
0.000028
0.000038
0.000018
0.000017
0.000016
0.000032
0.000043
0.000121
0.000169
0.000826
0.001613
0.002905
8.987448
9.062890
9.250084
9.268363
9.272550
9.273066
9.273126
9.273044
9.273186
9.273276
9.273051
9.272689
9.272365
9.271031
9.270236
9.268225
9.220605
8.790184
8.781617
8.779599
8.939700
8.950548
8.966499
8.977595
8.982350
8.992037
9.012069
9.057635
9.066989
9.082948
9.092945
9.102912
9.118221
9.128575
9.130472
9.133606
9.134981
9.136133
9.136352
9.136290
9.136397
9.136516
9.136663
9.136764
9.136843
9.136989
9.137463
9.467014
9.607977
9.671933
9.706007
9.724827
9.781875
9.814740
9.835774
9.860090
9.866075
9.892164
9.929741
9.968745
9.972300
9.974781
9.978146
9.973440
9.964515
9.661552
9.660232
9.659615
9.658129
9.655443
9.655827
9.655771
9.655814
9.655740
9.655766
9.655759
9.655236
9.652786
9.650133
9.643872
9.642759
9.645987
9.641201
9.617150
9.577645
9.554335
9.365586
9.364612
9.362324
9.361069
9.359252
9.357084
9.356204
9.355938
9.356017
9.355737
9.356281
9.358376
9.359265
9.358336
9.357545
9.357240
9.358072
9.358874
9.402861
9.396933
9.390130
9.331293
9.292349
9.261948
9.239152
9.223153
9.137921
9.096958
9.050907
8.880054
8.556698
8.080672
7.572558
0.169589
6.562517
0.997261
8.499503
9.128273
9.220827
9.254008
9.258480
9.260359
9.336489
9.358945
9.359822
9.359916
9.359921
9.359874
9.359526
9.359553
9.359821
9.359657
9.359596
9.359693
9.359564
9.358801
9.358890
9.360576
9.351823
9.347204
9.282950
0.096249
9.231199
9.320700
9.336852
9.360542
9.359429
9.359159
9.357267
9.349589
9.268382
9.163450
8.984011
8.983721
8.983483
8.983450
8.983477
8.983456
8.983469
8.982974
8.980470
8.948980
8.847999
8.848565
8.851375
8.851475
8.850832
8.850706
8.851225
8.851695
8.851810
8.856059
8.977855
8.981551
8.982437
8.983249
8.982938
8.982272
8.982231
8.982139
8.981105
8.981293
8.982863
8.983304
8.983261
8.983235
8.983308
8.983350
8.983147
8.982843
8.981892
8.977770
8.840205
8.490100
8.489011
8.488558
8.489984
8.490582
8.490681
8.490294
8.488331
8.488747
8.488542
8.487484
8.487756
8.492627
8.830727
8.847072
8.851576
8.853259
8.854185
8.853993
8.853932
8.854666
8.855872
9.209067
9.246253
9.253947
9.256585
9.258357
9.258444
9.257757
9.257550
9.256702
9.256176
9.258134
9.259119
9.259454
9.259469
9.259287
9.258269
9.258051
9.257970
9.258340
9.258335
9.258339
9.258320
9.255240
9.253726
9.254075
9.256200
9.257723
9.258142
9.257538
9.256294
9.252436
9.249665
9.106048
8.948208
8.938699
9.070762
9.147348
9.038996
8.959862
8.908476
8.858460
8.701399
8.565541
8.447092
8.038366
7.624792
6.935083
6.141952
5.902630
5.655979
0.017868
5.792832
5.664160
5.085924
4.624815
4.298793
0.502268
0.229731
0.135080
0.024752
3.740427
4.009076
4.200914
4.307475
4.594814
0.019516
5.223542
6.839533
7.401390
8.139620
8.354820
8.471341
7.961110
6.830584
4.230373
7.974908
8.909090
0.008059
0.007222
0.006343
0.006064
0.005926
0.004802
0.003915
0.003511
0.002704
0.000653
0.000514
0.000599
0.003668
0.004613
0.005461
0.007109
0.008276
0.010402
8.832005
8.883095
8.781242
8.734922
8.650957
8.396068
8.089691
7.413813
6.526295
5.869402
5.350266
4.916588
0.001603
0.001506
0.001105
0.004216
0.002981
0.154512
0.128403
0.007360
0.401874
0.636363
1.259469
2.626847
4.500671
5.025364
5.683659
6.459347
7.293798
7.667804
7.968065
8.283498
8.288822
8.256424
8.161584
8.074816
7.984274
7.192740
6.452464
5.730305
5.148159
4.628234
4.161749
3.746346
0.168495
0.138414
0.164073
0.160959
0.112286
0.000119
0.000152
0.000071
0.000071
0.000073
0.000078
0.000097
0.000093
0.000093
0.000064
0.000039
0.001524
0.029171
2.704640
2.526310
1.301885
1.398496
1.461808
0.086662
2.014005
3.117995
3.422130
3.657496
3.955321
0.033323
4.634903
5.099769
5.634757
6.361021
7.145104
7.397981
7.355633
7.397308
7.411920
7.376117
7.318998
7.283301
7.238499
7.141601
7.027157
6.909452
0.085923
0.011557
0.010431
0.005684
