0.002749
0.002350
0.002053
0.000029
0.000005
0.000001
0.000001
0.000015
0.000036
0.000026
0.000024
0.002958
0.009831
0.015833
0.015843
0.028340
0.019021
0.009585
0.003305
0.000351
0.030724
0.031185
0.031616
0.031981
0.031851
0.031956
0.031921
0.031356
0.031383
0.031217
0.030364
0.019574
0.019572
0.026993
0.038178
0.051753
1.473019
1.318006
0.855854
0.061501
0.013548
0.011896
0.000754
0.000267
0.000252
0.000005
0.000005
0.000013
0.000011
0.000008
0.000022
0.000013
0.000012
0.000050
0.000009
0.000006
0.000003
0.000128
0.000105
0.000119
0.000259
0.000289
0.001745
0.001743
0.001801
0.001817
0.000020
0.000023
0.000047
0.000054
0.000093
0.000102
0.000084
0.000146
0.000063
0.000092
0.000142
0.000265
0.730191
0.773380
0.796218
0.947388
0.969175
0.993960
1.024680
1.038447
0.003290
0.000015
0.000014
0.000008
0.000002
0.000002
0.000002
0.000003
0.000007
0.000004
0.000002
0.000004
0.000017
0.000019
0.000017
0.000003
0.000003
0.000019
0.000121
0.000018
0.000021
0.000005
0.000007
0.000009
0.000004
0.000311
0.001257
0.003714
0.863820
0.856315
0.859564
0.006501
0.002962
0.000106
0.001282
0.002355
0.002385
0.002644
0.002691
0.001169
0.000904
0.000922
0.000864
0.000063
0.000051
0.000058
0.000104
0.000447
0.871840
0.827266
0.848619
0.841501
0.837909
0.830749
0.798130
0.776964
0.000178
0.000127
0.000097
0.000126
0.000015
0.000023
0.000035
0.000032
0.000024
0.000038
0.003973
0.005126
0.646348
0.619245
0.580982
0.553076
0.090740
0.086765
0.058143
0.032546
0.027928
0.025969
0.007371
0.012836
0.012991
0.018705
0.018771
0.161519
0.163796
0.164159
0.160415
0.194192
0.184743
0.019083
0.018709
0.008920
0.000160
0.000092
0.008554
0.004917
0.011346
0.019651
0.019905
0.019272
0.019047
0.009117
0.009799
0.005821
0.011203
0.028590
0.142906
0.156367
0.161461
0.189121
0.203778
0.117145
0.000864
0.000176
0.000158
0.000188
0.000091
0.000384
0.000399
0.000503
0.053684
0.049509
0.046970
0.044634
0.039999
0.025489
0.012323
0.005144
0.003786
0.000131
0.000141
0.000049
0.000080
0.000109
0.000072
0.000124
0.000121
0.000197
0.000240
0.003020
0.002912
0.004358
0.002531
0.003603
0.027116
0.055886
0.063704
0.066715
0.068874
0.076730
0.125750
0.273163
0.276337
0.289228
0.323561
0.323553
0.321833
0.317460
0.309419
0.301075
0.041353
0.020881
0.019300
0.017290
0.001814
0.001459
0.023026
0.047634
0.253029
0.261129
0.255196
0.246105
0.236519
0.157612
0.149830
0.119441
0.127357
0.113436
0.010981
0.011337
0.000162
0.000204
0.000105
0.000031
0.000027
0.000028
0.000035
0.000033
0.000069
0.000737
0.000873
0.000853
0.006739
0.011670
0.010918
0.005323
0.005251
0.003355
0.004116
0.004880
0.005130
0.005245
0.017798
0.062826
0.062861
0.066575
0.067779
0.063819
0.065771
0.062377
0.064767
0.078888
0.083035
0.076894
0.070571
0.064783
0.062190
0.058209
0.055895
0.053741
0.018357
0.018232
0.001398
0.001652
0.001579
0.001863
0.012661
0.018653
0.060331
0.072286
0.076606
0.080265
0.086981
0.090904
0.105946
0.111792
0.122832
0.128179
0.132299
0.127885
0.130890
0.135475
0.136760
0.119340
0.103757
0.046112
0.026390
0.003907
0.000032
0.000019
0.000020
0.000016
0.000009
0.000020
0.000027
0.000041
0.000025
0.000015
0.002600
0.002990
0.018818
0.020103
0.042517
0.070830
0.074153
0.311347
0.322391
0.326957
0.329450
0.005204
0.392195
0.399288
0.402331
0.385828
0.380114
0.374494
0.366601
0.358502
0.339661
0.064722
0.056369
0.028505
0.007937
0.005731
0.001869
0.001226
0.001325
0.000050
0.001658
0.004419
0.296724
0.300420
0.300971
0.299347
0.298763
0.001683
0.001359
0.000656
0.000023
0.000031
0.000116
0.004971
0.004908
0.004983
0.005128
0.006954
0.008935
0.019420
0.025423
0.110141
0.400467
0.369655
0.056958
0.069019
0.031654
0.028771
0.030797
0.003769
0.000256
0.041056
0.055778
0.060334
0.510095
0.528625
0.530304
0.531547
0.505624
0.499289
0.489710
0.061400
0.020416
0.017291
0.267582
0.308424
0.299469
0.306395
0.005730
0.009278
0.018454
0.585490
0.646373
0.692414
0.766244
0.747469
0.695675
0.241933
0.047709
0.044950
0.038635
0.020134
0.000267
0.000400
0.000161
0.000117
0.000161
0.000250
0.000258
0.002232
0.002346
0.001747
0.001382
0.000159
0.000234
0.000348
0.000151
0.009265
0.019750
0.262467
0.282363
0.000558
0.413106
0.441158
0.435638
0.420889
0.006339
0.001169
0.029421
0.131030
0.227787
0.349479
1.143713
1.419777
1.907480
2.150339
2.426363
0.007503
3.036252
3.557482
4.135183
4.994952
5.935626
6.725934
7.425880
8.298715
8.354414
8.416424
8.428866
8.399573
8.366618
8.359646
0.159300
8.867978
8.963039
8.991727
9.000237
9.011536
9.008934
8.989101
8.957793
8.889301
0.208591
8.742663
8.885826
9.190776
9.214766
9.228237
9.228227
9.228218
9.229855
9.229948
9.232103
9.232749
9.232062
9.229046
9.224526
9.209507
9.170237
9.080150
9.068884
9.094587
9.122717
9.073520
9.039540
9.008040
0.109418
9.216918
9.228561
9.230166
9.231523
9.231335
9.231735
9.232607
9.232912
9.232991
9.232973
9.232999
9.233004
9.232980
9.233082
9.233098
9.233061
9.232722
9.232760
9.233117
9.232804
9.232771
9.232919
9.231833
9.231435
9.231489
9.232119
9.232664
9.232694
9.232857
9.232670
9.232873
9.233073
9.233085
9.233091
9.233008
9.232414
9.230501
9.229595
9.229944
9.231112
9.232800
9.233143
9.233152
9.233140
9.233118
9.232928
9.232462
9.231987
9.232278
9.232577
9.232878
9.232862
9.231476
9.229712
9.229502
9.230755
9.230893
9.230617
9.229149
9.227488
9.227621
9.225307
9.227093
9.231196
9.232038
9.232904
9.231584
9.230922
9.231680
9.232588
9.232494
9.232102
9.231727
9.230309
9.227901
9.227627
9.229092
9.229408
9.229922
9.231164
9.231920
9.231221
9.231848
9.232856
9.231941
9.224059
9.177939
9.142694
8.961999
8.950206
8.950502
8.950658
8.950645
9.032241
9.032141
9.032280
9.032932
9.032044
9.019309
8.953841
0.001031
0.000459
0.000202
0.000084
0.000037
0.000017
0.000008
0.000004
0.000002
0.000001
0.000001
0.000001
0.000001
0.000001
0.000001
0.000001
0.000001
0.000001
0.000001
0.000001
0.000000
0.000000
0.000000
0.000000
0.000001
0.000000
0.000001
0.000001
0.000001
0.000002
0.000002
0.000002
0.000000
0.000001
0.000000
0.000000
0.000000
0.000000
0.000000
0.000000
0.000000
0.000001
0.000001
0.000002
0.000005
0.000011
0.000018
0.000042
0.000135
0.000384
0.000655
9.192771
9.160613
8.835942
8.748082
9.261288
9.280354
9.297148
9.304575
9.308805
9.456832
9.458370
9.459400
9.460734
9.461109
9.461516
9.462183
9.462167
9.462211
9.462263
9.462226
9.461725
9.460573
9.456823
9.261687
9.262982
9.263067
9.262293
9.261768
9.262052
9.262802
9.262630
9.262532
9.262179
9.262005
9.262088
9.261282
9.260858
9.257588
8.992095
8.989893
8.990756
8.991469
8.991147
9.109079
9.111065
9.112705
9.112823
9.112778
9.112800
9.112771
9.112685
9.112121
9.111948
9.112416
9.112658
9.112750
9.112897
9.210761
9.306831
9.369536
9.380783
9.384011
9.382792
9.381964
9.383199
9.385949
9.386072
9.386049
9.386020
9.385899
9.385139
9.378462
9.374360
9.363364
9.360570
9.361820
9.366593
9.374982
9.381096
9.382127
9.383164
9.384003
9.384304
9.380217
9.336669
8.861288
8.853208
8.841543
8.829860
8.828682
8.828370
8.827031
8.826336
8.824944
8.825770
8.826958
8.827221
8.829058
8.836736
8.848325
8.853781
8.856206
8.859014
8.860898
8.859708
8.854309
8.751343
0.042716
8.704794
8.754642
8.803928
8.853318
8.863777
8.865994
8.866392
8.866389
8.866369
8.866438
8.866917
8.866428
8.866359
8.866716
8.866725
8.865819
8.865225
8.864865
8.866128
8.866102
8.866255
8.866925
8.866972
8.866853
8.866695
8.866177
8.865443
8.860278
8.845873
8.833722
8.816749
8.783651
0.063756
0.061999
0.061499
8.641299
8.842613
8.896303
8.909812
8.923046
8.942258
8.952511
8.957411
8.963194
8.974170
8.982258
8.984531
8.981737
8.970305
8.958693
8.923764
8.921885
8.919248
8.916176
8.914411
8.915644
8.915086
8.915210
8.916614
8.919730
8.888173
0.054522
0.055020
8.989703
8.997931
9.006447
9.005303
9.006713
9.009403
8.963779
0.120530
8.989655
9.016628
9.018609
9.021528
9.026981
9.029597
9.033430
9.034066
9.034086
9.033344
9.330831
9.355576
9.356909
9.346146
9.339578
9.334895
9.331570
0.001316
0.000686
0.000194
0.000093
0.000050
0.000031
0.000023
0.000017
0.000018
0.000002
0.000001
0.000018
0.000014
0.000008
0.000040
0.000081
0.000085
0.000095
0.000087
0.000135
0.000210
0.000319
0.000599
9.578673
0.046178
0.045397
0.045410
0.045495
0.045353
9.717399
9.734164
9.734582
9.728922
9.724044
9.720130
9.717946
9.449941
9.443591
9.425234
9.328757
8.101278
5.261605
7.500687
8.486479
9.006109
9.341786
9.388798
9.430969
9.439958
9.440248
9.439786
9.440026
9.440763
9.443795
9.443531
9.443688
9.443891
9.443984
9.444593
9.444467
9.443997
9.444036
9.442441
9.439783
9.437936
9.436541
9.169995
9.169923
9.167086
9.166986
9.168962
9.169757
9.169244
9.161491
9.111785
9.040684
8.895591
9.029221
9.126621
9.157580
9.165723
9.169405
9.169882
9.168750
9.165459
9.159496
9.136866
8.923611
8.922248
8.923582
8.924038
8.924398
8.923148
8.923110
8.922048
8.921754
8.921440
8.920889
8.920983
8.921056
8.922142
8.922044
8.922565
8.923673
8.924654
8.924537
8.924575
8.924833
8.924560
8.924391
8.924594
8.924773
8.923821
8.923566
8.922995
8.917995
8.916409
8.949636
8.953693
8.954768
8.951641
8.920569
8.871100
8.827852
8.790001
8.737533
8.674082
8.654417
8.643125
8.636649
8.632775
8.627369
8.625713
8.622998
8.620566
8.429528
8.428529
8.427724
8.428931
8.431323
8.434345
8.423009
8.414188
8.400937
8.358594
8.219203
8.058805
0.008063
0.004159
0.001577
0.001011
0.000657
0.000236
0.000131
0.000079
0.000080
0.000082
0.000103
0.000121
0.000217
7.163282
6.891755
6.634832
6.151503
5.064863
4.267308
0.224229
3.885074
3.843994
3.823454
3.839400
3.801916
0.049917
0.017990
0.005585
0.004309
0.003649
0.003605
3.531243
3.362889
3.218009
0.023943
0.006243
3.026875
3.165297
3.184006
1.876688
1.616530
2.344964
2.434226
2.228485
2.057292
1.876367
0.229277
0.013378
0.000889
0.000400
0.000120
0.000116
0.002630
0.003835
0.005302
0.000101
0.000073
0.000093
0.000056
0.004592
0.017473
1.923549
2.002523
0.002986
0.003482
0.000039
0.000045
0.000043
0.000058
0.000069
0.013619
0.016864
2.330394
2.893395
3.409996
3.596819
3.682466
3.775375
3.848629
3.601803
2.858988
0.005659
0.003192
1.545964
0.676988
0.075065
0.012549
0.033772
0.071022
1.512039
1.994213
2.623834
3.303569
3.767036
4.303369
4.824962
5.207278
0.000734
0.000400
0.000466
0.000242
0.000090
0.000156
0.000176
0.000872
0.002228
5.475654
5.462401
5.395875
0.054158
0.006481
0.002575
0.002522
0.000000
0.000000
0.000000
0.000000
0.000000
0.000000
0.000000
0.000000
0.000000
0.000000
0.000000
0.000000
0.000000
0.000000
0.000000
0.000000
