0.182527
0.074085
0.054599
0.047214
0.042502
0.001635
0.001497
0.006351
0.020833
0.020931
0.020622
0.020397
0.020457
0.020391
0.019785
0.019777
0.019112
0.023899
0.020615
0.016648
0.016516
0.016559
0.000065
0.000022
0.000011
0.000011
0.000008
0.000028
0.000048
0.000053
0.000132
0.004252
0.004887
0.005968
0.005433
0.009757
0.011103
0.007119
0.007294
0.006405
0.000160
0.005745
0.042998
0.574090
0.592528
0.530459
0.544582
0.194387
0.497436
0.917595
1.105931
1.194064
1.687798
2.172356
2.444349
2.729151
3.388163
4.251387
4.750541
5.262993
5.519688
5.975016
6.058380
6.146854
6.233399
6.309178
6.404061
6.426390
6.420952
6.348971
6.252392
5.778770
0.263024
3.740032
0.007163
0.004149
0.000016
0.000017
0.000023
0.002910
0.001051
0.000771
0.000495
0.000080
0.000088
0.008007
0.006467
0.006568
0.005902
0.005634
2.770496
0.024608
3.439204
3.869716
0.001463
0.005816
0.005284
0.004985
0.004788
0.004800
0.004918
0.004482
0.004634
0.000063
0.000027
0.000012
0.000008
0.000008
0.000009
0.000009
0.002817
4.414315
4.862578
5.073671
5.335902
5.472559
0.000203
0.000302
0.000189
0.000170
0.000385
0.000387
0.000613
0.000589
0.000805
0.002501
0.003859
5.840599
5.999600
6.166762
6.321444
6.334610
6.347078
0.000038
0.000016
0.000022
0.000024
0.000048
0.000083
6.362329
6.364817
6.364501
6.363316
6.359402
6.355177
6.332660
6.262660
6.193509
6.057599
6.027132
0.003272
5.957986
5.904633
5.813460
5.651903
5.133993
4.726495
3.207840
0.090504
0.089639
4.844541
5.295265
5.600978
5.838931
5.941057
5.978464
5.983958
5.974973
5.820170
0.091928
0.000014
0.000010
0.000012
0.000012
0.000007
0.000019
0.000024
0.000008
0.000004
0.000002
0.000002
0.000003
0.000004
0.000004
0.000004
0.000005
0.000013
0.000014
0.000008
0.000007
0.000005
0.000005
0.000010
0.000017
0.000010
0.000114
0.000122
0.000022
0.000021
0.000031
0.000069
0.000082
0.000013
0.000017
0.000036
0.000038
0.000012
0.000017
0.000016
0.000072
0.000077
0.000091
0.093369
5.814908
5.821987
5.781241
5.706006
5.684226
5.656964
5.588382
5.530827
5.270116
5.074320
0.120434
4.767710
5.219909
5.666153
6.060238
0.005533
0.000086
0.005263
0.021035
5.892233
5.976510
6.028155
6.218468
6.305698
0.000925
0.001534
0.001692
6.356681
7.063733
6.887132
6.901349
6.930910
6.935381
6.933932
0.000137
0.000074
0.000047
0.000020
0.000007
0.000005
0.000006
0.000006
0.000005
0.000004
0.000038
0.000057
0.000077
6.927583
7.047564
7.040893
7.040791
7.043709
7.006626
6.971706
6.912647
6.877534
6.751805
6.607820
6.456648
6.196543
5.807999
5.398871
0.001187
0.000720
0.000411
0.000315
0.000187
0.000084
0.000090
0.000259
0.000233
0.000201
0.000239
0.000106
0.000268
0.005656
0.005458
0.005233
0.005419
0.005774
0.045397
0.282783
0.540199
5.392762
0.040475
5.900618
6.377408
7.034094
7.106074
7.267708
7.548993
0.000506
0.000446
0.000357
0.000355
0.000020
0.000022
0.000027
0.000038
0.000058
7.578075
7.586999
7.482952
7.896666
7.892000
7.740715
7.747483
7.782754
7.801097
7.812974
7.821422
7.831855
7.850758
7.855233
7.910706
7.906680
7.908201
7.885374
7.842233
7.841393
7.839161
7.835540
7.833570
7.830585
7.827422
7.821574
0.005529
0.000289
0.000253
0.004269
0.001805
0.002590
0.002844
7.847878
7.875111
7.894484
7.906059
7.906057
8.085220
8.072795
8.021915
7.906137
7.973182
0.000185
0.006135
0.005912
0.005576
0.005626
0.005216
0.005823
0.006158
0.000532
8.302072
8.460523
8.492278
8.531985
8.558452
8.585673
8.577375
8.551393
8.513715
8.447414
8.323333
8.299875
8.418029
8.424024
8.444674
8.467338
8.772109
8.778948
8.694679
8.607397
8.428800
8.182869
7.930265
0.198369
0.008137
7.837985
0.535427
8.260918
8.280831
8.239996
0.044297
0.043355
0.000047
0.000041
0.000020
0.000018
0.000017
0.000117
0.000117
0.000153
0.000167
0.000354
0.000464
8.183255
8.303218
8.473685
8.578067
8.608740
8.635962
8.649485
8.649794
8.648458
8.618941
8.593559
8.575231
8.560363
8.517248
8.471164
0.000063
0.000353
0.000302
0.000086
0.000056
0.000009
0.000012
0.000016
0.000008
0.000007
0.000011
0.000014
0.000027
0.000012
0.000004
0.000004
0.000002
0.000003
0.000010
0.000006
0.000023
0.000025
0.000029
0.000031
0.000019
0.000017
0.000022
0.000020
0.000026
0.000005
0.000011
0.000038
0.000017
0.000042
0.000028
0.000004
0.000003
0.000004
0.000009
0.000006
0.000004
0.000014
0.000015
0.000004
0.000002
0.000001
0.000002
0.000002
0.000002
0.000005
0.000004
0.000007
0.000008
0.000004
0.000002
0.000003
0.000005
0.000004
0.000016
0.000015
0.000003
0.000010
0.000012
0.000021
0.000047
0.000167
0.000442
8.467945
8.153187
8.151858
8.155793
8.152635
8.113661
8.084947
8.070373
8.042995
8.026307
7.970619
8.201676
8.191995
8.160562
8.121124
8.102062
8.063648
8.032863
0.000045
0.000046
0.000049
0.000061
0.000728
8.015735
7.957633
7.855822
7.591674
7.695897
7.769154
7.798215
8.145301
8.348368
0.000042
0.000031
0.000048
0.000029
0.000023
0.000026
0.000029
0.000029
0.000018
0.000024
0.000012
0.000031
0.000036
0.000047
0.000061
0.000107
8.254141
8.391070
8.473903
8.457485
8.449946
8.432230
8.337382
7.789679
7.179673
6.742843
0.000019
0.000015
0.000013
0.000005
0.000018
0.000019
0.000004
0.000004
0.000014
0.000011
0.000010
0.000014
0.000009
0.000061
0.000063
0.000097
0.000007
0.000002
0.000014
0.000014
0.000006
0.000006
0.000009
0.000022
0.000025
0.000008
0.000006
0.000006
0.000003
0.000004
0.000006
0.000007
0.000006
0.000005
0.000005
0.000016
0.000016
0.000021
0.000069
0.000046
0.000045
0.000039
0.000113
0.000126
0.000082
0.000072
0.000103
0.000024
0.000012
0.000013
0.000116
0.000103
0.000087
0.000450
0.000306
0.000028
0.000010
0.000039
0.000057
0.000065
0.000052
0.000028
0.000021
0.000113
0.000130
0.000259
0.000012
0.000003
0.000015
0.000018
0.000006
0.000008
0.000017
0.000040
0.000049
0.000022
0.000022
0.000029
0.000005
0.000014
0.000017
0.000024
0.000020
0.000018
0.000016
0.000033
0.000032
0.000030
0.000048
0.000049
0.000036
0.000035
0.000918
0.001407
0.001249
0.001274
0.007157
3.549732
3.434896
3.352255
3.715766
5.222123
5.514949
5.838825
6.308396
6.743463
7.252741
7.448167
7.657009
7.885025
8.154282
8.468722
8.833262
9.259011
9.349015
9.406931
9.351687
9.375777
9.403921
9.412751
9.423560
9.429813
9.436402
9.436288
9.435743
9.433096
9.421511
9.383059
9.348635
9.293374
9.157880
8.852198
8.555260
8.253410
7.938792
0.276965
0.233791
0.014379
0.000455
0.000223
0.000129
0.000048
0.000031
0.000010
0.000007
0.000006
0.000005
0.000010
0.000006
0.000006
0.000006
0.000018
0.000017
0.000021
0.000049
0.000106
0.000273
0.000214
0.022883
0.028505
0.001051
6.409873
0.576541
5.776870
5.852012
0.061921
0.093134
0.107070
0.173082
7.619205
8.138095
8.578146
8.850021
8.981345
9.183844
9.308767
9.402545
9.389680
9.071121
9.116453
9.179604
9.102668
9.108874
9.057955
0.001001
0.000515
0.000279
0.000129
0.000096
0.000086
0.000093
0.000058
0.000052
0.000056
0.000045
0.000037
0.000034
0.000033
0.000032
0.000029
0.000030
0.000033
0.000038
0.000042
0.000048
0.000059
0.000076
0.000100
8.812756
8.652757
8.515960
8.402018
8.357272
8.305819
8.263308
8.242282
8.238104
8.293796
8.475484
8.569874
8.766364
8.844206
8.876780
8.913564
8.905573
8.886525
8.724055
7.442703
0.284958
0.113288
0.023225
0.016062
0.000157
0.000129
0.000079
0.000037
0.000021
0.000024
0.000017
0.000021
0.000036
0.000048
0.000041
0.000030
0.000021
0.000070
0.000059
0.000046
0.000041
5.548952
1.898626
0.205192
0.000068
0.000030
0.000036
0.000047
0.000043
0.000060
0.000123
0.000245
0.000447
0.000587
0.067308
0.991354
5.794828
6.804202
7.896344
8.295220
8.926014
9.084903
9.194820
9.293255
9.357997
9.395151
9.407901
9.431099
9.430218
9.433670
9.439830
9.444141
9.445181
9.444937
9.442876
9.433057
9.407627
9.179938
9.112170
9.069857
8.989032
8.985837
8.982024
8.982585
8.983775
8.985979
8.986028
8.915274
8.668612
8.241290
7.944336
0.186072
7.456540
7.551515
7.707245
7.812210
7.894682
7.943659
7.996169
7.993217
8.009519
7.967527
7.836081
7.532345
7.308561
0.027941
0.024482
0.021186
0.017570
0.003000
0.001903
0.001274
0.000661
0.001874
0.001858
0.001862
0.001854
0.001746
0.001660
0.001557
0.001337
0.001242
0.000638
0.000049
0.000017
0.000009
0.000009
0.000011
0.000005
0.000005
0.000007
0.000010
0.000006
0.000006
0.000003
0.000002
0.000002
0.000002
0.000001
0.000008
0.000007
0.000006
0.000004
0.000005
0.000003
0.000002
0.000001
0.000001
0.000001
0.000001
0.000001
0.000001
0.000001
0.000002
0.000004
0.000007
0.000008
0.000039
0.000001
0.000001
0.000001
0.000000
0.000001
0.000002
0.000002
0.000001
0.000001
0.000001
0.000001
0.000001
0.000002
0.000004
0.000131
0.000132
0.000137
0.000152
0.000148
0.000152
0.000149
0.000148
0.000144
0.000142
0.000138
0.000135
0.000016
0.000006
0.000002
0.000003
0.000001
0.000002
0.000001
0.000001
0.000000
0.000000
0.000000
0.000001
0.000000
0.000000
0.000000
0.000001
0.000001
0.000001
0.000001
0.000000
0.000000
0.000000
0.000000
0.000000
0.000003
0.000000
0.000000
0.000000
0.000001
0.000001
0.000000
0.000000
0.000000
0.000001
0.000001
0.000000
0.000000
0.000000
0.000000
0.000000
0.000001
0.000001
0.000001
0.000000
0.000000
0.000000
0.000000
0.000000
0.000001
0.000000
0.000001
0.000000
0.000001
0.000001
0.000001
0.000000
0.000000
0.000000
0.000000
0.000000
0.000000
0.000000
0.000000
0.000000
0.000001
0.000001
0.000001
0.000000
0.000000
0.000000
0.000000
0.000000
0.000000
0.000000
0.000000
0.000000
0.000001
0.000001
0.000001
0.000000
0.000000
0.000000
0.000000
0.000000
0.000000
0.000000
0.000000
0.000000
0.000001
0.000001
0.000001
0.000000
0.000000
0.000000
0.000000
0.000000
0.000005
0.000002
0.000048
0.000068
0.000068
0.000077
0.000075
0.000067
0.000059
0.000001
0.000001
0.000000
0.000000
0.000000
0.000000
0.000001
0.000001
0.000001
0.000001
0.000000
0.000000
0.000000
0.000000
0.000026
0.000032
0.000038
0.000046
0.000057
0.000077
0.000092
0.000115
0.000181
0.000197
0.001253
0.000001
0.000001
0.000001
0.000001
0.000000
0.000001
0.000000
0.000000
0.000000
0.000000
0.000000
0.000001
0.000000
0.000001
0.000001
0.000001
0.000001
0.000000
0.000000
0.000000
0.000000
0.000000
0.000000
0.000001
0.000001
0.000001
0.000001
0.000000
0.000000
0.000000
0.000000
0.000001
0.000001
0.000000
0.000000
0.000000
0.000000
0.000001
0.000001
0.000001
0.000001
0.000000
0.000000
0.000000
0.000000
0.000000
0.000000
0.000000
0.000001
0.000001
0.000001
0.000001
0.000001
0.000000
0.000000
0.000000
0.000000
0.000000
0.000000
0.000000
0.000001
0.000001
0.000001
0.000001
0.000001
0.000000
0.000000
0.000000
0.000000
0.000000
0.000000
0.000000
0.000001
0.000001
0.000001
0.000001
0.000001
0.000000
0.000000
0.000000
0.000000
0.000000
0.000001
0.000001
0.000002
0.000003
0.000003
0.000009
0.000014
0.001370
0.287435
7.863005
8.129980
8.457115
8.619981
8.645747
8.680429
8.585253
8.515079
8.353716
8.177912
7.889186
7.226420
6.410779
5.537046
0.010784
4.410552
4.387485
3.077759
0.010294
0.491836
0.542483
0.516748
0.511294
0.494889
0.084329
0.011375
0.003133
0.013557
4.662973
0.085332
5.833288
6.574926
7.339277
7.681396
7.945721
8.221493
8.469012
8.739029
8.912284
9.131281
9.154155
9.150950
9.133045
9.110050
8.985800
8.930506
8.883060
8.861042
8.829649
8.797344
8.759590
8.726122
8.685569
8.657831
8.605004
8.533235
0.002148
0.001868
0.000830
0.000484
0.000405
0.000251
0.000732
0.000683
0.000176
0.000176
0.000239
0.000581
0.000035
0.000346
0.000362
0.000083
0.000126
0.000159
0.000267
0.001249
0.001379
0.006305
8.546088
8.525060
8.438373
8.275414
0.116920
0.062474
7.883018
8.033921
8.124489
8.234037
8.219239
7.976943
7.650739
0.369252
0.000878
0.000402
0.000273
0.000267
0.000248
0.000309
0.000417
0.000658
0.002152
0.005367
0.355219
7.507117
7.767504
7.922825
0.037294
7.949519
7.936688
7.982718
8.013161
8.015255
0.010911
0.001876
0.000359
0.000161
0.000077
0.000048
0.000039
0.000021
0.000019
0.000066
0.000091
0.000050
0.000045
0.000076
0.000008
0.000012
0.000025
0.000010
0.000017
0.000015
0.000219
0.000017
0.000006
0.000002
0.000008
0.000009
0.000009
0.000008
0.000009
0.000004
0.000003
0.000003
0.000005
0.000005
0.000007
0.000003
0.000005
0.000006
0.000007
0.000002
0.000002
0.000004
0.000003
0.000010
0.000015
0.000002
0.000002
0.000005
0.000015
0.000025
7.849940
7.727319
7.559538
6.085182
4.781561
0.277579
0.015953
0.002591
0.002282
0.000208
0.000001
0.000001
0.000001
0.000002
0.000000
0.000000
0.000000
0.000000
0.000000
0.000000
0.000000
0.000000
0.000001
0.000000
0.000000
0.000000
0.000000
0.000000
0.000000
0.000000
0.000001
0.000001
0.000001
0.000001
0.000001
0.000001
0.000001
0.000001
0.000001
0.000002
0.000002
0.000001
0.000001
0.000001
0.000001
0.000002
0.000001
0.000001
0.000001
0.000001
0.000001
0.000002
0.000002
0.000001
0.000001
0.000001
0.000001
0.000001
0.000001
0.000001
0.000001
0.000001
0.000001
0.000000
0.000000
0.000000
0.000000
0.000000
0.000000
0.000000
0.000000
0.000000
0.000000
0.000000
0.000000
0.000000
0.000000
0.000000
0.000000
0.000000
0.000000
0.000000
0.000000
0.000000
0.000000
0.000000
0.000000
0.000000
0.000000
0.000000
0.000000
0.000000
0.000000
0.000000
0.000000
0.000000
0.000000
0.000000
0.000000
0.000003
0.000003
0.000003
0.000003
0.000003
0.000003
0.000003
0.000003
0.000000
0.000000
0.000000
0.000000
0.000000
0.000000
0.000000
0.000000
0.000000
0.000000
0.000000
0.000000
0.000000
0.000000
0.000000
0.000000
0.000000
0.000000
0.000000
0.000000
0.000011
0.000014
0.000016
0.000018
0.000018
0.000018
0.000017
0.000017
0.000015
0.000000
0.000000
0.000000
0.000000
0.000000
0.000000
0.000000
0.000000
0.000000
0.000000
0.000000
0.000000
0.000000
0.000000
0.000000
0.000000
0.000000
0.000000
0.000000
0.000000
0.000000
0.000000
0.000000
0.000000
0.000000
0.000000
0.000000
0.000000
0.000000
0.000000
0.000000
0.000000
0.000000
0.000000
0.000000
0.000000
0.000000
0.000000
0.000000
0.000000
0.000000
0.000000
0.000000
0.000000
0.000000
0.000000
0.000000
0.000000
0.000000
0.000000
0.000000
0.000000
0.000000
0.000000
0.000000
0.000000
0.000000
0.000000
0.000000
0.000000
0.000000
0.000000
0.000000
0.000000
0.000000
0.000000
0.000000
0.000000
0.000000
0.000000
0.000000
0.000000
0.000000
0.000000
0.000000
0.000000
0.000000
0.000000
0.000000
0.000000
0.000001
0.000005
0.000005
0.000008
0.000077
0.001196
0.001238
0.003596
0.003835
0.004138
0.004140
0.004139
0.004126
0.003980
0.003668
0.003442
0.003199
0.003038
0.002954
0.002405
0.002314
0.002204
0.002006
0.001906
0.001780
0.001659
0.001559
0.001504
0.001476
0.001411
0.000007
0.000004
0.000002
0.000001
0.000000
0.000000
0.000000
0.000000
0.000000
0.000001
0.000001
0.000001
0.000002
0.000002
0.000011
0.002972
0.002973
0.002660
0.001160
0.002137
0.002931
0.003655
0.003653
0.003656
0.003720
0.003790
0.003829
0.003859
0.003890
0.003894
0.003873
0.003850
0.003776
0.003754
0.003620
0.003523
0.002918
0.002339
0.001962
0.001593
0.000037
0.000028
0.000016
0.000007
0.000005
0.000005
0.000001
0.000001
0.000001
0.000000
0.000000
0.000000
0.000000
0.000000
0.000000
0.000000
0.000000
0.000000
0.000000
0.000000
0.000000
0.000000
0.000000
0.000000
0.000000
0.000000
0.000000
0.000000
0.000000
0.000000
0.000020
0.000019
0.000020
0.000021
0.000023
0.000023
0.000024
0.000024
0.000024
0.000023
0.000023
0.000022
0.000001
0.000001
0.000000
0.000000
0.000000
0.000001
0.000003
0.000005
0.000008
0.000317
0.000330
0.000329
0.000330
0.000358
0.000383
0.000409
0.000411
0.000418
0.000425
0.000400
0.000363
0.000006
0.000005
0.000004
0.000004
0.000005
0.000005
0.000050
0.000055
0.000052
0.000050
0.000048
0.000048
0.000046
0.000047
0.000047
0.000046
0.000045
0.000044
0.000046
0.000048
0.000053
0.000058
0.000058
0.000059
0.000067
0.000091
0.000111
0.000116
0.000124
0.000131
0.000127
0.000022
0.000019
0.000020
0.000082
0.000150
0.000160
0.000174
0.000179
0.000192
0.000204
0.000221
0.000271
0.000284
0.000285
0.000295
0.000304
0.000315
0.000330
0.000326
0.000324
0.000334
0.000306
0.000276
0.000006
0.000007
0.000007
0.000005
0.000005
0.000007
0.000010
0.000831
0.000889
0.001044
0.001025
0.000791
0.000240
0.000238
0.000742
0.000917
0.001153
0.001291
0.001606
0.001652
0.001648
0.001622
0.001369
0.001083
0.000169
0.000146
0.000427
0.000342
0.000261
0.000752
0.000686
0.000033
0.000006
0.000003
0.000001
0.000000
0.000000
0.000000
0.000000
0.000001
0.000001
0.000001
0.000002
0.000135
0.000174
0.000176
0.000177
0.000187
0.000201
0.000217
0.000233
0.000224
0.000215
0.000219
0.000226
0.000233
0.000244
0.000293
0.000350
0.000378
0.000426
0.000434
0.000447
0.000445
0.000445
0.000463
0.000485
0.000506
0.000525
0.000562
0.000692
0.000735
0.000741
0.000740
0.000743
0.000752
0.000757
0.000764
0.000767
0.000764
0.000764
0.000772
0.000820
0.000858
0.000931
0.001130
0.001177
0.001238
0.001340
0.001357
0.001371
0.001412
0.001430
0.001409
0.001344
0.001298
0.001257
0.001227
0.000968
0.000691
0.000293
0.000324
0.000779
0.001073
0.001117
0.001084
0.000016
0.000013
0.000007
0.000003
0.000002
0.000000
0.000000
0.000000
0.000000
0.000000
0.000000
0.000000
0.000000
0.000000
0.000000
0.000000
0.000000
0.000000
0.000000
0.000000
0.000000
0.000000
0.000000
0.000000
0.000000
0.000000
0.000000
0.000000
0.000000
0.000000
0.000000
0.000000
0.000000
0.000000
0.000000
0.000000
0.000000
0.000001
0.000003
0.000004
0.000020
0.000004
0.000029
0.000035
0.000043
0.002327
0.002433
0.002440
0.002431
0.002402
0.002137
0.001187
0.000474
0.000487
0.000494
0.000522
0.002848
0.002904
0.002892
0.002394
0.001907
0.001030
0.002086
0.002277
0.002590
0.002565
0.002547
0.002562
0.002775
0.002902
0.002908
0.002888
0.002859
0.002845
0.002823
0.002765
0.000077
0.000068
0.000002
0.000001
0.000000
0.000000
0.000000
0.000000
0.000000
0.000000
0.000000
0.000000
0.000000
0.000000
0.000000
0.000000
0.000000
0.000001
0.000002
0.000931
0.001047
0.001237
0.001211
0.001175
0.000097
0.000099
0.000215
0.000246
0.000304
0.000351
0.000400
0.000425
0.000441
0.000465
0.000499
0.000546
0.000602
0.000662
0.000772
0.000902
0.000902
0.000907
0.000908
0.000921
0.000938
0.000955
0.000917
0.000878
0.000841
0.000649
0.000392
0.000100
0.000096
0.000015
0.000015
0.000017
0.000256
0.000265
0.000258
0.000237
0.000002
0.000001
0.000000
0.000000
0.000000
0.000000
0.000000
0.000000
0.000000
0.000000
0.000000
0.000000
0.000000
0.000000
0.000000
0.000000
0.000000
0.000001
0.000001
0.000001
0.000001
0.000001
0.000001
0.000002
0.000004
0.000009
0.000273
0.000288
0.000299
0.000336
0.000343
0.000348
0.000359
0.000358
0.000352
0.000353
0.000351
0.000350
0.000357
0.000370
0.000338
0.000317
0.000291
0.000287
0.000283
0.000283
0.000293
0.000304
0.000307
0.000311
0.000324
0.000325
0.000330
0.000330
0.000330
0.000329
0.000320
0.000288
0.000269
0.000258
0.000000
0.000000
0.000000
0.000000
0.000000
0.000000
0.000000
