0.001642
0.001145
0.000004
0.000004
0.000004
0.000005
0.000001
0.000002
0.000000
0.000000
0.000000
0.000000
0.000001
0.000002
0.000326
0.000638
0.000566
0.000542
0.000532
0.000524
0.000005
0.000003
0.000035
0.000039
0.000032
0.000047
0.000000
0.000000
0.000000
0.000000
0.000000
0.000000
0.000000
0.000000
0.000000
0.000000
0.000000
0.000000
0.000000
0.000000
0.000000
0.000000
0.000000
0.000000
0.000000
0.000000
0.000000
0.000000
0.000000
0.000000
0.000000
0.000000
0.000000
0.000000
0.000000
0.000000
0.000000
0.000001
0.000002
0.000002
0.000104
0.000109
0.000107
0.000105
0.000104
0.000104
0.000111
0.000103
0.000071
0.000019
0.000022
0.000109
0.000116
0.000128
0.000140
0.000154
0.000187
0.000206
0.000231
0.000280
0.000293
0.000300
0.000323
0.000327
0.000322
0.000322
0.000300
0.000003
0.000002
0.000001
0.000001
0.000000
0.000011
0.000276
0.000246
0.000238
0.000232
0.000214
0.000013
0.000021
0.000022
0.000021
0.000000
0.000000
0.000001
0.000001
0.000001
0.000001
0.000000
0.000000
0.000000
0.000000
0.000001
0.000001
0.000001
0.000003
0.000003
0.000152
0.000150
0.000006
0.000001
0.000000
0.000000
0.000000
0.000000
0.000000
0.000000
0.000000
0.000000
0.000000
0.000000
0.000000
0.000000
0.000000
0.000000
0.000000
0.000000
0.000000
0.000000
0.000000
0.000000
0.000000
0.000000
0.000000
0.000001
0.000001
0.000003
0.000000
0.000001
0.000002
0.000002
0.000002
0.000002
0.000003
0.000007
0.000574
0.000618
0.000660
0.000666
0.000651
0.000014
0.000005
0.000002
0.000001
0.000001
0.000000
0.000000
0.000000
0.000000
0.000000
0.000000
0.000000
0.000000
0.000000
0.000000
0.000000
0.000000
0.000000
0.000001
0.000201
0.000308
0.000347
0.000375
0.000405
0.000485
0.000480
0.000497
0.000496
0.000496
0.000489
0.000399
0.000366
0.000353
0.000325
0.000318
0.000314
0.000307
0.000055
0.000059
0.000058
0.000061
0.001773
0.001785
0.001819
0.001900
0.002065
0.002139
0.002329
0.002314
0.002320
0.001831
0.001307
0.001081
0.001021
0.000977
0.000950
0.000910
0.000065
0.000094
0.000097
0.000128
0.000134
0.000669
0.001072
0.001139
0.001136
0.001089
0.001071
0.001062
0.001053
0.001008
0.000014
0.000011
0.000006
0.000004
0.000001
0.000000
0.000011
0.000013
0.000010
0.000008
0.000006
0.000005
0.000004
0.000004
0.000003
0.000049
0.000619
1.493422
1.322039
0.897617
0.781123
1.323702
1.227293
1.145479
1.196513
0.058478
0.000248
0.000220
0.000378
0.000831
0.004823
0.000107
0.000184
0.000795
0.000028
0.000037
0.000039
0.000552
0.000686
0.000725
0.000775
0.000838
0.000964
0.001141
0.001285
0.001325
0.001259
0.001175
0.000999
0.000896
0.000857
0.000776
0.000731
0.000024
0.000011
0.000007
0.000005
0.000004
0.000005
0.000025
0.000026
0.000483
0.000586
0.000639
0.000647
0.000662
0.000639
0.000575
0.000573
0.000532
0.000512
0.000506
0.000494
0.000012
0.000012
0.000010
0.000012
0.000014
0.000030
0.000057
0.001067
0.001296
0.001546
0.001774
0.001966
0.002246
0.002471
0.002557
0.002564
0.002580
0.002593
0.002586
0.002594
0.002534
0.002529
0.002537
0.002587
0.002620
0.002693
0.002610
0.002294
0.002123
0.001922
0.001750
0.000304
0.001651
0.002142
0.002363
0.002586
0.002518
0.002424
0.002363
0.002133
0.000075
0.000055
0.000042
0.000041
0.000032
0.000034
0.000036
0.000999
0.001039
0.001055
0.001000
0.000013
0.000002
0.000001
0.000001
0.000002
0.000002
0.000002
0.000003
0.000005
0.000005
0.000008
0.000067
0.000144
0.002260
0.002425
0.002656
0.002961
0.003346
0.003794
0.003935
0.004183
0.004196
0.004168
0.004168
0.004179
0.004198
0.004173
0.004134
0.004133
0.004022
0.003091
0.001203
0.001177
0.002254
0.003068
0.003491
0.003505
0.003453
0.003400
0.003382
0.003386
0.003281
0.003203
0.003154
0.003144
0.000174
0.000123
0.000112
0.000098
0.000395
0.000520
0.000569
0.000608
0.000652
0.000650
0.000654
0.000667
0.000688
0.000709
0.000728
0.000742
0.000758
0.000766
0.000764
0.000758
0.000792
0.000799
0.000181
0.000604
0.000828
0.000952
0.000949
0.000985
0.000962
0.000967
0.001001
0.001060
0.001150
0.001225
0.001314
0.001338
0.001268
0.001342
0.001292
0.001086
0.001094
0.001083
0.001088
0.001052
0.001030
0.001061
0.001014
0.001086
0.001049
0.000901
0.000864
0.000831
0.000826
0.000870
0.000894
0.000929
0.000972
0.001007
0.001054
0.001268
0.001514
0.002095
0.002556
0.000066
0.000037
0.000034
0.000030
0.000045
0.000046
0.000089
0.000165
0.000270
0.000727
0.001115
0.002262
0.003527
1.442115
0.014834
0.008158
0.001780
0.012831
0.016776
2.656892
2.972951
3.296046
3.619062
3.926972
4.087267
4.264894
4.469767
4.547087
4.597625
4.648251
4.679940
4.664011
4.673478
4.699863
4.720172
4.757200
0.000552
0.000111
0.000592
0.000634
0.000473
0.000466
0.000455
0.000429
0.000397
0.000320
0.000283
0.000258
0.000314
0.000236
0.000164
0.000036
0.000057
0.000187
0.000639
0.000586
0.000565
0.000715
0.000659
0.000560
0.000014
0.000013
0.000012
0.000008
0.000007
0.000008
0.000012
0.000011
0.000058
0.003358
0.003571
0.003484
0.002870
0.002591
0.000952
0.009978
0.037860
0.037442
0.000103
0.000149
0.000426
0.000565
0.014054
4.882434
5.177883
5.289585
5.395386
5.452339
5.539241
5.664031
5.683438
5.708782
5.722068
5.679494
0.006218
0.004305
0.003201
0.004047
0.003806
0.007068
0.007236
5.702845
5.653674
5.548335
5.223966
4.839089
4.512861
4.040067
3.729469
3.102199
2.786267
2.295821
2.262612
0.019884
0.024459
2.914142
3.930185
4.270795
4.682295
4.953539
5.146266
5.540227
5.861278
6.002007
6.041880
6.062705
6.218961
6.230868
6.201522
6.163560
6.091585
5.988479
5.824538
5.706673
5.611825
5.544058
5.385109
0.011477
0.179079
6.090458
6.343518
6.358413
0.152039
5.967867
5.990112
6.018056
5.981713
0.068803
0.056518
6.060584
6.221329
6.589183
6.590212
6.592421
6.582766
6.554620
6.548368
6.522460
6.426456
6.324632
6.248505
6.162267
0.037063
6.033217
5.987186
5.877771
5.805985
5.490666
5.168126
4.888456
4.325763
3.889576
3.425961
0.093258
0.057257
0.052284
0.049957
0.044767
0.044421
0.045240
0.044705
0.008719
0.030697
0.096626
0.113077
0.132769
0.169801
0.260609
2.019838
2.172660
2.824277
3.255441
3.523705
3.596882
3.799049
3.950279
4.204946
4.365228
4.428406
4.353593
4.320560
4.213690
0.006453
0.034509
4.878890
4.928641
5.090192
5.088855
4.985049
4.935061
4.837197
4.704446
4.597275
4.461613
4.125434
3.729824
2.662578
2.385139
2.140362
1.949907
1.713097
1.541183
1.329303
1.136534
0.881327
0.077305
0.023834
0.020156
0.017725
0.016991
0.015314
0.013798
0.012970
0.012030
0.009392
0.005884
0.002182
0.001659
0.000151
0.000127
0.000133
0.000158
0.000190
0.000192
0.000230
0.003636
0.123154
0.488376
0.534038
2.437176
2.736544
2.917750
3.154317
3.695876
3.992081
4.348588
4.751768
5.206293
5.315710
5.417372
5.577794
5.676911
5.785011
5.873196
5.933964
5.938991
5.955353
5.994887
5.964712
5.916095
5.874460
0.042126
5.767304
5.883183
5.962572
6.065015
6.124535
6.191243
6.296449
0.000296
0.000185
0.000101
0.000025
0.000008
0.000007
0.000015
0.000009
0.000009
0.000004
0.000005
0.000005
0.000007
0.000007
0.000005
0.000004
0.000002
0.000002
0.000008
0.000008
0.000007
0.000008
0.000005
0.000003
0.000004
0.000011
0.000008
0.000003
0.000002
0.000024
0.000027
0.000013
0.000005
0.000008
0.000011
0.000007
0.000004
0.000004
0.000013
0.000006
0.000007
0.000012
0.000019
0.000045
0.000105
0.000175
0.000400
0.000570
0.001605
6.552967
6.644583
6.678442
6.693033
6.692278
6.697430
6.723036
6.757501
6.758514
6.816179
6.785623
6.701243
6.479062
6.184161
5.766290
5.493915
5.175516
4.999463
0.008154
0.006560
0.002724
0.016608
0.019437
0.192504
4.976076
5.053733
5.142301
5.244128
5.386457
5.419084
5.449510
5.473973
5.452030
5.401553
5.346140
5.275178
5.103320
4.927501
4.671717
4.712288
4.661420
4.603429
0.044928
0.170243
4.868896
5.433186
5.805883
6.026612
6.102836
6.149096
6.198779
6.207329
6.535235
6.641016
6.787689
6.957495
7.062914
7.184560
7.180575
7.130788
7.079543
6.907718
6.844486
6.668379
6.245839
5.916439
5.410426
5.164192
4.957703
4.570149
0.024725
0.024037
0.022334
0.020862
0.020040
0.019084
0.018290
0.017795
0.016485
0.015298
0.000068
0.000076
0.000275
0.000073
0.000055
0.000022
0.000026
0.000045
0.000085
0.000126
0.001185
0.001859
0.027713
0.031448
0.034176
0.034622
0.035410
0.035540
0.034829
0.034168
0.032138
0.030444
0.025476
0.023123
0.000946
0.004286
0.005362
0.018357
0.019173
0.020202
0.021289
0.021743
0.021848
0.023107
0.022717
0.024182
0.023969
0.022712
0.021722
0.031948
0.034314
0.036714
0.077582
0.092521
4.620455
4.777484
4.841075
4.948143
5.088432
5.150948
5.188042
5.239277
5.200537
5.151368
5.081990
4.996068
5.062009
4.949067
4.837086
4.765341
4.718498
4.597360
0.064729
4.484465
4.443232
4.340853
4.243294
4.138973
4.077871
3.818846
3.638717
0.016929
0.991870
4.791912
5.292931
5.313663
0.018806
0.001630
0.001010
0.000717
0.000365
0.000326
0.000105
0.000318
0.000332
0.000097
0.000502
0.000105
0.000043
0.000033
0.000020
0.000012
0.000018
0.000024
0.000044
0.000056
0.000089
0.000177
5.246124
5.216534
5.298118
5.372702
5.452878
5.527999
5.580840
5.611297
5.552470
0.327005
5.289042
5.425489
5.567047
5.825451
5.882608
5.683223
5.986653
6.149817
6.269156
6.285295
6.294056
6.329435
6.311651
6.274629
6.245362
6.237258
6.083619
5.883105
0.004585
0.000297
0.000215
0.000204
0.000091
0.000081
0.000095
0.000036
0.000033
0.000653
0.000206
0.000155
0.000044
0.000074
0.000047
0.000021
0.000022
0.000024
0.000029
0.000035
0.000100
0.000214
0.000014
0.000014
0.000053
0.000038
0.000018
0.000019
0.000099
0.000112
0.000071
0.000024
0.000030
0.000183
0.000115
0.000118
0.000134
0.000236
0.008444
0.005366
5.305443
0.074071
0.063826
0.048740
4.971819
5.071510
5.334996
5.448016
5.584116
5.761521
5.915935
6.081175
6.464710
6.770764
7.163838
7.473089
7.859868
8.031120
8.122532
8.238511
8.418630
8.473717
8.467517
8.467918
8.478594
8.479991
8.466308
8.435593
8.405616
8.385410
8.369906
8.327248
8.274381
8.231005
8.140274
8.055495
7.987246
7.937234
7.880470
7.851683
7.829407
7.780444
7.733686
7.714557
7.650020
7.400610
7.265215
7.180071
6.950178
6.322871
5.778623
5.275189
4.914826
4.653219
4.471012
4.172015
3.963426
3.800872
3.658659
3.399898
3.403396
3.331031
3.265217
3.145140
3.065569
2.908483
2.853338
2.793594
2.683219
2.682745
2.702347
2.759337
2.850687
2.963464
0.000157
0.000099
0.000064
0.000132
0.000156
0.000034
0.000059
0.000137
0.000121
0.000162
0.000205
0.000213
3.279479
3.383766
3.484521
3.617504
3.757861
3.922249
4.104846
4.279765
4.456460
4.681666
4.964783
5.194153
5.424677
5.638006
5.815526
6.005945
6.289120
6.406827
6.468620
6.629406
6.721305
6.745930
6.757350
6.769394
6.781442
6.758421
6.737172
6.713921
6.611881
6.158119
6.137564
6.120842
6.585813
6.703077
6.851754
7.024023
7.068561
7.085736
7.105871
7.147021
0.003237
0.008110
7.199622
7.189537
7.185858
7.194967
7.128302
6.908564
6.671488
6.373834
0.029484
0.019802
0.019560
6.155345
6.204544
6.050340
5.919532
5.803783
5.681190
5.563062
5.489203
0.004905
0.001172
0.000744
0.000595
0.000310
0.000139
0.000209
0.000055
0.000063
0.000853
0.000458
0.000315
0.000341
0.000266
0.000225
0.000166
0.000018
0.000027
0.000036
0.000058
0.000073
0.000122
0.000102
0.000134
0.000394
0.034163
0.034050
0.036507
5.446266
5.538261
5.670332
5.795106
5.983058
6.191507
6.370431
6.581991
6.835078
6.900411
6.927808
6.986340
7.053040
7.058448
6.994923
6.841885
6.371255
6.233064
5.928864
0.001590
0.000823
0.000249
0.000105
0.000056
0.000040
0.000015
0.000013
0.000009
0.000010
0.000014
0.000003
0.000003
0.000004
0.000003
0.000002
0.000002
0.000003
0.000003
0.000006
0.000007
0.000004
0.000003
0.000005
0.000007
0.000004
0.000004
0.000004
0.000008
0.000015
0.000027
0.000038
0.000010
0.000026
0.000043
0.000044
0.000051
0.000051
0.000116
0.000274
5.402460
4.836294
4.374619
3.883537
3.495768
2.594733
0.011041
0.008084
0.003471
2.149760
2.116132
1.944019
1.790966
1.740234
1.679357
1.606033
1.224602
1.354170
1.353952
0.093715
0.016527
0.022353
0.021705
0.011056
0.010218
0.009971
0.000333
0.000385
0.002091
0.002260
0.019939
0.024054
0.025685
0.026582
0.035134
0.121079
2.905744
3.219426
0.098291
3.736152
0.066403
0.007890
0.087835
4.604551
4.991956
5.106318
5.226784
5.335048
5.429307
5.469952
5.504343
5.564729
5.587482
5.539936
5.460620
5.383123
5.336494
5.130184
4.994789
4.819759
4.683483
4.504805
4.295378
0.015539
0.000050
0.000041
0.000042
0.000037
0.000049
0.000053
0.000012
0.010092
0.002216
0.002252
3.749882
0.012139
0.000005
0.000007
0.000010
0.000013
0.000012
0.000013
0.000016
0.000015
0.000029
0.013521
3.885444
3.788148
3.642139
3.423394
0.001157
0.000608
0.000210
0.000188
0.000195
0.000160
0.000146
0.000114
0.000154
0.000157
0.000236
0.000654
0.001640
0.002921
0.048117
4.095385
4.293044
4.408028
4.580474
4.661759
4.751171
4.846870
4.933535
4.931971
4.899061
4.876634
0.002830
0.002633
0.000503
0.000459
0.000410
0.000441
0.000505
0.000587
0.000983
5.072916
5.171477
5.204541
5.202865
5.179754
5.127549
4.981173
4.870202
4.677511
4.533400
0.192867
4.025890
4.047607
4.086873
4.187211
4.397216
4.538386
4.687997
4.751550
4.790260
4.872911
4.954049
5.032705
5.108096
0.000796
0.000402
0.000523
0.000230
0.000335
0.000503
0.001232
0.001438
0.006786
0.007383
5.094899
5.210806
5.307245
5.310429
5.330083
0.000665
0.000386
0.000127
0.000134
0.000026
0.000015
0.000012
0.000010
0.000002
0.000001
0.000001
0.000002
0.000006
0.000004
0.000002
0.000007
0.000007
0.000003
0.000004
0.000005
0.003294
0.003742
0.003571
5.303796
5.300583
5.131753
5.084728
5.075152
5.064444
5.085593
5.069835
5.081929
5.019068
5.015014
0.000037
0.000027
0.000087
0.005229
0.045331
0.041499
4.975343
5.047752
5.025571
5.011747
0.003104
0.001400
0.001252
0.001692
0.006801
0.000004
0.000004
0.000005
0.000011
0.000010
0.000011
0.000026
0.000018
0.000002
0.000001
0.000004
0.000005
0.000002
0.000002
0.000003
0.000003
0.000004
0.000005
0.000008
4.925831
4.889781
4.769895
4.657841
4.541655
4.462006
0.000352
0.000011
0.000009
0.000006
0.000004
0.000007
0.000005
0.000007
0.005986
0.006284
0.029830
0.033495
0.035764
4.507944
4.559360
4.543808
4.527445
4.425999
4.253211
0.026314
0.001027
0.001256
0.001229
0.001276
0.001897
0.002175
0.000149
0.000250
0.047790
4.155172
4.113440
4.057691
3.894633
3.894875
0.032478
4.295174
4.315225
4.366183
4.430315
4.523945
4.529603
4.498653
4.546378
4.804676
4.725672
4.680471
4.638275
4.627025
4.570140
4.513562
4.470562
0.000828
0.034960
0.031323
0.005221
0.005156
0.004075
0.003138
0.001705
0.001891
0.000055
0.000773
4.332599
4.350947
4.424191
4.424060
4.488046
4.270393
3.982473
3.570875
0.001010
3.117969
2.808603
2.575548
0.398133
0.002754
0.002186
0.001099
0.000022
0.000019
0.000016
0.000004
0.000008
0.000044
0.000649
0.000620
0.081868
1.333460
1.235206
1.123143
0.915631
0.785919
0.705655
0.001215
0.001544
0.486558
0.378647
0.000522
0.131235
0.124132
0.088019
0.077693
0.015015
0.010603
0.000209
0.033981
0.134844
0.211527
0.427779
0.465613
0.506744
0.529848
0.566849
0.002139
0.000465
0.003873
0.006647
0.023953
0.974455
1.076157
1.197371
0.247498
0.235766
0.184199
0.154725
0.149221
0.105385
0.103910
0.096831
0.094158
0.088135
0.057279
0.031426
0.006285
0.000087
0.001230
0.001317
0.002852
0.007123
0.025507
