0.039337
0.000892
0.000746
0.000538
0.000063
0.000085
0.000074
0.000016
0.000023
0.000014
0.000015
0.000010
0.000021
0.000031
0.000054
0.002804
0.003544
0.003624
0.003754
0.004367
0.005093
0.005408
0.008089
0.010663
0.005041
0.001894
0.000643
0.000418
0.000458
0.002864
0.002944
0.002999
0.003012
0.003038
0.003065
0.002884
0.002233
0.002131
0.001946
0.000425
0.000422
0.000416
0.000423
0.000443
0.000430
0.000432
0.000447
0.000469
0.000453
0.000478
0.000468
0.000485
0.000482
0.000500
0.000571
0.000612
0.000013
0.000026
0.000033
0.000930
0.001021
0.001190
0.001687
0.001720
0.001793
0.003079
0.005327
0.009592
0.009573
0.009148
0.009111
0.005603
0.003511
0.003252
0.003148
0.005038
0.005286
0.003325
0.003284
0.003212
0.003207
0.000084
0.002863
0.002841
0.002907
0.003633
0.007633
0.007455
0.007095
0.024480
0.051749
0.055774
0.061518
0.103104
0.201485
0.308981
0.381524
0.467536
0.582872
0.653277
5.325071
5.738089
5.988086
0.133423
5.710916
6.295581
6.434806
0.015884
0.015966
0.015504
0.015867
0.016749
0.019327
0.006777
6.532708
6.768849
6.918832
7.052796
0.001708
0.001486
0.001542
0.001960
0.003254
0.005373
0.007934
0.010846
0.023319
7.439703
7.944076
8.116964
8.332163
8.453884
8.425329
8.408229
8.404331
8.390121
8.307480
8.210415
8.046015
0.148631
0.138607
8.014252
8.040152
8.087834
8.143238
8.096250
8.138892
8.192450
8.219009
8.220456
8.221582
8.226076
8.232583
8.238589
8.229989
8.227955
8.220906
8.216151
8.214622
8.204022
8.195464
8.181795
8.176856
8.157575
7.961563
0.013609
0.008299
0.007513
0.007246
0.005528
0.005313
0.005459
7.728504
7.637453
7.298958
7.115499
7.047748
6.324164
5.640395
5.088607
0.160109
4.160321
1.550707
0.154979
0.156540
0.017025
0.016611
0.003772
0.004893
0.002304
0.002374
0.077091
0.881956
5.164780
5.916556
6.782163
7.699911
8.235939
8.303686
8.386967
8.421049
8.451822
8.464113
8.481615
8.507464
8.522646
8.523301
8.519848
8.599664
8.418373
0.001288
0.000813
0.000278
0.000075
0.000021
0.000004
0.000003
0.000003
0.000001
0.000001
0.000000
0.000000
0.000000
0.000000
0.000000
0.000001
0.000001
0.000002
0.000001
0.000001
0.000000
0.000002
0.000000
0.000000
0.000000
0.000000
0.000000
0.000000
0.000000
0.000000
0.000000
0.000000
0.000000
0.000000
0.000000
0.000001
0.000000
0.000002
0.000002
0.000000
0.000000
0.000001
0.000000
0.000001
0.000000
0.000000
0.000001
0.000001
0.000002
0.000003
0.000001
0.000001
0.000001
0.000001
0.000000
0.000000
0.000001
0.000000
0.000000
0.000000
0.000000
0.000000
0.000000
0.000000
0.000000
0.000000
0.000001
0.000001
0.000000
0.000001
0.000001
0.000001
0.000000
0.000000
0.000000
0.000000
0.000000
0.000000
0.000001
0.000001
0.000000
0.000002
0.000001
0.000001
0.000000
0.000000
0.000000
0.000003
0.000002
0.000009
0.000007
0.000012
0.000025
0.000029
0.000052
0.000073
0.000092
0.000135
8.095087
5.273533
3.065741
0.051004
0.025960
0.024171
5.149973
6.217716
7.155903
7.790793
8.423828
8.533602
8.698232
0.005811
0.006746
0.007634
0.007818
8.951657
9.068106
9.061993
9.067720
9.117286
9.436506
9.456736
9.502318
9.551913
9.584861
9.599149
9.616083
9.625523
9.622714
9.606129
9.607045
9.600212
9.603656
9.630265
9.662989
9.677281
9.692533
9.712413
9.721285
9.722028
9.720259
9.714050
9.708772
9.705718
9.706082
9.710779
9.717115
9.724254
9.730896
9.735351
9.736341
9.738128
9.741954
9.744178
9.743808
9.744778
9.747086
9.740494
9.728177
9.719890
9.716598
9.690316
9.857983
9.814307
9.784955
9.756446
9.636525
9.634868
9.636518
9.630665
9.621972
9.618939
9.618289
9.617331
9.618541
9.626676
9.622978
9.620089
9.619376
9.598308
9.512874
9.435708
9.379424
9.273790
9.535008
9.630909
9.637093
9.638150
9.639280
9.639858
9.639480
9.639566
9.639816
9.639802
9.639638
9.639686
9.638682
9.637425
9.632053
9.626581
9.622254
9.621888
9.616636
9.595741
9.569791
9.679161
9.478053
9.480242
9.474896
9.475505
9.473341
9.472244
9.472695
9.474756
9.473515
9.469199
9.461883
9.451088
9.449218
9.449123
9.450694
9.451482
9.450290
9.448288
9.449028
9.445931
9.445313
9.450022
9.444563
9.444040
9.437405
9.383896
9.250680
9.135142
8.971076
0.231007
8.215770
8.632117
8.900573
9.174185
9.296852
9.327258
9.345340
9.349737
9.350190
9.350347
9.348828
9.346008
9.344527
9.343889
9.341092
9.337441
9.301256
9.275837
9.237074
9.215181
9.077005
0.128822
9.155994
9.235782
9.318760
9.340637
9.344843
9.346909
9.334918
9.270603
9.214877
8.933841
0.005751
0.002352
0.001240
0.000926
0.000620
0.000574
0.000129
0.000119
0.000074
0.000055
0.000057
0.000055
0.000111
0.000206
0.000007
0.000006
0.000007
0.000013
0.000007
0.000020
0.000026
0.000010
0.000016
0.000023
0.000035
0.000007
0.000006
0.000005
0.000007
0.000016
0.000014
0.000027
0.006905
0.005792
0.003852
0.002922
0.003944
8.255758
8.267409
8.274396
8.262615
8.255102
8.240073
0.001859
0.001204
0.000186
0.000144
0.000028
0.000017
0.000046
0.000062
0.000164
0.000040
0.000013
0.000019
0.000039
0.000021
0.000011
0.000012
0.000002
0.000003
0.001580
0.002155
0.004975
0.000008
0.000008
0.000011
0.000005
0.000007
0.000008
0.000023
0.000039
0.000083
0.005995
0.002326
0.001908
0.000006
0.000004
0.000004
0.000001
0.000000
0.000000
0.000000
0.000001
0.000001
0.000002
0.000001
0.000002
0.000005
0.000001
0.000002
0.000002
0.000010
0.000005
0.000004
0.000002
0.000002
0.000010
0.000003
0.000003
0.000011
0.000056
0.000091
8.233092
8.243720
8.262464
8.261096
8.219647
8.120622
0.000123
0.000110
0.000020
0.000021
0.000020
0.000007
0.000007
0.000006
0.000496
0.000490
0.000005
0.000001
0.000000
0.000000
0.000000
0.000000
0.000001
0.000000
0.000001
0.000003
0.000001
0.000002
0.000000
0.000000
0.000002
0.000000
0.000000
0.000000
0.000000
0.000001
0.000001
0.000001
0.000001
0.000001
0.000002
0.000000
0.000000
0.000000
0.000000
0.000000
0.000000
0.000000
0.000000
0.000000
0.000000
0.000000
0.000000
0.000000
0.000000
0.000000
0.000000
0.000000
0.000000
0.000001
0.000000
0.000000
0.000000
0.000001
0.000003
0.000003
0.000003
0.000012
7.900443
7.658752
7.167572
6.652554
5.285688
3.408096
0.000001
0.000000
0.000000
0.000000
0.000000
0.000000
0.000000
0.000000
0.000000
0.000000
0.007934
0.003996
0.000000
0.000000
0.067227
0.039532
0.000000
0.000000
0.000000
0.000000
0.000000
0.000000
0.000000
0.000000
0.000000
0.000000
0.000000
0.000000
0.000000
0.000000
0.000000
0.000000
0.000000
0.000000
0.000000
0.000000
0.000000
0.000000
0.000000
0.000000
0.000001
0.000001
0.000006
2.683446
2.608263
2.365824
2.129475
1.979370
1.813680
0.524563
0.025341
0.006545
0.005942
0.000000
