0.009680
0.009635
0.009630
0.009660
0.009665
0.010399
0.010343
0.010255
0.009657
0.009643
0.009662
0.009662
0.009624
0.009569
0.009477
0.009670
0.001066
0.000850
0.000682
0.006572
0.006967
0.007243
0.007681
0.002379
0.002397
1.820693
1.201580
0.831069
0.270891
0.220895
0.186674
0.173574
0.163558
0.155421
0.043985
0.022303
0.000409
0.005017
0.006503
0.000069
0.000814
0.000288
0.009441
0.036960
0.054940
0.737036
0.803236
0.022766
1.243951
1.334001
1.382118
1.397120
1.388980
1.145456
1.062217
0.950433
0.160339
0.013673
0.003211
0.000191
0.000749
0.000999
0.001331
0.001356
0.001361
0.001342
0.001351
0.001411
0.001437
0.001510
0.001526
0.001539
0.001567
0.001588
0.001752
0.004655
0.004619
0.004657
0.004460
0.004361
0.821255
0.833443
0.901913
0.871474
0.129840
0.119152
0.000802
0.000072
0.007471
0.007518
0.007268
0.007186
0.007201
0.008899
0.011654
0.011824
0.011679
0.011543
0.011781
0.011803
0.011758
0.004387
0.004640
0.004845
0.004952
0.004900
0.004563
0.000084
0.012858
0.045223
0.046757
0.057341
0.072645
0.076023
0.123520
0.132396
0.679187
0.657601
0.648532
0.612228
0.508481
0.474153
0.374218
0.102516
0.086356
0.070113
0.063212
0.047026
0.025438
0.015001
0.005035
0.000589
0.007568
0.006655
0.006072
0.003763
0.000592
0.001939
0.002224
0.003501
0.002688
0.002268
0.000689
0.000364
0.002497
0.002159
0.002294
0.002380
0.004961
0.005763
0.006324
0.297273
0.305783
0.318114
0.347617
0.354925
0.363552
0.370298
0.366177
0.358467
0.338458
0.301449
0.298293
0.289585
0.275309
0.254439
0.240337
0.226634
0.202625
0.187114
0.144967
0.137056
0.119049
0.107183
0.099256
0.039861
0.038728
0.026327
0.004106
0.004199
0.003828
0.000104
0.000129
0.000158
0.000152
0.001582
0.001528
0.005836
0.006484
0.006757
0.036794
0.038613
0.039089
0.034879
0.035013
0.008763
0.009346
0.009604
0.009054
0.008924
0.000192
0.000188
0.000187
0.000118
0.000120
0.000082
0.000070
0.007487
0.007606
0.007695
0.007657
0.009274
0.007037
0.006468
0.006024
0.000410
0.000385
0.010304
0.009856
0.007362
0.004173
0.003920
0.003786
0.003639
0.003198
0.000379
0.000129
0.001513
0.001563
0.001658
0.002396
0.136053
0.145411
0.153252
0.156329
0.158237
0.149377
0.143363
0.136279
0.130524
0.125676
0.055367
0.051228
0.048359
0.037365
0.034450
0.021590
0.007884
0.005156
0.001410
0.001391
0.001220
0.000871
0.000834
0.000367
0.000026
0.000060
0.000052
0.000405
0.000406
0.000410
0.000414
0.000427
0.000451
0.000313
0.000268
0.000327
0.000427
0.000089
0.000078
0.000102
0.000058
0.000039
0.000060
0.000062
0.005818
0.005998
0.006038
0.006016
0.005716
0.005588
0.005538
0.005749
0.028332
0.030628
0.095739
0.105835
0.103800
0.086826
0.080457
0.063622
0.054506
0.046165
0.037119
0.036067
0.031714
0.032857
0.035915
0.034490
0.034147
0.025453
0.024030
0.022298
0.021883
0.019212
0.009432
0.008741
0.007979
0.007361
0.006910
0.006735
0.006575
0.006446
0.006233
0.005278
0.012205
0.004644
0.004758
0.004838
0.004838
0.004765
0.004523
0.004408
0.019482
0.020843
0.021454
0.022106
0.024421
0.026784
0.051260
0.079268
0.084879
0.090100
0.093602
0.093444
0.094600
0.018814
0.017817
0.015326
0.000258
0.005948
0.006657
0.006670
0.006794
0.015736
0.016198
0.018139
0.018225
0.018623
0.027152
0.034989
0.049643
0.053148
0.054304
0.056582
0.029440
0.029699
0.027883
0.028072
0.028375
0.028687
0.028931
0.027080
0.022246
0.006905
0.007022
0.007389
0.007741
0.000355
0.000321
0.000303
0.000018
0.000014
0.000022
0.000189
0.001284
0.001661
0.002094
0.002299
0.003424
0.036360
0.039420
0.042573
0.043760
0.045184
0.048805
0.051181
0.051658
0.051959
0.051077
0.049403
0.048358
0.046603
0.014911
0.002787
0.002033
0.001648
0.000053
0.000045
0.000163
0.000192
0.000013
0.000010
0.000012
0.000008
0.000032
0.000017
0.000022
0.000024
0.000037
0.000054
0.000101
0.000044
0.000130
0.000123
0.000164
0.008412
0.008624
0.012188
0.038683
0.044896
0.051997
0.064903
0.071926
0.086041
0.093776
0.094717
0.093985
0.000399
0.000144
0.000094
0.000103
0.000040
0.000020
0.000018
0.000023
0.000050
0.000039
0.000025
0.000012
0.000011
0.000011
0.000015
0.001941
0.001886
0.002341
0.001500
0.001291
0.000834
0.000853
0.000876
0.001148
0.013503
0.044401
0.045927
0.048067
0.049039
0.049827
0.056495
0.122047
0.123680
0.124177
0.121214
0.100455
0.086509
0.061208
0.054754
0.041666
0.043295
0.045514
0.002711
0.000956
0.000942
0.000228
0.000050
0.000049
0.000053
0.000055
0.000045
0.000373
0.000367
0.000255
0.001987
0.002391
0.518915
0.591516
0.906379
1.010709
1.156151
1.326331
1.539691
1.811784
2.232941
2.759305
3.193148
3.236386
0.000333
0.000193
0.004253
0.004906
0.004865
0.009651
0.009699
0.010712
0.010777
3.238471
3.253806
3.239491
3.200221
3.186354
2.955484
2.831122
2.720788
2.462702
2.391882
0.000563
0.000613
0.009399
2.437130
2.505904
2.633612
2.687250
2.753025
2.791567
0.000195
0.000056
0.000064
0.000192
0.000306
0.000099
0.000087
0.000120
0.000028
0.000031
0.012373
0.031660
3.125276
3.128401
3.131259
3.143724
3.171340
2.962979
2.813366
2.591657
2.418258
2.156073
2.242747
2.213572
2.152482
0.006353
0.005631
0.005319
0.005080
0.004783
0.004411
0.001040
0.000937
0.000103
0.000070
0.000010
0.000011
0.000129
0.086360
0.000012
0.000021
0.000039
0.000039
0.000030
0.000565
0.000009
0.000011
0.000004
0.000006
0.000013
0.000005
0.000028
0.000125
0.001168
0.014365
0.059693
0.069752
0.078458
2.738139
2.990088
3.217830
3.215839
3.213382
3.217901
3.222545
3.229157
3.233833
0.000304
0.000223
0.000230
0.000253
0.000107
0.000110
0.000044
0.000027
0.000026
0.000106
0.000055
0.002108
0.001953
0.002076
0.002342
0.007693
3.201402
3.176379
3.155366
3.183987
3.182320
3.183819
3.187854
3.179598
3.154457
3.128517
3.101359
3.077363
3.058023
2.830122
2.665130
2.554878
2.439060
2.243443
0.009852
0.009024
0.008835
0.009107
0.006345
0.006393
0.006463
0.006462
0.011316
0.013964
0.014267
0.022841
1.904032
1.840340
1.642064
0.013059
0.007297
0.004908
0.000287
0.000031
0.000040
0.000044
0.819251
0.669074
0.550216
0.465379
0.408907
0.357844
0.313255
0.168700
0.144069
0.124926
0.000358
0.000460
0.000276
0.000265
0.000196
0.000179
0.000223
0.006440
0.006646
0.006547
0.006687
0.006673
0.009558
0.009352
0.002684
0.002464
0.002348
0.002197
0.002148
0.002181
0.002159
0.002323
0.004002
0.005040
0.005066
0.005020
0.005021
0.005001
0.005083
0.004973
0.004988
0.004545
0.011366
0.011287
0.012315
0.013172
0.013235
0.013299
0.007396
0.011430
0.003306
0.010874
0.011187
0.011259
0.011234
0.011145
0.010929
0.010679
0.010708
0.010301
0.008520
0.009180
0.006167
0.006112
0.004875
0.004279
0.000437
0.000635
0.001426
0.001456
0.001458
0.001801
0.002445
0.003104
0.004288
0.004036
0.004145
0.000882
0.000789
0.000821
0.000633
0.000593
0.000562
0.000616
0.000662
0.000695
0.000796
0.000883
0.000895
0.000874
0.000899
0.000154
0.000142
0.001181
0.001144
0.001048
0.000122
0.000097
0.000106
0.000195
0.000169
0.000137
0.000099
0.000077
0.000074
0.000078
0.000066
0.000065
0.000074
0.000080
0.000473
0.000513
0.000514
0.000517
0.000476
0.000444
0.000457
0.000483
0.000174
0.000255
0.000256
0.000283
0.000470
0.000238
0.000172
0.000908
0.007032
0.013671
0.015434
0.016272
0.017766
0.014754
0.022582
0.063676
0.068432
0.071921
0.075905
0.077704
0.078070
0.077308
0.075700
0.069837
0.024884
0.013929
0.008051
0.008242
0.006069
0.005929
0.005864
0.005836
0.013053
0.013723
0.014256
0.014906
0.015520
0.016253
0.016666
0.017187
0.005576
0.006008
0.006606
0.071871
0.075021
0.078842
0.081717
0.084638
0.092238
0.089285
0.086134
0.083304
0.079898
0.078750
0.077999
0.089036
0.084438
0.075093
0.069541
0.065756
0.051602
0.034281
0.033760
0.021032
0.020633
0.020005
0.002802
0.002685
0.002582
0.002484
0.002269
0.002200
0.006115
0.006728
0.007974
0.063156
0.076794
0.078863
0.085022
0.086372
0.128165
0.149885
0.163350
0.172793
0.178807
0.160974
0.156856
0.149458
0.140229
0.074352
0.042275
0.006267
0.005526
0.003642
0.003650
0.000508
0.000472
0.000035
0.000015
0.000340
0.000066
0.002011
0.002228
0.066988
0.068050
0.069421
0.068873
0.069049
0.089410
0.091805
0.086701
0.079264
0.080727
0.077903
0.076795
0.075398
0.021811
0.014360
0.014432
0.014510
0.014632
0.013383
0.013223
0.065504
0.064079
0.062059
0.062326
0.022614
0.010581
0.009924
0.009469
0.009349
0.000127
0.000121
0.023389
0.023431
0.023795
0.023392
0.020645
0.023247
0.024490
0.007754
0.007413
0.007299
0.000094
0.000093
0.005745
0.029923
0.030186
0.030785
0.036267
0.036508
0.021421
0.020969
0.016077
0.008001
0.005558
0.003635
0.004780
0.005653
0.007413
0.008592
0.010163
0.010650
0.013724
0.088810
0.092090
0.100194
0.119862
0.126847
0.109175
0.103729
0.065032
0.059937
0.046253
0.006690
0.003230
0.000189
0.002916
0.002951
0.002402
0.002217
0.002082
0.002005
0.004127
0.004408
0.039236
0.039343
0.039963
0.016891
0.021076
0.060499
0.062945
0.071732
0.075724
0.077043
0.079352
0.082855
0.089288
0.096019
0.100829
0.109691
0.117578
0.126716
0.135811
0.138908
0.134244
0.133805
0.133716
0.068089
0.068059
0.058206
0.055440
0.050540
0.043773
0.000815
0.000528
0.000419
0.000008
0.000038
0.000013
0.000007
0.000007
0.005128
0.005530
0.004936
0.038805
0.051540
0.102449
0.113740
0.120257
0.003556
0.160722
0.169289
0.161424
0.145936
0.140074
0.135644
0.126539
0.118608
0.111063
0.103582
0.097544
0.094116
0.086034
0.042808
0.021487
0.020735
0.020307
0.020419
0.020101
0.022239
0.023699
0.024542
0.025189
0.025396
0.030321
0.045223
0.044668
0.045085
0.044929
0.044169
0.043200
0.042302
0.033510
0.032509
0.030216
0.025492
0.028607
0.024000
0.024546
0.024763
0.021872
0.021652
0.021519
0.019894
0.019921
0.024685
0.030023
0.033427
0.034674
0.033428
0.032710
0.032349
0.025947
0.025554
0.024869
0.023463
0.018423
0.004730
0.010675
0.010800
0.005051
0.004277
0.008804
0.052624
0.056748
0.101313
0.112149
0.161730
0.183515
0.236106
0.257539
0.308550
0.337148
0.431151
0.481980
0.453068
0.419148
0.396731
0.342986
0.315929
0.269886
0.254403
0.238028
0.223352
0.205387
0.180245
0.170236
0.005219
0.000593
0.000112
0.000119
0.000180
0.000134
0.000151
0.000117
0.000050
0.000202
0.000182
0.000108
0.000081
0.000070
0.003682
0.003805
0.003798
0.003812
0.003778
0.003913
0.004101
0.004184
0.004272
0.004160
0.000037
0.000034
0.000035
0.000025
0.000026
0.000088
0.000585
0.005727
0.007314
0.019836
0.020302
0.049501
0.064672
0.081413
0.097958
0.105013
0.120795
0.124007
0.127494
0.130035
0.122946
0.129239
0.147858
0.148902
0.147050
0.145613
0.032186
0.001373
0.000797
0.000657
0.043776
0.028933
0.029244
0.016979
0.112229
0.113837
0.116998
0.114398
0.112095
0.108230
0.104661
0.079606
0.058589
0.060212
0.018991
0.049349
0.055762
0.077397
0.087703
0.096907
0.225065
0.243082
0.294710
0.352504
0.376360
0.395627
0.414271
0.434948
0.020924
0.002495
0.000023
0.000012
0.000034
0.000025
0.000025
0.000017
0.003374
0.002675
0.002951
0.003141
0.002607
0.000074
0.000029
0.000042
0.000025
0.000017
0.000016
0.000012
0.000022
0.000024
0.000027
0.000035
0.005293
0.005910
0.006495
0.000091
0.000040
0.000049
0.000034
0.000040
0.000029
0.000027
0.000026
0.000116
0.000092
0.000410
0.000367
0.000389
0.089739
0.140512
0.273193
0.361206
0.486527
1.781917
2.043291
2.394733
2.802248
3.256776
3.359627
3.481401
3.590097
3.605529
3.649800
3.653021
3.647443
3.350139
2.956712
2.637678
1.038085
0.219629
0.183916
0.153910
0.087233
0.072861
0.013366
0.000216
0.000124
0.000052
0.000051
0.000025
0.000017
0.000015
0.000016
0.000011
0.000013
0.000035
0.000025
0.000013
0.003983
0.016183
0.015949
0.015128
0.014640
0.014270
0.014153
0.014297
0.013919
0.013504
0.002972
0.002838
0.002892
0.002626
0.001844
0.003842
0.004322
0.011601
0.011782
0.011706
0.009073
0.000080
0.000070
0.000094
0.000063
0.000060
0.000123
0.000111
0.000119
0.000156
0.005507
0.005739
0.005807
0.005756
0.005761
0.005708
0.005674
0.005771
0.011963
0.037749
0.079625
0.156225
0.299310
0.459814
1.360759
1.216019
0.011133
0.325327
0.306959
0.281761
0.262768
0.246772
0.206581
0.195730
0.059496
0.060190
0.007685
0.000103
0.000070
0.000063
0.000049
0.006661
0.005071
0.004744
0.016775
0.026455
0.069845
0.000568
0.030945
0.039334
0.038750
0.048099
0.168699
0.218014
0.250291
0.254396
0.268199
0.285598
0.286784
0.297261
0.341024
0.372995
0.392870
0.409098
0.438868
0.453169
0.457710
0.462229
0.467038
0.469820
0.020833
0.018924
0.006383
0.006025
0.004963
0.004194
0.003425
0.000168
0.000119
0.000126
0.000189
0.002329
0.045791
0.405086
0.413302
0.417074
0.006405
0.000314
0.000377
0.000306
0.016480
0.125675
0.128281
0.153712
0.136849
0.024368
0.025240
0.098732
0.092652
0.090225
0.013831
0.066537
0.063668
0.061368
0.057745
0.031252
0.049505
0.054472
0.059064
0.063495
0.070611
0.074457
0.075457
0.076814
0.082529
0.087573
0.091698
0.091409
0.091798
0.010216
0.006032
0.005704
0.050748
0.053413
0.070367
0.070357
0.070165
0.051242
0.000238
0.000060
0.000042
0.000098
0.000059
0.000047
0.000036
0.000040
0.000158
0.000092
0.000088
0.000550
0.001785
0.004137
0.052174
0.056922
0.062083
0.149208
0.339588
1.168547
1.609394
2.055003
2.345161
2.721921
3.163368
3.680152
4.301714
5.275802
6.312194
7.360516
8.087159
9.006672
9.227650
9.313895
9.436392
9.490469
9.495656
9.510354
9.479882
9.438450
9.346964
9.216826
0.132735
9.396386
9.464173
9.515596
9.547074
9.540829
9.534472
9.470939
9.405442
9.357260
9.299019
9.260662
9.238021
9.215786
9.182286
0.000752
0.000498
0.000228
0.000071
0.000041
0.000031
0.000066
0.000027
0.000020
0.000167
0.000122
0.000074
0.000050
0.000070
0.000249
0.000383
0.000604
0.003109
0.008825
0.051460
9.368619
9.446163
9.547332
9.555423
9.557334
9.558126
9.558324
9.558322
9.558192
9.558054
9.558210
9.558271
9.557645
9.555196
9.555051
9.555582
9.547268
9.544001
9.544793
9.551355
9.546713
9.544210
9.547092
9.553408
9.554678
9.183389
9.177311
9.167806
8.497633
8.498283
8.496862
8.494847
8.490588
8.480978
8.466598
8.461777
8.466707
8.476512
8.478202
8.475239
8.452516
8.444410
8.443935
8.447676
8.459694
8.459305
8.460641
8.466449
8.458741
8.440833
8.389834
8.321044
8.265287
8.191276
8.145504
8.109073
0.060110
0.059138
0.133319
8.215026
8.356015
8.453324
8.477847
8.487598
8.489100
8.491591
8.493240
8.495782
8.500045
8.500836
8.501030
8.501089
8.501046
8.500238
8.498485
8.496993
8.704966
8.706082
8.709195
8.708444
8.687835
8.659504
8.598858
8.541908
0.078000
8.453238
8.505347
8.555008
8.615196
8.689952
8.714844
8.692292
8.492909
8.080752
8.057356
8.051103
8.096856
8.085168
8.057307
8.031299
8.116227
0.068601
7.877444
7.860501
7.817026
7.666381
7.682868
7.831114
7.777097
7.657716
7.954649
8.108591
8.282633
8.342401
8.361100
8.389899
8.409560
8.409544
8.406967
8.379694
8.029178
8.025492
8.021522
8.027647
8.027203
8.027601
8.029568
8.030048
0.000001
0.000000
0.000000
0.000000
0.000000
0.000000
0.000000
0.000000
0.000000
0.000000
0.000000
0.000000
0.000000
0.000000
0.000000
0.000000
0.000000
0.000000
0.000000
0.000000
0.000000
0.000000
0.000000
0.000000
0.000000
0.000000
0.000001
8.030354
8.028362
8.022051
8.015732
7.981686
7.955033
7.931926
7.903568
7.849338
7.794129
7.624596
7.482971
7.375335
7.208230
7.116989
6.999427
6.905609
6.810124
6.422604
6.439538
6.455063
7.348008
7.512136
7.679777
7.882869
7.973084
7.989595
8.000427
8.012968
8.028878
8.030073
8.030677
8.030648
8.030697
8.030763
8.030621
8.030280
8.028579
8.023420
8.005648
7.914797
7.861283
0.010768
0.003994
0.003644
0.003258
0.001904
0.001967
0.002480
0.000352
0.000475
0.002955
7.754373
7.768940
7.788421
7.794805
7.799411
7.806868
7.782508
0.141922
7.872721
7.910236
7.885580
7.870434
7.807236
7.743099
7.691481
7.680376
7.598961
7.559552
7.516296
7.485075
7.389071
7.228817
7.155356
7.050406
6.904511
6.849204
0.000126
0.000038
0.000074
0.000066
0.000188
0.000321
0.000256
0.002618
0.002001
0.002122
0.002180
0.003690
6.612495
6.976095
6.881130
6.839979
6.619728
6.982739
6.930373
6.730209
6.593211
0.053184
5.811896
6.735885
6.995826
7.278208
0.044542
0.056218
7.593967
7.892239
7.993984
7.991006
7.981331
7.970016
7.945243
7.880655
7.832476
7.790578
7.683294
7.338104
7.274365
7.150740
7.122367
6.991538
6.903922
6.792101
6.611586
6.044547
5.459088
0.305924
0.279411
0.018234
0.142093
3.069576
4.222771
5.335330
5.993532
6.579411
6.813993
7.025948
7.278159
7.362936
7.420376
7.451576
7.466479
7.469935
7.470047
7.469764
7.466245
7.219204
6.781296
6.183652
5.551009
4.756628
3.379755
0.038854
0.019623
0.018979
0.017735
0.099199
0.257404
3.568444
4.465543
4.913469
5.229788
5.320147
5.538258
5.808092
5.941872
5.796362
5.660624
0.000000
0.000000
0.000000
0.000000
0.000000
0.000000
0.000000
0.000000
0.000000
0.000000
0.000000
0.000000
0.000000
0.000000
0.000000
0.000000
0.000000
0.000000
0.000000
0.000000
0.000000
0.000000
0.000000
0.000000
0.000000
0.000000
0.000000
0.000000
0.000000
0.000000
0.000000
0.000000
0.000000
0.000000
0.000000
0.000000
0.000000
0.000000
0.000000
0.000000
0.000000
0.230466
5.697217
0.126752
6.269240
6.544800
6.851777
0.009354
0.008075
0.004295
0.004099
0.004490
6.831766
6.978385
7.035105
7.012685
7.007120
6.991181
6.983231
6.945732
0.031036
6.925268
6.957619
6.991261
6.995531
6.995650
6.985772
6.978073
6.972722
6.966123
6.956566
6.948360
0.007706
0.006220
0.001984
0.001098
0.001098
0.001024
0.003266
6.831669
6.830014
6.808211
6.809338
6.810374
6.812859
6.813443
6.849340
6.853857
6.852837
6.850154
6.846976
6.827963
6.555622
6.489154
6.306750
6.307565
6.289473
6.292614
6.321608
6.360173
6.350539
6.213731
6.256225
6.228936
6.225367
6.324306
6.360606
6.328243
0.014057
0.008912
0.007390
0.004403
0.004189
0.004587
6.164866
6.202923
5.535962
4.713143
3.070407
0.031238
0.000372
0.000026
0.000241
1.159214
0.974090
0.388366
0.330616
0.305700
0.130869
0.083477
0.074786
0.062986
0.053525
0.021570
0.020066
0.002853
0.002972
0.007351
0.089324
0.095279
0.098639
0.102355
0.090440
0.077065
0.037060
0.004496
0.004532
0.008320
