0.000090
0.000012
0.000000
0.000000
0.000000
0.000000
0.000000
0.000000
0.000000
0.000000
0.000000
0.000000
0.000000
0.000000
0.000000
0.000000
0.000000
0.000000
0.000000
0.000001
0.000000
0.000000
0.000012
0.000000
0.000000
0.000000
0.000000
0.000000
0.000000
0.000000
0.000001
0.000001
0.006476
0.006624
0.006764
0.006898
0.006940
0.006942
0.007013
0.007240
0.007201
0.018689
0.019279
0.028015
0.029403
0.426625
0.359391
0.333143
0.255906
0.107931
0.072503
0.032893
0.007338
0.002002
0.011737
0.015206
0.015414
0.015450
0.000067
0.000000
0.000000
0.000000
0.000065
0.000062
0.000029
0.000023
0.000027
0.000013
0.000011
0.000010
0.000014
0.000019
0.014844
0.014519
0.021245
0.022267
0.023458
0.025266
0.034347
0.043331
0.044487
0.044908
0.079586
0.080338
0.081125
0.079162
0.064897
0.062531
0.061343
0.058795
0.055496
0.053777
0.029866
0.021734
0.023594
0.000656
0.000795
0.000775
0.000659
0.000174
0.000146
0.000192
0.000000
0.000000
0.000000
0.000000
0.000000
0.000000
0.000000
0.000000
0.000000
0.000000
0.000000
0.000000
0.000000
0.000000
0.000000
0.000000
0.000000
0.000000
0.000000
0.000000
0.000000
0.000000
0.000000
0.000000
0.000000
0.000000
0.000000
0.000000
0.000000
0.000000
0.000000
0.000000
0.000000
0.000000
0.000000
0.000000
0.000000
0.000104
0.006829
0.006991
0.009397
0.046785
0.051595
0.055142
0.096395
0.506515
0.521997
0.475679
0.125625
0.109701
0.044057
0.026673
0.033552
0.022407
0.001165
0.000352
0.008969
0.015588
0.017533
0.020281
0.030937
0.032910
0.032630
0.023062
0.000285
0.000000
0.000000
0.000000
0.000000
0.000000
0.000000
0.000000
0.000000
0.000000
0.000000
0.000000
0.000000
0.000000
0.000000
0.000000
0.000000
0.000000
0.000000
0.000000
0.000000
0.000000
0.000000
0.000000
0.000000
0.000000
0.000000
0.000000
0.000000
0.000000
0.000000
0.000000
0.000000
0.000000
0.000000
0.000000
0.000000
0.000000
0.000000
0.000000
0.000000
0.000000
0.000000
0.000000
0.000000
0.000000
0.000000
0.000000
0.000000
0.000000
0.000000
0.000000
0.000000
0.000000
0.000000
0.000000
0.000000
0.000000
0.000000
0.000000
0.000000
0.000000
0.000000
0.000000
0.000000
0.000000
0.000000
0.000000
0.000000
0.000000
0.000000
0.010622
0.019335
0.069170
0.077039
0.081859
0.088117
0.082896
0.082396
0.078486
0.056146
0.022314
0.022469
0.022279
0.022318
0.022145
0.022430
0.017120
0.016527
0.015805
0.003238
0.007709
0.004399
0.004369
0.000202
0.000173
0.000405
0.016401
0.031405
0.033158
0.034164
0.033902
0.033861
0.033896
0.034624
0.036842
0.038061
0.208966
0.203473
0.201466
0.196406
0.183359
0.024602
0.022323
0.000423
0.000300
0.000320
0.000000
0.000000
0.000000
0.000000
0.000000
0.000000
0.000000
0.000000
0.000000
0.000000
0.000000
0.000000
0.000000
0.000000
0.000000
0.000000
0.000000
0.005831
0.066363
0.068724
0.072930
0.208703
0.212926
0.232898
0.237103
0.245475
0.251257
0.267118
0.282442
0.300952
0.319408
0.130460
0.131390
0.092123
0.092412
0.089787
0.083386
0.079440
0.016669
0.014797
0.001168
0.000267
0.000000
0.000000
0.000000
0.000000
0.000000
0.000000
0.000000
0.000000
0.000000
0.000000
0.000000
0.000000
0.000000
0.000000
0.000000
0.000000
0.000000
0.000000
0.000000
0.000000
0.000000
0.000000
0.000000
0.000000
0.000000
0.000000
0.000000
0.000235
0.000327
0.007699
0.000365
0.000315
0.000054
0.000051
0.000049
0.000081
0.005733
0.006390
0.011366
0.091802
0.101200
0.110514
0.120976
0.131830
0.151173
0.174213
0.477021
1.498991
1.701026
0.019396
2.470775
0.002942
0.000000
0.000000
0.000000
0.000000
0.000000
0.000000
0.000000
0.000000
0.000000
0.000000
0.000000
0.000000
0.000000
0.000000
0.000000
0.000000
0.000000
0.000000
0.000000
0.000000
0.000000
0.000000
0.000000
0.000000
0.000000
0.000000
0.000000
0.000000
0.000000
0.000000
0.000000
0.000000
0.000000
0.000000
0.000000
0.000000
0.000000
0.000000
0.000000
0.000000
0.000000
0.000000
0.000000
0.000000
0.000000
0.000000
0.000000
0.000000
0.000000
0.000000
0.000000
0.000000
0.000000
0.000000
0.000000
0.000000
0.000000
0.000000
0.000000
0.000000
0.000000
0.000000
0.000000
0.000000
0.000000
0.000000
0.000000
0.000000
0.000000
0.000000
0.000000
0.000000
0.000000
0.000000
0.000000
0.000000
0.000000
0.000000
0.000000
0.000000
0.000000
0.000000
0.000000
0.000000
0.000000
0.000000
0.000000
0.000000
0.000000
0.000000
0.000002
0.018435
3.083033
3.665164
4.174538
4.269520
0.010332
0.010911
0.001073
0.009560
0.010528
0.001387
0.014350
4.543580
5.131428
5.323379
0.007088
0.000006
0.000005
0.000000
0.000000
0.000000
0.000000
0.000000
0.000000
0.000000
0.000000
0.000000
0.000000
0.000000
0.000000
0.007654
5.689356
5.841487
5.915526
5.924003
5.925033
0.000657
0.000000
0.000000
0.000000
0.000000
0.000000
0.000000
0.000000
0.000000
0.000000
0.000000
0.000000
0.000000
0.000000
0.000000
0.000000
0.000000
0.000000
0.000000
0.000000
0.000000
0.000000
0.000000
0.000000
0.000000
0.000000
0.000000
0.000000
0.000000
0.000000
0.000583
0.000584
0.000715
0.002039
0.004747
0.000001
0.000000
0.000000
0.000000
0.000000
0.000001
0.000001
0.000001
0.005861
5.964741
5.989761
6.026520
6.056525
6.105002
6.124020
6.128240
6.128216
6.128437
6.112043
0.000004
0.000003
0.000001
0.000001
0.000001
0.000001
0.000001
0.000001
0.000000
0.000000
0.000000
0.000000
6.100991
6.093589
6.064111
6.026575
0.001760
0.001003
0.000946
0.000000
0.000000
0.000898
0.000931
0.001067
0.000000
0.000000
0.000000
0.000000
0.000000
0.000000
0.000001
0.000000
0.000000
0.000000
0.000000
0.000000
0.000000
0.000002
0.000002
0.000001
0.000003
0.000001
0.000000
0.000001
0.000002
0.000001
0.000001
0.000000
0.000000
0.000000
0.000000
0.000000
0.000001
0.000001
0.000003
0.000004
0.001182
0.001604
0.002409
5.896212
5.904290
5.780174
6.247457
6.316034
6.375011
6.419932
6.454055
6.481000
0.000056
0.000044
0.000008
0.000006
0.000003
0.000001
0.000001
0.000001
0.000003
0.000003
0.000002
0.000002
0.000001
0.000005
0.000003
0.000002
0.000002
0.000006
0.000002
0.000004
0.000003
0.000002
0.000001
0.000001
0.000001
0.000001
0.000001
0.000005
0.000004
0.000003
0.000007
0.000004
0.000005
0.000005
0.000003
0.000006
0.000006
0.000005
0.000004
0.000004
0.000004
0.000005
0.000003
0.000012
0.000004
0.000016
0.000002
0.000006
0.000005
0.000006
0.000005
0.000007
0.000006
0.000006
0.000007
0.000033
0.000025
0.000022
0.000049
0.001172
0.001221
0.001283
0.000030
0.000032
0.000020
0.000045
0.000038
0.000125
0.000184
0.000264
0.000318
6.492472
6.497371
6.500285
6.506381
6.515492
6.524862
6.525819
6.528707
6.532194
6.531125
6.532920
6.534043
6.537677
6.532469
6.514425
6.413715
6.411993
6.408875
0.000479
0.000153
0.000066
0.000032
0.000012
0.000005
0.000004
0.000004
0.000007
0.000009
0.000002
0.000002
0.000007
0.000008
0.000001
0.000000
0.000005
0.000004
0.000003
0.000003
0.000030
0.000006
0.000007
0.000001
0.000004
0.000064
0.000157
0.000050
0.000003
0.000003
0.000004
0.000002
0.000001
0.000001
0.000002
0.000001
0.000001
0.000005
0.000008
0.000005
0.000011
0.000006
0.000006
0.000012
0.000098
0.000156
0.000218
0.002426
6.385748
6.335980
6.397814
6.417936
6.430996
6.408825
6.391763
6.390182
6.360617
0.011234
0.011025
0.011134
0.011254
0.011359
0.012498
6.832530
6.982187
6.991986
7.289669
7.299022
7.307020
7.310108
7.311143
7.311328
7.312202
7.313752
7.314115
7.312955
7.313421
7.344916
7.349418
7.545198
7.545760
7.511990
7.510353
7.483311
7.430681
7.583802
7.540286
7.517104
7.503088
7.446850
7.411624
7.350042
7.278755
7.003757
6.709065
6.516458
0.031646
0.030284
0.028215
5.985946
5.405031
0.004090
4.512379
4.009504
3.486327
3.093565
2.783132
2.492191
2.184716
1.961811
1.747414
1.093424
0.003528
0.002887
0.000363
0.000259
0.001290
0.001080
0.000990
0.001043
0.000992
0.001316
0.005922
0.090247
0.324477
0.511873
0.803421
0.817516
0.829087
0.817060
0.771485
0.220864
0.087720
0.076958
0.055517
0.017685
0.012578
0.003683
0.094698
1.123366
1.202519
1.263117
0.119420
0.127333
0.082566
0.079623
0.090086
0.094098
0.097770
1.918111
2.042381
2.170045
0.030085
0.015507
0.011368
0.004056
0.042712
0.046549
2.555108
2.755078
2.994089
3.265511
3.581599
3.987233
4.487166
5.011757
5.706993
0.041804
6.509679
7.065273
7.789077
7.790577
7.799500
7.809974
7.824119
7.830467
7.825614
7.814370
7.808186
7.760952
7.655219
7.611774
7.532121
0.004954
0.003556
0.003020
0.000762
0.000566
0.000287
0.000255
0.000198
0.000104
0.000055
0.000036
0.000033
0.000039
0.000035
0.000037
0.000058
0.000044
0.000061
0.000146
0.000047
0.000064
0.000048
0.000049
0.000067
0.000099
0.000133
0.000138
0.000295
0.000911
7.344114
7.356006
7.367045
7.399217
7.440261
7.483297
7.484915
7.474304
7.604712
7.693655
7.774939
7.814455
7.871233
7.912202
7.950010
7.955395
7.965549
7.968589
7.969870
7.974355
8.006900
7.995167
7.980160
7.888321
7.839288
7.800967
7.559739
7.304635
6.604581
5.963716
5.365766
4.929599
4.552706
4.160441
3.926939
3.615014
3.394983
0.026324
0.024492
0.022128
0.018065
0.014072
0.001314
0.005994
0.007364
0.013726
0.012865
0.147609
0.142573
0.020946
0.016645
0.000314
0.000161
0.009196
0.009539
0.009083
0.008857
0.008902
0.008829
0.008698
0.009163
0.009706
0.009337
0.007842
0.007839
0.007621
0.009837
0.010530
0.268709
0.311784
0.350689
4.243156
4.338222
4.432679
4.433624
4.393096
4.375697
4.277873
0.027281
0.010696
0.003209
0.003398
0.024498
0.086631
0.091217
0.114004
4.684860
0.039233
0.036772
0.040140
0.000562
0.000602
0.000838
0.003236
5.282682
5.370660
5.506575
5.692994
5.924827
0.000609
0.000740
0.000824
0.007596
0.008944
0.013724
0.018823
0.029831
7.169540
7.374426
7.530801
7.622695
7.746708
7.953536
8.194150
8.269073
8.362994
8.417172
8.470308
8.554678
8.498618
8.480477
8.459048
8.453166
8.466518
8.500545
8.524702
8.564929
8.631056
8.697265
8.705383
8.687400
8.682073
8.719100
8.713299
8.724158
8.734845
8.732644
8.701363
8.678728
8.663642
8.652581
8.479003
8.240824
8.074496
7.824453
7.231399
0.025324
0.018862
0.019364
0.009913
0.000944
0.000755
0.000725
0.000722
0.007160
0.011810
6.081100
5.646776
5.290013
4.977097
0.008799
0.001722
0.001439
0.006139
0.022883
0.019418
0.009116
0.008562
0.005299
0.004905
0.004145
0.003738
0.003357
0.004563
0.003884
0.015664
0.012803
0.007085
0.000185
0.000598
0.000457
0.000650
0.013467
0.078868
0.073960
0.072135
0.061459
0.061323
0.062028
0.062597
0.046341
0.045052
0.000063
0.000077
0.000187
0.000218
0.000039
0.000029
0.000048
0.000383
0.000491
0.000722
0.001129
0.044319
0.045044
0.045768
0.044183
0.040005
0.036816
0.035097
0.034259
0.034483
0.033703
0.032484
0.030594
0.029343
0.000201
0.000645
0.000930
0.000608
0.029032
0.029402
0.023950
0.024351
0.024867
0.006727
0.009922
0.010779
0.007488
0.007872
0.009492
0.009053
0.000194
0.000036
0.000063
0.000040
0.000043
0.000050
0.000027
0.000020
0.000018
0.000019
0.000049
0.000179
0.000183
0.000156
0.000245
0.000135
0.000141
0.004539
0.004080
0.003884
0.004518
0.016307
0.016934
0.017929
0.035914
4.154011
4.293907
4.426313
4.555548
4.716297
5.017680
5.455172
5.733386
6.054535
0.052747
6.636234
7.165200
7.306294
7.506056
7.727378
7.911445
7.994011
8.091614
8.203402
8.338971
8.504274
8.635766
8.869545
8.956734
9.014841
9.138739
9.233901
9.264604
9.378038
9.420623
9.422724
9.429748
9.443014
9.451213
9.451555
9.451629
9.438210
9.430693
9.416093
9.316261
8.996870
8.850007
8.723225
8.075017
7.626615
7.299640
6.953339
6.608914
0.300575
0.944702
7.608449
8.110702
8.402692
8.605094
8.778954
8.922877
9.031034
9.153203
9.253797
9.390804
9.440246
9.457711
9.460772
9.461087
9.455163
9.416630
9.251203
9.101790
8.912081
8.384676
8.320870
0.074130
0.002175
0.000997
0.000455
0.000232
0.000126
0.000048
0.000019
0.000012
0.000009
0.000009
0.000007
0.000007
0.000006
0.000004
0.000004
0.000009
0.000020
0.000017
0.000024
0.000008
0.000013
0.000006
0.000015
0.000022
0.000053
0.000067
0.000073
0.000071
0.000096
0.000265
0.000658
8.059456
8.096402
8.196368
8.296935
0.026124
0.026985
8.372266
8.713056
8.826240
8.864619
8.921815
8.970305
9.022189
9.026377
9.025701
9.012033
9.005189
8.998570
9.059816
0.097882
9.102818
9.133722
9.162594
9.167027
9.163454
9.152844
9.147190
9.143764
9.142794
9.139929
9.127107
9.112892
9.093626
9.082071
9.054792
8.811253
8.222202
7.717042
7.483736
7.040219
6.733330
4.992611
4.959807
6.713592
7.374121
0.001553
0.000443
0.000207
0.000139
0.000077
0.000055
0.000035
0.000040
0.000036
0.000039
0.000047
0.000022
0.000060
0.000070
0.000079
0.000047
0.000040
0.000034
0.000078
0.000205
0.000346
0.000608
0.000185
0.000366
0.000579
0.001117
8.071803
8.536545
8.795835
9.052001
9.177939
9.275787
9.399667
9.430105
9.484369
9.502035
9.518239
9.525942
9.528187
9.528784
9.529614
9.523914
9.522107
9.522813
9.526455
9.529389
9.530495
9.530813
9.530143
9.529918
9.528381
9.524842
9.523991
9.525392
9.527778
9.529195
9.528390
9.527827
9.523999
9.522068
9.522108
9.521459
9.519665
9.518605
9.518760
9.521018
9.525944
9.530508
9.530119
9.529705
9.528315
9.515080
9.421747
9.232542
9.212002
9.243821
9.137593
9.006951
8.561420
8.232867
7.904077
7.615585
7.390801
7.210340
6.972908
6.328686
5.691407
5.147510
4.556367
3.974846
3.525500
3.159718
0.062492
0.002771
0.001107
0.000831
0.000508
0.000315
0.000505
0.000206
0.000081
0.000149
0.000088
0.000071
0.000060
0.000062
0.000066
0.000053
0.000056
0.000060
0.000043
0.000043
0.000062
0.000060
0.000097
0.000090
0.000166
0.000114
0.000088
0.000081
0.000079
0.012330
0.056231
0.053523
0.059252
0.070088
1.734352
1.874095
1.863530
1.941357
1.996339
1.948493
0.001842
1.503514
1.532102
1.303144
1.243792
1.328102
0.051515
0.051782
0.052755
0.055650
0.060374
0.059405
0.068757
0.103973
2.157662
2.239261
2.505083
2.423753
2.412114
2.291598
1.775483
1.731707
0.020076
2.698970
3.734037
5.315295
6.180790
6.810968
7.174537
7.562727
7.721568
7.874490
7.989887
8.150922
8.208118
8.265368
8.279166
8.313398
8.303785
8.290787
8.285065
8.281166
8.261368
8.260832
8.193158
8.209709
8.216947
8.221432
8.222472
8.223189
8.225742
8.222493
8.211819
8.173292
8.155194
8.146435
8.128538
8.111053
0.283931
7.387595
7.522834
7.558600
7.609252
7.352669
7.167569
6.953812
0.154432
0.095364
0.063713
6.655775
6.679472
6.584607
0.203679
0.132548
6.319527
6.541378
6.825923
7.119713
7.321147
7.727719
7.798469
7.825135
7.843346
7.846051
7.847567
7.848543
7.854394
7.747903
7.690229
7.489995
7.486136
7.483093
7.485891
7.249558
7.007847
6.678544
5.664296
4.955350
4.322038
3.534634
3.043679
2.545115
2.194689
1.894382
0.027399
0.032103
0.030884
0.004588
0.004111
0.026532
0.038460
0.038153
0.887589
0.811033
0.764684
0.721657
0.679562
0.000738
0.001026
0.001178
0.001222
0.001329
0.001173
0.000937
0.199742
0.182604
0.159657
0.070764
0.000798
0.000385
0.000773
0.066095
0.064807
0.063894
0.037867
0.059061
0.263496
0.339642
0.386095
0.590111
1.104600
1.225484
1.845933
2.196783
2.635129
3.025658
3.908944
5.011207
5.799464
6.168330
6.446988
6.798709
6.879775
6.903601
6.931446
6.973368
6.967962
6.949204
6.765703
6.570378
6.431711
6.171546
5.822112
5.471745
5.018509
4.558585
3.249052
0.011479
0.038938
3.443047
3.504298
3.759737
3.997388
4.091890
4.164600
4.196732
4.235945
4.261094
4.279652
4.272146
4.180124
4.016057
3.661031
3.236680
2.937439
2.638176
2.302417
1.961277
1.639469
1.489701
0.907448
0.827561
0.741030
0.510208
0.536419
0.499432
0.447679
0.385148
0.302193
0.201472
0.103000
0.090195
0.004697
0.005898
0.007685
0.008474
0.009973
0.014437
0.047538
0.198375
0.228910
0.224887
0.221217
0.126630
0.017178
0.537347
0.597517
0.613477
0.614957
0.319392
0.280791
0.245213
0.008410
0.002452
0.003202
0.008416
0.013520
0.021901
0.040343
0.161491
0.251674
0.274959
0.304197
0.340355
0.017734
0.938232
1.043487
0.018351
0.012764
0.007245
1.567139
0.013218
1.939517
2.127702
2.487371
2.756557
3.074563
3.403906
3.863503
4.284087
4.444575
0.137812
5.307778
5.721483
6.190361
6.499666
6.807119
6.997925
7.103868
7.151653
7.167001
7.171236
7.172155
7.174533
7.171780
7.170085
7.169253
7.170232
7.171078
7.171816
7.159297
6.701337
3.797891
4.879044
5.497774
6.011360
6.434564
6.826766
6.964443
7.049377
7.048978
6.968791
6.909393
6.879391
6.769423
6.642211
6.639976
6.625575
6.600717
6.564912
0.056905
6.526638
6.714289
6.884001
7.029464
7.031498
7.043300
7.040874
7.043359
7.026286
6.815786
6.826810
6.832898
6.838402
6.840480
6.840819
6.839869
6.837885
6.846241
6.850623
6.858514
6.860043
6.862108
6.858933
6.848140
6.828585
6.827241
6.820411
6.875778
6.891595
6.887374
6.886920
6.873105
6.779522
6.505844
6.276553
4.876410
4.586869
0.034976
0.001418
0.001108
0.000928
0.000901
0.001109
0.001262
0.001496
0.002705
4.327742
4.999122
5.422179
5.723574
5.671811
5.549183
5.402088
5.342093
5.272274
5.242335
5.191215
0.148261
0.003563
0.003350
0.001253
0.000285
0.000123
0.000034
0.000040
0.000047
0.000084
0.000409
0.000555
5.674822
5.811049
5.920680
6.015897
6.071463
6.102494
0.000352
0.000342
0.000258
0.000309
0.000347
0.000403
0.000549
0.001054
0.003521
6.362260
6.515987
6.514291
6.485192
6.480774
6.476980
6.477034
6.598355
6.612897
6.615416
6.619597
6.619866
6.614946
6.614637
6.614608
6.617476
6.618167
6.617673
6.617679
6.617711
6.642260
6.651862
6.649976
6.647373
6.614067
6.610219
6.586340
6.560083
6.522986
6.495372
6.419137
6.385532
6.333389
0.052233
6.266667
6.242101
6.172969
6.021130
5.434192
5.082079
1.082894
4.892563
5.185704
5.428075
5.438902
5.398998
5.366009
5.224896
5.091221
4.710971
4.324631
4.259631
4.021655
3.768448
0.081705
0.007542
0.004018
0.065699
0.139276
0.310236
0.496669
4.590581
4.841672
0.000022
0.000013
0.000011
0.000006
0.000004
0.000006
0.000003
0.000002
0.000002
0.000008
0.000003
0.000007
0.000003
0.000004
0.000004
0.000003
0.000004
0.000001
0.000001
0.000001
0.000001
0.000002
0.000001
0.000001
0.000001
0.000001
0.000001
0.000001
0.000001
0.000006
0.000040
0.000041
0.000004
0.000002
0.000001
0.000002
0.000001
0.000001
0.000002
0.000002
0.000003
0.000004
0.000015
0.000025
0.000043
0.000109
0.000195
5.110568
5.556434
5.766815
5.909650
5.974939
6.029961
6.021759
5.981573
5.937701
5.915174
5.904172
5.889217
0.005599
0.004134
0.003893
5.820313
5.825022
5.830572
5.832058
5.828655
5.819471
5.777267
5.755253
5.743278
5.705708
5.685513
0.000306
0.000143
0.000049
0.000033
0.000034
0.000021
0.000018
0.000016
0.000019
0.000016
0.000011
0.000015
0.000011
0.000009
0.000041
0.000021
0.000018
0.000038
0.000031
0.000024
0.000017
0.000014
0.000013
0.000012
0.000013
0.000015
0.000016
0.000014
0.000018
0.000013
0.000014
0.000014
0.000010
0.000015
0.000015
0.000021
0.000011
0.000012
0.000011
0.000011
0.000011
0.000036
0.000022
0.000020
0.000014
0.000016
0.000010
0.000013
0.000010
0.000009
0.000033
0.000024
0.000018
0.000014
0.000012
0.000013
0.000010
0.000011
0.000008
0.000008
0.000040
0.000026
0.000018
0.000013
0.000011
0.000012
0.000008
0.000007
0.000007
0.000007
0.000040
0.000025
0.000019
0.000010
0.000009
0.000007
0.000007
0.000027
0.000022
0.000017
0.000015
0.000012
0.000010
0.000010
0.000012
0.000017
0.000027
0.000052
0.000077
0.000144
0.000290
0.000372
5.686622
5.687933
5.741817
5.760887
5.652581
5.609332
5.586017
5.589563
5.631321
0.001519
0.000728
0.000548
0.000405
0.000378
0.000144
0.000040
0.000069
0.000025
0.000206
0.000057
0.000066
0.000071
0.000047
0.000033
0.000039
0.000383
0.000110
0.000102
0.000129
0.000163
0.000251
0.000390
0.000102
0.000402
0.001012
5.689949
5.727505
5.769725
5.783682
5.792415
5.796025
5.790024
5.741748
5.693886
5.656171
5.519060
5.292964
5.088261
4.752182
4.467390
4.235015
4.014671
3.662079
3.411197
3.195982
3.030226
2.745947
2.518048
0.008697
2.124229
1.969067
1.844098
1.727606
0.152929
0.073447
0.070367
0.065537
0.014146
0.001740
0.001363
0.001014
0.000695
0.000605
0.000055
0.000127
0.000066
0.000068
0.000211
0.000261
0.000032
0.000036
0.000038
0.000023
0.000029
0.000025
0.000020
0.000041
0.000012
0.000009
0.000049
0.000043
0.000016
0.000007
0.000012
0.000025
0.000028
0.000022
0.000033
0.001223
0.001529
0.001774
0.001793
0.002039
0.001820
0.002188
0.001747
0.001818
0.001821
0.001579
0.001572
0.001731
0.003866
0.004114
0.004874
0.004957
0.004844
0.004872
0.004715
0.004667
0.004702
0.004770
0.004529
0.004473
0.004376
0.003855
0.003002
0.002217
0.000053
0.000028
0.000018
0.000025
0.000021
0.000030
0.000021
0.000021
0.000023
0.000735
0.001001
0.001087
0.001317
0.001719
0.002059
0.002270
0.000024
0.000015
0.000024
0.000070
0.000072
0.000059
0.000141
0.025448
0.024687
0.863016
0.855361
0.816969
0.778107
0.735952
0.664814
0.626080
0.713089
0.605527
0.544785
0.491488
0.340829
0.008147
0.004537
0.007566
0.000057
0.000053
0.000048
0.000049
0.000151
0.000155
0.000206
0.000576
0.001573
0.095991
0.138495
1.317735
1.417069
1.538855
1.691864
1.878644
2.029120
2.146001
2.286482
2.477450
2.660556
2.980966
3.227365
3.501761
0.000556
0.000091
0.000142
0.000126
0.000135
0.000101
0.000214
0.000072
0.000056
0.000049
0.000048
0.000029
0.000041
0.000071
0.000210
0.000428
0.000541
0.000726
3.708046
3.960540
4.158452
4.548259
4.979759
5.073449
5.172957
5.268253
5.278638
5.303087
5.336953
5.388489
5.399681
5.415110
5.435541
5.436378
5.411750
5.402852
5.395699
5.279897
5.051849
4.482361
3.976473
3.555356
3.173888
2.759073
2.468077
1.848109
1.256249
0.931880
0.841646
0.777176
0.003076
0.094856
