0.000009
0.000008
0.000004
0.000003
0.000002
0.000000
0.000000
0.000000
0.000000
0.000000
0.000000
0.000000
0.000000
0.000000
0.000000
0.002708
0.002704
0.002706
0.002739
0.000002
0.000002
0.000000
0.000000
0.000000
0.000000
0.000000
0.000000
0.000000
0.000000
0.000000
0.000000
0.000000
0.004051
0.004279
0.012068
0.012792
0.016218
0.017375
0.017126
0.016740
0.016497
0.015852
0.015423
0.015249
0.015295
0.015452
0.015700
0.015705
0.015398
0.015146
0.014833
0.014213
0.012694
0.008902
0.008634
0.008542
0.008461
0.007957
0.000000
0.000000
0.000000
0.000000
0.000000
0.000000
0.000000
0.000000
0.000040
0.000156
0.000274
0.000253
0.000189
0.000000
0.000000
0.000000
0.000000
0.000000
0.000000
0.000000
0.000000
0.000000
0.000000
0.000000
0.000000
0.000000
0.000000
0.000000
0.000000
0.000000
0.000000
0.000000
0.000000
0.000000
0.000000
0.000000
0.000000
0.000000
0.000000
0.000000
0.000000
0.000000
0.000000
0.000000
0.000000
0.000000
0.000006
0.000005
0.000007
0.000229
0.000045
0.000038
0.000036
0.000034
0.000000
0.000000
0.000000
0.000000
0.000000
0.000000
0.000000
0.000000
0.000000
0.000000
0.000000
0.000000
0.000000
0.000007
0.000021
0.000018
0.000040
0.002067
0.005907
0.007525
0.011694
0.011742
0.000171
0.000077
0.000052
0.000008
0.000006
0.000015
0.000004
0.000003
0.000002
0.000002
0.000001
0.000001
0.000001
0.000001
0.000002
0.000001
0.000003
0.000004
0.000012
0.000002
0.000003
0.000016
0.000001
0.000001
0.000005
0.000003
0.000002
0.000016
0.000009
0.000007
0.002192
0.002015
0.000124
0.000104
0.000102
0.000101
0.000105
0.000815
0.001004
0.001093
0.001130
0.001088
0.001059
0.000000
0.000000
0.000000
0.000052
0.000224
0.000241
0.000034
0.000050
0.000045
0.013681
0.013995
0.016852
0.037339
0.042789
0.055358
0.058352
0.084534
0.101701
0.113094
0.127019
0.150200
1.611620
7.219506
8.198411
8.338000
8.355061
8.338340
8.299761
8.421619
8.327225
8.123674
7.823790
0.000000
0.000000
0.000000
0.000000
0.000000
0.000000
0.000000
0.000000
0.000000
0.000000
0.000000
0.000000
0.000000
0.000000
0.000000
0.000000
0.000000
0.000000
0.000000
0.000000
0.000000
0.000000
0.000000
0.000000
0.000000
0.000000
0.000000
0.000000
0.000000
0.000000
0.000000
0.000000
0.000000
0.000000
0.000000
0.000000
0.000000
0.000000
0.000000
0.000000
0.000000
0.000000
0.000000
0.000000
0.000000
0.000000
0.000000
0.000000
0.000000
0.000000
0.000000
0.000000
0.000000
0.000000
0.000000
0.000000
0.000000
0.000000
0.000000
0.000000
0.000000
0.000000
0.000000
0.000000
0.000000
0.000000
0.000000
0.000000
0.000000
0.000000
0.000000
0.000000
0.000000
0.000000
0.000000
0.000000
0.000000
0.000000
0.000000
0.000000
0.000000
0.000000
0.000000
0.000000
0.000000
0.000000
0.000000
0.000000
0.000000
0.000000
0.000000
0.000000
0.000000
0.000000
0.000000
0.000000
0.000000
0.000000
0.000000
0.000000
0.000000
0.000000
0.000000
0.000000
0.000000
0.000000
0.000000
0.000000
0.000000
0.000000
0.000000
0.000000
0.000000
0.000000
0.000000
0.000000
0.000000
0.000000
0.000000
0.000000
0.000000
0.000000
0.000000
0.000000
0.000000
0.000000
0.000000
0.000000
0.000000
0.000000
0.000000
0.000000
0.000000
0.000000
0.000000
0.000000
0.000000
0.000000
0.000000
0.000000
0.000000
0.000000
0.000000
0.000000
0.000000
0.000000
0.000000
0.000000
0.000000
0.000000
0.000000
0.000000
0.000000
0.000000
0.000000
0.000000
0.000000
0.000000
0.000000
0.000000
0.000000
0.000000
0.000000
0.000000
0.000000
0.000000
0.000000
0.000000
0.000000
0.000000
0.000000
0.000000
0.000000
0.000000
0.000000
0.000000
0.000000
0.000000
0.000000
0.000000
0.000000
0.000000
0.000000
0.000000
0.000000
0.000000
0.000000
0.000000
0.000000
0.000000
0.000000
0.000000
0.000000
0.000000
0.000000
0.000000
0.000000
0.000000
0.000000
0.000000
0.000000
0.000000
0.000000
0.000000
0.000000
0.000000
0.000000
0.000000
0.000000
0.000000
0.000000
0.000000
0.000000
0.000000
0.000000
0.000000
0.000000
0.000000
0.000000
0.000000
0.000000
0.000000
0.000000
0.000000
0.000000
0.000000
0.000000
0.000000
0.000000
0.000000
0.000000
0.000000
0.000000
0.000000
0.000000
0.000000
0.000000
0.000000
0.000000
0.000000
0.000000
0.000000
0.000000
0.000000
0.000000
0.000000
0.000000
0.000000
0.000000
0.000000
0.000000
0.000000
0.000000
0.000000
0.000000
0.000000
0.000000
0.000000
0.000000
0.000000
0.000000
0.000000
0.000000
0.000000
0.000000
0.000000
0.000000
0.000000
0.000000
0.000000
0.000000
0.000000
0.000000
0.000000
0.000000
0.000000
0.000000
0.000000
0.000000
0.000000
0.000000
0.000000
0.000000
0.000000
0.000000
0.000000
0.000000
0.000000
0.000000
0.000000
0.000000
0.000000
0.000000
0.000000
0.000000
0.000000
0.000000
0.000000
0.000000
0.000000
0.000000
0.000000
0.000000
0.000000
0.000000
0.000000
0.000000
0.000000
0.000000
0.000000
0.000000
0.000000
0.000000
0.000000
0.000000
0.000000
0.000000
0.000000
0.000000
0.000000
0.000000
0.000000
0.000000
0.000000
0.000000
0.000000
0.000000
0.000000
0.000000
0.000000
0.000000
0.000000
0.000000
0.000000
0.000000
0.000000
0.000000
0.000000
0.000000
0.000000
0.000000
0.000000
0.000000
0.000000
0.000000
0.000000
0.000000
0.000000
0.000000
0.000000
0.000000
0.000000
0.000000
0.000000
0.000000
0.000000
0.000000
0.000000
0.000000
0.000000
0.000000
0.000000
0.000000
0.000000
0.000000
0.000000
0.000000
0.000000
0.000000
0.000000
0.000000
0.000000
0.000000
0.000000
0.000000
0.000000
0.000000
0.000000
0.000000
0.000000
0.000000
0.000000
0.000000
0.000000
0.000000
0.000000
0.000000
0.000000
0.000000
0.000000
0.000000
0.000000
0.000000
0.000000
0.000000
0.000000
0.000000
0.000000
0.000000
0.000000
0.000000
0.000000
0.000000
0.000000
0.000000
0.000000
0.000000
0.000000
0.000000
0.000000
0.000000
0.000000
0.000000
0.000000
0.000000
0.000000
0.000000
0.000000
0.000000
0.000000
0.000000
0.000000
0.000000
0.000000
0.000000
0.000000
0.000000
0.000000
0.000000
0.000000
0.000000
0.000000
0.000000
0.000000
0.000000
0.000000
0.000000
0.000000
0.000000
0.000000
0.000000
0.000000
0.000000
0.000000
0.000000
0.000000
0.000000
0.000000
0.000000
0.000000
0.000000
0.000000
0.000000
0.000000
0.000000
0.000000
0.000000
0.000000
0.000000
0.000000
0.000000
0.000000
0.000000
0.000000
0.000000
0.000000
0.000000
0.000000
0.000000
0.000000
0.000000
0.000000
0.000000
0.000000
0.000000
0.000000
0.000000
0.000000
0.000000
0.000000
0.000000
0.000000
0.000000
0.000000
0.000000
0.000000
0.000000
0.000000
0.000000
0.000000
0.000000
0.000000
0.000000
0.000000
0.000000
0.000000
0.000000
0.000000
0.000000
0.000000
0.000000
0.000000
0.000000
0.000000
0.000000
0.000002
0.000001
0.000000
0.000000
0.000000
0.000000
0.000000
0.000000
0.000000
0.000000
0.000000
0.000000
0.000001
0.000000
0.000000
0.000000
0.000000
0.000000
0.000000
0.000000
0.000000
0.000000
0.000000
0.000000
0.000000
0.000000
0.000000
0.000000
0.000000
0.000000
0.000000
0.000000
0.000000
0.000000
0.000000
0.000000
0.000000
0.000000
0.000001
0.000000
0.000000
0.000000
0.000000
0.000000
0.000000
0.000000
0.000000
0.000000
0.000000
0.000000
0.000000
0.000000
0.000001
0.000001
0.000011
0.000005
0.000001
0.000000
0.000000
0.000000
0.000000
0.000000
0.000000
0.000000
0.000003
0.000001
0.000001
0.000001
0.000000
0.000000
0.000000
0.000000
0.000000
0.000000
0.000000
0.000001
0.000001
0.000001
0.000001
0.000001
0.000001
0.000001
0.000001
0.000001
0.000001
0.000001
0.000001
0.000000
0.000000
0.000000
0.000000
0.000000
0.000000
0.000009
0.000007
0.000105
0.000083
0.000015
0.000003
0.000004
0.000003
0.000003
0.000001
0.000002
0.000002
0.000010
0.000006
0.000003
0.000003
0.000002
0.000007
0.000195
0.000150
0.000121
0.000096
0.000054
0.000072
0.000375
0.000208
0.000076
0.000038
0.000023
0.000024
0.000023
0.000012
0.000014
0.000036
0.000046
0.000057
0.000034
0.000043
0.000049
0.000013
0.000028
0.000033
0.000018
0.000012
0.000014
0.000017
0.000031
0.000034
0.000028
0.000056
0.000121
0.000336
0.001030
0.001100
0.001257
7.679857
6.662675
0.603651
2.536653
5.898647
6.618956
6.942727
7.166033
7.435206
7.825895
8.153398
8.438626
8.766734
9.058283
9.322464
9.381482
9.397049
9.405260
9.412412
9.644267
9.852761
9.857943
9.848945
9.850606
0.077802
9.860703
9.902271
9.963856
9.982969
9.996545
9.999150
9.998674
9.997748
9.997281
9.995661
9.994918
9.994533
9.992894
9.992842
9.994709
9.997382
9.996879
9.985989
9.955286
9.929685
9.896313
9.823576
9.938118
9.967794
9.987542
9.993715
9.990837
9.984776
9.959293
9.890311
0.000948
0.000284
0.000142
0.000063
0.000032
0.000011
0.000006
0.000003
0.000002
0.000001
0.000002
0.000001
0.000002
0.000001
0.000001
0.000000
0.000000
0.000001
0.000001
0.000001
0.000002
0.000003
0.000004
0.000002
0.000003
0.000001
0.000001
0.000003
0.000006
0.000017
0.000031
0.000051
0.000090
0.000254
0.000776
9.956159
9.967280
9.983365
9.993537
9.989192
9.983692
9.982306
9.981940
9.980782
9.980678
9.979538
9.984097
9.974751
9.974784
9.979632
9.980406
9.985542
9.991532
9.997973
9.997677
9.998594
9.999745
9.998336
9.998056
9.999381
9.999405
9.999013
9.998349
9.994860
9.988361
9.983602
9.979231
9.978576
9.946806
9.915953
9.866680
9.838028
9.799349
9.611027
9.445520
9.294816
9.148162
8.822150
8.422667
8.026874
7.671386
0.349539
0.155093
7.545148
6.780993
6.157026
3.036513
5.097449
5.165069
5.273438
4.883546
4.935031
5.139698
5.680090
7.105364
8.056054
8.497064
8.719660
8.879236
9.040557
9.254697
9.374601
9.493431
9.712178
9.797527
9.510225
9.515512
9.514245
9.513949
9.514346
9.514704
9.513392
9.512099
9.511811
9.513519
9.514287
9.513582
9.513241
9.514189
9.515146
9.515106
9.515148
9.515009
9.513620
9.506361
9.491278
9.448582
9.631381
9.226955
9.204990
9.180624
9.102129
0.002956
0.001978
0.000458
0.000080
0.000064
0.000048
0.000168
0.000051
0.000016
0.000009
0.000010
0.000007
0.000011
0.000003
0.000004
0.000006
0.000004
0.000010
0.000002
0.000011
0.000010
0.000010
0.000006
0.000008
0.000002
0.000001
0.000002
0.000002
0.000003
0.000003
0.000004
0.000008
0.000014
0.000005
0.000004
0.000004
0.000003
0.000002
0.000002
0.000005
0.000001
0.000003
0.000001
0.000002
0.000003
0.000004
0.000006
0.000011
0.000023
0.000209
0.000296
0.000437
8.945527
8.950844
8.952421
8.953789
8.956070
8.951598
8.871317
8.818927
8.734135
8.719871
8.684558
8.683057
8.673359
8.659009
8.638753
8.630051
8.497452
8.496669
8.493358
8.492303
8.510675
8.511669
8.515172
8.515395
8.514561
8.514633
8.508585
8.440991
8.352362
8.033224
0.000076
0.000083
0.000088
0.000125
0.000180
0.000111
7.615704
7.077044
6.795742
7.478609
7.735459
7.918138
7.793912
7.438807
6.999133
6.167921
