0.000000
0.000000
0.000000
0.000088
0.000083
0.000077
0.000077
0.000003
0.000001
0.001495
0.001439
0.001386
0.001360
0.001288
0.001292
0.001356
0.006087
3.983452
3.818177
3.226715
2.914978
1.074390
0.686207
1.090751
1.371133
1.823502
1.971508
2.124208
2.323766
2.417783
0.003191
0.005315
2.939299
3.151568
3.410393
3.620208
3.882584
4.051319
4.256746
4.429910
4.636571
4.677614
4.756904
4.864779
4.909329
4.964139
5.004961
5.042342
5.092580
5.118161
4.905505
4.654107
0.006654
0.000251
0.000223
0.000240
0.000342
0.015206
0.011925
0.010441
0.006125
0.006701
0.011390
0.010202
0.008242
0.085206
4.300089
4.187533
4.083471
3.967238
3.795986
3.828107
3.753251
0.050998
4.571877
5.150307
5.510442
5.780459
5.947417
6.044503
6.049287
6.052762
6.071029
6.033909
6.004556
5.958184
5.775778
5.694349
4.560898
1.549468
0.805642
0.019571
0.018003
0.017429
0.016788
0.015988
2.405067
2.719776
3.634822
4.226132
4.613006
4.863359
5.136126
5.451368
5.688895
5.954530
6.062527
6.110946
6.143956
6.186291
6.196765
6.216280
6.195547
6.143787
6.002181
5.856665
2.330553
2.242067
2.125581
3.600845
4.308423
4.745659
0.091545
0.241289
5.338998
0.084178
0.076573
0.024390
0.022406
0.019568
0.012058
0.000195
0.000129
0.000151
0.000062
0.000015
0.000021
0.000020
0.000012
0.000007
0.000012
0.000019
0.000027
0.000026
0.000068
0.003615
0.004182
0.004918
0.005521
0.006224
0.006972
0.013039
5.699253
5.766246
5.912647
5.925837
5.868621
5.805071
5.643501
5.501844
5.075847
4.630590
4.201098
3.798808
0.454071
0.102432
0.065285
0.063679
2.498602
4.141463
4.555340
5.090854
5.642149
5.987554
0.047700
6.193126
6.345783
6.415204
6.504337
6.538850
6.521863
6.471203
6.377252
6.152260
5.963323
0.005220
0.006466
0.012772
0.010328
0.339915
5.722369
6.134129
6.276399
6.452238
6.544556
6.591698
6.654035
6.694117
6.739453
6.791460
7.063636
7.063423
7.062746
7.091140
7.100306
7.132759
7.170910
7.232329
7.259494
7.285103
7.365486
7.358524
7.361081
7.370572
7.388300
7.375337
7.374281
7.369015
7.343736
7.310997
7.302235
7.262475
7.242879
7.235279
7.252320
7.302890
7.292962
7.286137
7.266281
7.468422
7.472807
7.499753
7.538389
7.538777
7.547244
7.510901
7.379147
7.328779
7.291890
7.117058
6.794301
6.527850
6.231585
0.369757
5.799479
6.090162
6.302846
6.539966
6.780849
6.988981
7.289771
7.312026
7.308221
7.291015
7.206412
7.336469
7.156272
7.010494
6.535130
6.212745
0.022939
4.962037
4.716423
4.825284
4.907204
4.774291
4.781770
3.055123
4.003585
5.415015
5.759526
5.814542
5.837221
6.292506
0.078909
6.408194
6.436275
6.380778
6.316820
6.275981
0.014335
0.013552
0.013954
0.063242
5.958402
5.829622
5.664117
5.463167
0.211572
0.291237
5.679556
0.076046
0.084273
0.087185
0.002066
0.002009
0.000035
0.000022
0.000015
0.000012
0.000009
0.000016
0.000621
0.000548
0.000535
0.000926
0.001041
0.001345
0.110416
5.932381
6.643565
6.900943
7.179431
7.266317
7.350387
7.491340
7.616570
7.767023
7.782934
7.731458
7.727741
7.692998
7.671570
7.628174
7.583423
7.544305
7.461090
7.187837
6.938302
6.586430
6.396447
0.345308
6.103940
6.332694
6.256205
0.126339
0.261520
6.814788
6.915717
6.838054
6.738884
6.653705
0.003626
0.002404
0.002872
0.002506
0.002326
0.004147
6.470243
6.282472
6.144630
5.877794
0.319186
0.001083
0.001958
0.188081
4.393742
0.153419
4.917392
5.360699
5.950420
6.464358
6.892295
7.309560
7.572740
7.652817
7.699593
7.756722
7.810533
7.841568
7.847830
7.861953
7.876247
7.873760
7.811086
7.740800
7.700603
7.603259
0.088940
0.088939
7.828660
7.915365
7.924143
7.919465
7.915964
7.895467
7.882230
7.851472
7.840064
7.827180
7.809184
7.789162
7.781677
7.773700
7.762051
7.760757
7.912618
7.949225
7.954304
7.968528
7.992007
7.971956
7.908938
7.956539
7.927200
7.654630
7.222936
6.893339
6.497501
5.616358
5.544423
5.810130
6.110955
6.260157
0.045616
0.048722
0.119059
7.122379
7.438628
7.750656
7.846120
7.868135
7.897778
7.921960
7.934712
7.940357
7.957842
8.255402
8.259752
8.263079
8.260488
8.242387
8.230049
8.179509
8.087568
8.011900
7.946683
7.843091
7.788116
7.757624
7.709416
0.158053
7.491222
7.581441
7.550434
0.211366
7.669767
8.011294
8.232455
8.285468
8.289619
8.296093
8.302124
8.302504
8.302940
8.303327
8.389116
8.398279
8.400561
8.400649
8.400255
8.400324
8.400951
8.401829
8.402630
8.401643
8.399590
8.391047
8.564948
8.503777
8.472676
8.452936
8.440401
8.425775
8.409787
8.395564
8.376856
8.337887
8.656447
8.658806
8.659843
8.659864
8.658882
8.658101
8.657862
8.657841
8.658441
8.659466
8.659406
8.656960
8.637571
8.628533
8.620073
8.618879
8.614446
8.565821
0.011258
0.009465
0.009389
0.009488
8.421368
7.586059
6.568110
5.120504
2.354926
0.109633
2.931883
5.986285
6.704146
7.475507
8.014688
8.205513
8.314999
8.378067
8.390416
8.390640
8.388593
8.388355
8.388410
8.388555
8.386527
8.384471
8.601627
8.661276
8.736848
8.958022
8.947636
8.902950
8.745563
8.681381
8.617788
8.590190
8.577051
8.568515
8.558535
8.549431
8.545391
8.543027
8.533781
8.527558
8.520459
8.474754
8.478246
8.480270
8.480892
8.481042
8.547353
8.556619
8.572246
8.593324
8.607933
8.545017
0.132084
7.983054
7.574603
7.376107
0.193281
7.337379
7.410292
0.303301
0.324749
8.203877
8.568939
8.675110
8.696621
8.696386
8.698560
8.710417
8.714868
8.726424
8.745183
8.760830
8.753820
8.736053
8.717644
8.702590
8.802226
8.763688
8.736609
8.530205
8.475569
8.272336
7.953678
0.386505
0.390232
7.710532
7.934325
8.206763
8.087036
8.111812
8.128500
8.099093
8.058332
8.100475
8.106259
8.103232
8.103940
8.101792
8.099880
8.102628
8.098379
8.097470
8.103644
8.100852
8.089519
8.071910
8.034539
7.930579
7.626169
6.811886
5.831098
4.838789
4.046944
0.013653
0.000091
0.000128
0.000088
0.000115
0.000067
0.000047
0.000050
0.000088
0.000406
0.000501
0.000522
0.000170
0.008779
2.573147
2.164938
1.774757
1.258995
1.008176
0.356890
0.207177
0.141494
0.044067
0.042726
0.039065
0.058301
0.052523
0.010347
0.037528
0.000221
0.000141
0.000074
0.000153
0.000149
0.000157
0.000282
0.000283
0.000090
0.000139
0.000659
0.000129
0.038202
0.040239
0.048960
0.046194
0.041478
0.038840
0.036635
0.033227
0.028443
0.026582
0.000169
0.000168
0.000125
0.000091
0.000058
0.000084
0.000190
0.000156
0.000073
0.000036
0.000021
0.000030
0.000035
0.000042
0.000057
0.001682
0.015025
0.108808
0.141188
0.245188
0.323688
0.498414
0.516586
0.524993
0.507389
0.460926
0.437221
0.231082
0.212252
0.171637
0.115139
0.108153
0.075713
0.056170
0.051046
0.038635
0.029948
0.000120
0.000103
0.000093
0.003486
0.034481
0.035255
0.034186
0.032932
0.031642
0.030544
0.028082
0.000235
0.000126
0.000126
0.000146
0.000130
0.000118
0.000131
0.000135
0.009920
0.015417
0.026768
0.029159
0.031339
0.033725
0.035333
0.037343
0.039087
0.042283
0.043031
0.043171
0.043413
0.043905
0.044184
0.044290
0.044223
0.044285
0.044313
0.044297
0.044335
0.044328
0.044262
0.044267
0.044298
0.044314
0.044524
0.044246
0.044267
0.044066
0.043489
0.042480
0.040973
0.039488
0.037796
0.036828
0.035984
0.034897
0.032719
0.018658
0.017990
0.010503
0.022369
0.037321
0.044482
0.058571
0.077934
0.113729
0.268041
0.261781
0.462144
0.452657
0.434609
0.422558
0.410752
0.024799
0.022606
0.006249
0.002031
0.000100
0.000089
0.006418
0.007916
0.038104
0.042067
0.041519
0.044677
0.043224
0.038924
0.032912
0.040602
0.042683
0.048957
0.049702
0.048602
0.048297
0.046667
0.046062
0.045052
0.044059
0.043161
0.042200
0.000097
0.000073
0.000191
0.000221
0.045516
0.046454
0.044063
0.038774
0.032297
0.001074
0.000420
0.000307
0.000806
0.003640
0.004755
0.031754
0.032468
0.027683
0.027180
0.026645
0.025095
0.024834
0.025012
0.024875
0.024951
0.032626
0.033266
0.032962
0.032595
0.032569
0.032545
0.032236
0.027307
0.029739
0.030467
0.031804
0.031902
0.032018
0.023968
0.024145
0.371977
0.349066
0.317815
0.305566
0.001196
0.001428
0.244471
0.229851
0.014501
0.014172
0.014154
0.013945
0.000133
0.000117
0.000117
0.000134
0.000144
0.000158
0.000171
0.011801
0.012368
0.012847
0.012994
0.013307
0.013715
0.013908
0.013626
0.006882
0.007018
0.022170
0.048982
0.052463
0.053886
0.139321
0.137913
0.136895
0.137570
0.140732
0.142228
0.141577
0.140083
0.138438
0.142144
0.152137
0.178129
0.178408
0.173316
0.167709
0.152947
0.086734
0.061111
0.031529
0.029953
0.028575
0.027286
0.026705
0.028921
0.026066
0.022466
0.020050
0.007853
0.006262
0.009221
0.010292
0.011664
0.011905
0.017164
0.041860
0.045270
0.044864
0.044660
0.044269
0.001274
0.018623
0.017478
0.042899
0.040759
0.040461
0.039447
0.036672
0.027930
0.021426
0.023121
0.023298
0.021598
0.000057
0.000048
0.000859
0.014212
0.015684
0.015912
0.015885
0.016105
0.000071
0.000665
0.008336
0.030751
0.071162
0.077606
0.111447
0.105682
0.101500
0.097500
0.093819
0.089379
0.066257
0.058035
0.055594
0.041129
0.029591
0.026196
0.026101
0.029198
0.031236
0.031713
0.031982
0.000065
0.000216
0.000232
0.000274
0.001068
0.001123
0.002270
0.002859
0.007372
0.008765
0.010210
0.010309
0.010409
0.010040
0.005208
0.033568
0.033521
0.033556
0.032447
0.000267
0.000241
0.000302
0.000349
0.029834
0.030962
0.081324
0.103566
0.161624
0.382463
0.396231
0.411087
0.422895
0.435019
0.443136
0.453118
0.465208
0.444425
0.149603
0.061325
0.025337
0.021342
0.014244
0.009487
0.009408
0.009293
0.009335
0.009455
0.018388
0.030759
0.031407
0.032222
0.046522
0.047408
0.047343
0.045433
0.043281
0.022521
0.005055
0.000272
0.000119
0.000262
0.000336
0.000379
0.000213
0.000131
0.000764
0.000619
0.001959
0.005511
0.005859
0.006528
0.008567
0.416645
0.429860
0.467395
0.493646
0.505827
0.475983
0.470042
0.465400
0.403490
0.103830
0.045183
0.033370
0.014940
0.001235
0.001355
0.001409
0.317489
0.327931
0.323825
0.315641
0.112831
0.095245
0.085918
0.040111
0.026748
0.024225
0.005518
0.009603
0.008672
0.024769
0.022111
0.021988
0.022087
0.022179
0.021909
0.021696
0.000157
0.000212
0.022790
0.023686
0.024278
0.044812
0.046736
0.038491
0.040048
0.039931
0.024854
0.024301
0.022836
0.021692
0.019823
0.003969
0.008880
0.009795
0.010339
0.000102
0.000084
0.000133
0.001205
0.001131
0.001111
0.001015
0.001204
0.001405
0.001384
0.000110
0.000155
0.010991
0.010892
0.011646
0.013586
0.014365
0.007039
0.009245
0.024001
0.024139
0.039347
0.044150
0.048529
0.056821
0.069102
0.076810
0.092989
0.095780
0.119946
0.123326
0.131085
0.034217
0.345848
0.361018
0.368081
0.370090
0.292057
0.267567
0.006057
0.011079
0.010318
0.008904
0.005943
0.005984
0.005969
0.006128
0.006918
0.006237
0.006925
0.161277
0.184511
0.243992
0.423996
0.542641
0.585978
0.829413
0.883368
0.933144
0.014433
0.011130
0.000153
0.000103
0.000210
0.000409
0.000071
0.000310
0.000318
0.000225
0.000193
0.000252
0.000188
0.000157
0.000065
0.000115
0.000059
0.000092
0.000694
0.136773
0.132068
0.116905
0.131882
0.132259
0.133121
0.131974
0.006166
0.300060
0.326019
0.332732
0.323310
0.325117
0.292343
0.036191
0.037917
0.068745
0.095943
0.099651
0.131356
0.132701
0.132315
0.132022
0.130096
0.115884
0.075517
0.020761
0.106951
0.121665
0.472807
0.483121
0.499956
0.506376
0.503568
0.505936
0.519051
0.106950
0.083561
0.010903
0.000142
0.000070
0.000057
0.000041
0.000104
0.000131
0.000261
0.000363
0.000447
0.071884
1.730668
2.120180
2.510206
2.662573
0.064805
0.233178
0.242933
0.252875
0.265638
0.002634
0.000617
0.006395
0.001186
0.296256
0.315361
0.310753
0.322445
0.333158
0.371252
0.394162
0.410405
0.434257
3.909324
4.351869
4.837362
5.380542
6.167402
7.371982
7.786168
8.114410
8.477201
8.612608
8.696780
8.758767
8.716418
8.655450
8.601154
8.361925
0.447625
0.000128
0.000129
0.000104
0.000130
0.000071
0.000023
0.000021
0.000029
0.000122
0.000320
0.000348
0.000723
0.003992
0.004474
8.370707
8.849866
8.865611
8.874464
8.875076
8.844823
8.829313
8.824352
8.813144
8.804340
8.790517
8.738318
8.731658
8.739107
8.757639
8.766972
8.781068
8.788646
8.789932
8.790765
8.787021
8.784591
8.783447
8.777145
8.775955
8.773131
8.767580
8.769223
8.776358
8.782660
8.787816
8.788036
8.786543
8.555402
8.557364
8.561346
8.563034
8.561665
8.559527
8.286515
8.283425
8.283371
8.284293
8.284101
8.285517
8.289085
8.293877
8.294330
8.279865
8.039334
0.232793
7.604002
7.852593
7.974753
7.987482
7.990464
7.991536
7.992227
7.994778
7.995475
7.995617
7.995908
8.000059
8.162958
8.253109
8.259550
8.260050
8.260508
8.261514
8.260738
8.260229
8.258927
8.252385
8.225633
8.225281
8.225461
8.225618
8.258396
8.260028
8.261019
8.513908
8.510273
8.543852
8.568038
8.572233
8.580802
8.597883
8.607925
8.615155
8.616707
8.617894
8.614704
8.610847
8.609514
8.599652
8.594780
8.595308
8.340974
8.342550
8.343024
8.343003
8.342178
8.332325
8.247957
8.136929
8.033847
7.668042
7.292701
6.838952
7.051078
6.955496
0.026924
0.027400
0.065532
0.117937
0.198764
7.740702
8.252795
8.286865
8.288873
8.273921
8.124324
7.915615
8.060115
8.105200
8.149099
8.222031
8.250463
8.267916
8.264749
0.000686
0.000532
0.000284
0.000220
0.000093
0.000075
0.000047
0.000013
0.000012
0.000005
0.000007
0.000083
0.000109
0.000251
8.225616
8.224622
8.226154
8.229913
8.231063
8.232312
8.229983
8.220598
0.000209
0.000185
0.000071
0.000058
0.000053
0.000068
0.000158
0.000085
8.219814
8.216104
8.208067
8.192633
8.164333
8.119134
7.899834
7.838137
7.868782
7.823641
7.505535
7.719147
7.927825
8.069962
8.179499
8.218265
8.229871
0.004444
0.000148
0.000073
0.000032
0.000022
0.000020
0.000024
0.000023
0.000044
0.000006
0.000006
0.000008
0.000025
0.000001
0.000001
0.000001
0.000002
0.000003
0.000069
0.000047
0.000049
0.000078
8.219265
8.227556
8.236117
8.237765
8.237359
8.234125
0.000036
0.000018
0.000015
0.000014
0.000009
0.000011
0.000008
0.000003
0.000002
0.000009
0.000004
0.000003
0.000002
0.000004
0.000006
0.000001
0.000002
0.000013
0.000012
0.000017
0.000046
0.000070
0.000168
8.238153
8.243114
8.122709
7.916822
7.956441
7.920166
7.869039
7.811836
7.599186
7.331043
7.042456
6.604704
6.207071
5.439189
3.708148
0.076731
0.000143
0.000146
0.000116
5.501432
6.361989
6.901140
7.262547
7.412681
7.306252
7.405158
7.325175
0.263702
0.000022
0.000005
0.000003
0.000004
0.000002
0.000001
0.000004
0.000002
0.000001
0.000003
0.000002
0.000003
0.000003
0.000005
0.000001
0.000001
0.000000
0.000000
0.000000
0.000000
0.000001
0.000001
0.000001
0.000003
0.000004
0.000001
0.000001
0.000005
0.000003
0.000003
0.000003
0.000001
0.000001
0.000001
0.000001
0.000001
0.000002
0.000002
0.000005
0.000006
0.000006
0.000013
0.000014
0.000019
0.000020
0.103218
7.177732
7.381657
7.508726
7.628979
0.000424
0.000107
0.000033
0.000025
0.000016
0.000008
0.000034
0.000031
0.000032
0.000045
0.000177
0.000232
0.000554
7.642979
7.650650
7.369259
7.595091
8.073980
8.201821
8.277724
8.308799
8.306778
8.303552
8.288039
0.002180
0.000850
0.000259
0.000139
0.000152
0.000018
0.000008
0.000007
0.000023
0.000021
0.000017
0.000017
0.000083
0.000128
0.000143
0.000071
0.000105
0.000078
0.000185
8.240972
8.243112
8.244496
8.239017
8.230536
8.223710
8.221623
8.245695
8.247025
8.250436
8.256660
8.269976
8.281610
8.289689
8.302619
8.303738
8.304799
8.302916
8.296847
8.283803
8.242598
8.168663
8.030308
8.023412
7.998098
7.973590
7.924522
7.964852
7.978104
7.983564
7.982574
0.001302
0.001244
7.973926
7.976084
7.976804
7.973823
7.970484
7.955767
7.953643
7.957187
7.967163
7.966537
7.963426
7.964173
7.965401
7.969013
7.971915
7.973005
7.971607
7.970689
7.970242
7.966025
7.966149
7.967900
7.964761
7.965971
7.964191
7.953769
7.928349
7.899282
7.874479
7.824818
7.885713
7.892793
7.952465
7.973655
8.007638
8.032029
8.023886
8.020129
7.966306
7.693138
7.376411
7.046323
6.205649
5.412332
0.428772
0.200599
0.137862
0.004577
0.000015
0.000226
0.005089
0.005648
2.951551
2.954408
3.581262
3.623861
0.007598
0.011392
0.010906
0.017921
3.933312
3.952762
3.969892
3.990430
3.992318
3.782477
3.600760
3.419881
0.016880
0.014280
0.048946
2.829855
2.669033
2.545488
2.351804
2.179255
1.818202
1.634061
1.404027
1.130533
0.948915
0.668504
0.306542
0.238449
0.212731
0.021496
0.001097
0.000935
0.000060
0.000013
0.000219
0.000176
0.000512
0.000500
0.046634
0.057110
0.055115
0.032610
0.028815
0.007939
0.008337
0.008754
0.022188
0.033265
0.033725
0.485570
0.534636
0.608349
0.677797
0.013071
0.203882
0.194528
0.018374
0.015957
0.020327
0.055095
0.054965
0.088680
0.096841
0.055176
0.000320
0.001065
0.021147
0.064814
0.079977
0.142638
0.507357
0.545932
0.566600
0.549083
0.530622
0.495420
0.462419
0.158225
0.150004
0.047077
0.007243
0.000880
0.000064
0.000068
0.000074
0.000071
0.000121
0.003038
0.032717
0.120494
0.121164
0.111315
0.110542
0.108461
0.054154
0.046832
0.021357
0.002029
0.007251
0.018356
0.084578
0.083167
0.077899
0.005093
0.043190
0.045184
0.047659
0.063185
0.057495
0.036113
0.006912
0.005916
0.000311
0.000183
0.000154
0.025656
0.090217
0.122904
0.250591
0.259675
0.260463
0.279087
0.348360
0.389313
0.408501
0.443660
0.466257
0.423360
0.404553
0.072942
0.075563
0.073747
0.077511
0.192797
0.200508
0.203095
0.202824
0.216038
0.217823
0.206514
0.198364
0.205366
0.207728
0.147742
0.126188
0.124086
0.020245
0.002001
0.003407
0.005557
0.005141
0.008751
0.009764
0.004604
0.000192
0.000131
0.000747
0.000849
0.000916
0.000877
0.000117
0.000138
0.000098
0.000033
0.000021
0.000093
0.000201
0.000128
0.003167
0.003629
0.003832
0.004165
0.008359
0.008798
0.009221
0.077949
0.080169
0.082734
0.085708
0.086564
0.070743
0.070046
0.068968
0.063465
0.033536
0.000856
0.003947
0.026172
0.133322
0.104312
0.184566
0.196924
0.002233
0.000186
0.000110
0.000199
0.000146
0.000110
0.000147
0.000030
0.000084
0.000056
0.000332
0.000164
0.000167
0.000266
0.000251
0.005577
0.346322
0.374334
0.412482
0.420993
0.425978
0.375654
0.426446
0.429505
0.432453
0.435670
0.439989
0.428653
0.431595
0.435379
0.432340
0.437326
0.444072
0.451713
0.437623
0.424383
0.410462
0.390396
0.146606
0.050445
0.046828
0.007312
0.000175
0.000077
0.000052
0.000044
0.000044
0.000044
0.000129
0.000421
0.000305
0.000514
0.012325
0.012736
0.070555
0.077148
0.119732
0.416294
0.445191
0.645973
0.680799
0.704770
0.753935
0.758048
0.769214
0.772912
0.244087
0.235455
0.212211
0.208661
0.204179
0.090740
0.009115
0.043267
0.044347
0.055338
0.056284
0.051823
0.052933
0.053829
0.055424
0.058975
0.076004
0.080493
0.994787
1.099708
1.218810
1.335297
1.498220
1.716828
1.949724
0.195184
0.000114
0.000075
0.000097
0.000184
0.000202
0.000012
0.000054
0.000609
0.000826
0.001359
0.090622
0.085526
0.001529
0.000499
0.000402
0.000214
0.000053
0.000058
0.000042
0.000014
0.000013
0.000023
0.000024
0.000185
0.000455
0.001077
0.000066
0.039311
0.039525
0.044252
0.039317
0.042277
0.042970
2.652601
2.905992
3.103912
3.344821
3.553519
3.851601
4.089723
4.382065
4.481234
4.587677
4.708867
4.816280
4.858845
4.930177
4.962310
0.003169
0.003323
5.016105
5.008505
5.007994
5.024561
5.067073
5.085975
5.122467
5.161867
5.167388
5.144966
5.130968
5.138228
5.172211
5.163042
5.168321
5.150443
5.083245
4.956454
4.867923
4.673526
4.460921
4.130898
4.009124
3.884855
3.765645
3.652490
3.515247
3.420934
3.307999
3.231660
3.179731
3.089964
2.952536
2.874205
2.712499
2.483263
2.313447
1.956351
0.022850
1.699886
1.693895
1.689009
1.682846
1.682339
1.656693
1.631504
1.633847
1.633005
1.650595
1.633205
1.596120
1.616277
1.611715
1.569161
1.511169
1.473303
1.425792
1.303528
1.112277
1.041394
0.888177
0.029485
0.003849
0.003003
0.003435
0.092928
0.103877
0.403684
0.011795
0.919574
0.957383
1.002956
1.096896
1.129681
1.122818
1.165890
1.188249
1.210579
1.245406
1.279335
1.350501
1.398207
1.398605
1.406397
1.414857
1.376519
1.343930
1.321228
1.304994
0.000287
0.000408
0.000232
0.000437
0.000069
0.000079
0.000073
0.030670
0.006751
0.039048
0.045978
1.669992
1.736223
1.827797
2.011535
2.087319
2.180301
2.263051
2.286642
2.326795
2.379774
2.434659
2.428442
2.435868
2.477180
2.484353
2.412390
2.426754
2.430911
2.410680
2.416540
2.432373
2.445484
2.429886
2.430620
2.438148
2.454567
2.381107
2.438677
2.467293
2.474979
2.495506
2.528822
2.566781
2.616186
2.662870
2.731339
2.808167
3.243622
3.350750
3.433396
3.547829
3.623485
3.695286
3.780241
3.829973
3.846338
3.879121
3.930569
3.984687
4.007878
4.051605
4.113846
4.131307
4.157261
4.139576
4.141462
4.083894
4.031104
4.003142
0.000293
0.000229
0.000090
0.000055
0.000053
0.000044
0.000066
0.000158
0.000522
0.032674
4.085319
4.068743
4.055281
4.034617
3.939020
3.865623
3.825214
3.783498
3.617873
3.556499
3.461586
3.388528
3.190495
3.144139
3.101098
3.079968
3.107452
3.109417
3.103084
3.068990
2.965700
2.755351
2.622251
0.544419
0.088694
0.000712
0.000907
0.000863
0.000787
0.000519
0.000204
0.000325
0.000483
0.000796
0.001196
0.194597
0.496937
2.749176
3.105857
3.315380
3.532838
3.781113
3.996917
4.132879
4.156180
4.177178
4.186119
4.192838
4.206118
4.195378
4.195750
0.005234
0.008219
0.011678
4.128164
4.173277
4.153348
4.138091
4.033566
4.040268
3.989027
4.024111
4.010985
4.004548
4.091033
4.127815
4.140045
4.167121
4.214294
4.219879
4.204704
4.170817
4.117084
4.088078
4.075275
4.075226
4.059621
4.059836
4.066224
4.056617
4.055316
4.055900
4.059845
3.957331
3.871853
3.763309
3.691343
3.621314
3.536904
3.426473
3.361453
3.300936
3.248029
3.202912
3.070658
2.960572
2.881073
2.813194
2.757499
2.696741
2.606949
2.534181
2.462565
2.385944
2.283231
2.160439
2.031204
1.930977
1.870629
1.780842
1.607179
1.502447
1.206114
1.148266
1.084203
1.027511
0.939830
0.863726
0.790724
0.729589
0.530743
0.479898
0.414550
0.323199
0.299893
0.281024
0.000399
0.000238
0.000145
0.000203
0.000150
0.000106
0.000130
0.000105
0.000083
0.000173
0.005232
0.005287
0.005018
0.004599
0.003530
0.003063
0.002675
0.001910
0.001512
0.001184
0.000942
0.000231
0.000257
0.000091
0.000058
0.000100
0.000077
0.000975
0.000793
0.000706
0.000624
0.001010
0.000641
0.000631
0.127682
0.126478
0.105146
0.099256
0.095225
0.007328
0.007335
0.007273
0.007366
0.007403
0.007531
0.010670
0.010321
0.010124
0.008916
0.000031
0.000027
0.000020
0.000037
0.000037
0.000076
0.000080
0.002278
0.005819
0.005257
0.005375
0.005371
0.006091
0.006086
0.006254
0.007052
0.005380
0.007057
0.007589
0.015257
0.015394
0.015665
0.014935
0.014990
0.009739
0.009742
0.021422
0.000547
0.000257
0.000079
0.010954
0.000117
0.000080
0.000146
0.041927
0.055396
0.087773
0.090853
0.162437
0.170946
0.166942
0.158572
0.154905
0.172851
0.141970
0.136974
0.109882
0.097092
0.049809
0.048034
0.046790
0.044581
0.019968
0.019768
0.004142
0.001057
0.000006
0.000004
0.000005
0.000005
0.000012
0.000017
0.000016
0.000004
0.000003
0.000003
0.000005
0.000011
0.000025
0.000030
0.000389
0.025792
0.025571
0.000176
0.000118
0.000186
0.005792
0.006189
0.006760
0.039330
0.046167
0.061719
0.018624
0.000007
0.000002
0.000002
0.000002
0.000001
0.000001
0.000003
0.000002
0.000002
0.000003
0.000003
0.000012
0.000017
0.000028
0.000163
0.049014
0.082588
0.175102
0.379479
0.000217
0.000163
0.000200
0.000441
0.015920
0.019070
