0.001196
0.001019
0.001019
0.001019
0.001019
0.000000
0.000000
0.000000
0.000000
0.000000
0.000000
0.000000
0.000000
0.000000
0.000000
0.000000
0.000000
0.000000
0.000000
0.000000
0.000000
0.000000
0.000000
0.000000
0.000000
0.000000
0.000000
0.000000
0.000000
0.000000
0.000000
0.000000
0.000000
0.000000
0.000000
0.000000
0.000000
0.000000
0.000000
0.000000
0.000000
0.000000
0.000000
0.000000
0.000000
0.000000
0.000000
0.000000
0.000000
0.000000
0.000000
0.000000
0.000000
0.000000
0.000000
0.000000
0.000000
0.000000
0.000000
0.000000
0.000000
0.000000
0.000000
0.000000
0.000000
0.000000
0.000000
0.000000
0.000000
0.000000
0.000000
0.000000
0.000000
0.000000
0.000000
0.000000
0.000000
0.000000
0.000000
0.000000
0.000000
0.000000
0.000000
0.000000
0.000000
0.000000
0.000000
0.000000
0.000000
0.000000
0.000000
0.000000
0.000000
0.000000
0.000000
0.000000
0.000000
0.000000
0.000000
0.000000
0.000000
0.000000
0.000000
0.000000
0.000000
0.000000
0.000000
0.000000
0.000000
0.000000
0.000008
0.000008
0.000008
0.000008
0.000008
0.000008
0.000007
0.000007
0.000007
0.000007
0.000007
0.000001
0.000001
0.000001
0.000001
0.000003
0.000009
0.000002
0.000002
0.000001
0.000000
0.000000
0.000000
0.000000
0.000000
0.000000
0.000000
0.000000
0.000000
0.000000
0.000000
0.000000
0.000000
0.000000
0.000000
0.000000
0.000000
0.000000
0.000000
0.000000
0.000000
0.000000
0.000000
0.000000
0.000000
0.000000
0.000000
0.000000
0.000000
0.000000
0.000000
0.000000
0.001021
0.001020
0.000000
0.000000
0.000000
0.000000
0.000000
0.000000
0.000000
0.000000
0.000000
0.000000
0.000000
0.000000
0.000000
0.000000
0.000000
0.000000
0.000000
0.000000
0.000000
0.000000
0.000000
0.000000
0.000000
0.000000
0.000000
0.000000
0.000000
0.000000
0.000000
0.000000
0.000000
0.000000
0.000000
0.000000
0.000000
0.000000
0.000000
0.001022
0.001554
0.001920
0.001949
0.001910
0.001657
0.000000
0.000000
0.000000
0.000000
0.000000
0.000000
0.000000
0.000000
0.000000
0.000097
0.000097
0.000096
0.000095
0.000095
0.000093
0.000091
0.000089
0.000085
0.000079
0.000003
0.000003
0.000003
0.000016
0.001333
0.001320
0.001328
0.001331
0.001335
0.001349
0.001453
0.001455
0.001482
0.001533
0.001546
0.001564
0.001523
0.001459
0.001467
0.001496
0.001451
0.001825
0.001811
0.001706
0.001685
0.000068
0.000068
0.000068
0.000067
0.000068
0.000068
0.000066
0.000064
0.000054
0.000044
0.000032
0.000000
0.000000
0.000000
0.000000
0.000000
0.000000
0.000000
0.000016
0.000000
0.000000
0.000000
0.000000
0.000000
0.000000
0.000000
0.000000
0.000000
0.000000
0.000000
0.000000
0.000000
0.000000
0.000000
0.000000
0.000000
0.000000
0.000000
0.000000
0.001038
0.001039
0.001796
0.001068
0.001086
0.000076
0.001213
0.001207
0.007472
0.007934
0.008755
0.009010
0.009094
0.010033
0.010269
0.000126
0.000126
0.000126
0.000126
0.000126
0.000127
0.000126
0.000125
0.000123
0.000115
0.000106
0.000091
0.000072
0.000003
0.000003
0.000002
0.000001
0.000000
0.000000
0.000000
0.000000
0.000000
0.000000
0.000000
0.000000
0.000000
0.000000
0.000000
0.000000
0.000000
0.000000
0.000000
0.000000
0.000000
0.000000
0.000000
0.000000
0.000000
0.000000
0.000000
0.000000
0.000000
0.000000
0.000000
0.000000
0.000000
0.000000
0.000000
0.000000
0.000000
0.000000
0.000000
0.000000
0.000000
0.000000
0.000000
0.000000
0.000000
0.000000
0.000000
0.000000
0.000024
0.000037
0.000017
0.000006
0.000013
0.000025
0.000000
0.000000
0.000000
0.000000
0.000000
0.000000
0.000000
0.000000
0.000000
0.000000
0.000000
0.000000
0.000000
0.000000
0.000000
0.000000
0.000000
0.000000
0.000000
0.000000
0.000000
0.000000
0.000000
0.000000
0.000000
0.000000
0.000000
0.000000
0.000000
0.000000
0.000000
0.000000
0.000000
0.000000
0.000000
0.000000
0.000000
0.000000
0.000000
0.000000
0.000000
0.000000
0.000000
0.000000
0.000000
0.000000
0.000000
0.000000
0.000000
0.000000
0.000000
0.000000
0.000000
0.000000
0.000000
0.000000
0.000000
0.000000
0.000000
0.000000
0.000071
0.010172
0.019677
0.020570
0.030284
0.076983
0.081135
0.087504
0.090380
0.094346
0.000000
0.000000
0.000000
0.000000
0.000000
0.000000
0.000000
0.000000
0.000000
0.000000
0.000000
0.000000
0.000000
0.000000
0.000000
0.000000
0.000000
0.000000
0.000000
0.000000
0.000000
0.000000
0.000000
0.000000
0.000000
0.000000
0.000000
0.000000
0.000000
0.000000
0.000000
0.000000
0.000000
0.368646
0.501279
0.528421
0.551314
0.000251
0.000000
0.000000
0.000000
0.000000
0.000000
0.000000
0.000000
0.000000
0.000000
0.000000
0.000000
0.000000
0.000206
0.000117
0.000091
0.000038
0.000031
0.000059
0.000000
0.000000
0.000000
0.000000
0.000000
0.000000
0.000000
0.000000
0.000000
0.000000
0.000000
0.000007
0.000007
0.000007
0.000008
0.000000
0.000000
0.000000
0.000000
0.000000
0.000000
0.000000
0.000000
0.000000
0.000000
0.000000
0.000000
0.000000
0.000000
0.000000
0.000000
0.000000
0.000000
0.000000
0.000000
0.000000
0.000000
0.000000
0.000000
0.000000
0.000000
0.000000
0.000000
0.000000
0.000000
0.000000
0.000000
0.000000
0.000000
0.000000
0.000000
0.000032
0.000028
0.000024
0.000021
0.000019
0.000018
0.000017
0.000018
0.000051
0.000077
0.000085
0.000113
0.000123
0.000229
0.000262
0.000005
0.000000
0.000000
0.000001
0.000001
0.000001
0.000001
0.000094
0.000095
0.000099
0.000106
0.000127
0.000141
0.000143
0.000148
0.000151
0.000152
0.000147
0.000147
0.000144
0.000004
0.000004
0.000004
0.000031
0.000036
0.000046
0.000050
0.000053
0.000057
0.000065
0.000075
0.000075
0.000077
0.000084
0.000091
0.000096
0.000093
0.000028
0.000028
0.000028
0.000032
0.000156
0.000164
0.000169
0.000174
0.000174
0.000178
0.000178
0.000175
0.000159
0.000035
0.000050
0.000085
0.000090
0.000097
0.000098
0.000099
0.000005
0.000001
0.000001
0.000002
0.000003
0.000001
0.000000
0.000020
0.000021
0.000022
0.000024
0.000026
0.000030
0.000030
0.000026
0.000024
0.000009
0.000006
0.000006
0.000005
0.000005
0.000035
0.000022
0.000024
0.000024
0.000026
0.000025
0.000026
0.000025
0.000031
0.000028
0.000002
0.000001
0.000001
0.000001
0.000008
0.000006
0.000009
0.000009
0.000009
0.000008
0.000009
0.000009
0.000009
0.000008
0.000013
0.000015
0.000002
0.000001
0.000001
0.000001
0.000003
0.000003
0.000004
0.000005
0.000008
0.000009
0.000009
0.000008
0.000015
0.000014
0.000043
0.000071
0.000058
0.000017
0.000019
0.000031
0.000005
0.000011
0.000017
0.000016
0.537778
0.001318
0.001677
0.020112
2.547063
3.975501
4.530805
5.492958
0.065172
0.072504
6.555732
0.004137
0.007602
0.009182
0.010257
0.020788
0.021585
0.000015
0.000010
0.000002
0.000005
0.000002
0.000004
0.000003
0.000003
0.000004
0.000002
0.075514
0.000001
0.000001
0.000019
0.000017
0.000013
0.000017
0.000018
0.000004
0.000006
0.000003
0.000003
0.000005
0.000013
0.000010
0.000022
0.000007
0.000006
0.000003
0.000016
0.000020
0.000038
0.000084
0.000697
0.000987
0.001517
0.003483
0.004334
0.008486
7.994258
8.087345
8.004874
7.897306
0.201997
0.204243
8.145867
8.203171
8.252299
8.290891
8.343698
8.380617
8.415165
8.455104
8.721856
8.749849
8.782808
8.790821
8.846808
8.823240
8.794702
8.550061
0.020945
0.015650
0.003443
0.003249
0.001571
0.001490
0.001178
0.001430
0.001486
8.201663
8.061134
7.913799
7.705136
7.355327
6.960342
1.801199
1.710850
1.680946
4.752559
5.893818
0.002553
0.000893
0.000642
0.000249
0.000296
0.000330
0.000216
0.000370
0.002166
0.002617
6.659360
7.718540
7.769115
7.922301
7.987250
8.097789
8.180403
8.239886
8.251950
8.261866
8.251227
8.236332
8.255987
8.242639
8.213566
8.218558
8.781280
8.930279
8.987554
9.027753
8.991498
0.000519
0.000303
0.000204
0.000094
0.000058
0.000035
0.000007
0.000006
0.000009
0.000006
0.000006
0.000009
0.000012
0.000012
0.000009
0.000001
0.000001
0.000005
0.000010
0.000287
0.000303
0.000011
0.000011
0.000008
0.000001
0.000001
0.000003
0.000003
0.000002
0.000002
0.000003
0.000004
0.000019
0.000030
0.000042
0.000064
0.000339
0.001759
0.002153
8.518276
8.447979
8.435544
8.359683
8.132225
7.374989
7.239601
7.145903
7.075649
6.284333
7.459375
0.070127
8.175483
8.300875
8.398402
8.445636
8.475993
8.506768
8.510799
8.520883
8.420075
8.399490
8.209447
7.850012
7.305042
0.493829
0.020451
0.481940
7.389541
7.615322
7.789880
7.770236
0.105251
7.393245
7.568372
7.700501
7.839887
8.001368
8.185008
8.339194
8.489649
8.633293
8.743191
8.799889
8.866630
8.903336
8.909227
8.910580
8.911241
8.911695
8.909961
8.908829
8.909384
8.906271
8.903913
8.902289
8.897111
8.895156
8.896187
8.897102
8.900160
8.902602
8.907328
8.910048
8.907062
8.904460
8.899555
8.789988
8.278970
8.342310
8.363847
8.416868
8.353899
8.255432
0.000150
0.000051
0.000030
0.000019
0.000014
0.000009
0.000005
0.000001
0.000001
0.000001
0.000001
0.000001
0.000005
0.000001
0.000001
0.000003
0.000000
0.000000
0.000000
0.000001
0.000001
0.000001
0.000001
0.000000
0.000001
0.000001
0.000005
0.000000
0.000000
0.000000
0.000001
0.000000
0.000000
0.000001
0.000000
0.000000
0.000001
0.000000
0.000000
0.000000
0.000000
0.000001
0.000000
0.000000
0.000000
0.000001
0.000001
0.000000
0.000000
0.000003
0.000049
0.000035
0.000023
0.000022
0.000003
0.000001
0.000001
0.000001
0.000002
0.000003
0.000007
0.000007
0.000000
0.000001
0.000001
0.000000
0.000000
0.002354
0.000975
0.000414
0.000001
0.000001
0.000182
0.000102
0.000060
0.000047
0.000040
0.000040
0.000039
0.000071
0.000179
0.000209
0.000283
0.000738
0.000001
0.000001
0.000001
0.000000
0.000001
0.000002
0.000002
0.000001
0.000000
0.000001
0.000000
0.000001
0.000000
0.000000
0.000000
0.000000
0.000000
0.000000
0.000000
0.000000
0.000000
0.000000
0.000000
0.000000
0.000000
0.000000
0.000000
0.000000
0.000001
0.000002
0.000002
0.000009
0.000021
0.000115
0.004604
0.001975
0.001573
0.000843
0.000662
0.000583
0.000430
0.000461
0.000524
0.000917
8.181156
8.288223
8.383844
0.047525
0.047653
0.048318
8.636326
8.768398
8.816744
8.863675
8.917791
8.983844
9.010015
9.347874
9.403744
9.487586
9.515912
9.539365
9.578955
9.583289
9.582447
9.583114
9.594561
9.596326
9.612250
9.635090
9.650340
9.655264
9.646965
9.619750
9.503532
9.463919
9.437827
9.416875
9.399704
9.380975
9.373038
9.366285
9.356661
9.342117
9.329079
9.318993
9.314410
9.311114
9.309623
9.296930
9.292275
9.304310
9.320882
9.290163
9.269684
9.227880
8.837277
8.940163
8.972111
8.997538
9.013975
9.056909
9.129544
9.172911
9.237747
9.270560
9.306573
9.330987
9.338472
9.346500
9.354818
9.346544
9.329008
9.321860
9.313962
9.312263
9.312201
9.311140
9.307763
9.302383
9.286152
9.248368
9.191942
9.117534
9.003086
0.565945
8.933510
9.011666
9.006983
8.878073
8.781641
8.543816
8.305738
8.118378
7.951913
7.848386
7.644729
0.080983
6.884181
6.822877
0.005080
0.004785
0.002029
0.001408
0.000563
0.000529
0.000348
0.000463
0.000563
0.000609
6.590204
6.511506
6.428580
6.296912
6.124160
5.955287
5.779164
5.325656
4.919958
4.516256
3.955095
3.574813
3.284909
2.880901
2.570526
2.187749
1.869571
1.091345
0.677923
0.563415
0.508330
0.204492
0.124993
0.104890
0.028534
0.000967
0.000712
0.023029
0.033740
0.037846
0.551283
0.634387
0.761409
1.110841
1.171711
1.199276
0.013317
1.568528
1.691917
1.543763
1.282389
1.150896
0.000184
0.000080
0.000061
0.000069
0.000152
0.000081
0.002885
0.744200
0.531871
0.544309
0.412899
0.055569
0.015291
0.010588
0.011216
0.922352
0.978366
1.027837
1.078221
1.053733
1.026881
0.966377
0.985483
0.948493
0.108485
0.029177
0.030909
0.027883
0.536327
1.307612
1.439374
0.030579
1.987004
2.240782
2.399468
2.501150
2.603926
2.640975
0.058917
3.414645
4.371195
4.903091
5.254611
5.465113
5.476498
5.487955
5.509215
5.482325
5.319664
5.154799
0.006193
0.004892
0.003083
0.000178
0.000120
0.000164
0.000081
0.000076
0.000085
0.000098
0.000123
0.000139
0.000009
0.000013
0.000022
0.000013
0.000026
0.000031
0.000020
0.000011
0.000005
0.000006
0.000006
0.000012
0.000017
0.000013
0.000030
0.000003
0.000004
0.000010
0.000007
0.000005
0.000006
0.000005
0.000006
0.000013
0.000009
0.000007
0.000002
0.000002
0.000001
0.000003
0.000003
0.000003
0.000024
0.000073
0.000075
0.000037
0.000046
0.000826
0.001059
0.001201
0.001201
0.001192
0.001172
0.001013
0.000988
0.000776
0.000731
0.001499
0.001272
0.249305
4.892406
5.203885
5.253348
5.296305
5.313206
5.310223
5.297790
5.253562
5.220962
5.194903
5.165807
5.096703
5.018723
4.764349
4.662283
4.276898
0.000018
0.000014
0.000003
0.000004
0.000005
0.000008
0.000004
0.000003
0.000016
0.000006
0.000004
0.000003
0.000005
0.000003
0.000002
0.000002
0.000001
0.000002
0.000001
0.000002
0.000002
0.000002
0.000001
0.000001
0.000003
0.000012
0.000008
0.000007
0.000005
0.000006
0.000020
0.000023
2.450474
3.861818
4.202229
4.631217
4.997497
5.229387
5.401197
5.440562
5.450946
5.477406
5.486237
5.485288
5.450383
5.442407
5.443828
5.456686
5.532360
5.589502
5.639416
5.644068
5.622000
5.604956
5.584682
5.554499
5.463485
5.273768
5.129627
5.104195
5.023229
4.849800
4.691853
0.015265
0.001477
0.000793
0.000585
0.000017
0.000009
0.000349
0.000084
0.000054
0.000011
0.000008
0.000008
0.000004
0.000009
0.000009
0.000013
0.000004
0.000003
0.000006
0.000007
0.000006
0.000008
0.000008
0.000002
0.000003
0.000004
0.000005
0.000003
0.000003
0.000005
0.000846
0.010601
0.013907
0.104895
0.187778
4.675332
4.837680
5.079857
5.134800
5.196190
5.238264
5.324426
5.374183
5.388063
5.392024
0.000070
0.000045
0.000035
0.001804
0.000016
0.000017
0.000002
0.000017
0.000008
0.000003
0.000004
0.000002
0.000001
0.000001
0.000001
0.000004
0.000007
0.000005
0.000006
0.000007
0.000009
0.000028
0.000002
0.000002
0.000003
0.000017
0.000456
0.000481
5.388425
5.377430
5.219869
5.258836
5.266578
5.275856
5.256155
0.095333
5.116944
5.249658
5.277751
5.299712
5.287632
5.254862
5.218944
5.106746
4.963986
4.897491
4.833010
4.776448
0.040307
0.000058
0.000041
0.000053
0.025810
4.622033
4.499343
4.432873
4.385582
4.328258
4.170513
0.007299
0.007697
0.007559
0.000011
0.000005
0.000004
0.000005
0.000006
0.000001
0.000001
0.000001
0.000000
0.000000
0.000000
0.000000
0.000000
0.000002
0.000001
0.000001
0.000001
0.000001
0.000000
0.000000
0.000000
0.000001
0.000006
0.000006
0.000019
0.000003
0.000005
0.000009
0.009500
0.047132
4.754968
4.989585
5.225763
5.286403
5.336194
5.355137
5.366567
5.383760
5.387260
5.420687
5.414951
5.400855
5.389262
5.375463
5.347729
5.328496
5.009232
4.678787
0.001152
0.000052
0.000007
0.000004
0.000001
0.000001
0.000001
0.000000
0.000000
0.000000
0.000000
0.000000
0.000000
0.000001
0.000001
0.000001
0.000001
0.000001
0.000000
0.000000
0.000000
0.000000
0.000000
0.000000
0.000000
0.000000
0.000000
0.000000
0.000000
0.000000
0.000000
0.000000
0.000000
0.000000
0.000000
0.000000
0.000000
0.000000
0.000000
0.000000
0.000000
0.000000
0.000000
0.000000
0.000000
0.000000
0.000000
0.000000
0.000000
0.000000
0.000000
0.000000
0.000000
0.000000
0.000000
0.000000
0.000000
0.000000
0.000000
0.000000
0.000000
0.000000
0.000000
0.000000
0.000000
0.000000
0.000000
0.000000
0.000000
0.000000
0.000000
0.000000
0.000000
0.000000
0.000000
0.000000
0.000000
0.000000
0.000000
0.000000
0.000000
0.000000
0.000000
0.000000
0.000000
0.000000
0.000000
0.000002
0.000000
0.000000
0.000000
0.000000
0.000000
0.000000
0.000002
0.000000
0.000000
0.000000
0.000000
0.000000
0.000000
0.000000
0.000000
0.000000
0.000000
0.000000
0.000000
0.000000
0.000000
0.000000
0.000000
0.000000
0.000000
0.000000
0.000000
0.000000
0.000000
0.000000
0.000000
0.000000
0.000000
0.000000
0.000000
0.000000
0.000000
0.000001
0.000000
0.000000
0.000000
0.000000
0.000000
0.000000
0.000000
0.000001
0.000000
0.000000
0.000000
0.000000
0.000000
0.000000
0.000000
0.000000
0.000000
0.000000
0.000000
0.000000
0.000000
0.000000
0.000000
0.000000
0.000000
0.000000
0.000000
0.000000
0.000000
0.000000
0.000000
0.000000
0.000000
0.000000
0.000000
0.000000
0.000000
0.000000
0.000000
0.000000
0.000000
0.000000
0.000000
0.000000
0.000000
0.000000
0.000000
0.000000
0.000000
0.000000
0.000000
0.000000
0.000000
0.000000
0.000000
0.000000
0.000000
0.000000
0.000000
0.000000
0.000000
0.000000
0.000000
0.000000
0.000000
0.000000
0.000000
0.000500
0.000334
0.000759
0.000917
0.000350
0.000517
0.000689
0.010434
4.453982
4.454758
4.454240
4.460636
4.451633
4.442014
4.418372
4.373125
4.312333
4.495689
4.572739
4.574910
0.008538
0.000000
0.000000
0.000000
0.000000
0.000000
0.000000
0.000000
0.000000
0.000000
0.000000
0.000000
0.000000
0.000000
0.000000
0.000000
0.000000
0.000000
0.000000
0.000000
0.000000
0.000000
0.000000
0.000000
0.000000
0.000000
0.000000
0.000000
0.000000
0.000000
0.000000
0.000000
0.000000
0.000000
0.000000
0.000000
0.000000
0.000000
0.000000
0.000000
0.000000
0.000000
0.000000
0.000000
0.000000
0.000000
0.000000
0.000000
0.000000
0.000000
0.000000
0.000000
0.000000
0.000000
0.000000
0.000000
0.000000
0.000000
0.000000
0.000000
0.000000
0.000000
0.000000
0.000000
0.000000
0.000000
0.000000
0.000000
0.000000
0.000000
0.000000
0.000000
0.000000
0.000000
0.000000
0.000000
0.000000
0.000000
0.000000
0.000000
0.000000
0.000000
0.000000
0.000000
0.000000
0.000000
0.000000
0.000000
0.000000
0.000000
0.000000
0.000000
0.000000
0.000000
0.000000
0.000000
0.000000
0.000000
4.677056
4.679043
4.684649
4.674972
4.595983
4.484073
4.388993
4.262046
4.216649
0.000894
0.000694
0.000443
0.000191
0.000132
0.000172
0.000166
0.000425
0.000302
0.000000
0.000000
0.000000
0.000000
0.000000
0.000000
0.000000
0.000000
0.000000
0.000000
0.000000
0.000000
0.000000
0.000000
0.000000
0.000000
0.000000
0.000000
0.000030
0.000031
0.000130
0.000150
0.000400
0.000000
0.000000
0.000000
0.000000
0.000000
0.000513
0.000844
4.295259
4.302176
4.312173
4.297776
4.288832
4.268621
4.240573
4.217557
4.162633
4.011535
3.751161
3.456464
0.007284
3.083133
0.001738
0.001471
0.000969
0.000272
0.000369
0.063709
2.659688
2.480991
0.523978
3.164784
3.076137
0.132871
0.149043
0.016039
0.000000
3.538182
3.557323
0.137589
0.000000
0.000000
0.000000
0.000000
0.000000
0.000000
0.000000
0.000000
0.000000
0.000000
0.000000
0.000000
0.000000
0.000000
0.000000
0.000000
0.000000
0.000000
0.000000
0.000000
0.000000
0.000000
0.000000
0.000000
0.000000
0.000000
0.000000
0.000000
0.000000
0.000000
0.000000
0.000000
0.000000
0.000000
0.000000
0.000000
0.000000
0.000000
0.000000
0.000000
0.000000
0.000000
0.000000
0.000000
0.000000
0.000000
0.000000
0.000000
0.000000
0.000000
0.000000
0.000000
0.000000
0.000000
0.000000
0.000000
0.000000
0.000000
0.000000
0.000000
0.000000
0.000000
0.000000
0.000000
0.000000
0.000000
0.000000
0.000000
0.000000
0.000000
0.000000
0.000000
0.000000
0.000000
0.000000
0.000000
0.000000
0.000000
0.000000
0.000000
0.000000
0.000000
0.000000
0.000000
0.000000
0.000000
0.000000
0.000000
0.000000
0.000000
0.000000
0.000000
0.000000
0.000000
0.000000
0.000000
0.061825
3.499268
3.656910
3.702441
3.719820
3.718074
3.685390
3.689566
3.706105
2.593437
0.000000
0.000000
0.000000
0.000000
0.000000
0.000000
0.000000
0.000000
0.000000
0.000000
0.000000
0.000000
0.000000
0.000000
0.000000
0.000000
0.000000
0.000000
0.000000
0.000000
0.000000
0.000000
0.000000
0.000000
0.000000
0.000000
0.000000
0.000000
0.000000
0.000000
0.000000
0.000000
0.000000
0.000000
0.000000
0.000000
0.000000
0.000000
0.000000
0.000000
0.000000
0.000000
0.000000
0.000000
0.000000
0.000000
0.000000
0.000000
0.000000
0.000000
0.000000
0.000000
0.000000
0.000000
0.000000
0.000000
0.000000
0.000000
0.000000
0.000000
0.000000
0.000000
0.000000
0.000000
0.000000
0.000000
0.000000
0.000000
0.000000
0.000000
0.000000
0.000000
0.000000
0.000000
0.000000
0.000000
0.000000
0.000000
0.000000
0.000000
0.000000
0.000000
0.000000
0.000000
0.000000
0.000000
0.000000
0.000000
0.000000
0.000000
0.000000
0.000000
0.000000
0.000000
0.000000
0.000000
0.000000
0.000000
0.000000
0.000000
0.000000
0.000000
0.000000
0.000000
0.000000
0.000000
0.000000
0.000000
0.000000
0.000000
0.000000
0.000000
0.000000
0.000000
0.000000
0.000000
0.000000
0.000000
0.000000
0.000000
0.000000
0.000000
0.000000
0.000000
0.000000
0.000000
0.000000
0.000000
0.000000
0.000000
0.000000
0.000000
0.000000
0.000000
0.000000
0.000000
0.000000
0.000000
0.000000
0.000000
0.000000
0.000000
0.000000
0.000000
0.000000
0.000000
0.000000
0.000000
0.000000
0.000000
0.000000
0.000000
0.000000
0.000000
0.000000
0.000000
0.000000
0.000000
0.000000
0.000000
0.000000
0.000000
0.000000
0.000000
0.000000
0.000000
0.000000
0.000000
0.000000
0.000000
0.000000
0.000000
0.000000
0.000000
0.000000
0.000000
0.000000
0.000000
0.000000
0.000000
0.000000
0.000000
0.000000
0.000000
0.000000
0.000000
0.000000
0.000000
0.000000
0.000000
0.000000
