0.354689
0.240701
0.045180
0.036172
0.013349
0.009727
0.000125
0.000068
0.000058
0.000026
0.000049
0.000039
0.000028
0.000030
0.000036
0.000048
0.000054
0.000043
0.000037
0.000011
0.000031
0.000068
0.000189
0.006119
0.007264
0.008474
0.048173
0.054750
0.059437
0.066862
0.068852
0.071497
0.073167
0.075193
0.075434
0.076335
0.076312
0.076364
0.076375
0.075570
0.057523
0.057475
0.057478
0.057490
0.059373
0.059393
0.059398
0.059384
0.059382
0.059466
0.059364
0.059302
0.059128
0.059012
0.059807
0.059557
0.058383
0.058310
0.058066
0.057698
0.057589
0.057545
0.057577
0.057579
0.057535
0.057671
0.057322
0.057348
0.057351
0.057498
0.097023
0.101321
0.101856
0.102148
0.102168
0.101830
0.101698
0.100701
0.100091
0.099473
0.098864
0.095693
0.088502
0.082639
0.078054
0.075200
0.058106
0.057890
0.057604
0.057448
0.057305
0.057319
0.057580
0.057389
0.057152
0.056992
0.056823
0.056724
0.056629
0.056493
0.056330
0.055981
0.055701
0.055721
0.055949
0.056095
0.056188
0.056169
0.055711
0.055667
0.055728
0.055823
0.056070
0.056521
0.056532
0.056764
0.057059
0.057164
0.057120
0.057102
0.056953
0.056884
0.056837
0.056717
0.056626
0.056200
0.055598
0.050270
0.046436
0.042558
0.039748
0.036821
0.034572
0.032214
0.029217
0.025739
0.024732
0.024127
0.023904
0.023862
0.028392
0.029600
0.030828
0.028861
0.027613
0.021200
0.060286
0.062868
0.064611
0.068162
0.065890
0.063587
0.057352
0.057349
0.057331
0.057407
0.057483
0.057538
0.057581
0.064976
0.065360
0.064202
0.060666
0.055989
0.048989
0.000996
0.000448
0.000008
0.000002
0.000001
0.000008
0.000005
0.000012
0.000009
0.000009
0.000010
0.000016
0.000103
0.018200
0.041136
0.042192
0.045502
0.051605
0.054695
0.055426
0.057622
0.058801
0.000188
0.000145
0.058626
0.059471
0.060460
0.061036
0.061367
0.061716
0.061897
0.062842
0.064198
0.064170
0.064181
0.064035
0.061729
0.060385
0.058998
0.055005
0.051572
0.045714
0.041412
0.037964
0.034247
0.030713
0.023672
0.017596
0.005913
0.004124
0.045678
0.049628
0.052717
0.054978
0.056502
0.058224
0.059505
0.060934
0.062353
0.062543
0.063185
0.063761
0.065639
0.067840
0.068805
0.070143
0.070335
0.070738
0.071461
0.072761
0.074036
0.074426
0.074988
0.075409
0.076354
0.076690
0.076783
0.077762
0.077941
0.078316
0.078674
0.078770
0.075938
0.072870
0.068990
0.066012
0.065519
0.065160
0.063938
0.063686
0.063293
0.061182
0.060316
0.059934
0.059565
0.000026
0.000025
0.000017
0.000023
0.000031
0.000025
0.000029
0.057682
0.057601
0.056857
0.056413
0.056286
0.056448
0.056584
0.056794
0.056810
0.057006
0.057118
0.057241
0.057273
0.057111
0.057021
0.057026
0.057046
0.057090
0.057067
0.057007
0.064760
0.066429
0.074905
0.075479
0.075726
0.075885
0.068636
0.069018
0.068995
0.068314
0.067999
0.067750
0.067572
0.067367
0.000075
0.000117
0.000073
0.000142
0.000118
0.000197
0.000159
0.061553
0.061698
0.061992
0.062097
0.061772
0.061211
0.061233
0.060967
0.060975
0.061128
0.068752
0.071309
0.072325
0.072742
0.072622
0.072162
0.071004
0.070513
0.070056
0.069225
0.064219
0.062401
0.061194
0.059865
0.058646
0.057212
0.056286
0.055103
0.054141
0.053210
0.052743
0.050662
0.039357
0.011155
0.008536
0.000012
0.000004
0.000006
0.000010
0.000012
0.042862
0.051696
0.056972
0.058439
0.058583
0.058597
0.058671
0.058574
0.058613
0.058656
0.061341
0.063989
0.066513
0.068098
0.074229
0.077264
0.698050
0.684373
0.553573
0.543010
0.516014
0.000021
0.000007
0.000002
0.000001
0.000001
0.000001
0.000020
0.000008
0.000003
0.000000
0.000000
0.000000
0.000000
0.000001
0.000001
0.000001
0.000003
0.000468
0.000467
0.000474
0.000438
0.000862
0.000003
0.000001
0.000000
0.000000
0.000000
0.000000
0.000001
0.000013
0.000072
0.000069
0.000007
0.000003
0.000002
0.000000
0.000001
0.000002
0.000002
0.000001
0.000001
0.000001
0.000002
0.000005
0.000038
0.000006
0.000002
0.000004
0.000004
0.000002
0.000003
0.000006
0.000010
0.000041
0.000026
0.000008
0.000000
0.000001
0.000001
0.000000
0.000000
0.000000
0.000000
0.000000
0.000000
0.000001
0.000004
0.000002
0.000002
0.000006
0.000004
0.000006
0.000001
0.000000
0.000000
0.000000
0.000000
0.000000
0.000000
0.000001
0.497453
0.467632
0.420074
0.380183
0.357816
0.295426
0.077312
0.006243
0.005827
0.003518
0.002005
0.000141
0.000124
0.000007
0.000030
0.000054
0.000054
0.000047
0.000015
0.000035
0.000037
0.000052
0.000003
0.000002
0.000003
0.000012
0.036755
0.041423
0.139849
0.151340
0.112811
0.162661
0.122910
0.118979
0.098505
0.097109
0.077769
0.067334
0.070617
0.075519
0.001430
0.000980
0.060871
0.001058
0.000759
0.001068
0.106306
0.116255
0.117135
0.117845
0.118043
0.118154
0.118364
0.118760
0.118126
0.117325
0.117594
0.116094
0.116195
0.116462
0.116238
0.116414
0.116945
0.118046
0.119399
0.135412
0.134923
0.143706
0.129643
0.128241
0.129704
0.127471
0.126328
0.111414
0.112074
0.112044
0.112595
0.106910
0.106906
0.106936
0.106943
0.112883
0.129590
0.128576
0.126849
0.000465
0.000141
0.121813
0.121389
0.121614
0.121477
0.121698
0.121664
0.116279
0.115633
0.000841
0.116315
0.112597
0.109605
0.107413
0.106912
0.103076
0.094773
0.079928
0.072315
0.067668
0.060658
0.055336
0.001634
0.017295
0.034984
0.038368
0.041345
0.043476
0.046084
0.048690
0.053520
0.057605
0.058598
0.062106
0.065839
0.067659
0.067859
0.069490
0.070368
0.072233
0.064929
0.071964
0.073923
0.072620
0.072103
0.070633
0.066149
0.063797
0.063545
0.063519
0.063312
0.061767
0.056966
0.084644
0.087845
0.088326
0.090541
0.092936
0.095145
0.099002
0.104220
0.105138
0.106764
0.110546
0.112423
0.116371
0.127619
0.145957
0.145298
0.145158
0.145449
0.145905
0.146741
0.127640
0.127049
0.123221
0.120835
0.116101
0.091486
0.072820
0.055095
0.047050
0.009394
0.000020
0.000013
0.000008
0.000006
0.000004
0.000002
0.000014
0.000015
0.000025
0.000038
0.000047
0.000137
0.000116
0.001277
0.002039
0.031360
0.032569
0.072246
0.077139
0.082515
0.080294
0.075299
0.068477
0.065580
0.052085
0.036783
0.036427
0.036013
0.003060
0.112260
0.143559
0.166099
0.170045
0.201611
0.215924
0.210990
0.000580
0.000089
0.000061
0.000006
0.000004
0.000007
0.000004
0.000014
0.000098
0.000077
0.000017
0.000006
0.000006
0.000008
0.000001
0.000001
0.000001
0.000441
0.000330
0.000342
0.000003
0.000001
0.000001
0.000003
0.000041
0.000003
0.000004
0.000004
0.000006
0.000001
0.000002
0.000002
0.000001
0.000006
0.000400
0.000260
0.000242
0.000002
0.000002
0.000002
0.000002
0.000002
0.000002
0.000002
0.000007
0.000001
0.000001
0.000002
0.000006
0.000018
0.000014
0.000010
0.000009
0.000004
0.000005
0.000001
0.000001
0.000004
0.000004
0.000005
0.000005
0.000003
0.000002
0.000002
0.000002
0.000001
0.000000
0.000001
0.000001
0.000017
0.000012
0.000003
0.000003
0.000003
0.000003
0.000006
0.000020
0.000025
0.000038
0.000005
0.000007
0.000003
0.000004
0.000007
0.000010
0.000034
0.000063
0.000129
0.001633
0.249408
0.257220
0.263826
0.270061
0.269086
0.208198
0.182891
0.139064
0.138327
0.021190
0.127131
0.144375
0.148023
0.148881
0.150220
0.151742
0.154312
0.154959
0.154290
0.154044
0.154044
0.153257
0.152858
0.150878
0.148763
0.145890
0.144586
0.144083
0.143684
0.143661
0.143979
0.142821
0.136001
0.135381
0.135452
0.135654
0.136047
0.136111
0.137688
0.138206
0.138479
0.136374
0.134401
0.008983
0.126774
0.128568
0.131226
0.134519
0.137610
0.137231
0.137203
0.136196
0.135898
0.135857
0.135548
0.134663
0.134330
0.134392
0.134451
0.134524
0.134991
0.135819
0.133361
0.132926
0.131921
0.129890
0.127031
0.107001
0.106963
0.106888
0.111548
0.112468
0.112502
0.113994
0.118545
0.117974
0.108266
0.108896
0.109003
0.109033
0.126342
0.127960
0.130115
0.107357
0.110931
0.111237
0.111919
0.112936
0.113920
0.113487
0.107182
0.106643
0.106682
0.106790
0.106828
0.108139
0.108218
0.108322
0.108346
0.108413
0.108555
0.108546
0.108484
0.107510
0.098915
0.094249
0.093042
0.098605
0.093462
0.088609
0.078033
0.065216
0.059068
0.053601
0.027118
0.007075
0.006997
0.002039
0.040060
0.040480
0.041742
0.043136
0.044428
0.044289
0.050384
0.049234
0.048659
0.045790
0.039444
0.039753
0.050655
0.054349
0.058020
0.059667
0.058045
0.057075
0.056805
0.058983
0.064099
0.071058
0.075492
0.080803
0.084389
0.086785
0.087351
0.088424
0.089433
0.090991
0.091847
0.109496
0.110799
0.112069
0.113225
0.116401
0.119385
0.122117
0.128558
0.133994
0.139176
0.145425
0.145524
0.142771
0.139963
0.136240
0.132075
0.130193
0.103203
0.098941
0.097099
0.086579
0.078541
0.073187
0.018584
0.017080
0.017438
0.000082
0.000136
0.000163
0.000132
0.000382
0.000364
0.000673
0.000273
0.000431
0.001697
0.005027
0.006031
0.678126
0.745869
1.174560
1.577067
1.772648
2.009169
2.297133
2.657060
3.011036
3.531757
3.919347
5.907340
6.170283
6.352339
6.357979
6.373241
6.430664
6.504502
6.617186
6.729229
6.420736
5.832143
5.304584
0.346032
5.007460
5.144528
5.362078
5.283138
5.213308
3.648217
0.022655
0.023388
4.239755
4.558475
4.776353
5.001819
5.253563
5.623781
5.576170
5.497464
0.165765
0.170485
0.180464
0.027031
6.027867
7.102777
7.773113
8.140497
8.509966
8.736830
8.803539
8.847347
8.868089
8.873257
8.874101
8.876994
8.877995
8.880383
8.881917
8.881786
8.881041
8.881059
8.881223
8.874408
8.869679
8.866873
8.862742
8.863522
8.867258
8.855437
8.727325
8.429484
8.142325
7.904149
7.537162
7.051234
6.561737
6.185139
5.823256
5.355848
4.615067
4.007024
3.572183
0.782689
0.038012
0.025685
0.040892
0.024947
0.101586
0.425785
0.562060
0.931734
3.855231
4.551996
7.210664
8.333993
8.758472
8.808282
8.837148
8.853488
8.875455
8.876203
8.877598
8.877522
8.878638
8.879078
8.864901
8.860483
9.053430
9.052710
9.051282
9.040886
8.847330
8.674980
8.198748
0.096348
0.088532
8.332754
8.564656
8.805804
8.814193
8.810620
8.567836
8.565336
8.557185
8.537381
8.438577
8.025928
7.736058
7.340942
6.673637
6.565251
0.028683
0.028716
0.111548
7.098718
7.324943
7.584942
8.178157
8.440543
8.611389
8.708890
8.735792
8.733365
8.717021
8.694347
8.683743
8.641407
0.001714
0.000687
0.000464
0.000264
0.000137
0.000142
0.000109
0.000047
0.000040
0.000068
0.000067
0.000036
0.000082
0.000444
0.000531
0.000576
0.000758
0.001387
0.016918
8.763770
8.815902
8.902741
8.972453
9.008852
9.035281
9.078765
9.098671
9.091534
9.088708
9.084625
9.068873
9.044874
9.038913
9.046343
9.076319
9.082437
9.099557
9.235078
9.246590
9.211093
9.100676
8.998680
8.857746
8.638068
8.526725
8.047113
8.293496
8.320506
8.271313
0.093973
7.637084
7.873372
7.930220
8.006863
8.076063
8.117317
7.883305
7.612358
0.048177
0.045457
7.366233
7.505794
7.330027
0.118662
7.745029
7.996645
8.182926
8.604573
0.149802
0.158246
0.245672
8.583905
8.656476
8.682847
8.670167
8.684830
8.686914
8.688756
8.695549
8.700579
8.705794
8.707495
8.706722
8.706626
8.706989
8.707846
8.707964
8.703748
8.699998
8.692681
8.687695
8.710543
8.689050
8.561020
0.292425
8.163397
8.442160
8.486740
8.537974
8.608063
8.633080
8.626760
8.627267
8.633273
8.644145
8.656058
8.663103
8.664439
8.664244
8.666798
8.671452
8.683430
8.680386
8.656807
8.610276
8.537237
8.503437
8.464784
8.391333
8.361314
8.191534
8.044831
7.915175
7.799767
0.006489
0.003759
0.002676
0.001504
0.001467
0.002669
0.003551
0.002629
0.003315
0.003846
7.513976
7.365693
7.236425
7.103261
0.029574
0.027514
6.872969
6.594368
6.006686
5.760470
5.717431
6.773179
8.101836
8.262907
8.257713
8.247486
8.208351
8.097180
7.713865
7.305631
6.643794
5.407332
0.061904
0.044290
0.031320
4.266730
4.497679
4.465500
4.370426
0.072240
0.070424
4.017645
4.145551
4.260204
4.595780
4.924831
5.032902
4.785097
3.150796
3.201712
0.021298
5.475674
6.018073
6.469300
7.086759
7.570280
7.597769
7.597931
7.517502
7.395238
0.059241
7.360100
7.582298
7.503886
7.458297
7.289892
7.283557
7.457924
7.554457
7.543384
7.492782
7.433911
7.202637
7.049737
6.960840
6.893974
6.585068
6.360568
6.061625
5.821598
5.567205
5.354816
5.218129
5.074040
4.891603
4.742969
4.609746
4.477504
4.332066
2.722217
4.293734
4.424210
4.578091
4.474232
4.773805
5.014580
5.293265
5.615307
5.972713
6.059837
6.189573
0.001743
0.000803
0.000340
0.000170
0.000154
0.000062
0.000027
0.000028
0.000027
0.000019
0.000025
0.000016
0.000018
0.000019
0.000022
0.000038
0.000013
0.000153
0.000082
0.000069
0.000059
0.000068
0.000100
0.000013
0.000019
0.053641
0.000096
0.000043
0.000187
6.789659
6.926578
6.999149
7.139840
7.489886
7.580515
7.662719
7.781556
7.959467
8.143711
0.001330
0.001497
8.189410
8.205731
8.232222
8.245173
8.262571
8.281443
8.270949
8.256493
8.243709
8.242248
8.239690
8.234603
0.000056
0.000033
0.000027
0.000013
0.000012
0.000010
0.000006
0.000016
0.000004
0.000012
0.000007
0.000004
0.000185
0.000161
0.000155
0.000095
0.000044
0.000044
0.000191
0.000160
0.000009
0.000061
0.000077
0.000172
0.000526
0.000032
0.000009
0.000019
0.000029
0.000045
0.000016
0.000009
0.000009
0.000019
0.000020
0.000005
0.000019
0.000028
0.000018
0.000007
0.000005
0.000006
0.000004
0.000008
0.000003
0.000002
0.000003
0.000006
0.000030
0.000021
0.000003
0.000002
0.000004
0.000015
0.000011
0.000009
0.000015
0.000018
0.000004
0.000001
0.000003
0.000015
0.000135
0.000098
0.000147
0.000178
0.000006
0.000024
0.000019
0.000036
0.000371
0.000355
0.000126
0.000107
0.000177
0.000023
0.000006
0.000005
0.000013
0.000006
0.000005
0.000002
0.000006
0.000006
0.000005
0.000024
0.000039
0.000002
0.000002
0.000009
0.000013
0.000051
0.000050
0.000002
0.000001
0.000002
0.000007
0.000002
0.000001
0.000001
0.000001
0.000001
0.000001
0.000001
0.000002
0.000015
0.000009
0.000015
0.000006
0.000014
0.000011
0.000009
0.000008
0.000004
0.000004
0.000002
0.000002
0.000004
0.000004
0.000001
0.000012
0.000011
0.000002
0.000005
0.000003
0.000001
0.000002
0.000002
0.000003
0.000006
0.000020
0.000028
0.000001
0.000004
0.000003
0.000005
0.000002
0.000001
0.000001
0.000001
0.000001
0.000001
0.000003
0.000003
0.000005
0.000010
0.000005
0.000006
0.000008
0.000001
0.000000
0.000000
0.000001
0.000000
0.000000
0.000000
0.000000
0.000000
0.000001
0.000001
0.000001
0.000001
0.000001
0.000010
0.000007
0.000001
0.000000
0.000000
0.000002
0.000011
0.000008
0.000002
0.000003
0.000001
0.000001
0.000001
0.000000
0.000000
0.000000
0.000001
0.000002
0.000002
0.000002
0.000000
0.000000
0.000002
0.000007
8.182800
0.035637
0.036015
0.019955
8.069079
8.056340
0.000007
0.000006
0.000005
0.000001
0.000001
0.000001
0.000004
0.000001
0.000023
0.000022
0.000060
0.000001
0.000001
0.000001
0.000000
0.000001
0.000000
0.000001
0.000000
0.000000
0.000000
0.000000
0.000000
0.000010
0.000001
0.000003
0.000003
0.000001
0.000001
0.000000
0.000000
0.000001
0.000000
0.000000
0.000000
0.000000
0.000000
0.000000
0.000000
0.000000
0.000003
0.000003
0.000003
0.000003
0.000003
0.000000
0.000000
0.000000
0.000000
0.000000
0.000000
0.000000
0.000000
0.000000
0.000000
0.000000
0.000000
0.000000
0.000000
0.000000
0.000000
0.000000
0.000000
0.000000
0.000000
0.000000
0.000000
0.000000
0.000000
0.000000
0.000000
0.000000
0.000000
0.000000
0.000000
0.000000
0.000000
0.000000
0.000000
0.000000
0.000000
0.000000
0.000000
0.000000
0.000000
0.000000
0.000000
0.000000
0.000000
0.000000
0.000000
0.000000
0.000000
0.000000
0.000000
0.000000
0.000000
0.000000
0.000000
0.000000
0.000000
0.000000
0.000000
0.000000
0.000000
0.000000
0.000000
8.037009
7.950371
7.842652
0.082067
0.087800
7.886613
7.975774
7.975729
7.934854
7.951300
7.955482
7.956400
7.958307
7.968154
7.987082
0.000000
0.000000
0.000000
0.000000
0.000000
0.000000
0.000000
0.000000
0.000000
0.000000
0.000000
0.000000
0.000000
0.000000
0.000000
0.000000
0.000000
0.000000
0.000000
0.000000
0.000000
0.000000
0.000000
0.000000
0.000000
0.000000
0.000000
0.000000
0.000000
0.000000
0.000000
0.000000
0.000000
0.000000
0.000000
0.000000
0.000000
0.000000
0.000000
7.988405
7.980286
7.973161
7.969913
7.959066
7.953853
7.953186
7.957538
7.964084
7.969385
0.000001
0.000000
0.000000
0.000000
0.000000
0.000000
0.000000
0.000000
0.000000
0.000000
0.000000
0.000000
0.000000
0.000000
0.000000
0.000000
0.000000
0.000000
0.000000
0.000000
0.000000
0.000000
0.000000
0.000000
0.000000
0.000000
0.000000
0.000000
0.000000
0.000000
0.000000
0.000000
0.000000
0.000000
7.987954
7.959260
7.804991
7.685171
7.510742
6.960016
6.412170
4.909066
0.050309
0.000000
0.000000
0.000000
0.000000
0.000000
0.000000
0.000000
0.000000
0.000000
0.000000
0.000000
0.000000
0.000000
0.000000
0.000000
0.000000
0.000000
0.000000
0.000000
0.000000
0.000000
0.000000
0.000000
0.000000
0.000000
0.000000
0.000000
0.000000
0.000000
0.000000
0.000000
0.000000
0.000000
0.000000
0.000000
0.000000
0.000000
0.000000
0.000000
0.000000
0.000000
0.000000
0.000000
0.000000
0.000000
0.000000
0.000000
0.000000
0.000000
0.000000
0.000000
0.000000
0.000000
0.000000
0.000000
0.000000
0.020606
0.016765
0.006141
0.000000
0.000000
0.000000
0.002546
0.004400
0.003771
0.003647
0.004089
0.003998
0.000000
0.000000
0.000000
0.000000
0.000000
0.000000
0.000000
0.000000
0.000000
0.000000
0.000000
0.000000
0.000000
0.000000
0.000000
0.000000
0.000000
0.000000
0.000000
0.000000
0.000000
0.000000
0.000000
0.000000
0.000000
0.000000
0.000000
0.000000
0.000000
0.000000
0.000000
0.000000
0.000000
0.000000
0.000000
0.000000
0.000000
0.000000
0.000000
0.000000
0.000000
0.000000
0.000000
0.000000
0.000000
0.000000
0.000000
0.000000
0.000000
0.000000
0.000000
0.000000
0.000000
0.000000
0.000000
0.000000
0.000000
0.000000
0.000000
0.000000
0.000000
0.000000
0.000000
0.000000
0.000000
0.000000
0.000000
0.000000
0.000000
0.000000
0.000000
0.000000
0.000000
0.000000
0.000000
0.000000
0.000000
0.000000
0.000000
0.000000
0.000000
0.000000
0.000000
0.000000
0.000000
0.000000
0.000000
0.000000
0.000000
0.000000
1.844762
1.349133
0.887432
0.642722
0.415338
0.194654
0.185586
0.073715
0.000000
0.000000
0.000000
0.000000
0.000000
0.000000
0.000000
0.000000
0.000000
0.000000
0.000000
0.000000
0.000000
0.000000
0.000000
0.000000
0.000000
0.000000
0.000000
0.000000
0.000000
0.000000
0.000000
0.000000
0.000000
0.000000
0.000000
0.000000
0.000000
0.000000
0.000000
0.000000
0.000000
0.000000
0.000000
0.000000
0.000000
0.000000
0.000000
0.000000
0.000000
0.000000
0.000000
0.000000
0.000000
0.000000
0.000000
0.000000
0.000000
0.000000
0.000000
0.000000
0.000000
0.000000
0.000000
0.000000
0.000000
0.000000
0.000000
0.000000
0.000000
0.000000
0.000000
0.000000
0.000000
0.000000
0.000000
0.000000
0.000000
0.000000
0.000000
0.000000
0.000000
0.000000
0.000000
0.000000
0.000000
0.000000
0.000000
0.000000
0.000000
0.000000
0.000000
0.000000
0.000000
0.000000
0.000000
0.000000
0.000000
0.000000
0.000000
0.000000
0.000000
0.000000
0.000000
0.000000
0.000000
0.000000
0.000000
0.000000
0.000000
0.000000
0.000000
0.000000
0.000000
0.000000
0.000000
0.000000
0.000000
0.000000
0.000000
0.000000
0.000000
0.000000
0.000000
0.000000
0.000000
0.000000
0.000000
0.000000
0.000000
0.000000
0.000000
0.000000
0.000000
0.000000
0.000000
0.000000
0.000000
0.000000
0.000000
0.000000
0.000000
0.000000
0.000000
0.000000
0.000000
0.000000
0.000000
0.000000
0.000000
0.000000
0.000000
0.000000
0.000000
0.000000
0.000000
0.000000
0.000000
0.000000
0.000000
0.000000
0.000000
0.000000
0.000000
0.000000
0.000000
0.000000
0.000000
0.000000
0.000000
0.000000
0.000000
0.000000
0.000000
0.000000
0.000000
0.000000
0.000000
0.000000
0.000000
0.000000
0.000000
0.000000
0.000000
0.000000
0.000000
0.000000
0.000000
0.000000
0.000000
0.000000
0.000000
0.010222
0.010267
0.010301
0.010591
0.010433
0.010455
0.010205
0.000000
0.000000
0.000000
0.000000
0.000000
0.000000
0.000000
0.000000
0.000000
0.000000
0.000000
0.000000
0.000000
0.000000
0.000000
0.000000
0.000000
0.000000
0.000000
0.000000
0.000000
0.000000
0.000000
0.000000
0.000000
0.000000
0.000000
0.000000
0.000000
0.000000
0.000000
0.000000
0.000000
0.000000
0.000000
0.000000
0.000000
0.000000
0.000000
0.000000
0.000000
0.000000
0.000000
0.000000
0.000000
0.000000
0.000000
0.000000
0.000000
0.000000
0.000000
0.000000
0.000000
0.000000
0.000000
0.000000
0.000000
0.000000
0.000000
0.000000
0.000000
0.000000
0.000000
0.000000
0.000000
0.000000
0.000000
0.000000
0.000000
0.000000
0.000000
0.000000
0.000000
0.000000
0.000000
0.000000
0.000000
0.000000
0.000000
0.000000
0.000000
0.000000
0.000000
0.000000
0.000000
0.000000
0.000000
0.000000
0.000000
0.000000
0.000000
0.000000
0.000000
0.000000
0.000000
0.000000
0.000000
0.000000
0.000000
0.000000
0.000000
0.000000
0.000000
0.000000
0.000000
0.000000
0.000000
0.000000
0.000000
0.000000
0.000000
0.000000
0.000000
0.000000
0.000000
0.000000
0.000000
0.000000
0.000000
0.000000
0.000000
0.000000
0.000000
0.000000
0.000000
0.000000
0.000000
0.000000
0.000000
0.000000
0.008597
0.007766
0.006534
0.005565
0.019256
0.013594
0.013466
0.000109
0.000114
0.000000
0.000000
0.000000
0.000000
0.000000
0.000000
0.000000
0.000000
0.000000
0.000000
0.000000
0.000000
0.000000
0.000000
0.000000
0.000000
0.000000
0.000000
0.000000
0.000000
0.000000
0.000000
0.000000
0.000000
0.000000
0.000000
0.000000
0.000000
0.000000
0.000000
0.000000
0.000000
0.000000
0.000000
0.000000
0.000000
0.000000
0.000000
0.000000
0.000000
0.000000
0.000000
0.000000
0.000000
0.000000
0.000000
0.000000
0.000000
0.000000
0.000000
0.000000
0.000000
0.000000
0.000000
0.000000
0.000000
0.000000
0.000000
0.000000
0.000000
0.000000
0.000000
0.000000
0.000000
0.000000
0.000000
0.000000
0.000000
0.000000
0.000000
0.000000
0.000000
0.000000
0.000000
0.000000
0.000000
0.000000
0.000000
0.000000
0.000000
0.000000
0.000000
0.000000
0.000000
0.000000
0.000000
0.000000
0.000000
0.000000
0.000000
0.000000
0.000000
0.000000
0.000000
0.000000
0.000000
