0.000000
0.235849
0.066164
0.000046
0.000031
0.000015
0.000007
0.000006
0.000009
0.000011
0.000014
0.000004
0.000004
0.000006
0.000005
0.000007
0.000008
0.000018
0.000003
0.000003
0.000005
0.000011
0.000018
0.000024
0.000009
0.000026
0.000015
0.000017
0.036484
0.031391
0.032518
0.032503
0.032211
0.001486
0.001363
0.001171
0.000025
0.000023
0.000020
0.000002
0.000002
0.000002
0.000003
0.000003
0.000007
0.000007
0.000031
0.000013
0.000011
0.002621
0.001937
0.000078
0.000056
0.000046
0.000011
0.000009
0.000005
0.000004
0.000003
0.000003
0.000004
0.000014
0.000012
0.000006
0.000003
0.000002
0.000004
0.000007
0.000008
0.000011
0.000045
0.000064
0.011560
0.013709
0.015562
0.016598
0.017629
0.019282
0.026074
0.000674
0.000688
0.235457
0.298761
4.065041
4.223395
4.382106
4.494850
4.540209
4.552518
4.569113
4.559627
4.482573
4.398182
4.322357
0.073052
4.245080
4.281756
4.269501
4.249060
4.239503
4.240723
4.242335
4.142812
4.034847
3.951702
3.884127
3.744285
3.602695
3.455503
0.110984
2.658752
2.583352
2.542274
2.522319
2.474065
2.424909
2.108871
2.369917
2.593530
2.643110
2.721016
2.825378
2.928907
3.047308
3.176988
3.347301
3.397801
3.397648
3.377429
3.370524
3.340448
3.310662
3.252411
3.129819
3.004428
2.820739
2.665574
2.301214
0.054660
0.008878
2.276617
2.343991
2.377299
2.380596
2.380554
2.437452
2.459448
2.474824
2.471095
2.484535
2.522269
2.519027
2.487106
2.463042
2.466952
2.460450
2.446427
2.401257
2.366813
2.309525
2.270414
2.199390
2.139060
2.090209
0.065850
1.970946
1.967488
1.937010
1.861637
1.762832
1.619511
1.536354
1.468256
1.408132
1.352502
1.302868
1.238642
1.113436
0.951985
0.830744
0.776003
0.715881
0.029939
0.013956
0.013115
0.038707
0.038865
0.180978
0.880693
0.946582
0.987882
1.096393
1.185925
1.252681
1.312056
1.352859
1.371058
1.377825
1.376304
1.386124
1.399404
1.396042
1.381623
0.065505
1.362464
1.313846
1.246040
1.196835
1.144167
1.033745
0.952848
0.916107
0.003205
0.028139
0.957552
1.144992
1.222195
1.311042
1.375236
1.399867
1.394259
1.381532
1.373335
1.373525
1.365926
1.362894
1.358950
1.332046
1.280574
1.244130
1.205729
0.036979
0.037966
0.039596
0.041673
0.956065
1.579680
1.658860
1.688561
1.711252
1.732787
1.768327
1.786266
1.805713
1.804304
1.788482
1.777612
1.755669
1.699829
1.636196
1.542182
0.130723
0.094083
0.059891
0.052765
0.052588
0.052212
0.051902
0.051802
0.087228
0.093430
1.408982
1.434419
1.773912
1.761373
1.737995
1.632996
1.209448
0.134802
0.062030
0.064918
0.063382
1.387140
1.446860
1.475712
1.501511
1.545154
1.478965
1.438495
1.485065
1.651680
1.682394
1.689359
1.664509
1.647554
0.036393
0.000069
0.000066
0.000044
0.000040
0.000067
0.000012
0.000015
0.000034
0.000009
0.000008
0.000008
0.000044
0.037768
0.036695
0.035327
0.036347
1.750768
1.726825
1.665170
0.010664
0.009553
0.005659
0.004428
0.001313
0.001315
0.001341
0.001647
0.000009
0.000008
0.000009
0.000015
0.000032
0.000019
0.000067
0.000021
0.000013
0.000026
0.000048
0.000019
0.000010
0.000010
0.000006
0.000013
0.000012
0.000013
0.000020
0.000021
0.000013
0.000012
0.000024
0.000008
0.000013
0.000418
0.000480
0.000693
0.000840
0.000542
0.000023
0.000013
0.000019
0.000023
0.000014
0.000011
0.000012
0.000013
0.000009
0.000008
0.000018
0.000015
0.000032
0.000011
0.000041
0.000018
0.000022
0.000030
0.000034
0.000058
0.000140
0.000040
0.000037
0.000022
0.000026
0.000411
0.000350
0.000462
0.000252
1.529649
1.500442
1.430752
1.364290
1.209245
1.061858
0.944546
0.001571
0.000074
0.000027
0.000186
0.000176
0.000040
0.000019
0.000009
0.000016
0.000036
0.000024
0.000020
0.000049
0.000053
0.000088
0.004358
0.004772
0.004768
0.004785
0.004313
0.000341
0.000218
0.000212
0.000208
0.001975
0.070747
0.334890
0.735461
1.056095
1.255279
1.390472
1.502483
1.624782
1.783272
1.903945
2.026977
2.134648
0.027532
2.268165
2.379967
2.516035
2.548671
2.554700
2.570351
2.573332
2.591786
2.600579
2.606737
2.579257
0.143835
2.288355
2.371668
2.473853
0.034746
0.034321
2.409151
2.460166
2.600091
2.656176
2.675148
2.713639
2.786420
2.835675
2.845042
2.861860
2.868407
2.811562
2.737923
2.655323
2.601668
2.482319
2.252966
0.454395
0.138112
0.120636
0.078501
0.078588
0.042068
0.115259
0.114285
0.112763
0.110160
0.121196
0.117885
0.041541
0.041481
0.040620
0.040366
0.040341
0.040834
0.043241
0.043556
0.065264
0.324983
1.498936
1.765321
2.164919
2.432940
2.735194
2.927585
3.023119
3.118598
3.227128
3.253491
3.267098
3.295046
3.331829
3.339912
3.361186
3.401272
3.363523
0.189501
2.919825
2.979008
2.987965
2.990656
2.964017
2.950954
2.951871
2.933533
2.907642
2.860006
2.831536
2.813171
2.550527
2.862241
3.225744
3.339565
3.523450
3.672096
3.819783
3.993281
4.064171
4.153935
4.184267
4.229553
4.279503
4.322637
4.577727
4.671368
4.717256
4.726923
4.717980
4.628711
4.373208
0.099594
3.987191
3.890966
3.652234
3.528476
0.083437
3.863251
3.976475
4.181367
4.473492
4.632256
4.726038
0.036855
0.020690
0.005095
0.012301
0.049776
0.055653
0.061914
0.080905
4.894806
0.066995
0.067914
0.067927
5.001783
5.055257
5.083569
5.094854
5.049753
4.989773
4.950281
4.898510
4.775932
0.123198
4.560413
4.762661
4.848032
4.922905
4.927482
4.950812
4.967011
4.967461
4.951206
4.954791
4.948091
4.896535
0.000988
0.000418
0.000224
0.000188
0.000040
0.000024
0.000029
0.000026
0.000032
0.000061
0.000084
0.000523
0.000539
0.000446
0.000463
0.001613
4.776232
4.789879
4.815518
4.843073
4.807835
4.766111
5.052318
4.543414
4.447810
4.342527
4.353703
4.286729
4.208721
4.056495
4.131993
4.550986
4.918099
5.045864
5.149243
5.251851
5.360799
5.418309
5.474228
5.506483
5.542912
5.596419
5.651508
5.687683
5.665694
5.673987
5.674740
0.083050
0.083164
5.795259
5.869270
5.896355
5.898685
5.867284
5.848572
5.846312
5.771839
5.391232
5.049676
4.857673
4.743988
4.691129
4.662919
4.589049
4.509386
4.404366
4.000871
3.906136
3.844254
3.807355
3.615502
3.442091
3.294735
2.769408
2.590303
0.140994
2.397805
2.545472
2.873164
3.102684
3.641097
3.879553
4.147997
4.371211
4.659845
4.961428
5.127642
5.290213
5.398471
5.490556
5.552647
5.615835
5.677970
5.652593
5.557294
5.452948
5.358581
5.221653
5.059065
4.952991
4.830599
4.388280
0.084812
4.903901
4.979065
4.756294
4.515419
4.242735
4.150471
4.070923
3.944264
3.885570
0.004056
0.003212
0.002797
0.003238
0.003283
0.003246
0.004326
3.806126
3.877264
3.872219
3.351542
3.363390
3.699964
3.702447
3.691108
3.693799
3.682694
3.685169
3.606810
3.534667
3.442589
3.412294
3.298153
3.459013
3.279555
3.183379
3.087659
2.755818
2.495734
2.258871
1.872350
1.697516
1.555221
1.400168
1.296503
1.142623
0.810864
0.553744
0.113153
0.013943
0.009814
0.000349
0.009048
0.011700
0.010317
0.014405
0.031721
0.034710
0.034801
0.034810
0.034631
0.034447
0.032469
0.030391
0.029167
0.028132
0.025539
0.024111
0.021514
0.019325
0.018369
0.017377
0.016214
0.015027
0.014015
0.013719
0.000236
0.000057
0.000053
0.000055
0.000068
0.000048
0.000900
0.001041
0.001066
0.000932
0.000988
0.001070
0.001098
0.001133
0.001200
0.001254
0.001479
0.001611
0.001879
0.002633
0.003005
0.003717
0.003008
0.003390
0.004462
0.005873
0.017193
0.018290
0.019279
0.021182
0.023141
0.025210
0.047681
0.083608
1.574126
1.747897
1.938268
2.046801
0.047614
0.015880
0.016791
0.025339
0.010454
3.249031
3.701552
4.091241
4.491900
5.063310
5.716637
6.385153
7.120933
7.633524
7.730497
7.771947
7.836481
7.849144
7.857218
7.854139
7.854493
7.854591
7.854490
7.854532
7.854409
7.854187
7.853324
7.853254
7.855036
7.852343
7.845647
7.825324
7.789887
7.755672
7.737965
7.728297
7.721076
7.613120
7.390063
7.187361
7.031248
6.726659
6.108600
5.662858
5.250534
0.980953
3.270863
3.386575
0.015831
0.015568
0.035006
0.055000
4.606941
5.105449
5.924712
6.551139
7.121426
7.367024
7.542311
7.788444
7.985607
8.021788
8.036246
8.045180
8.047775
8.042497
8.041797
8.045416
8.045650
8.050144
8.065918
8.288323
8.789727
8.808313
8.856229
8.887740
8.899626
8.914624
8.911897
8.920373
8.892384
8.912836
8.946100
8.984463
9.018046
9.044174
9.075968
9.076004
9.078253
9.080764
9.072047
9.070434
9.076237
9.080790
9.085405
9.085503
9.085841
9.084010
9.083320
9.081446
9.079044
9.072910
9.030757
9.013671
8.978547
8.901209
8.742900
8.300312
8.043198
7.325970
6.774317
6.309873
5.727121
0.089688
0.075435
0.068352
0.063968
0.057426
0.049490
0.043360
0.000644
0.000570
0.000655
0.014459
3.592024
3.211117
2.712996
2.356474
1.220084
1.078736
0.966483
0.371324
0.301617
0.276926
0.203319
0.167331
0.150487
0.140704
0.040099
0.035704
0.027792
0.008767
0.008117
0.007397
0.007294
0.005839
0.000967
0.000434
0.000229
0.001277
0.003343
0.000507
0.000685
0.000913
0.002047
0.001936
0.002133
0.002309
0.002720
0.002835
0.003065
0.003411
0.003543
0.003559
0.003624
0.003623
0.003674
0.003746
0.003974
0.004185
0.004396
0.004369
0.004447
0.004346
0.004379
0.004223
0.004100
0.002204
0.110087
0.114207
0.120714
0.123441
0.127195
0.132652
0.143349
0.150441
0.149111
0.002119
0.001972
0.002088
0.023289
0.024083
0.237024
0.240163
0.221756
0.215070
0.202974
0.119375
0.002440
0.000063
0.000041
0.000040
0.000012
0.000015
0.000030
0.000046
0.000033
0.000044
0.000055
0.010901
0.011400
0.013708
0.015578
0.016703
0.017965
0.019177
0.024075
0.025485
0.026296
0.026256
0.008080
0.000153
0.000162
0.000056
0.000086
0.000124
0.000088
0.000094
0.000106
0.000058
0.000052
0.000043
0.000072
0.001252
0.222671
0.225280
0.231143
0.239481
0.240296
0.235672
0.202547
0.193667
0.187769
0.165468
0.160458
0.152601
0.047027
0.008862
0.062964
0.113422
0.115864
0.115037
0.094274
0.007871
0.002319
0.012417
0.016901
0.003072
0.180441
0.828015
1.287892
1.493659
1.971613
2.390479
3.306845
3.886766
4.677743
5.648336
6.576543
7.675852
8.039669
8.373563
8.737691
9.253388
9.309950
9.368857
9.383517
9.385959
9.392465
9.450255
9.499435
9.578822
9.686236
9.823373
9.827697
9.839801
9.862178
9.823478
9.801391
9.788486
9.780934
9.765249
9.756337
9.735994
9.737876
9.617448
9.541799
9.230219
9.095085
9.006986
8.827680
8.715536
8.342794
7.919228
6.863845
5.621181
4.410222
3.441456
1.886945
0.338459
0.049048
0.001225
0.018394
0.016369
0.012626
0.010728
0.009788
0.008583
0.007485
0.007172
0.007198
0.001127
0.001318
0.008337
0.008702
0.008040
0.008154
0.400979
0.366973
0.331721
0.293485
0.229586
0.115796
0.109725
0.078578
0.076365
0.065124
0.043367
0.041807
0.001550
0.000286
0.000312
0.000082
0.000058
0.000078
0.000146
0.001012
0.000644
0.003359
0.000078
0.000060
0.000071
0.000760
0.006861
0.007129
0.007357
0.014187
0.014842
0.027623
0.029228
0.026822
0.008030
0.008087
0.007875
0.000457
0.029353
0.036634
0.040666
0.048317
0.050112
0.050224
0.049825
0.049711
0.049155
0.032027
0.012539
0.012145
0.011073
0.037330
0.036684
0.049239
0.039231
0.075959
0.097943
0.105446
0.109150
0.121952
0.120254
0.112798
0.107066
0.091377
0.088404
0.087363
0.086822
0.050876
0.049092
0.105012
0.116148
0.127013
0.020871
0.020689
0.005778
0.003614
0.001785
0.002230
0.002380
0.010332
0.010527
0.010753
0.047377
0.048689
0.048737
0.043114
0.039271
0.036644
0.034154
0.031604
0.029795
0.028204
0.000565
0.000548
0.016935
0.017264
0.017103
0.015931
0.016095
0.015282
0.014648
0.012849
0.004784
0.005183
0.005309
0.004930
0.004800
0.005794
0.006032
0.006890
0.008644
0.012711
0.014666
0.016455
0.016774
0.017113
0.016392
0.015861
0.015505
0.014497
0.013492
0.013578
0.000127
0.000059
0.000054
0.010859
0.010658
0.010676
0.010669
0.010634
0.010654
0.010609
0.010414
0.010323
0.009781
0.009410
0.009000
0.008755
0.007714
0.006713
0.005826
0.005003
0.007272
0.000082
0.000022
0.000018
0.000011
0.000009
0.000028
0.000044
0.000050
0.000043
0.000005
0.000009
0.000013
0.000008
0.000007
0.000009
0.000007
0.000008
0.000009
0.000015
0.000012
0.000007
0.000011
0.000015
0.000013
0.000016
0.000042
0.000022
0.000026
0.000048
0.000006
0.000004
0.000004
0.000005
0.000008
0.000011
0.000010
0.000006
0.000006
0.000006
0.000008
0.000006
0.000004
0.000005
0.000008
0.000010
0.000013
0.000009
0.000015
0.000018
0.000025
0.000029
0.000087
0.000100
0.443710
0.662781
0.750281
0.904198
1.069482
1.266588
1.401481
1.445793
1.448348
1.419365
1.337801
1.193098
1.044592
0.940730
0.847631
0.781010
0.717177
0.618064
0.584174
0.523059
0.493191
0.453048
0.416018
0.004150
0.221807
0.002066
0.001486
0.068267
0.070560
0.070803
0.063275
0.140921
0.144211
0.184387
0.189086
0.197401
0.202697
0.199626
0.003316
0.259191
0.277268
0.284197
0.284354
0.285130
0.284194
0.283962
0.276215
0.269853
0.270789
0.269225
0.260567
0.254843
0.248518
0.244002
0.007920
0.086714
0.108463
0.184870
0.228662
0.250886
0.260597
0.291819
0.307219
0.325921
0.359280
0.386053
0.415633
0.382740
0.592251
0.651096
0.752130
0.829460
0.924284
1.043253
1.247353
1.439167
1.658713
0.014958
0.004807
0.006249
0.001148
0.001893
0.010563
0.020671
3.654903
4.463411
5.563057
6.757510
7.817454
8.161662
8.547173
8.926213
9.027726
9.053668
9.103741
9.190429
9.267321
9.276947
9.340137
9.352634
9.033088
8.877292
0.263506
0.274136
8.833328
8.985030
9.095758
9.521439
9.590923
9.648095
9.651449
9.657637
9.656497
9.656013
9.656538
9.636736
9.624213
9.617494
9.620060
9.626675
9.626662
9.609198
9.585471
9.567687
9.561685
9.573929
9.593120
9.594382
9.600642
9.599227
9.607208
9.605856
9.610127
9.619788
9.630204
9.640638
9.652414
9.653914
9.654677
9.657004
9.657261
9.656551
9.655906
9.648583
9.619265
9.608908
9.609172
9.614990
9.620335
9.636031
9.637233
9.637515
9.616424
9.591486
9.552087
9.511460
9.482732
9.387835
9.308828
9.227536
8.581176
8.163396
0.058191
7.910177
7.374244
6.973695
5.953495
4.802807
3.863692
2.923301
2.454047
2.179459
1.841135
1.629181
1.460445
1.320217
1.183800
0.926721
0.822874
0.607369
0.074479
0.001233
0.028982
0.028181
0.079647
0.090253
0.090657
0.091772
0.093202
0.060292
0.079057
0.099334
0.100595
0.131789
0.146229
0.140623
0.148142
0.149410
0.151201
0.143078
0.160565
0.185814
0.211064
0.239275
0.307765
0.320810
0.333549
0.347676
0.360066
0.364571
0.372185
0.364910
0.354464
0.327311
0.256284
0.216441
0.000477
0.000540
0.000572
0.124583
0.120680
0.011039
0.010002
0.016197
0.016301
0.015357
0.004038
0.060004
0.064005
0.067021
0.090716
0.094027
0.098553
0.100836
0.100646
0.095604
0.087668
0.031990
0.033875
0.025137
0.025212
0.025233
0.000226
0.000514
0.000782
0.000788
0.008623
0.022006
0.064592
0.000168
0.000098
0.000080
0.000079
0.000075
0.000070
0.000084
0.000105
0.000052
0.000035
0.000048
0.000184
0.004989
0.006345
0.010595
0.011608
0.014479
0.021736
0.028092
0.087021
0.092132
0.082599
0.085549
0.092135
0.101141
0.000735
0.000532
0.000518
0.354149
0.642739
0.726861
0.824890
0.943914
1.563944
1.807412
2.778289
3.271858
4.083570
4.806890
6.045045
7.225859
9.017638
9.189142
9.417658
9.466675
9.547185
9.600395
9.630458
9.645025
9.657158
9.657166
9.656394
9.651294
9.649963
9.651083
9.654411
9.655375
9.656988
9.656833
9.648158
9.600523
9.287689
8.887022
7.818413
6.656340
5.263958
4.346929
3.325197
2.765851
2.336658
1.992132
0.014019
0.012726
0.009817
0.000817
0.001260
0.098833
0.093102
0.080534
0.073961
0.067568
0.061576
0.056220
0.051394
0.000907
0.000049
0.000045
0.000045
0.000222
0.000242
0.001121
0.001149
0.058983
0.058766
0.058511
0.058116
0.057296
0.000044
0.000086
0.000052
0.000213
0.002112
0.048149
0.071087
0.093326
0.094538
0.090343
0.088154
0.084295
0.080554
0.075321
0.065261
0.049993
0.046933
0.045651
0.042130
0.036694
0.029327
0.029342
0.020146
0.019094
0.017261
0.015806
0.015018
0.014219
0.000774
0.000175
0.000135
0.000123
0.011753
0.014332
0.031760
0.032466
0.032026
0.030824
0.029716
0.029015
0.023162
0.022326
0.018847
0.012016
0.000884
0.006786
0.000139
0.000096
0.000103
0.000092
0.000186
0.000097
0.000084
0.004503
0.008404
0.007495
0.007976
0.007644
0.008072
0.008411
0.013472
0.014090
0.014726
0.014089
0.008387
0.015659
0.016778
0.021494
0.024196
0.028509
0.047514
0.051061
0.053674
0.055818
0.055994
0.119509
0.113933
0.110842
0.108005
0.049334
0.016493
0.017487
0.020643
0.025044
0.025278
0.026229
0.033092
0.030559
0.016340
0.012210
0.010447
0.019739
0.159168
0.196805
0.238014
0.244859
0.261835
0.285634
0.301495
0.318367
0.336390
0.343651
0.359541
0.365900
0.373738
0.118436
0.098681
0.096244
0.069703
0.059584
0.052269
0.042955
0.038564
0.034610
0.032032
0.030348
0.023145
0.020517
0.000942
0.000907
0.000885
0.000332
0.000201
0.004235
0.004952
0.040198
0.045799
0.048735
0.075032
0.081528
0.118026
0.190190
0.277935
0.397394
0.541442
1.819579
2.518866
2.979321
3.918781
5.587338
6.652175
7.972492
8.366408
8.675130
9.146018
9.219569
9.220084
9.097669
8.944137
8.832862
8.418579
7.990362
7.624850
7.302273
6.943936
0.317393
6.493063
6.470334
6.514412
6.439858
6.363674
5.504013
5.443572
6.161215
6.324244
6.266484
7.625854
8.138796
8.881359
9.151421
9.254072
9.332160
9.318160
9.292048
9.244465
9.170065
8.133362
7.228064
6.083833
5.147006
4.339678
3.722957
2.956950
2.643824
2.326506
1.753378
1.563107
0.670188
0.626477
0.415376
0.070776
0.030895
0.000637
0.000582
0.000887
0.000453
0.000144
0.000105
0.000113
0.000156
0.000253
0.000346
0.000800
0.018402
0.021530
0.023125
0.023216
0.021727
0.020902
0.020327
0.016377
0.016566
0.016256
0.016773
0.017735
0.017464
0.017038
0.016611
0.019940
0.018557
0.018374
0.019243
0.019229
0.019003
0.018563
0.018229
0.017191
0.016735
0.016114
0.015068
0.010246
0.002674
0.002618
0.002747
0.002733
0.002739
0.002948
0.003330
0.000062
0.000044
0.000098
0.000049
0.000040
0.000046
0.000054
0.000034
0.000061
0.000055
0.000031
0.000040
0.000056
0.000038
0.000069
0.000031
0.000040
0.000025
0.000037
0.000059
0.000101
0.000061
0.000046
0.000051
0.013094
0.013347
0.013602
0.013919
0.013681
0.013381
0.012397
0.010224
0.008767
0.004670
0.004399
0.004085
0.000220
0.000180
0.000225
0.000138
0.000138
0.000218
0.000845
0.001096
0.001323
0.002083
0.002379
0.002679
0.011112
0.013322
0.015235
0.015003
0.014119
0.001804
0.053433
0.063553
0.004091
0.000263
0.000280
0.000289
0.005035
0.195283
0.215075
0.238458
0.290823
0.332583
1.241254
1.823754
2.531186
3.296074
3.766098
4.406887
4.768837
5.081773
5.418319
5.755346
5.982858
6.173664
6.427598
6.809587
6.921682
7.176453
7.503098
7.641426
7.551125
7.462846
7.377074
7.055811
6.743680
6.065172
5.478281
5.021565
4.453893
4.057688
3.448962
0.005995
2.422722
2.186725
1.982584
1.689744
1.532252
0.110155
0.081250
0.019466
0.040044
1.018206
0.978412
0.917444
0.773805
0.721012
0.429991
0.380413
0.224872
0.155638
0.164501
0.037078
1.251983
1.325838
1.432750
1.467823
1.466879
1.175725
1.051483
0.006345
1.529807
1.560275
1.609304
1.597100
0.218923
0.162967
0.088872
0.071687
0.036461
0.872003
2.359790
2.729185
3.148885
3.704331
4.094946
4.319916
4.569335
4.301806
3.758835
3.366215
1.267365
0.027238
0.002521
0.001410
0.000755
0.000651
0.000447
0.000202
0.000232
0.000213
0.000021
0.000048
0.000089
0.000026
0.000017
0.000008
0.000012
0.000011
0.000014
0.000014
0.000007
0.000005
0.000204
0.000134
0.000103
0.000060
0.000065
0.000018
0.000016
0.000019
0.000021
0.000018
0.000026
0.000014
0.000022
0.000009
0.000004
0.000006
0.000006
0.000006
0.000005
0.000014
0.000014
0.000019
0.000063
0.000042
0.000106
0.000071
0.000032
0.000031
0.000006
0.000002
0.000019
0.000015
0.000008
0.000006
0.000008
0.000002
0.000002
0.000004
0.000002
0.000001
0.000001
0.000001
0.000002
0.000001
0.000003
0.000003
0.000002
0.000001
0.000001
0.000002
0.000001
0.000001
0.000001
0.000001
0.000001
0.000000
0.000000
0.000000
0.000000
0.000001
0.000002
0.000002
0.000003
0.000000
0.000000
0.000000
0.000000
0.000000
0.000000
0.000000
0.000000
0.000000
0.000000
0.000000
0.000001
0.000001
0.000001
0.000001
0.000002
0.000000
0.000000
0.000001
0.000000
0.000000
0.000000
0.000000
0.000000
0.000000
0.000000
0.000000
0.000000
0.000000
0.000000
0.000001
0.000002
0.000001
0.000006
0.000018
0.000001
0.000000
0.000000
0.000000
0.000000
0.000000
0.000000
0.000000
0.000000
0.000000
0.000000
0.000000
0.000000
0.000001
0.000000
0.000001
0.000000
0.000000
0.000000
0.000000
0.000000
0.000000
0.000001
0.000000
0.000000
0.000000
0.000000
0.000000
0.000000
0.000000
0.000000
0.000000
0.000000
0.000000
0.000000
0.000000
0.000000
0.000000
0.000000
0.000000
0.000000
0.000000
0.000000
0.000000
0.000000
0.000001
0.000000
0.000000
0.000000
0.000000
0.000000
0.000000
0.000000
0.000000
0.000000
0.000000
0.000000
0.000000
0.000000
0.000000
0.000000
0.000000
0.000000
0.000000
0.000000
0.000000
0.000000
0.000000
0.000000
0.000000
0.000000
0.000000
0.000000
0.000000
0.000000
0.000000
0.000000
0.000000
0.000000
0.000000
0.000000
0.000000
0.000000
0.000000
0.000000
0.000000
0.000000
0.000000
0.000000
0.000000
0.000000
0.000001
0.000001
0.000000
0.000000
0.000000
0.000000
0.000000
0.000000
0.000000
0.000001
0.000001
0.000000
0.000000
0.000000
0.000000
0.000000
0.000000
0.000000
0.000000
0.000000
0.000000
0.000000
0.000000
0.000000
0.000000
0.000000
0.000000
0.000000
0.000000
0.000000
0.000000
0.000000
0.000000
0.000000
0.000000
0.000000
0.000000
0.000000
0.000000
0.000000
0.000000
0.000000
0.000000
0.000000
0.000000
0.000000
0.000000
0.000000
0.000000
0.000000
0.000000
0.000000
0.000000
0.000000
0.000000
0.000000
0.000000
0.000000
0.000000
0.000000
0.000000
0.000000
0.000000
0.000000
0.000000
0.000000
0.000000
0.000000
0.000000
0.000000
0.000000
0.000000
0.000000
0.000000
0.000000
0.000000
0.000000
0.000000
0.000000
0.000000
0.000000
0.000000
0.000000
0.000000
0.000000
0.000000
0.000000
0.000000
0.000000
0.000000
0.000000
0.000000
0.019486
0.020963
0.101908
0.811755
4.872864
5.246519
5.360063
5.280365
0.065407
0.000000
0.000000
0.000000
0.000000
0.000000
0.000000
0.000000
0.000000
0.000000
0.000000
0.000000
0.000000
0.000000
0.000000
0.000000
0.000000
0.000000
0.000000
0.000000
0.000000
5.883694
6.445060
7.030694
7.616146
7.814789
7.904110
7.915216
0.000000
0.000000
0.000000
0.000000
0.000000
0.000000
0.000000
0.000000
0.000000
0.000000
0.000000
0.000000
0.000000
0.000000
0.000000
0.000000
0.000000
0.000000
0.000000
0.000000
0.000000
0.000000
0.000000
0.000000
0.000000
0.000000
0.000000
0.000000
0.000000
0.000000
0.000000
0.000000
0.000000
0.000000
0.000000
0.000000
0.000000
0.000000
0.000000
0.000000
0.000000
0.000000
0.000000
0.000000
0.000000
0.000000
0.000000
0.000000
0.000000
0.000000
0.000000
0.000000
0.000000
0.000000
0.000000
0.000000
0.000000
0.000000
0.000000
0.000000
0.000000
0.000000
0.000000
0.000000
0.000000
0.000000
0.000000
0.000000
0.000000
0.000000
0.000000
0.000000
0.000000
0.000000
0.000000
0.000000
0.000000
0.000000
0.000000
0.000000
0.000000
0.000000
0.000000
0.000000
0.000000
0.000000
0.000000
0.000000
0.000000
0.000000
0.000000
0.000000
0.000000
0.000000
0.000000
0.000000
0.000000
0.000000
0.000000
0.000000
0.000000
0.000000
0.000000
0.000000
0.000000
0.000000
0.000000
0.000000
0.000000
0.000000
0.000000
0.000000
0.000000
0.000000
0.000000
0.000000
0.000000
0.000000
0.000000
0.000000
0.000000
0.000000
0.000000
0.000000
0.000000
0.000000
0.000000
0.000000
0.000000
0.000000
0.000000
0.000000
0.000000
0.000000
0.000000
0.000000
0.000000
0.000000
0.000000
0.000000
0.000000
0.000000
0.000000
0.000000
0.000000
0.000000
0.000000
0.000000
0.000000
0.000000
0.000000
0.000000
0.000000
0.000000
0.000000
0.000000
0.000000
0.000000
0.000000
0.000000
0.000000
0.000000
0.000000
0.000000
0.000000
0.000000
0.000000
0.000000
0.000000
0.000000
0.000000
0.000000
0.000000
0.000000
0.000000
0.000000
0.000000
0.000000
0.000000
