0.000415
0.000332
0.000039
0.000017
0.000574
0.000577
0.000699
0.000612
0.000645
0.000710
0.000749
0.010042
0.010539
0.010668
0.010849
0.011134
0.011999
0.011830
0.011661
0.011384
0.004022
0.004072
0.003954
0.003880
0.003854
0.003501
0.002508
0.000094
0.000024
0.000016
0.000009
0.000008
0.000006
0.000007
0.000099
0.004852
0.007163
0.007446
0.018705
0.018498
0.000903
0.000021
0.000022
0.000031
0.000046
0.000264
0.000345
0.003700
0.004286
0.005153
0.006510
0.008558
0.008368
0.009309
0.010275
0.011957
0.012952
0.014107
0.014694
0.015479
0.015982
0.016137
0.016136
0.015928
0.015530
0.015273
0.015162
0.015095
0.014968
0.014887
0.014832
0.014730
0.014494
0.013374
0.011875
0.008143
0.011153
0.011760
0.011782
0.010775
0.009866
0.009342
0.008771
0.008162
0.007371
0.006222
0.005948
0.004356
0.003599
0.002699
0.000230
0.000231
0.000233
0.000233
0.000201
0.000206
0.000015
0.001280
0.001239
0.001226
0.001146
0.001641
0.006183
0.006114
0.005974
0.006304
0.006386
0.006261
0.006137
0.005484
0.005472
0.005350
0.004993
0.000544
0.025264
0.090371
0.134080
0.177215
0.196463
5.031576
5.123697
5.240157
5.320046
0.064338
0.004900
0.004934
0.004979
0.004995
5.895641
5.893507
5.841388
5.842320
5.838095
5.778314
5.635044
5.539013
5.426343
0.058451
0.058474
0.000032
0.000022
0.000001
0.000001
0.000001
0.000001
0.000001
0.000001
0.000000
0.000000
0.000000
0.000000
0.000000
0.000001
0.000000
0.000000
0.000000
0.000000
0.000000
0.000000
0.000008
0.000003
0.000001
0.000000
0.000000
0.000001
0.000001
0.000001
0.000001
0.000002
0.000000
0.000001
0.000000
0.000000
0.000000
0.000000
0.000001
0.000002
0.000002
0.108106
5.472710
5.658006
5.729857
5.780726
5.813053
5.982330
0.009701
0.011174
0.012986
0.018817
0.020870
0.000011
6.198070
6.262102
6.379163
0.000002
0.000001
0.000001
0.000000
0.000000
0.000000
0.000000
0.000000
0.000000
0.000000
0.000000
0.000001
0.000000
0.000000
0.000000
0.000000
0.000000
0.000000
0.000000
0.000000
0.000001
0.000001
0.000000
0.000001
0.000000
0.000000
0.000000
0.000000
0.000000
0.000000
0.000000
0.000532
0.000277
0.000261
0.000374
0.003785
0.000002
0.000001
0.000002
0.000001
0.000000
0.000000
0.000003
0.000003
0.000004
0.000037
0.000013
0.000008
0.000009
0.000003
0.000003
0.000007
0.000004
0.000001
0.000001
0.000001
0.000002
0.000002
0.000004
0.000004
0.000003
0.000002
0.000001
0.000001
0.000001
0.000000
0.000000
0.000000
0.000007
0.000003
0.000002
0.000002
0.000001
0.000001
0.000003
0.000002
0.000003
0.000002
0.000002
0.000001
0.000001
0.000002
0.000004
0.000005
0.000193
0.000039
0.000012
0.000009
0.000010
0.000006
0.000004
0.000008
0.000005
0.000004
0.000004
0.000007
0.000004
0.000006
0.000004
0.000003
0.000020
0.000006
0.000005
0.000006
0.000071
0.000065
0.000027
0.000028
0.000031
0.000008
0.000004
0.000005
0.000051
0.000031
0.000043
0.000044
0.000023
0.000028
0.000102
0.000058
0.000045
0.000123
0.000206
0.000306
0.000208
0.000400
0.000508
0.002643
0.003970
0.040078
6.753600
6.998668
7.057317
7.061380
7.089498
7.349107
7.573181
7.658857
7.697439
7.742524
7.808971
7.792083
7.772116
7.769344
7.786639
7.782794
7.761266
7.726314
7.710382
7.655491
7.571520
0.121364
7.586611
7.690903
7.741714
0.010832
0.007693
0.007649
0.011635
0.012907
0.015764
0.022761
8.197168
8.347554
8.433214
8.495972
8.509174
8.433034
8.409175
8.398392
8.398381
8.403400
8.411034
8.413195
8.414531
8.420165
8.454366
8.474217
8.510239
8.505515
8.503292
8.501739
8.501315
8.505829
8.509009
8.498889
8.422809
8.396199
8.327310
8.258824
8.061425
7.925311
0.008320
0.006033
0.005514
0.004787
0.004749
0.002843
0.002464
0.002430
0.002150
0.001759
0.001576
0.001905
0.000182
0.000235
7.571155
7.270523
7.053499
0.160347
6.672744
6.870314
6.983778
7.092235
7.189151
0.003695
0.003193
0.003003
0.002789
0.002456
0.002297
0.002161
0.002070
0.002027
0.002031
0.002053
0.000507
0.000287
0.000299
0.000301
0.000336
0.000325
0.003500
0.004145
0.004189
0.004297
0.004178
0.000126
0.000103
0.000102
0.000099
0.000215
0.005860
0.006603
0.006492
0.006389
0.006432
0.006640
0.006814
0.007312
0.007868
0.008045
0.008241
0.008348
0.008551
0.009064
0.009073
0.009150
0.009329
0.009454
0.010204
0.012574
0.011216
0.012112
0.015682
0.028953
8.229031
8.671399
8.728720
8.771509
8.820161
8.833603
8.851470
8.852246
8.852307
8.853854
8.854639
8.845857
8.836791
8.819489
8.788217
8.759853
8.736728
8.575327
8.422138
0.074397
0.070361
0.064636
8.336388
8.417539
8.490205
8.554615
8.538394
0.087913
0.093029
0.090363
0.100795
8.720481
8.805519
8.836955
8.851447
8.854881
8.855728
8.855867
8.855857
8.855793
8.855688
8.855124
8.854566
8.854568
8.854710
8.854247
9.173976
9.163216
9.131401
9.045622
8.791615
8.766397
8.730664
8.726178
8.726009
8.726310
8.726557
8.726552
9.172432
9.182654
9.181373
9.181512
9.178826
9.137538
9.122227
9.111194
9.101113
8.879995
8.771105
8.650784
8.715226
8.600678
0.001995
0.001494
0.001244
0.001241
0.001087
0.000324
0.000250
0.000135
0.000042
0.000028
0.000026
0.000011
0.000027
0.000144
0.000153
0.000133
0.000138
0.000078
0.000145
0.000076
0.000065
0.000060
0.000106
0.000057
0.000017
0.000013
0.000029
0.000032
0.000062
0.000157
0.000039
0.000074
0.000035
0.000114
0.000076
0.000059
0.000168
0.000132
0.000138
0.000105
0.000177
0.000012
0.000013
0.000035
0.000046
0.000045
0.000092
0.000154
0.000137
0.000012
0.000029
0.000026
0.000024
0.000032
0.000113
0.000094
0.000136
0.000415
0.000133
0.000091
0.000021
0.000027
0.000061
0.000070
0.000309
0.000123
0.000125
0.000440
8.435986
8.318433
8.275942
8.285364
8.278349
8.203947
0.016004
0.011373
0.010556
0.009664
0.009367
0.010370
0.010207
0.011152
0.009767
0.008951
0.008809
0.009374
0.009183
0.010735
0.010882
0.009497
8.073099
8.079958
8.079038
8.059664
8.094426
8.053972
8.063773
7.983732
7.903063
0.047578
7.845365
7.873790
6.953239
5.832680
5.155968
4.775131
4.010408
4.007152
3.947928
3.133914
1.706154
0.291733
8.412160
0.003918
0.003747
0.004999
0.007121
0.011772
0.018648
0.025735
0.035459
8.998652
9.070161
9.087748
9.109907
9.096098
9.089212
9.081808
9.060089
9.063133
9.065116
9.060694
0.033058
0.025107
0.000763
0.000327
0.000123
0.000107
0.000086
0.000076
0.000048
0.000023
0.000016
0.000013
0.000005
0.000001
0.000001
0.000001
0.000003
0.000001
0.000002
0.000005
0.000018
0.000021
0.000031
0.000333
0.000003
0.000001
0.000001
0.000010
0.000008
0.000046
0.000033
0.000011
0.000003
0.000004
0.000001
0.000001
0.000001
0.000001
0.000001
0.000000
0.000001
0.000000
0.000000
0.000000
0.000000
0.000000
0.000000
0.000003
0.000001
0.000001
0.000001
0.000009
0.000012
0.000004
0.000005
0.000010
0.000008
0.000006
0.000003
0.000004
0.000005
0.000007
0.000001
0.000003
0.000004
0.000006
0.000007
8.855580
8.854344
8.869462
8.879615
8.889689
8.863347
8.853698
8.848921
8.847344
0.000090
0.000022
0.000012
0.000003
0.000002
0.000002
0.000006
0.000019
0.000012
0.000006
0.000004
0.000002
0.000003
0.000003
0.000005
0.000003
0.000002
0.000001
0.000001
0.000002
0.000006
0.000014
0.000002
0.000002
0.000005
0.000005
0.000005
0.000008
0.000005
0.000006
0.000002
0.000002
0.000001
0.000001
0.000003
0.000008
0.000004
0.000003
0.000003
0.000005
0.000010
0.000019
0.000025
0.000021
0.000036
0.000046
0.000261
8.860584
8.860070
8.868149
8.867487
8.862488
8.861104
8.907914
9.107619
9.155023
9.211407
9.220514
9.223765
9.220931
0.001940
0.001874
0.002021
0.003078
0.003191
0.000242
0.000185
0.000002
0.000001
0.000006
0.000006
0.000011
0.000016
0.000001
0.000000
0.000001
0.000001
0.000001
0.000001
0.000002
0.000001
0.000003
0.000001
0.000002
0.000002
0.000003
0.000002
0.000001
0.000004
0.000000
0.000000
0.000000
0.000000
0.000000
0.000000
0.000000
0.000002
0.000000
0.000000
0.000000
0.000000
0.000000
0.000000
0.000000
0.000000
0.000000
0.000000
0.000000
0.000000
0.000000
0.000000
0.000000
0.000000
0.000001
0.000000
0.000000
0.000002
0.000000
0.000000
0.000000
0.000000
0.000001
0.000000
0.000000
0.000001
0.000000
0.000000
0.000000
0.000000
0.000000
0.000000
0.000000
0.000000
0.000000
0.000000
0.000000
0.000000
0.000003
0.000001
0.000001
0.000001
0.000000
0.000000
0.000000
0.000000
0.000000
0.000000
0.000000
0.000000
0.000000
0.000001
0.000000
0.000000
0.000001
0.000001
0.000001
0.000001
0.000001
0.000001
0.000000
0.000001
0.000000
0.000000
0.000000
0.000000
0.000000
0.000000
0.000000
0.000000
0.000000
0.000000
0.000001
0.000001
0.000001
0.000002
0.000006
0.000020
0.000030
0.000035
9.213276
9.216010
9.219651
9.222100
9.221620
9.221526
9.221942
9.221944
9.221072
9.220647
9.221413
9.217385
9.210013
9.199676
9.186083
9.156856
8.469490
7.900918
0.022702
0.017639
0.016557
0.016609
0.016880
0.014350
7.281755
6.875452
0.005131
0.003861
0.001624
0.001259
0.000485
0.000525
0.000840
0.000695
0.001095
0.001850
0.002132
6.211369
6.046166
5.672305
0.082517
0.057769
0.000730
0.000523
0.000572
0.000682
0.000894
0.001041
0.020330
0.024455
0.029146
0.007665
0.433964
7.834097
8.474994
8.890361
9.076905
9.146393
9.170319
9.205367
9.209969
9.203567
9.174823
8.986428
8.914538
8.824184
0.000807
0.000326
0.000088
0.000050
0.000011
0.000006
0.000006
0.000005
0.000005
0.000004
0.000002
0.000002
0.000003
0.000001
0.000001
0.000001
0.000002
0.000002
0.000001
0.000001
0.000001
0.000001
0.000006
0.000011
0.000005
0.000010
0.000002
0.000001
0.000001
0.000002
0.000001
0.000001
0.000003
0.000009
0.000007
0.000007
0.000001
0.000002
0.000003
0.000004
0.000007
0.000002
0.000002
0.000006
0.000018
0.000025
0.000127
0.000138
0.000243
0.000502
0.000791
8.616375
8.528579
8.491803
8.456257
0.116176
0.110956
0.106057
0.104669
8.469317
8.650405
8.716398
8.793886
8.809206
0.000439
0.000033
0.000022
0.000013
0.000004
0.000002
0.000001
0.000001
0.000003
0.000001
0.000000
0.000005
0.000004
0.000010
0.000004
0.000005
0.000005
0.000005
0.000001
0.000001
0.000001
0.000009
0.000005
0.000006
0.000007
0.000000
0.000001
0.000003
0.000003
8.776416
8.769892
8.771619
8.757279
0.000007
0.000002
0.000001
0.000001
0.000002
0.000000
0.000001
0.000000
0.000018
0.000008
0.000006
0.000005
0.000003
0.000007
0.000008
0.000005
0.000105
0.000093
0.000169
8.738220
8.717552
8.685666
8.617116
8.564940
8.539713
8.487311
8.406126
8.315233
8.248024
0.000003
0.000003
0.000002
0.000001
0.000001
0.000002
0.000002
0.000002
0.000002
0.000005
0.000011
0.000012
0.000015
0.000076
0.000102
8.013375
7.670269
7.086504
0.037480
0.036026
6.627434
5.967651
5.268142
4.678922
0.216014
0.167645
0.068154
0.000001
0.000001
0.000001
0.000001
0.000001
0.000001
0.000000
0.000000
0.000000
0.000000
0.000000
0.000000
0.000000
0.000000
0.000000
0.000000
0.000000
0.000000
0.000000
0.000000
0.000000
0.000000
0.000000
0.000000
0.000000
0.000001
0.000003
0.000000
0.000000
0.000000
0.000000
0.000000
0.000000
0.000000
0.000001
0.000000
0.000000
0.000000
0.000000
0.000000
0.000001
0.000000
0.000000
0.000000
0.000000
0.000000
0.000000
0.000000
0.000000
0.000000
0.000000
0.000723
0.000402
0.000228
0.000158
0.000147
0.000132
0.000134
0.000128
0.000020
0.000030
0.000002
0.000002
0.000000
0.000000
0.000000
0.001199
0.000527
0.000165
0.000057
0.000342
0.000222
0.000182
0.000021
0.000017
0.000014
0.000024
0.000030
0.000090
0.000189
0.016030
0.015303
2.134477
0.704530
1.548008
0.000001
0.000000
0.000000
0.000000
0.000000
0.000000
0.000000
0.000000
0.000000
0.000205
0.000158
0.004589
0.005207
0.004893
0.000000
0.000000
0.000000
0.000000
0.000000
0.000000
0.000000
0.000000
0.000000
0.000000
0.000000
0.000000
0.000000
0.000000
0.000000
0.065928
0.093990
0.082963
0.029785
0.025516
0.022972
0.012626
0.010346
0.009186
0.000437
0.007591
0.010211
0.010415
0.009832
0.008751
0.005098
0.004884
0.005013
0.004872
0.004857
0.004798
0.004528
0.011265
0.004567
0.004175
0.004018
0.000043
0.000034
0.003672
0.003816
0.004123
0.005076
0.000266
0.000031
0.000000
0.000000
0.000000
0.000000
0.000000
0.000000
0.000000
0.000000
0.000000
0.081479
0.096636
0.097827
0.101802
0.957734
0.975759
0.982854
0.979231
0.944796
0.888389
0.398820
0.372306
0.315605
0.240459
0.175032
0.159430
0.050069
0.010571
0.006028
0.004150
0.002093
0.002584
0.002166
0.001138
0.001120
0.000964
0.000947
0.001001
0.000111
0.000048
0.000043
0.000031
0.000038
0.000021
0.000069
0.000106
0.000106
0.000094
0.000135
0.000159
0.000154
0.000189
0.000135
0.000133
0.000030
0.000268
0.001922
0.002400
0.002275
0.003017
0.127795
0.100455
0.093310
0.000079
0.000000
0.000000
0.000000
0.000000
0.000000
0.000000
0.000000
0.000138
0.000628
0.006563
0.006475
0.006754
0.006838
0.006788
0.006924
0.007021
0.007412
0.007355
0.007194
0.007155
0.007072
0.007002
0.006820
0.006633
0.006611
0.000000
0.000152
0.000130
0.016308
0.011401
0.008669
0.000336
0.000010
0.000028
0.000000
0.000000
0.000000
0.000000
0.000000
0.000000
0.000000
0.000000
0.000044
0.000045
0.000094
0.000092
0.000000
0.000145
0.000111
0.000470
0.000567
0.000772
0.000872
0.000837
0.000068
0.000010
0.000008
0.000006
0.000010
0.000010
0.000008
0.000248
0.000017
0.000021
0.000019
0.000033
0.000039
0.000008
0.000006
0.000006
0.000032
0.000034
0.000013
0.000000
0.000000
0.000000
0.000000
0.000000
0.000000
0.000000
0.000000
0.000000
0.000000
0.000000
0.000000
0.000000
0.000000
0.000000
0.000000
0.000062
0.000884
0.003215
0.018006
0.018064
0.018386
0.017975
0.018052
0.012244
0.007321
0.000174
0.000115
0.004736
0.229519
0.239410
0.260944
0.274643
0.346518
0.411672
0.411529
0.407377
0.403745
0.405628
0.387694
0.373499
0.357163
0.254980
0.220216
0.184245
0.103216
0.095241
0.090095
0.057902
0.055488
0.000325
0.000033
0.000045
0.000000
0.000000
0.000000
0.000000
0.000000
0.000000
0.012989
0.014924
0.014484
0.013699
0.014025
0.024969
0.032480
0.035567
0.058550
0.055641
0.057964
0.108238
0.107539
0.102429
0.100534
0.096061
0.091687
0.069953
0.000771
0.000186
0.000044
0.000019
0.000020
0.000000
0.000000
0.000000
0.000000
0.000000
0.000000
0.000000
0.000000
0.000181
0.000000
0.000000
0.000000
0.000000
0.000000
0.000000
0.000000
0.000000
0.000000
0.000000
0.000000
0.000000
0.000000
0.000000
0.000000
0.000000
0.000000
0.000000
0.000000
0.000229
0.000016
0.000016
0.000031
0.000024
0.000839
0.000841
0.000459
0.000045
0.000072
0.000000
0.000000
0.000000
0.000000
0.000000
0.000000
0.000000
0.000000
0.000035
0.000098
0.000747
0.001329
0.005455
0.005631
0.006587
0.046856
0.055314
0.094996
0.099812
0.102230
0.104795
0.107587
0.114294
0.120952
0.131745
0.139273
0.149383
0.199495
0.200725
0.202342
0.200463
0.198126
0.195518
0.180606
0.187342
0.185112
0.021410
0.020760
0.018937
0.018580
0.018619
0.017401
0.010240
0.005723
0.005105
0.005132
0.005234
0.011163
0.012775
0.013504
0.014089
0.008571
0.008125
0.003564
0.000439
0.000519
0.000412
0.000498
0.000415
0.000016
0.001351
0.040425
0.056912
0.058666
0.147385
0.153646
0.189073
0.250638
0.000077
0.000270
0.000256
0.000204
0.000178
0.252860
0.255738
0.239008
0.192847
0.170011
0.154785
0.105953
0.098612
0.080429
0.069457
0.041102
0.029357
0.029436
0.004571
0.004877
0.000036
0.000030
0.000000
0.000000
0.000000
0.000000
0.000000
0.000000
0.000000
0.000000
0.000000
0.000000
0.000000
0.000000
0.000000
0.000112
0.000029
0.000053
0.000167
0.001412
0.001471
0.002114
0.011096
0.042407
0.041798
0.040880
0.042738
0.045890
0.067511
0.066897
0.068470
0.066527
0.066736
0.065824
0.063557
0.033672
0.032334
0.023412
0.022952
0.022601
0.008458
0.007909
0.007463
0.006996
0.006651
0.006203
0.003646
0.006418
0.006652
0.006708
0.006766
0.006709
0.006560
0.000000
0.000000
0.000000
0.000000
0.000000
0.000000
0.000000
0.000000
0.000000
0.000035
0.000074
0.000079
0.000308
0.000419
0.000049
0.000050
0.000000
0.000000
0.000000
0.000000
0.000000
0.000000
0.005120
0.005030
0.005004
0.005108
0.005033
0.007269
0.008224
0.021943
0.022349
0.023105
0.023381
0.024260
0.022190
0.021222
0.001784
0.000637
0.000475
0.000119
0.000112
0.000000
0.000000
0.000000
0.000000
0.000000
0.000000
0.000000
0.000000
0.000000
0.000024
0.000029
0.000003
0.000003
0.000006
0.000024
0.000024
0.000035
0.000152
0.000138
0.025861
0.026653
0.057409
0.093085
0.098406
0.137329
0.148005
0.173048
0.180880
0.188939
0.191874
0.182586
0.160232
0.132432
0.120774
0.087892
0.027369
0.017790
0.011247
0.007970
0.001817
0.001761
0.001407
0.001102
0.001093
0.001038
0.000970
0.000003
0.000001
0.000001
0.000003
0.000003
0.000002
0.000010
0.000009
0.000003
0.000004
0.000106
0.000000
0.000000
0.000000
0.000000
0.000000
0.000000
0.000000
0.000000
0.000000
0.000000
0.000000
0.000000
0.000000
0.000077
0.000000
0.000000
0.000000
0.000000
0.000000
0.000000
0.000000
0.000000
0.000000
0.000000
0.000000
0.000000
0.000000
0.000000
0.000000
0.000000
0.000000
0.000000
0.000000
0.000000
0.001855
0.002540
0.002617
0.002410
0.000004
0.000003
0.000000
0.000000
0.000000
0.000000
0.000000
0.000000
0.000000
0.000000
0.000000
0.000000
0.000002
0.000003
0.000000
0.000001
0.000001
0.000004
0.000004
0.000005
0.000000
0.000000
0.000000
0.000000
0.000000
0.000000
0.000000
0.000000
0.000000
0.000000
0.006896
