2.541813
0.313177
0.254237
0.001432
0.000011
0.000010
0.000006
0.000006
0.000087
0.000004
0.000004
0.000004
0.000005
0.000005
0.000006
0.000004
0.000005
0.000006
0.000000
0.000000
0.000000
0.000000
0.000000
0.000000
0.000000
0.000000
0.000000
0.000000
0.000000
0.000000
0.000000
0.000000
0.000000
0.000000
0.000000
0.000000
0.000000
0.000000
0.000000
0.000011
0.000011
0.000034
0.000034
0.000055
0.003148
0.002738
0.002755
0.002790
0.002712
0.002820
0.000083
0.000090
0.000000
0.000000
0.000000
0.000000
0.000000
0.000000
0.000000
0.000000
0.000000
0.000000
0.000000
0.000000
0.000000
0.000000
0.000000
0.000000
0.000000
0.000000
0.000000
0.000000
0.000000
0.000000
0.000000
0.000000
0.000000
0.000000
0.000000
0.000000
0.000000
0.000000
0.000000
0.000000
0.000000
0.000000
0.000000
0.000000
0.000000
0.000000
0.000000
0.000000
0.000000
0.000000
0.000000
0.000000
0.000000
0.000000
0.000000
0.000000
0.000000
0.000000
0.000000
0.000000
0.000000
0.000000
0.000000
0.000000
0.000000
0.000000
0.000000
0.000000
0.000000
0.000000
0.000000
0.000000
0.000000
0.000000
0.000000
0.000000
0.000000
0.000000
0.000000
0.000000
0.000000
0.000000
0.000000
0.000000
0.000000
0.000000
0.000000
0.000000
0.000000
0.000000
0.000000
0.000000
0.000000
0.000000
0.000000
0.000000
0.000000
0.000000
0.000000
0.000000
0.000000
0.000033
0.000038
0.000059
0.000066
0.000000
0.000000
0.000000
0.000000
0.000000
0.000000
0.000103
0.000000
0.000511
0.001176
0.001096
0.001027
0.001064
0.001050
0.001342
0.000043
0.000000
0.000000
0.000000
0.000000
0.000000
0.000000
0.000000
0.000000
0.000000
0.000000
0.000000
0.000000
0.000000
0.000051
0.000053
0.000065
0.000226
0.000218
0.009637
0.058499
0.068003
0.128768
0.204877
0.235206
0.494291
0.592114
0.606929
0.814308
0.993494
0.971408
0.962967
0.946784
0.208637
0.193060
0.102597
0.017873
0.000000
0.000000
0.000000
0.000000
0.000000
0.000000
0.000000
0.000000
0.000000
0.000000
0.000000
0.000000
0.000000
0.000000
0.000000
0.000000
0.000000
0.000000
0.000000
0.000000
0.000000
0.000000
0.000000
0.000000
0.000000
0.000000
0.000000
0.000000
0.000000
0.000000
0.000000
0.000000
0.000000
0.000000
0.000000
0.000000
0.000000
0.000000
0.000000
0.000000
0.000000
0.000000
0.000000
0.000000
0.000000
0.000000
0.000000
0.000000
0.000000
0.000000
0.000000
0.000000
0.000000
0.000000
0.000000
0.000000
0.000000
0.000000
0.000000
0.000000
0.000000
0.000000
0.000000
0.000000
0.000000
0.000000
0.000000
0.000000
0.000000
0.000000
0.000000
0.000000
0.000000
0.000000
0.000000
0.000000
0.000000
0.000000
0.000000
0.000000
0.000000
0.000000
0.000000
0.000000
0.000000
0.000000
0.000000
0.000000
0.000000
0.000000
0.000000
0.000000
0.000000
0.000000
0.000000
0.000000
0.000000
0.000000
0.000000
0.000000
0.000000
0.000000
0.000000
0.000000
0.000000
0.000000
0.000000
0.000000
0.000000
0.000000
0.000000
0.000000
0.000000
0.000000
0.000000
0.000000
0.000000
0.000000
0.000000
0.000000
0.000000
0.000000
0.000000
0.000000
0.000000
0.000000
0.000000
0.000000
0.000000
0.000000
0.000000
0.000000
0.000000
0.000000
0.000000
0.000000
0.000000
0.000000
0.000000
0.000000
0.000000
0.000000
0.019840
0.986516
1.014991
0.060299
0.000389
0.000000
0.000000
0.000000
0.000000
0.000000
0.000000
0.000000
0.000000
0.000000
0.000000
0.000000
0.000000
0.000000
0.000000
0.000000
0.000000
0.000000
0.000000
0.000000
0.000000
0.000000
0.000000
0.000000
0.000000
0.000000
0.000000
0.000000
0.000000
0.000000
0.000000
0.000000
0.000000
0.000000
0.000000
0.000000
0.000000
0.000000
0.000000
0.000000
0.000000
0.000000
0.000000
0.000000
0.000000
0.000000
0.000000
0.000000
0.000000
0.000000
0.000000
0.000000
0.000000
0.000000
0.000000
0.000000
0.000000
0.000000
0.000000
0.000000
0.000000
0.000000
0.000000
0.000000
0.000000
0.000000
0.000000
0.000000
0.000000
0.000000
0.000000
0.000000
0.000000
0.000000
0.000000
0.000000
0.000000
0.000000
0.000000
0.000000
0.000000
0.000000
0.000000
0.000000
0.000000
0.000000
0.000000
0.000000
0.000000
0.000000
0.000000
0.000000
0.000000
0.000000
0.000000
0.000000
0.000000
0.000000
0.000000
0.000000
0.000000
0.000000
0.000000
0.000000
0.000000
0.000000
0.000000
0.000000
0.000000
0.000000
0.000000
0.000000
0.000000
0.000000
0.000000
0.000000
0.000000
0.000000
0.000000
0.000000
0.000000
0.000000
0.000000
0.000000
0.000000
0.000000
0.000000
0.000000
0.000000
0.000000
0.000000
0.000000
0.000000
0.000000
0.000000
0.000000
0.000000
0.000000
0.000000
0.000000
0.000000
0.000000
0.000000
0.000000
0.000000
0.000000
0.000001
0.000012
0.000015
0.000016
0.001256
0.190622
1.117936
1.164869
1.188803
1.155637
0.004970
0.003286
0.038229
1.231530
1.212511
0.157636
0.112042
0.028643
0.015571
0.000262
0.000017
0.000019
0.000019
0.000041
0.000000
0.000000
0.000000
0.000000
0.000000
0.000000
0.000000
0.000000
0.000000
0.000000
0.000000
0.000000
0.000000
0.000000
0.000000
0.000000
0.000000
0.000000
0.000025
0.000084
0.000000
0.000000
0.000000
0.000000
0.000000
0.000000
0.000000
0.000000
0.000000
0.000000
0.000000
0.000000
0.000000
0.000000
0.000000
0.000000
0.000000
0.000000
0.000000
0.000000
0.000001
0.000002
0.000001
0.000000
0.000000
0.000000
0.000000
0.000000
0.000000
0.000000
0.000000
0.000000
0.000000
0.000000
0.000000
0.000000
0.000000
0.000000
0.000000
0.000000
0.000000
0.000000
0.000000
0.000000
0.000000
0.000000
0.000000
0.000000
0.000000
0.000000
0.000000
0.000000
0.000000
0.000000
0.000000
0.000000
0.000000
0.000000
0.004403
0.004580
0.000000
0.000000
0.000000
0.000000
0.000000
0.000000
0.000000
0.000000
0.000000
0.000000
0.000000
0.000000
0.000000
0.000000
0.000000
0.000000
0.000000
0.000000
0.000000
0.000000
0.000000
0.000000
0.000000
0.000000
0.000000
0.000000
0.000000
0.000000
0.000000
0.000000
0.000000
0.000000
0.000000
0.000000
0.000000
0.000001
0.000007
0.000003
0.000001
0.000002
0.000001
0.000001
0.000000
0.000000
0.000000
0.000000
0.000000
0.000000
0.000000
0.000000
0.000000
0.000000
0.000000
0.000000
0.000000
0.000000
0.000000
0.000000
0.000000
0.000000
0.000000
0.000000
0.000000
0.000000
0.000000
0.000000
0.000000
0.000000
0.000000
0.000000
0.000000
0.000000
0.000001
0.000001
0.000066
0.000163
0.000295
0.000607
0.904081
0.776312
0.515031
0.384007
0.247452
0.172687
0.027867
0.017414
0.000581
0.000086
0.000104
0.000087
0.000000
0.000000
0.000000
0.000000
0.000000
0.000001
0.000001
0.000001
0.000001
0.000001
0.000001
0.000001
0.000006
0.000003
0.000005
0.000003
0.000006
0.000017
0.000005
0.000006
0.000003
0.000004
0.000003
0.000014
0.000006
0.000004
0.000003
0.000002
0.000002
0.000002
0.000001
0.000001
0.000001
0.000003
0.000003
0.000004
0.000003
0.000004
0.000007
0.000004
0.000004
0.000004
0.000007
0.000024
0.000003
0.000012
0.000007
0.000008
0.000012
0.000025
0.000023
0.000022
0.000031
0.000019
0.000010
0.000005
0.000008
0.000005
0.000002
0.000003
0.000004
0.000005
0.000006
0.000005
0.000009
0.000015
0.000011
0.000228
0.000506
0.000389
0.000277
0.005285
0.005660
0.005509
0.005211
0.004948
0.005005
0.004392
0.000656
0.000655
0.000020
0.000014
0.000010
0.000008
0.000006
0.000008
0.000018
0.000015
0.000016
0.000015
0.000029
0.000055
0.000062
0.000102
0.000123
0.000124
0.000772
0.000735
0.000688
0.000785
0.000746
0.000796
0.000879
0.000204
0.000300
0.000301
0.000117
0.000268
0.032892
0.031078
0.051555
0.096453
0.107073
1.025612
1.144190
1.377055
1.610592
1.767441
1.933402
2.068389
2.075761
2.074625
2.043311
0.001608
0.001353
0.001977
0.000625
0.006092
0.012501
1.729261
1.617705
1.505839
1.369769
1.132205
1.072311
1.006926
0.920587
0.862633
0.095284
0.064582
0.048778
0.017815
0.001152
0.000053
0.000051
0.000065
0.000039
0.000013
0.000013
0.000008
0.000009
0.000014
0.000052
0.000014
0.000011
0.000012
0.000019
0.000017
0.000012
0.000031
0.000028
0.000018
0.000017
0.000030
0.000028
0.000038
0.000022
0.000020
0.000100
0.000055
0.002082
0.002093
0.002125
0.002289
0.002774
0.003267
0.003398
0.003718
0.003909
0.004220
0.006147
0.006653
0.006978
0.007213
0.007523
0.007288
0.006303
0.006760
0.009085
0.010547
0.016946
0.189022
0.162748
0.136480
0.034075
0.019739
0.019614
0.019408
0.019277
0.019293
0.019321
0.019587
0.019238
0.019142
0.004365
0.004462
0.004475
0.004159
0.004188
0.004149
0.004407
0.004113
0.004131
0.004169
0.004800
0.022233
0.030511
0.570787
0.574854
0.581980
0.592154
0.551915
0.468237
0.136287
0.132784
0.044711
0.026054
0.019913
0.019169
0.001680
0.000768
0.001025
0.001192
0.001596
1.278053
1.400299
1.525883
1.737674
1.899244
0.112005
3.151744
0.008934
0.009799
0.011529
0.000836
0.006473
0.013699
0.026608
0.049999
0.068929
4.456970
5.136618
6.093607
6.975739
8.249981
8.385416
8.602180
8.768262
8.807197
8.847626
8.862966
8.861533
8.858540
8.859516
8.858019
8.859816
8.866639
8.870340
8.871942
8.874483
8.876159
8.877258
8.880381
8.880710
8.880640
8.875370
8.873129
8.876123
8.864952
8.863761
8.863978
8.864318
8.861764
8.854374
8.850752
8.846104
8.839081
8.812570
8.689218
8.418420
7.542343
6.569163
0.009918
5.359834
4.819513
3.531429
3.060921
2.394952
2.100206
0.046996
0.040360
0.036379
0.033018
0.030796
0.006549
0.006438
0.003374
0.003363
0.003348
0.003389
0.003549
0.003412
0.003374
0.003313
0.003227
0.003136
0.003348
0.003039
0.002916
0.002706
0.002481
0.002391
0.002376
0.002269
0.002259
0.002605
0.002711
0.002332
0.002241
0.002168
0.002130
0.002108
0.002118
0.002017
0.001831
0.001774
0.001622
0.001471
0.001328
0.001203
0.001082
0.000093
0.721698
0.649745
0.591640
0.379091
0.330288
0.250229
0.142922
0.090195
0.056171
0.038733
0.034592
0.033870
0.032024
0.000705
0.000359
0.000368
0.000214
0.009235
0.007901
0.013910
0.013672
0.013333
0.012110
0.008052
0.007095
0.001674
0.001874
0.001409
0.001583
0.000034
0.000024
0.000016
0.000023
0.000029
0.000027
0.000008
0.000014
0.000011
0.000021
0.000014
0.000015
0.000018
0.000020
0.000022
0.000227
0.000196
0.001666
0.002761
0.003689
0.061324
0.074158
0.109384
0.119785
0.161338
0.170929
0.176731
0.181175
0.184001
0.056646
0.062754
0.071108
0.036482
0.058088
0.093402
0.102285
0.172839
0.268712
0.269900
0.005174
0.005166
0.000762
0.004013
0.010501
0.881811
0.967836
1.130006
1.571792
1.711955
2.066123
2.127813
2.042668
2.063749
0.437523
0.005290
0.000895
0.012681
2.273040
2.423407
2.559368
2.738072
2.943869
3.210672
3.345249
3.417956
0.000269
0.000337
0.000381
0.000039
0.000073
0.000127
0.000047
0.000059
0.000115
0.000119
0.000060
0.000374
0.000055
0.000058
0.000053
0.000082
0.000045
0.000025
0.000050
0.000091
0.000219
0.000220
0.000324
0.000391
0.008142
3.699260
3.811427
3.908923
3.939189
3.943352
3.936614
3.899074
3.759744
3.598097
3.394893
3.084368
2.780462
2.483019
2.020360
1.797266
1.610478
1.301211
1.156020
0.386807
0.228590
0.002923
0.002137
0.010005
0.012463
0.050890
0.063466
0.094852
0.090101
0.065973
0.011548
0.001661
0.002428
0.007538
0.007335
0.017338
0.018337
0.000440
0.000520
0.043549
0.058403
0.006993
0.456612
0.597429
0.677028
1.128902
1.275045
1.435004
1.703645
1.926765
2.145706
2.355433
0.065397
0.049083
0.021845
0.022695
0.051224
0.060355
2.970111
3.209846
3.478694
3.720198
3.861520
3.958310
4.140562
4.182717
4.204915
4.209557
4.176713
4.045197
3.493659
3.431435
3.106302
0.001737
0.001416
0.001387
0.001099
0.002484
0.000134
0.000115
0.000119
0.000120
0.000344
0.000380
0.000461
0.005877
0.006407
0.012947
2.353158
0.264684
3.008652
4.003091
4.366846
4.699448
5.519655
5.904353
0.050654
6.374777
6.673593
6.715914
6.782224
6.858177
6.865979
6.762811
6.698945
6.638960
6.602637
6.499057
6.388997
6.296523
6.007273
5.761110
0.179137
0.022409
0.021223
0.018171
0.002070
0.001947
0.002093
0.002654
0.003334
0.004222
0.004453
0.015589
0.016788
0.016627
0.017666
0.019836
0.019764
0.010134
0.011070
0.032891
0.001427
0.027347
4.674840
5.282633
5.504421
5.731571
0.000332
0.000248
0.000499
0.001720
0.001556
0.001666
0.023273
6.118005
6.449757
6.818680
7.189412
7.545130
7.906200
8.399058
8.959763
9.178944
9.287976
9.401323
9.435560
9.455216
9.493434
9.558950
9.598099
9.599143
9.598696
9.599845
9.583224
9.552620
9.486108
9.417566
9.355093
9.054316
9.010339
8.947572
8.887697
8.831966
8.678392
8.291492
0.120896
7.904177
7.885874
7.818895
7.750808
7.643368
7.547585
0.005230
0.003661
0.002806
0.001819
0.002523
0.002198
0.002105
0.002271
0.003241
0.002468
7.074628
6.814909
6.603418
6.404678
6.148045
0.440901
0.441654
0.007277
0.001217
0.009879
0.009840
0.009176
0.010452
0.011126
0.011942
0.013989
0.015039
0.055291
7.073895
7.556261
7.810337
7.953683
8.104312
8.332619
8.466967
8.597747
8.775317
8.871868
8.938032
8.965670
8.990517
8.986923
9.003557
0.002027
0.000437
0.000222
0.000127
0.000045
0.000026
0.000018
0.000013
0.000010
0.000010
0.000004
0.000001
0.000002
0.000002
0.000003
0.000005
0.000009
0.000020
0.000031
0.000091
0.000135
0.000475
0.000667
8.853123
9.029141
8.994991
8.983413
8.980420
8.934803
8.842999
8.783479
8.742914
8.688490
8.590661
8.474265
0.028423
8.324311
8.292715
8.271937
7.979181
7.857833
7.808988
7.655320
7.460423
7.259816
7.111070
0.144858
5.454024
0.084604
5.391811
5.471435
5.566210
5.685979
0.047459
0.049671
0.051254
0.017560
0.009061
0.034224
0.039002
6.089429
6.648537
7.111809
7.544796
7.975514
8.230788
8.458721
8.653574
8.754583
8.807775
8.837807
8.847472
8.849527
8.848401
8.844019
8.826949
8.672825
8.566335
8.479113
8.342893
8.232292
8.138598
8.057975
7.997384
7.925476
0.120815
7.735382
0.180037
7.501725
7.647732
7.809189
7.931030
7.804039
7.589790
7.374428
7.215045
6.909219
6.648888
6.316663
5.993094
5.449547
4.953119
4.469273
3.413789
0.521897
0.253327
0.088319
0.023863
0.006293
0.000053
0.000045
0.000064
0.000050
0.000080
0.000065
0.000277
0.000098
0.007132
0.007060
0.002643
0.057443
0.076676
0.093656
5.162951
5.680722
6.322039
7.004629
7.264728
7.529670
7.808121
7.935582
8.059462
8.149302
8.183984
8.173620
8.158123
8.147993
7.878895
7.463017
6.677693
6.044933
5.408131
0.013709
0.011075
0.001462
4.400528
3.849267
3.318597
2.896217
2.539237
0.180450
0.097338
0.001091
0.001270
0.006143
0.029300
0.873163
0.843117
0.821514
0.823681
0.796880
0.556183
0.552323
0.554323
0.542981
0.188508
0.000801
0.000517
0.000385
0.000293
0.000384
0.000244
0.000244
0.000359
0.000829
0.001128
0.209118
0.222633
0.237207
0.245394
1.214421
1.319092
1.458188
1.610280
1.838296
2.207813
2.596047
3.012340
3.331823
3.705241
4.309982
4.577776
4.807456
5.050504
5.363869
5.618722
5.957592
6.272742
6.654702
6.948913
7.108927
6.915707
6.698684
6.553265
6.400136
6.278864
6.177709
6.057687
0.043713
0.010733
0.009261
0.008580
0.013917
0.072606
5.443849
5.220216
0.016390
0.002924
0.001549
0.000656
0.000160
0.000086
0.000071
0.000067
0.000071
0.000187
0.000084
0.000017
0.000041
0.000042
0.000030
0.000033
0.000207
0.000273
0.000329
0.026189
0.024406
0.006932
0.006872
0.018905
0.226776
4.942423
5.136906
5.225796
0.010720
5.563507
0.066235
0.012339
0.077186
5.926781
6.072957
6.246876
6.249618
6.232751
6.263263
6.208685
6.173225
6.125949
6.070433
6.031640
6.024382
5.977039
5.979377
5.993238
0.028447
6.210409
5.603908
5.192882
4.730961
4.592957
4.177799
3.714154
3.314589
0.005728
0.003233
0.002391
0.006473
0.000035
0.000018
0.000007
0.000006
0.000006
0.000004
0.000006
0.000011
0.000032
0.000055
0.000058
0.000073
0.008182
0.008025
0.000151
0.000032
0.000038
0.000021
0.000014
0.000019
0.000100
0.000072
0.000068
0.000057
0.000014
0.000017
0.000020
0.000018
0.000008
0.000011
0.000007
0.000010
0.000011
0.000037
0.000086
0.000039
0.000041
0.001065
0.001275
0.023739
0.023131
0.218220
2.052580
2.358594
2.786544
2.897768
3.397088
3.547398
3.525552
3.505280
3.487657
3.425002
0.002523
0.000022
0.000018
0.000013
0.000018
0.000010
0.000005
0.000026
0.000036
0.000059
0.000146
0.000011
0.000011
0.000024
0.000045
0.000017
0.000007
0.000012
0.000018
0.000013
0.000005
0.000002
0.000004
0.000002
0.000002
0.000003
0.000007
0.000004
0.000004
0.000005
0.000004
0.000005
0.000006
0.000004
0.000005
0.000007
0.000005
0.000026
0.000033
0.000024
0.000008
0.000021
0.000008
0.000009
0.000007
0.000008
0.000016
0.000003
0.000003
0.000006
0.000006
0.000008
0.000007
0.000008
0.000011
0.000015
0.000021
0.000007
0.000046
0.000033
0.000030
0.000040
0.000016
0.000019
0.000152
0.000072
0.000062
0.000061
0.000045
0.000007
0.000004
0.000003
0.000010
0.000004
0.000002
0.000005
0.000003
0.000003
0.000005
0.000003
0.000005
0.000006
0.000006
0.000010
0.000037
0.000037
0.000036
0.000011
0.000009
0.000007
0.000002
0.000003
0.000003
0.000001
0.000006
0.000006
0.000001
0.000026
0.000020
0.000005
0.000012
0.000082
0.000065
0.000039
0.000032
0.000020
0.000035
0.000040
0.000015
0.000011
0.000017
0.000009
0.000122
0.000043
0.000033
0.000125
0.000120
0.000134
0.002515
3.113567
3.126346
3.137242
2.871035
2.552624
2.312713
2.070658
1.924538
1.582920
0.167640
0.481942
0.861931
0.912828
0.020949
0.000032
0.009568
0.000006
0.000017
0.000008
0.000007
0.000007
0.000007
0.000005
0.000006
0.000008
0.000017
0.000004
0.000074
0.000180
0.000218
0.001665
0.001758
0.004555
0.014988
0.016630
0.001409
0.000021
0.000014
0.000009
0.000006
0.000005
0.000003
0.000001
0.000002
0.000004
0.000001
0.000002
0.000003
0.000002
0.000001
0.000001
0.000003
0.000002
0.000002
0.000012
0.000002
0.000005
0.003002
2.178273
2.426947
2.628116
2.860561
3.031251
3.326503
3.296952
0.000019
0.000025
0.000014
0.000010
0.000008
0.000008
0.000011
0.000002
0.000003
0.000005
0.000006
3.477820
3.557185
3.681735
3.629415
3.601084
3.550035
3.489842
3.426577
3.385634
0.005839
3.365257
3.210838
3.039858
2.558371
2.338550
1.975093
0.802841
0.719475
0.438560
0.242669
0.152758
0.093021
0.089699
0.002673
0.000086
0.000034
0.000055
0.000150
0.000071
0.000035
0.000046
0.000041
0.000027
0.000057
0.000034
0.000044
0.000065
0.000036
0.004158
0.000031
0.000049
0.000022
0.000048
0.000051
0.002705
0.093925
0.059336
0.050960
0.014265
0.011863
0.010616
0.009748
0.004465
0.003943
0.003793
0.003728
0.007200
0.007305
0.007430
0.007575
0.007717
0.010556
0.010901
0.011465
0.011774
0.001577
0.001538
0.005390
0.005269
0.016883
0.026060
0.026171
0.000079
0.000092
0.011471
0.027861
1.273388
1.477731
