0.002971
0.000608
0.000438
0.000014
0.000000
0.000000
0.000000
0.000000
0.000000
0.000001
0.000001
0.000002
0.000000
0.000000
0.000000
0.000000
0.000000
0.000001
0.000001
0.000001
0.000002
0.000004
0.000002
0.000000
0.000001
0.000001
0.000310
0.000030
0.000031
0.000016
0.000001
0.000001
0.000002
0.000001
0.000002
0.000003
0.000006
0.000011
0.000015
0.000001
0.000001
0.000001
0.000001
0.000001
0.000001
0.000002
0.000002
0.000002
0.000001
0.000001
0.000001
0.000002
0.000004
0.000001
0.000000
0.000000
0.000001
0.000001
0.000001
0.000012
0.000013
0.000010
0.000010
0.000002
0.000005
0.000006
0.000002
0.000001
0.000001
0.000001
0.000002
0.000003
0.000265
0.000282
0.000278
0.000343
0.006102
0.015242
0.018029
0.037599
0.017341
0.006165
0.005826
0.004157
0.004030
0.004011
0.003998
0.003860
0.002939
0.002299
0.001780
0.000098
0.000079
0.000054
0.000019
0.000018
0.000006
0.000002
0.000002
0.000001
0.000001
0.000003
0.000019
0.000018
0.000214
0.000160
0.000151
0.000150
0.000165
0.000216
0.005444
0.005805
0.005900
0.005430
0.005434
0.005220
0.005170
0.028201
0.029319
0.032090
0.040802
0.045363
0.046780
0.044221
0.000010
0.000002
0.000002
0.000002
0.000003
0.000004
0.000004
0.000004
0.000019
0.000009
0.000019
0.000005
0.000007
0.000010
0.000004
0.000007
0.000004
0.000007
0.000006
0.000002
0.000002
0.000001
0.000003
0.000003
0.000003
0.000003
0.000002
0.000008
0.000004
0.000012
0.000014
0.000016
0.000036
0.000079
0.000132
0.000705
3.162125
2.712365
0.498925
0.000370
0.000059
0.000290
0.000330
0.000364
0.000398
0.000396
0.000415
0.000465
0.000422
0.000438
0.000377
0.000352
0.000331
0.000070
0.000091
0.000042
0.000025
0.000042
0.000047
0.000041
0.000024
0.000044
0.000231
0.000370
0.000604
0.000826
0.026071
0.527396
2.332659
3.049230
3.049974
2.854470
2.528126
2.234426
1.994481
0.000316
1.501144
1.353117
1.033100
0.813612
0.370237
0.253133
0.138207
0.161166
0.019222
0.010450
0.003921
0.000663
0.000731
0.000005
0.000014
0.000018
0.000023
0.000007
0.000313
0.000069
0.000074
0.000070
0.000918
0.001303
0.000938
0.005118
0.005468
0.012096
0.902418
0.900905
0.779709
0.511604
0.157669
0.059863
0.017063
0.002126
0.001785
0.001364
0.000155
0.000664
0.000008
0.000007
0.000018
0.000012
0.000016
0.000012
0.000013
0.000025
0.000008
0.000009
0.000015
0.007408
0.004259
0.013305
0.231266
0.256900
0.385240
0.374107
0.320761
0.351841
0.349012
0.394848
0.389322
0.374574
0.401146
0.371606
0.199743
0.005370
0.015204
0.019706
0.019077
0.032877
0.048881
0.779342
0.807891
0.815197
0.821023
0.396159
0.231161
0.176198
0.054892
0.001135
0.000921
0.001443
0.001541
0.001721
0.000143
0.000094
0.000231
0.000245
0.000363
0.000498
0.000408
0.001520
0.050516
1.093750
1.203799
1.305838
0.000700
0.001275
0.001325
0.050341
0.052297
0.052245
0.055204
0.058043
0.000964
0.001205
0.001116
0.008058
0.011604
1.936539
2.139163
2.438547
2.765124
3.252221
3.483701
0.039315
0.099972
3.690515
3.823360
3.624310
3.661770
3.590429
3.253394
3.072867
2.591852
2.352128
0.012361
0.011323
0.000400
0.000318
0.000411
0.000510
0.000589
0.000272
0.000230
0.000210
0.000450
0.000627
0.001653
0.008327
0.038646
1.952752
1.809284
0.048977
0.056304
1.366202
1.362338
1.358183
0.053703
0.000555
0.000638
0.000252
0.000641
0.000701
0.020018
0.027864
0.014536
0.074540
0.406403
2.147364
2.445202
2.686256
3.086515
0.000133
0.000051
0.000042
0.000076
0.000037
0.000033
0.000044
0.000039
0.000028
0.000015
0.000037
0.000011
0.000009
0.000008
0.000011
0.000009
0.000010
0.000011
0.000013
0.000014
0.000032
0.000044
0.000020
0.000015
0.000014
0.000010
0.000006
0.000007
0.000005
0.000016
0.000010
0.000010
0.000009
0.000009
0.000007
0.000016
0.000010
0.000007
0.000009
0.000009
0.000018
0.000024
0.000020
0.000028
0.000023
0.000034
0.000035
0.000041
0.000037
0.000029
0.000112
0.000165
0.000322
0.000927
0.005421
0.023287
3.659189
4.117384
4.526036
4.970100
5.411955
5.989244
0.012221
7.522700
8.572161
8.991977
9.090364
9.148925
9.212628
9.264302
9.275827
9.279185
9.280099
9.280153
9.279745
9.277718
9.270719
9.262083
9.255150
9.235811
9.215439
9.187017
9.048472
8.840548
8.705165
8.563363
8.234775
0.039159
0.036615
0.032883
0.030337
7.732001
7.677463
7.232524
7.216992
7.478289
7.705244
7.853813
7.998273
8.304764
8.722801
8.981179
9.108183
9.214174
9.244479
9.265596
9.278165
9.279107
9.268438
9.254581
9.250180
9.238167
9.530788
9.530042
9.536148
9.544238
9.556434
9.526039
9.494127
9.430066
9.364771
9.283903
9.211594
8.999956
8.638132
8.236339
7.634275
6.836051
6.019149
0.725716
0.301719
0.007776
0.007751
4.885205
5.224143
5.923796
6.244663
6.551136
6.907546
7.252961
7.591638
8.035977
0.100118
0.105409
8.550839
8.806017
8.923672
8.982170
9.182390
9.314416
9.392754
9.486307
9.463027
9.338508
9.237527
9.129837
8.867016
7.578729
7.506716
8.270653
8.613345
9.107119
9.330651
9.414279
9.513012
9.562296
9.584278
9.606558
9.604577
9.601109
9.602828
9.607821
9.602311
9.586189
9.466286
0.020338
0.020206
0.019523
0.019246
0.020592
9.205844
8.848690
0.052777
0.020307
0.012856
8.436992
8.367019
8.268721
8.093540
7.930293
7.515268
7.139071
6.894984
6.681939
6.139281
5.553741
5.152864
4.820020
4.518410
3.987044
3.360441
0.065666
2.729105
2.228563
1.934955
0.043584
0.065498
0.013397
0.003463
0.003211
0.003093
0.003079
0.003057
0.002966
0.002974
0.002099
0.002144
0.002165
0.002163
0.002167
0.002194
0.004659
0.005233
0.006058
0.008480
0.057772
0.176180
4.533405
5.442503
6.243629
0.027183
6.745047
6.857732
7.222999
7.377082
9.446801
9.564327
9.611830
9.644117
9.660140
9.668930
9.683216
9.690860
9.696435
9.696090
9.696696
9.699901
9.701626
9.917646
9.953249
9.965288
9.965135
9.966999
9.971514
9.969416
9.968831
9.975438
9.976295
9.986827
9.990675
9.973591
9.935150
9.912023
9.899595
9.887753
9.888952
9.900736
9.928509
9.949937
9.965363
9.985781
9.989865
9.993045
9.995167
9.993491
9.991085
9.990744
9.992638
9.993260
9.993611
9.994159
9.993762
9.993646
9.980012
9.951366
9.902211
0.064750
9.794804
9.813276
9.786180
9.704905
9.737155
9.775073
9.777676
9.783632
9.785646
9.790150
9.790961
9.790738
9.790685
9.790856
9.791118
9.791471
9.790787
9.789610
9.787752
9.787077
9.787270
9.788309
9.791032
9.791286
9.791332
9.791300
9.791259
9.791230
9.791353
9.791031
9.790117
9.789141
9.786948
9.786522
9.785447
9.786443
9.788606
9.788610
9.786417
9.783126
9.780491
9.782316
9.784416
9.782834
9.775728
9.767011
9.741925
9.678973
9.471115
9.527080
9.542366
9.727177
9.753946
9.775205
9.784041
9.780573
9.757564
9.598083
9.597065
9.595245
9.594219
9.594300
9.594466
9.594509
9.590679
9.584721
9.561757
9.521764
9.062807
8.513852
7.842894
0.117609
6.815801
0.247625
0.790904
7.378541
7.968723
7.924225
0.494426
9.387091
9.446670
9.449801
9.477409
9.499572
9.661724
9.679017
9.703482
9.703932
9.696524
0.005215
0.000749
0.000294
0.000220
0.000188
0.000186
0.000075
0.000064
0.000083
0.000112
0.000115
0.000211
0.000213
9.462686
9.484432
9.502108
9.512321
9.528884
9.617778
9.731033
9.767013
9.361469
0.010692
0.008167
0.004880
0.004518
0.003861
0.003708
9.218461
9.251743
9.279640
9.297308
9.288160
9.278256
9.224423
9.226913
9.227359
9.227009
9.218644
9.059151
8.910301
8.795527
8.668783
8.539186
8.447194
8.371551
8.220383
6.847946
0.002873
0.001450
0.001001
0.000622
0.000453
0.000322
0.000178
0.000092
0.000058
0.000057
0.000026
0.000017
0.000016
0.000020
0.000008
0.000010
0.000020
0.000066
0.000047
0.000023
0.000010
0.000009
0.000011
0.000008
0.000007
0.000010
0.000015
0.000018
0.000024
0.000021
0.000024
0.000044
0.000030
0.000046
0.000042
0.000051
0.000080
1.518054
1.232235
0.542922
0.063315
0.001638
0.001330
0.001217
0.003030
0.167911
0.675939
0.772502
0.831298
0.905616
0.007777
1.251349
1.553926
1.787149
4.714317
5.873473
7.136359
8.576061
8.593441
8.591603
8.593510
8.596708
8.592527
8.590257
8.585623
8.575117
8.564870
8.557098
8.539343
8.372028
8.202748
8.015153
7.636793
0.016406
0.014977
0.014782
0.014678
0.908240
7.625730
7.698280
7.673520
0.004350
0.004039
0.003518
0.002853
0.002531
7.727567
7.767339
7.792769
7.822554
7.839047
0.002144
0.001456
0.001135
0.000232
0.000376
0.000368
0.000500
0.001421
0.001990
0.002275
0.000020
0.000039
0.000059
0.000128
0.000300
0.000310
0.000037
0.000171
0.000103
0.000125
0.000126
0.000140
0.002341
7.904294
7.909818
0.000557
0.000213
0.000124
0.000076
0.000021
0.000009
0.000014
0.000022
0.000026
0.000032
0.000055
0.000396
0.000017
0.000012
0.000016
0.000013
0.000013
0.000018
0.000005
0.000067
0.000071
0.000035
0.000008
0.000010
0.000006
0.000003
0.000003
0.000004
0.000004
0.000003
0.000008
0.000006
0.000019
0.000012
0.000015
0.000013
0.000009
0.000005
0.000003
0.000004
0.000005
0.000008
0.000036
0.000009
0.000002
0.000003
0.000002
0.000001
0.000006
0.000014
0.000016
0.000001
0.000005
0.000006
0.000003
0.000002
0.000004
0.000013
0.000008
0.000002
0.000002
0.000003
0.000002
0.000003
0.000006
0.000000
0.000000
0.000000
0.000003
0.000002
0.000001
0.000001
0.000001
0.000001
0.000001
0.000004
0.000007
0.000001
0.000001
0.000001
0.000000
0.000000
0.000001
0.000007
0.000006
0.000000
0.000001
0.000001
0.000000
0.000000
0.000000
0.000000
0.000000
0.000000
0.000000
0.000001
0.000001
0.000001
0.000001
0.000002
0.000003
0.000004
0.000000
0.000000
0.000000
0.000000
0.000000
0.000000
0.000000
0.000002
0.000001
0.000001
0.000002
0.000000
0.000000
0.000000
0.000000
0.000000
0.000000
0.000000
0.000000
0.000000
0.000000
0.000000
0.000000
0.000000
0.000000
0.000000
0.000000
0.000002
0.000000
0.000000
0.000000
0.000000
0.000000
0.000000
0.000000
0.000000
0.000000
0.000000
0.000000
0.000000
0.000000
0.000000
0.000000
0.000000
0.000000
0.000000
0.000001
7.839052
7.760698
7.654169
7.575212
7.292386
7.413420
7.526000
7.511905
7.584867
7.548573
7.496970
7.459065
7.443464
7.455678
7.463920
0.001791
0.000001
0.000001
0.000000
0.000000
0.000000
0.000000
0.000000
0.000000
0.000000
0.000000
0.000000
0.000000
0.000001
0.000000
0.000000
0.000000
0.000000
0.000000
0.000000
0.000000
0.000000
0.000000
0.000000
0.000000
0.000000
0.000000
0.000000
0.000000
0.000000
0.000000
0.000000
0.000000
0.000000
0.000001
0.000001
0.000000
0.000000
0.000000
0.000000
0.000001
0.000000
0.000000
0.000000
0.000000
0.000000
0.000000
0.000000
0.000000
0.000000
0.000000
0.000000
0.000000
0.000000
0.000000
0.000000
0.000000
0.000000
0.000000
0.000000
0.000000
0.000000
0.000000
0.000000
0.000000
0.000000
0.000000
0.000000
0.000000
0.000000
0.000000
0.000000
0.000000
0.000000
0.000000
0.000000
0.000000
0.000000
0.000000
0.000000
0.000000
0.000000
0.000000
0.000000
0.000000
0.000000
0.000000
0.000000
0.000000
0.000000
0.000000
0.000000
0.000000
0.000000
0.000000
0.000000
0.000000
0.000000
0.000000
0.000000
0.000000
0.000000
0.000000
0.000000
0.000000
0.000000
0.000000
0.000000
0.000000
0.000000
0.000000
0.000000
0.000000
0.000000
0.000000
0.000000
0.000000
0.000000
0.000000
0.000000
0.001030
0.000324
0.000241
0.000187
0.000227
0.000201
0.000579
0.000625
0.000166
0.000276
0.000991
0.000044
0.000035
0.000037
0.000014
0.000010
0.000020
0.000025
0.000011
0.000020
0.000019
0.000000
7.443980
7.446781
7.452395
7.472511
0.000000
0.000000
0.000000
0.000000
0.000000
0.000000
0.000000
0.000000
0.000000
0.000000
0.000000
0.000000
0.000000
0.000000
0.000000
0.000000
0.000000
0.000000
0.000000
0.000000
0.000000
0.000000
0.000000
0.000000
0.000000
0.000000
0.000000
0.000000
0.000000
0.000000
0.000000
0.000000
0.000000
0.000000
0.000000
0.000000
0.000000
0.000000
0.000000
0.000000
0.000000
0.000000
0.000000
0.000000
0.000000
0.000000
0.000000
0.000000
0.000000
0.000000
0.000000
0.000000
0.000000
0.000000
0.000000
0.000000
0.000000
0.000000
0.000000
0.000000
0.000000
0.000000
0.000000
0.000000
0.000000
0.000000
0.000000
0.000000
0.000000
0.000000
0.000000
0.000000
0.000000
0.000000
0.000000
0.000000
0.000000
0.000000
0.000000
0.000000
0.000000
0.000000
0.000000
0.000000
0.000000
0.000000
0.000000
0.000000
0.000000
0.000000
0.000000
0.000000
0.000000
0.000000
0.000000
0.000000
0.000000
0.000000
0.000000
0.000000
0.000000
0.000000
0.000000
0.000000
0.000000
0.000000
0.000000
0.000000
0.000000
0.000000
0.000000
0.000000
0.000000
0.000000
0.000000
0.000000
0.000000
0.000000
0.000000
0.000000
0.000000
0.000000
0.000000
0.000000
0.000000
0.000000
0.000000
0.000000
0.000000
0.000000
0.000000
0.000000
0.000000
0.000000
0.000000
0.000000
0.000000
0.000000
0.000000
0.000000
0.000000
0.000000
0.000000
0.000000
0.000000
0.000000
0.000000
0.000000
0.000000
0.000000
0.000000
0.000000
0.000000
0.000000
0.000000
0.000000
0.000000
0.000000
0.000000
0.000000
0.000000
0.000000
0.000000
0.000000
0.000000
0.000000
0.000000
7.471956
7.472747
7.494862
7.477408
7.457173
7.406027
7.358367
7.302355
7.015777
6.885479
6.862498
6.990883
7.077726
7.126440
7.146150
7.160125
7.183471
7.211467
7.208325
7.212030
7.212446
7.212517
7.212549
7.212634
7.212737
7.211294
7.194692
7.083500
7.044916
7.027271
7.022228
7.017501
7.018420
7.005759
6.971855
6.782744
6.627275
6.501125
6.431888
6.319533
6.135530
5.912887
5.206936
4.656608
3.869088
2.210685
1.734297
0.016262
0.006737
1.301978
1.120024
0.199149
0.022909
0.000578
0.000348
0.000271
0.000050
0.000048
0.000050
0.000516
0.000535
0.000446
0.000421
0.000473
0.000550
0.000595
0.000695
0.000964
0.000898
0.000868
0.000833
0.000699
0.000817
0.000913
0.000922
0.000992
0.001027
0.001031
0.001019
0.000977
0.000948
0.000747
0.000016
0.000009
0.000007
0.000018
0.000019
0.000010
0.000010
0.000010
0.000052
0.000071
0.000099
0.000098
0.000106
0.002273
0.003343
0.004039
0.004248
0.004305
0.004324
0.004317
0.004319
0.004326
0.004292
0.004122
0.004077
0.004040
0.003845
0.003689
0.000868
0.000831
0.000801
0.001644
0.002618
0.003845
0.003986
0.004000
0.004101
0.004131
0.004144
0.004135
0.004846
0.004450
0.430318
0.389624
0.296583
0.135496
0.026252
0.005049
0.005482
0.005071
0.009592
0.009290
0.042689
0.041686
0.040069
0.033123
0.021348
0.011880
0.011740
0.011162
0.007737
0.000075
0.000021
0.000000
0.000000
0.000000
0.000000
0.000000
0.000001
0.000000
0.000000
0.000000
0.000000
0.000000
0.000000
0.000000
0.000000
0.000001
0.000001
0.000001
0.000001
0.000001
0.000000
0.000000
0.000001
0.000000
0.000000
0.000000
0.000000
0.000041
0.000083
0.000093
0.000096
0.000094
0.000093
0.000097
0.000001
0.000000
0.000001
0.000002
0.000002
0.000002
0.000038
0.000039
0.000041
0.000112
0.000101
0.000103
0.000114
0.000287
0.000258
0.000143
0.000148
0.000157
0.000156
0.000196
0.000166
0.000169
0.000242
0.000248
0.000242
0.000236
0.000236
0.000266
0.000193
0.000003
0.000003
0.000002
0.000000
0.000000
0.000000
0.000000
0.000000
0.000000
0.000000
0.000000
0.000001
0.000048
0.000071
0.000077
0.000085
0.000100
0.000103
0.000110
0.008339
0.000145
