0.004609
0.004141
0.003023
0.002671
0.000120
0.000046
0.000047
0.000000
0.000000
0.000000
0.000000
0.000000
0.000000
0.000000
0.000000
0.000000
0.000000
0.000000
0.000000
0.000000
0.000000
0.000000
0.000000
0.000000
0.000000
0.000000
0.000000
0.000000
0.000000
0.000000
0.000000
0.000000
0.000000
0.000000
0.000000
0.000000
0.000000
0.000000
0.000000
0.000000
0.000000
0.000000
0.000000
0.000000
0.000000
0.000000
0.000000
0.000000
0.000000
0.000000
0.000000
0.000000
0.000000
0.000000
0.000000
0.000000
0.000000
0.000000
0.000000
0.000000
0.000000
0.000000
0.000000
0.000000
0.000000
0.000000
0.000000
0.000000
0.000000
0.000000
0.000000
0.000000
0.000000
0.000000
0.000000
0.000000
0.000000
0.000000
0.000000
0.000000
0.000000
0.000000
0.000000
0.000000
0.000000
0.000000
0.000000
0.000003
0.000000
0.000000
0.000000
0.000000
0.000000
0.000000
0.000000
0.000000
0.000000
0.000000
0.000000
0.000038
0.000029
0.000024
0.000070
0.000001
0.000000
0.000000
0.000000
0.000000
0.000000
0.000000
0.000000
0.000000
0.000000
0.000000
0.000000
0.000000
0.000000
0.000000
0.000000
0.000000
0.000000
0.000000
0.000000
0.000000
0.000000
0.000000
0.000000
0.000000
0.000000
0.000000
0.000000
0.000000
0.000000
0.000000
0.000000
0.000000
0.000000
0.000000
0.000000
0.000000
0.000000
0.000000
0.000000
0.000000
0.000000
0.000000
0.000000
0.000000
0.000000
0.000000
0.000000
0.000000
0.000000
0.000001
0.000000
0.000000
0.003696
0.003815
0.003928
0.004185
0.004485
0.000000
0.005343
0.000000
0.000000
0.000000
0.000000
0.000000
0.000000
0.000000
0.000000
0.000000
0.000000
0.000000
0.000000
0.000000
0.000000
0.000000
0.005434
0.005523
0.005737
0.005752
0.005763
0.005770
0.005770
0.005764
0.005761
0.007088
0.007171
0.007162
0.007159
0.005819
0.005812
0.005806
0.005775
0.005591
0.005226
0.004491
0.001046
0.000000
0.000000
0.000000
0.000000
0.000000
0.000000
0.000000
0.000000
0.000000
0.000000
0.000000
0.000000
0.000000
0.000000
0.000000
0.001069
0.001965
0.002274
0.002311
0.002171
0.001910
0.001551
0.001287
0.001099
0.000941
0.000871
0.000000
0.000000
0.000000
0.000000
0.000000
0.000000
0.000000
0.000000
0.000000
0.000000
0.000000
0.000000
0.000000
0.000000
0.000000
0.000000
0.000000
0.000000
0.000000
0.000000
0.000000
0.000000
0.000000
0.000000
0.000000
0.000000
0.000000
0.000000
0.000000
0.000000
0.000000
0.000000
0.000000
0.000000
0.000000
0.000000
0.000000
0.000000
0.000000
0.000000
0.000000
0.000000
0.000000
0.000000
0.000000
0.000000
0.000000
0.000000
0.000000
0.000000
0.000000
0.000000
0.000000
0.000000
0.000000
0.000000
0.000000
0.000000
0.000000
0.000000
0.000000
0.000000
0.000000
0.000000
0.000000
0.000000
0.000000
0.000000
0.000000
0.000000
0.000000
0.000000
0.000000
0.000000
0.000000
0.000000
0.000000
0.000000
0.000000
0.000000
0.000000
0.000000
0.000000
0.000000
0.000000
0.000000
0.000000
0.000000
0.000000
0.000000
0.000000
0.000000
0.000000
0.000000
0.000000
0.000000
0.000000
0.000000
0.000000
0.000000
0.000000
0.000000
0.000000
0.000000
0.000000
0.000000
0.000000
0.000000
0.000000
0.000000
0.000000
0.000000
0.000000
0.000000
0.000000
0.000000
0.000000
0.000000
0.000000
0.000000
0.000000
0.000000
0.000000
0.000000
0.000000
0.000000
0.000000
0.000000
0.000000
0.000000
0.000000
0.000000
0.000000
0.000000
0.000000
0.000000
0.000000
0.000000
0.000000
0.000000
0.000000
0.000000
0.000000
0.000000
0.000000
0.000000
0.000000
0.000000
0.000000
0.000000
0.000000
0.000000
0.000000
0.000000
0.000000
0.000000
0.000000
0.000000
0.000000
0.000000
0.000000
0.000000
0.000000
0.000000
0.000000
0.000000
0.000000
0.000000
0.000000
0.000000
0.000000
0.000000
0.000000
0.000000
0.000000
0.000000
0.000000
0.000000
0.000000
0.000000
0.000000
0.000000
0.000000
0.000000
0.000000
0.000000
0.000000
0.000000
0.000000
0.000000
0.000000
0.000000
0.000000
0.000000
0.000000
0.000000
0.000000
0.000000
0.000000
0.000000
0.000000
0.000000
0.000000
0.000000
0.000000
0.000000
0.000000
0.000000
0.000000
0.000000
0.000000
0.000000
0.000000
0.000000
0.000000
0.000000
0.000000
0.000000
0.000000
0.000000
0.000000
0.000000
0.000000
0.000000
0.000000
0.000000
0.000000
0.000031
0.000027
0.000056
0.000081
0.000241
0.000066
0.000054
0.000001
0.000000
0.000000
0.000000
0.000000
0.000000
0.000000
0.000000
0.000000
0.000000
0.000000
0.000000
0.000000
0.000000
0.000000
0.000000
0.000000
0.000000
0.000000
0.000000
0.000000
0.000000
0.000000
0.000000
0.000000
0.000000
0.000000
0.000000
0.000000
0.000000
0.000000
0.000001
0.000037
0.000039
0.000033
0.000001
0.000001
0.000000
0.000000
0.000000
0.000000
0.000000
0.000000
0.000000
0.000000
0.000000
0.000000
0.000000
0.000000
0.000000
0.000000
0.000000
0.000000
0.000000
0.000000
0.000001
0.000109
0.000212
0.000223
0.000239
0.000249
0.004818
0.005059
0.005272
0.000000
0.000000
0.005464
0.005456
0.000032
0.000038
0.000000
0.000000
0.000000
0.000000
0.000000
0.000000
0.000000
0.000000
0.000040
0.000035
0.000000
0.000000
0.000000
0.000000
0.000000
0.000000
0.000000
0.000000
0.000000
0.000000
0.000000
0.000000
0.000000
0.000000
0.000000
0.000000
0.000000
0.000000
0.000000
0.000000
0.000000
0.000000
0.000000
0.000000
0.000000
0.000000
0.000000
0.000000
0.000000
0.000000
0.000000
0.000000
0.000000
0.000000
0.000000
0.000000
0.000000
0.000000
0.000000
0.000000
0.000000
0.000000
0.000000
0.000000
0.000000
0.000000
0.000000
0.000000
0.000000
0.000000
0.000000
0.000000
0.000000
0.000000
0.000000
0.000000
0.000000
0.000000
0.000000
0.000000
0.000000
0.000000
0.000000
0.000000
0.000000
0.000000
0.000000
0.000000
0.000000
0.000000
0.000000
0.000000
0.000000
0.000000
0.000000
0.000000
0.000000
0.000000
0.000000
0.000000
0.000000
0.000000
0.000000
0.000000
0.000000
0.000000
0.000000
0.000000
0.000000
0.000000
0.000000
0.000000
0.000000
0.000000
0.000000
0.000000
0.000000
0.000000
0.000000
0.000000
0.000000
0.000000
0.000000
0.000000
0.000000
0.000000
0.000000
0.000000
0.000000
0.000000
0.000000
0.000000
0.000000
0.000000
0.000000
0.000000
0.000000
0.000000
0.000000
0.000000
0.000000
0.000000
0.000000
0.000000
0.000000
0.000000
0.000000
0.000000
0.000000
0.000000
0.000000
0.000000
0.000000
0.000000
0.000000
0.000000
0.000000
0.000000
0.000000
0.000000
0.000000
0.000000
0.000000
0.000000
0.000000
0.000000
0.000000
0.000000
0.000000
0.000000
0.000000
0.000000
0.000000
0.000000
0.000000
0.000000
0.000000
0.000000
0.000000
0.000000
0.000000
0.000000
0.000000
0.000000
0.000000
0.000000
0.000000
0.000000
0.000000
0.000000
0.009823
0.009751
0.009656
0.009279
0.008913
0.008496
0.000002
0.003660
0.002545
0.009065
0.009131
0.009216
0.008652
0.008623
0.008538
0.008359
0.004593
0.004390
0.004263
0.004225
0.003796
0.003414
0.002854
0.000050
0.000015
0.000000
0.000000
0.000000
0.000000
0.000000
0.000000
0.000000
0.000000
0.000000
0.000000
0.000000
0.000000
0.000000
0.000000
0.000000
0.000000
0.000000
0.000000
0.000000
0.000000
0.000000
0.000000
0.000000
0.000000
0.000000
0.000000
0.000000
0.000000
0.000000
0.000000
0.000000
0.000000
0.000000
0.000000
0.000000
0.000000
0.000000
0.000000
0.000000
0.000000
0.000000
0.000000
0.000000
0.000000
0.000000
0.000000
0.000000
0.000000
0.000000
0.000000
0.000000
0.000000
0.000000
0.000000
0.000000
0.000000
0.000000
0.000000
0.000000
0.000001
0.000002
0.000014
0.000001
0.000002
0.000094
0.000088
0.000092
0.000102
0.000152
0.000119
0.000114
0.000000
0.000000
0.000000
0.000000
0.000000
0.000000
0.000000
0.000000
0.000000
0.000000
0.000000
0.000000
0.000000
0.000000
0.000000
0.000000
0.000000
0.000000
0.000000
0.000000
0.000000
0.000000
0.000000
0.000000
0.000117
0.000124
0.000138
0.000163
0.000179
0.000199
0.000208
0.000243
0.000269
0.000308
0.000275
0.000000
0.000000
0.000000
0.000000
0.000000
0.000000
0.000000
0.000000
0.000000
0.000000
0.000000
0.000000
0.000000
0.000000
0.000000
0.000000
0.000000
0.000000
0.000000
0.000000
0.000000
0.000000
0.000000
0.000000
0.000000
0.000000
0.000000
0.000000
0.000000
0.000000
0.000000
0.000000
0.000000
0.000000
0.000000
0.000000
0.000000
0.000000
0.000000
0.000000
0.000000
0.000000
0.000000
0.000000
0.000000
0.000000
0.000000
0.000000
0.000000
0.000000
0.000000
0.000000
0.000000
0.000000
0.000000
0.000000
0.000000
0.000000
0.000000
0.000000
0.000000
0.000000
0.000000
0.000000
0.000000
0.000000
0.000000
0.000000
0.000000
0.000000
0.000000
0.000000
0.000000
0.000000
0.000000
0.000000
0.000000
0.000000
0.000000
0.000000
0.000000
0.000000
0.000000
0.000000
0.000000
0.000000
0.000000
0.000000
0.000000
0.000000
0.000000
0.000000
0.000000
0.000000
0.000000
0.000000
0.000000
0.000000
0.000000
0.000000
0.000000
0.000000
0.000000
0.000000
0.000000
0.000000
0.000000
0.000000
0.000000
0.000000
0.000000
0.000000
0.000000
0.000000
0.000000
0.000000
0.000000
0.000000
0.000000
0.000000
0.000000
0.000000
0.000000
0.000000
0.000000
0.000000
0.000000
0.000000
0.000000
0.000003
0.000000
0.000000
0.000000
0.000000
0.000000
0.000000
0.000000
0.000000
0.000000
0.000000
0.000000
0.000000
0.000000
0.000000
0.000000
0.000000
0.000000
0.000000
0.000000
0.000000
0.000000
0.000000
0.000000
0.000000
0.000000
0.000000
0.000000
0.000000
0.000000
0.000000
0.000000
0.000000
0.000001
0.004212
0.003241
0.000004
0.000000
0.000000
0.000000
0.000000
0.000000
0.000000
0.000000
0.000000
0.000000
0.000000
0.000000
0.000000
0.000000
0.000000
0.000000
0.000000
0.000000
0.000000
0.000000
0.000000
0.000000
0.000000
0.000000
0.000000
0.000000
0.000000
0.000000
0.000000
0.000000
0.000008
0.000226
0.000235
0.000267
0.000304
0.000405
0.001417
0.001555
0.001634
0.001668
0.001580
0.000232
0.000061
0.000000
0.000000
0.000000
0.000000
0.000001
0.000003
0.000000
0.000000
0.000000
0.000000
0.000000
0.000000
0.000000
0.000000
0.000000
0.000000
0.000000
0.000000
0.000000
0.000000
0.000000
0.000000
0.000000
0.000000
0.000000
0.000000
0.000000
0.000000
0.000000
0.000000
0.000000
0.000000
0.000000
0.000000
0.000000
0.000000
0.000000
0.000000
0.000000
0.000000
0.000000
0.000000
0.000000
0.000000
0.000000
0.000000
0.000000
0.000000
0.000000
0.000000
0.000000
0.000000
0.000000
0.000000
0.000000
0.000000
0.000000
0.000000
0.000000
0.000000
0.000000
0.000000
0.000000
0.000000
0.000000
0.000000
0.000000
0.000000
0.000000
0.000000
0.000000
0.000000
0.000000
0.000000
0.000000
0.000000
0.000000
0.000000
0.000000
0.000000
0.000000
0.000000
0.000000
0.000000
0.000000
0.000000
0.000000
0.000000
0.000000
0.000000
0.000000
0.000000
0.000000
0.000000
0.000007
0.000031
0.000007
0.000004
0.000002
0.000001
0.000001
0.000002
0.000000
0.000002
0.000000
0.000000
0.000000
0.000000
0.000000
0.000000
0.000000
0.000000
0.000000
0.000000
0.000000
0.000000
0.000000
0.000000
0.000000
0.000000
0.000000
0.000000
0.000000
0.000000
0.000000
0.000000
0.000000
0.000000
0.000000
0.000000
0.000000
0.000000
0.000000
0.000000
0.000000
0.000000
0.000000
0.000000
0.000000
0.000000
0.000000
0.000000
0.000000
0.000000
0.000000
0.000000
0.000000
0.000000
0.000000
0.000000
0.000000
0.000000
0.000000
0.000000
0.000000
0.000000
0.000000
0.000000
0.000000
0.000000
0.000000
0.000000
0.000000
0.000000
0.000000
0.000000
0.000000
0.000000
0.000000
0.000000
0.000000
0.000000
0.000000
0.000000
0.000000
0.000000
0.000000
0.000000
0.000000
0.000000
0.000000
0.000000
0.000000
0.000000
0.000000
0.000000
0.000000
0.000000
0.000000
0.000000
0.000000
0.000000
0.000000
0.000000
0.000000
0.000000
0.000000
0.000000
0.000000
0.000000
0.000000
0.000000
0.000000
0.000000
0.000000
0.000000
0.000000
0.000000
0.000000
0.000000
0.000000
0.000000
0.000000
0.000000
0.000000
0.000000
0.000000
0.000000
0.000000
0.000000
0.000000
0.000000
0.000000
0.000000
0.000000
0.000000
0.000000
0.000000
0.000000
0.000000
0.000000
0.000000
0.000000
0.000000
0.000000
0.000000
0.000000
0.000000
0.000000
0.000000
0.000000
0.000000
0.000000
0.000000
0.000000
0.000000
0.000000
0.000000
0.000000
0.000000
0.000000
0.000000
0.000000
0.000000
0.000000
0.000000
0.000000
0.000000
0.000000
0.000000
0.000000
0.000000
0.000000
0.000000
0.000000
0.000000
0.000000
0.000000
0.000000
0.000000
0.000000
0.000000
0.000000
0.000000
0.000000
0.000000
0.000000
0.000000
0.000000
0.000000
0.000000
0.000000
0.000000
0.000000
0.000000
0.000000
0.000000
0.000000
0.000000
0.000003
0.004528
0.004794
0.004841
0.004856
0.004974
0.004969
0.004947
0.000004
0.000004
0.000000
0.000000
0.000000
0.000000
0.000000
0.000000
0.000000
0.000000
0.000000
0.000000
0.000000
0.000000
0.000000
0.000000
0.000000
0.000000
0.000000
0.000000
0.000000
0.000000
0.000000
0.000000
0.000000
0.000000
0.000000
0.000000
0.000000
0.000000
0.000000
0.000000
0.000000
0.000000
0.000000
0.000000
0.000000
0.000000
0.000000
0.000000
0.000000
0.000000
0.000000
0.000000
0.000000
0.000000
0.000000
0.000000
0.000000
0.000000
0.000002
0.000002
0.000002
0.000004
0.000004
0.004986
0.004999
0.004924
0.000958
0.000000
0.000000
0.000000
0.000000
0.000000
0.000000
0.000000
0.000000
0.000000
0.000000
0.000000
0.000000
0.000000
0.000000
0.000000
0.000000
0.000000
0.000000
0.000000
0.000000
0.000000
0.000000
0.000000
0.000000
0.000000
0.000000
0.000000
0.000000
0.000000
0.000000
0.000000
0.000000
0.000000
0.000000
0.000000
0.000000
0.000000
0.000000
0.000000
0.000000
0.000000
0.000000
0.000000
0.000000
0.000000
0.000000
0.000000
0.000000
0.000000
0.000000
0.000000
0.000000
0.000000
0.000000
0.000000
0.000000
0.000000
0.000000
0.000000
0.000000
0.000000
0.000000
0.000000
0.000000
0.000000
0.000000
0.000000
0.000000
0.000000
0.000000
0.000000
0.000000
0.000000
0.000000
0.000000
0.000000
0.000000
0.000000
0.000000
0.000000
0.000000
0.000000
0.000000
0.000000
0.000000
0.000000
0.000000
0.000000
0.000000
0.000000
0.000000
0.000000
0.000000
0.000000
0.000000
0.000000
0.000000
0.000000
0.000000
0.000000
0.000144
0.000358
0.000311
0.000265
0.000150
0.000180
0.000659
0.000000
0.000000
0.000000
0.000000
0.000000
0.000000
0.000001
0.000000
0.000000
0.000000
0.000000
0.000000
0.000000
0.000000
0.000000
0.000000
0.000000
0.000000
0.000000
0.000000
0.000000
0.000000
0.000000
0.000000
0.000000
0.000000
0.000000
0.000000
0.000000
0.000000
0.000000
0.000000
0.000000
0.000000
0.000000
0.000000
0.000000
0.000000
0.000000
0.000000
0.000000
0.000000
0.000000
0.000000
0.000000
0.000000
0.000000
0.000000
0.000000
0.000000
0.000000
0.000000
0.000000
0.000000
0.000000
0.000000
0.000000
0.000000
0.000000
0.000000
0.000000
0.000000
0.000000
0.000000
0.000000
0.000000
0.000000
0.000000
0.000000
0.000000
0.000000
0.000000
0.000000
0.000000
0.000000
0.000000
0.000001
0.000000
0.000000
0.000000
0.000000
0.000000
0.000000
0.000000
0.000000
0.000001
0.004128
0.004411
0.004481
0.004284
0.004075
0.000001
0.000002
0.000001
0.000000
0.000000
0.000000
0.000000
0.000000
0.000000
0.000000
0.000000
0.000000
0.000000
0.000000
0.000000
0.000000
0.000000
0.000000
0.000000
0.000000
0.000000
0.000000
0.000000
0.000000
0.000000
0.000000
0.000000
0.000000
0.000000
0.000000
0.000000
0.000000
0.000000
0.000000
0.000000
0.000000
0.000000
0.000000
0.000000
0.000000
0.000000
0.000000
0.000000
0.000000
0.000000
0.000000
0.000000
0.000000
0.000000
0.000000
0.000000
0.000000
0.000000
0.000000
0.000000
0.000000
0.000000
0.000000
0.000000
0.000000
0.000000
0.000000
0.000000
0.000000
0.000000
0.000000
0.000000
0.000000
0.000000
0.000000
0.000000
0.000000
0.000000
0.000000
0.000000
0.000000
0.000000
0.000001
0.000001
0.000001
0.000089
0.001027
0.001058
0.001002
0.000857
0.000836
0.000914
0.000070
0.000067
0.000048
0.000024
0.000004
0.000000
0.000000
0.000000
0.000000
0.000000
0.000000
0.000000
0.000000
0.000000
0.000000
0.000000
0.000000
0.000000
0.000000
0.000000
0.000000
0.000000
0.000000
0.000000
0.000000
0.000000
0.000000
0.000000
0.000000
0.000000
0.000000
0.000000
0.000000
0.000000
0.000000
0.000000
0.000000
0.000000
0.000000
0.000000
0.000000
0.000000
0.000000
0.000000
0.000000
0.000000
0.000000
0.000000
0.000000
0.000000
0.000000
0.000000
0.000000
0.000000
0.000000
0.000000
0.000000
0.000000
0.000000
0.000000
0.000000
0.000000
0.000000
0.000000
0.000000
0.000000
0.000000
0.000000
0.000000
0.000000
0.000000
0.000000
0.000000
0.000000
0.000000
0.000000
0.000000
0.000000
0.000000
0.000000
0.000000
0.000000
0.000000
0.000000
0.000000
0.000000
0.000000
0.000000
0.000000
0.000000
0.000000
0.000000
0.000000
0.000000
0.000000
0.000000
0.000000
0.000000
0.000000
0.000000
0.000000
0.000000
0.000000
0.000000
0.000000
0.000000
0.000000
0.000000
0.000000
0.000000
0.000000
0.000000
0.000000
0.000000
0.000000
0.000000
0.000000
0.000000
0.000000
0.000001
0.000048
0.000074
1.393426
1.255878
0.658898
0.584413
0.527495
0.207576
0.138887
0.082159
0.000006
0.000000
0.000000
0.000000
0.000000
0.000000
0.000000
0.000000
0.000000
0.000000
0.000000
0.000000
0.000000
0.000000
0.000000
0.000000
0.000000
0.000000
0.000000
0.000000
0.000000
0.000000
0.000000
0.000000
0.000000
0.000000
0.000000
0.000000
0.000000
0.000000
0.000000
0.000000
0.000000
0.000000
0.000000
0.000000
0.000000
0.000000
0.000000
0.000000
0.000000
0.000000
0.000000
0.000000
0.000000
0.000000
0.000000
0.000000
0.000000
0.000000
0.000000
0.000000
0.000000
0.000000
0.000000
0.000000
0.000000
0.000000
0.000000
0.000000
0.000000
0.000000
0.000000
0.000000
0.000000
0.000000
0.000000
0.000000
0.000000
0.000000
0.000000
0.000000
0.000000
0.000000
0.000000
0.000000
0.000000
0.000000
0.000000
0.000000
0.000000
0.000000
0.000000
0.000000
0.000000
0.000000
0.000000
0.000000
0.000000
0.000000
0.000000
0.000000
0.000000
0.000000
0.000000
0.000000
0.000000
0.000000
0.000000
0.000000
0.000000
0.000000
0.000000
0.000000
0.000000
0.000000
0.000000
0.000000
0.000000
0.000000
0.000000
0.000000
0.000000
0.000000
0.000000
0.000000
0.000000
0.000000
0.000000
0.000000
0.000000
0.000000
0.000000
0.000000
0.000000
0.000000
0.000000
0.000000
0.000000
0.000000
0.000000
0.000000
0.000000
0.000000
0.000000
0.000000
0.000000
0.000000
0.000000
0.000000
0.000000
0.000000
0.000000
0.000000
0.000000
0.000000
0.000000
0.000000
0.000000
0.000000
0.000000
0.000000
0.000000
0.000000
0.000000
0.000000
0.000025
0.000002
0.000000
0.000000
0.000000
0.000000
0.000000
0.000000
0.000000
0.000000
0.000000
0.000000
0.000000
0.000000
0.000000
0.000000
0.000000
0.000000
0.000000
0.000000
0.000000
0.000000
0.000000
0.000000
0.000000
0.000000
0.000000
0.000000
0.000000
0.000000
0.000000
0.000000
0.000000
0.000000
0.000000
0.000000
0.000000
0.000000
0.000000
0.000000
0.000000
0.000000
0.000000
0.000000
0.000000
0.000000
0.000000
0.000000
0.000000
0.000000
0.000000
0.000000
0.000000
0.000000
0.000000
0.000000
0.000000
0.000000
0.000000
0.000000
0.000000
0.000000
0.000000
0.000000
0.000000
0.000000
0.000000
0.000000
0.000000
0.000000
0.000000
0.000000
0.000000
0.000000
0.000000
0.000000
0.000000
0.000000
0.000000
0.000000
0.000000
0.000000
0.000000
0.000000
0.000000
0.000000
0.000000
0.000000
0.000000
0.000000
0.000000
0.000000
0.000000
0.000000
0.000000
0.000000
0.000000
0.000000
0.000000
0.000000
0.000000
0.000000
0.000000
0.000000
0.000000
0.000000
0.000000
0.000000
0.000000
0.000000
0.000000
0.000000
0.000000
0.000000
0.000000
0.000000
0.000000
0.000000
0.000000
0.000000
0.000000
0.000000
0.000000
0.000001
0.000001
0.000001
0.000001
0.000000
0.000000
0.000000
0.000000
0.000000
0.000000
0.000000
0.000000
0.000000
0.000000
0.000000
0.000000
0.000000
0.000000
0.000000
0.000000
0.000000
0.000000
0.000000
0.000000
0.000000
0.000000
0.000000
0.000000
0.000000
0.000000
0.000000
0.000000
0.000000
0.000000
0.000000
0.000000
0.000000
0.000000
0.000000
0.000000
0.000000
0.000000
0.000000
0.000002
0.000004
0.000005
0.000006
0.000005
0.000005
0.000000
0.000000
0.000000
0.000000
0.000000
0.000000
0.000000
0.000000
0.000000
0.000000
0.000000
0.000000
0.000000
0.000000
0.000000
0.000000
0.000006
0.000054
0.000062
0.000067
0.000001
0.000000
0.000000
0.000000
0.000000
0.000000
0.000000
0.000000
0.000000
0.000000
0.000000
0.000000
0.000000
0.000000
0.000000
0.000000
0.000000
0.000000
0.000000
0.000000
0.000000
0.000000
0.000000
0.000000
0.000000
0.000000
0.000000
0.000000
0.000000
0.000000
0.000000
0.000000
0.000000
0.000000
0.000000
0.000000
0.000000
0.000000
0.000001
0.000001
0.000000
0.000000
0.000000
0.000001
0.000001
0.000001
0.000001
0.000003
0.000000
0.000000
0.000000
0.000000
0.000000
0.000000
0.000000
0.000000
0.000001
0.000000
0.000000
0.000000
0.000000
0.000000
0.000000
0.000000
0.000000
0.000000
0.000000
0.000000
0.000000
0.000000
0.000000
0.000000
0.000000
0.000000
0.000000
0.000000
0.000000
0.000000
0.000000
0.000000
0.000000
0.000000
0.000000
0.000000
0.000000
0.000001
0.000000
0.000001
0.000000
0.000001
0.000001
0.000002
0.000043
0.000060
0.000734
0.000758
0.000732
0.000701
0.000924
0.000849
0.000745
0.000655
0.000559
0.000521
0.000481
0.000478
0.000481
0.000433
0.000401
0.000015
0.000002
0.000012
0.000070
0.000279
0.000292
0.000312
0.000336
0.000321
0.000294
0.000271
0.000022
0.000019
0.000020
0.000020
0.000020
0.000022
0.000890
0.000943
0.000956
0.000968
0.000993
0.000994
0.000998
0.000989
0.000965
0.000933
0.000564
0.000725
0.000938
0.000932
0.000794
0.000695
0.000168
0.000002
0.000001
0.000000
0.000000
0.000000
0.000000
0.000000
0.000000
0.000000
0.000000
0.000000
0.000000
0.000000
0.000000
0.000001
0.000001
0.000001
0.000013
0.000014
0.000015
0.000768
0.000422
0.000016
0.000020
0.000023
0.000027
0.000047
0.000050
0.000050
0.000050
0.000055
0.000051
0.000049
0.000043
0.000001
0.000000
0.000000
0.000000
0.000000
0.000000
0.000000
0.000000
0.000000
0.000000
0.000000
0.000000
0.000000
0.000002
0.000002
0.000001
0.000002
0.000003
0.000116
0.000160
0.000143
0.000004
0.000003
0.000003
0.000003
0.000000
0.000000
0.000000
0.000000
0.000000
0.000000
0.000001
0.000000
0.000000
0.000000
0.000000
0.000000
0.000000
0.000000
0.000000
0.000000
0.000000
0.000000
0.000000
0.000000
0.000000
0.000000
0.000000
0.000000
0.000001
0.000005
0.000004
0.000141
0.000164
0.000198
0.000241
0.000385
0.000423
0.000413
0.000412
0.000393
0.000368
0.000028
0.000024
0.000021
0.000013
0.000012
0.000000
0.000000
0.000000
0.000000
0.000000
0.000000
0.000000
0.000000
0.000000
0.000000
0.000000
0.000000
0.000000
0.000000
0.000000
0.000000
0.000001
0.000000
0.000000
0.000000
0.000000
0.000000
0.000028
0.000027
0.000028
0.000029
0.000030
0.000031
0.000031
0.000028
0.000000
0.000000
0.000000
0.000000
0.000000
0.000000
0.000000
0.000000
0.000000
0.000000
0.000000
0.000000
0.000000
0.000000
0.000020
0.000030
0.000136
0.000213
0.000239
0.000282
0.000115
0.000125
0.000136
0.000136
0.000139
0.000140
0.000135
0.000115
0.000099
0.000091
0.000087
0.000074
0.000065
0.000004
0.000004
0.000004
0.000144
0.000158
0.000161
0.000151
0.000139
0.000101
0.000077
0.000002
0.000002
0.000004
0.000002
0.000002
0.000010
0.000049
0.000087
0.000087
0.000087
0.000085
0.000082
0.000081
0.000082
0.000081
0.000002
0.000002
0.000000
0.000000
0.000000
0.000000
0.000000
0.000000
0.000000
0.000000
0.000000
0.000000
0.000000
0.000000
0.000000
0.000000
0.000000
0.000000
0.000000
0.000000
0.000000
0.000000
0.000025
0.000025
0.000026
0.000020
0.000015
0.000001
0.000000
0.000000
0.000000
0.000000
0.000003
0.000000
0.000000
0.000000
0.000000
0.000000
0.000000
0.000001
0.000001
0.000006
0.000124
0.000164
0.000177
0.000181
0.000188
0.000312
0.000117
0.000100
0.000002
0.000002
0.000004
0.000000
0.000000
0.000000
0.000000
0.000000
0.000000
0.000001
0.000001
0.000233
0.000235
0.000239
0.000249
0.000274
0.000289
0.000309
0.000337
0.000335
0.000330
0.000324
0.000325
0.000318
0.000311
0.000258
0.000230
0.000207
0.000188
0.000183
0.000173
0.000170
0.000168
0.000163
0.000163
0.000151
0.000001
0.000001
0.000001
0.000001
0.000001
0.000000
0.000001
0.000001
0.000053
0.000063
0.000064
0.000067
0.000068
0.000000
0.000000
0.000000
0.000000
0.000000
0.000000
0.000000
0.000000
0.000000
0.000000
0.000000
0.000000
0.000000
0.000000
0.000000
0.000000
0.000001
0.000021
0.000118
0.000144
0.000158
0.000156
0.000128
0.000001
0.000001
0.000001
0.000000
0.000000
0.000000
0.000000
0.000000
0.000000
0.000000
0.000000
0.000000
0.000000
0.000000
0.000000
0.000000
0.000000
0.000000
0.000000
0.000000
0.000000
0.000000
0.000000
0.000000
0.000000
0.000000
0.000000
0.000000
0.000000
0.000000
0.000000
0.000000
0.000000
0.000000
0.000000
0.000000
0.000001
0.000001
0.000001
0.000027
0.000038
0.000040
0.000038
0.000031
0.000001
0.000000
0.000000
0.000000
0.000000
0.000000
0.000000
0.000000
0.000000
0.000000
0.000000
0.000000
0.000000
0.000000
0.000000
0.000000
0.000018
0.000054
0.000060
0.000063
0.000054
0.000001
0.000001
0.000000
0.000000
0.000000
0.000000
0.000000
0.000000
0.000000
0.000000
0.000000
0.000004
0.000005
0.000006
0.000008
0.000009
0.000011
0.000010
0.000010
0.000010
0.000011
0.000011
0.000011
0.000011
0.000009
0.000006
0.000000
0.000000
0.000000
0.000000
0.000000
0.000000
0.000000
0.000000
0.000000
0.000000
0.000000
0.000000
0.000000
0.000000
0.000000
0.000000
0.000000
0.000000
0.000000
0.000000
0.000000
0.000000
0.000000
0.000000
0.000000
0.000000
0.000001
0.000001
0.000002
0.000085
0.000091
0.000092
0.000095
0.000092
0.000080
0.000031
0.000025
0.000066
0.000124
0.000133
0.000130
0.000021
0.000055
0.000053
0.000036
0.000006
0.000013
0.000036
0.000047
0.000068
0.000071
0.000075
0.000081
0.000078
0.000071
0.000066
0.000034
0.000023
0.000000
0.000000
0.000000
0.000000
0.000000
0.000000
0.000000
0.000000
0.000021
0.000028
0.000018
0.000017
0.000016
0.000002
0.000002
0.000000
0.000001
0.000002
0.000002
0.000003
0.000003
0.000000
0.000000
0.000000
0.000000
0.000000
0.000000
0.000000
0.000000
0.000001
0.000000
0.000000
0.000000
0.000000
0.000000
0.000000
0.000000
0.000000
0.000000
0.000000
0.000000
0.000000
0.000000
0.000000
0.000000
0.000000
0.000000
0.000000
0.000000
0.000000
0.000000
0.000000
0.000000
0.000000
0.000000
0.000000
0.000000
0.000000
0.000000
0.000000
0.000000
0.000000
0.000000
0.000000
0.000000
0.000000
0.000000
0.000000
0.000000
0.000001
0.000002
0.000008
0.000007
0.000006
0.000007
0.000005
0.000003
0.000000
0.000000
0.000000
0.000000
0.000000
0.000000
0.000000
0.000000
0.000000
0.000000
0.000000
0.000000
0.000000
0.000000
0.000000
0.000000
0.000000
0.000000
0.000000
0.000000
0.000000
0.000000
0.000000
0.000000
0.000000
0.000001
0.000084
0.000306
0.000535
0.000566
0.000002
0.000001
0.000001
0.000001
0.000007
0.000025
0.000056
0.000093
0.000115
0.000112
0.000096
0.000081
0.000063
0.000052
0.000041
0.000033
0.000026
0.000022
0.000019
0.000017
0.000014
0.000000
0.000000
0.000001
0.000000
0.000000
0.000000
0.000001
0.000000
0.000000
0.000000
0.000000
0.000000
0.000000
0.000000
0.000000
0.000000
0.000000
0.000000
0.000000
0.000000
0.000000
0.000000
0.000000
0.000001
0.000003
0.000254
0.000260
0.000255
0.000252
0.000198
0.000176
0.000017
0.000001
0.000000
0.000000
0.000000
0.000000
0.000000
0.000000
0.000000
0.000000
0.000000
0.000000
0.000000
0.000000
0.000000
0.000000
0.000000
0.000001
0.000001
0.000001
0.000001
0.000001
0.000089
0.000089
0.000088
0.000087
0.000085
0.000083
0.000077
0.000070
0.000057
0.000051
0.000042
0.000001
0.000000
0.000000
0.000000
0.000000
0.000000
0.000000
0.000000
0.000000
0.000000
0.000000
0.000000
0.000000
0.000000
0.000000
0.000000
0.000000
0.000000
0.000000
0.000000
0.000000
0.000000
0.000000
0.000000
0.000000
0.000000
0.000000
0.000000
0.000000
0.000000
0.000001
0.000024
0.000026
0.000021
0.000021
0.000022
0.000021
0.000022
0.000022
0.000023
0.000021
0.000018
0.000000
0.000000
0.000000
0.000000
0.000000
0.000000
0.000000
0.000000
0.000000
0.000000
0.000000
0.000000
0.000000
0.000019
0.000019
0.000021
0.000000
0.000000
0.000000
0.000000
0.000000
0.000000
0.000000
0.000000
0.000000
0.000000
0.000000
0.000000
0.000000
0.000016
0.000016
0.000135
0.000031
0.000025
0.000025
0.000039
0.000048
0.000001
0.000001
0.000000
0.000000
0.000000
0.000000
0.000002
0.000002
0.000000
0.000000
0.000000
0.000000
0.000000
0.000000
0.000000
0.000000
0.000000
0.000000
0.000000
0.000000
0.000000
0.000000
0.000000
0.000000
0.000002
0.000003
0.000005
0.000007
0.000008
0.000030
0.003150
0.004126
0.000000
0.000000
0.000000
0.000000
0.000000
0.000000
0.000000
0.000000
0.000000
0.000000
0.000000
0.000000
0.000000
0.000000
0.000000
0.000000
0.000000
0.000002
0.004464
0.004828
0.005298
0.006304
0.007554
0.000000
0.000000
0.000000
0.000000
0.000000
0.000000
0.000000
0.000000
0.000000
0.000000
0.000000
0.000000
0.000000
0.000000
0.000000
0.000000
0.000000
0.000000
0.000000
0.000000
0.000000
0.000000
0.000000
0.000000
0.000000
0.000000
0.000000
0.000000
0.000000
0.000000
0.000000
0.000000
0.000000
0.000000
0.000000
0.000000
0.000000
0.000000
0.000000
0.008514
0.009321
0.008188
0.000000
0.000000
0.000000
0.000000
0.000000
0.000000
0.000000
0.000000
0.000000
0.000000
0.000000
0.000000
0.000000
0.000000
0.000000
0.000000
0.000000
0.000002
0.000001
0.000002
0.000002
0.000002
0.000000
0.000000
0.000000
0.000000
0.000000
0.000000
0.000000
0.000000
0.000000
0.000000
0.000000
0.000000
0.000000
0.000000
0.000001
0.000000
0.000000
0.000001
0.000000
0.000000
0.000000
0.000000
0.000000
0.000000
0.000000
0.000000
0.000000
0.000000
0.000000
0.000000
0.000000
0.000000
0.000000
0.000000
0.000000
0.000000
0.000000
0.000000
0.000000
0.000000
0.000000
0.000000
0.000001
0.000000
0.000000
0.000000
0.000000
0.000000
0.000000
0.000000
0.000000
0.000001
0.000001
0.000001
0.000000
0.007346
0.006446
0.005677
0.004871
0.003582
0.001681
0.001339
0.001149
0.000000
0.000000
0.000000
0.000000
0.000001
0.000000
0.000000
0.000001
0.000007
0.000006
0.000006
0.000001
0.000001
0.000001
0.000001
0.000000
0.000000
0.000000
0.000000
0.000000
0.000001
0.000001
0.000000
0.000000
0.000000
0.000000
0.000000
0.000000
0.000001
0.000000
0.000001
0.000002
0.000003
0.000002
0.000002
0.000001
0.000002
0.000003
0.000004
0.000003
0.000004
0.000006
0.000004
0.000000
0.000000
0.000000
0.000001
0.000001
0.000001
0.000000
0.000000
0.000000
0.000000
0.000000
0.000000
0.000000
0.000000
0.000000
0.000000
0.000000
0.000000
0.000000
0.000000
0.000000
0.000000
0.000000
0.000000
0.000000
0.000000
0.000000
0.000000
0.000001
0.000001
0.000002
0.000002
0.000002
0.000002
0.000000
0.000000
0.000000
0.000000
0.000000
0.000001
0.001039
0.000761
0.000167
0.000142
0.000107
0.000001
0.000000
0.000000
0.000000
0.000004
0.000004
0.000004
0.000001
0.000001
0.000000
0.000000
0.000001
0.000000
0.000000
0.000001
0.000001
0.000005
0.000003
0.000001
0.000001
0.000000
0.000001
0.000000
0.000000
0.000001
0.000001
0.000002
0.000001
0.000006
0.000006
0.000036
0.000056
0.000006
0.000005
0.000001
0.000001
0.000001
0.000001
0.000002
0.000001
0.000002
0.000002
0.000004
0.000047
0.000051
0.000016
0.000005
0.000003
0.000006
0.000005
0.000004
0.000002
0.000001
0.000001
0.000001
0.000002
0.000008
0.000006
0.000002
0.000003
0.000002
0.000002
0.000003
0.000006
0.000001
0.000001
0.000001
0.000002
0.000005
0.000003
0.000007
0.000009
0.000010
0.000009
0.000002
0.000001
0.000002
0.000003
0.000004
0.000007
0.000009
0.000004
0.000009
0.000004
0.000007
0.000003
0.000003
0.000051
0.000004
0.000004
0.000003
0.000002
0.000005
0.000038
0.000037
0.000005
0.000003
0.000003
0.000005
0.000068
0.000010
0.000008
0.000008
0.000007
0.000005
0.000009
0.000014
0.000012
0.007231
0.010451
0.007068
0.000123
0.000100
0.000008
0.000008
0.000008
0.000069
0.000000
0.000000
0.000078
0.000103
0.000029
0.000196
0.000150
0.000272
0.000745
0.000750
0.000075
0.000067
0.000051
0.000039
0.000054
0.000103
0.000057
0.003557
0.003818
0.003964
0.000054
0.000017
0.000013
0.000010
0.000006
0.000006
0.000005
0.000006
0.000009
0.000012
0.000011
0.000011
0.000017
0.000025
0.000033
0.004225
0.004567
0.005157
0.005888
0.006751
0.010946
0.011163
0.014624
0.041137
0.080383
0.194280
0.242722
0.372647
0.420315
0.566563
0.715851
0.760474
0.019411
0.018606
0.000013
0.000011
0.000023
0.000006
0.000005
0.011762
0.016406
0.019541
0.019825
0.019714
0.020152
0.020138
0.019837
0.015772
0.016596
0.000088
0.000000
0.000000
0.000000
0.000000
0.000000
0.000000
0.000000
0.000000
0.000000
0.000000
0.000001
0.000000
0.000000
0.000000
0.000000
0.000158
0.000103
0.000114
0.006501
0.006754
0.000003
0.000003
0.000004
0.000006
0.000000
0.000000
0.000000
0.000000
0.000000
0.006317
0.000038
0.000265
0.001101
0.014768
0.016190
0.015397
0.016058
0.006121
0.000054
0.000007
0.000007
0.000006
0.000005
0.000001
0.000001
0.000001
0.000177
0.000316
0.000583
0.002434
0.001675
0.000522
0.000499
0.000225
0.000655
0.004298
0.012232
1.166642
1.084960
0.933092
0.828451
0.132234
0.020694
0.013806
0.012519
0.011231
0.010457
0.007656
0.000034
0.000011
0.000014
0.000015
0.000013
0.000014
0.000006
0.000002
0.000003
0.000006
0.000000
0.000000
0.000000
0.000000
0.000006
0.000002
0.000002
0.000003
0.000000
0.000001
0.000002
0.000000
0.000000
0.000002
0.000000
0.000000
0.000000
0.000000
0.000000
0.000000
0.000000
0.000000
0.000000
0.000000
0.000000
0.000000
0.000000
0.000000
0.000000
0.000000
0.000000
0.000000
0.000000
0.000000
0.000000
0.000000
0.000000
0.000000
0.000000
0.000000
0.000000
0.000000
0.000000
0.000000
0.000000
0.000000
0.000000
0.000000
0.000000
0.000000
0.000001
0.000017
0.000028
0.000033
0.000037
0.000038
0.000037
0.000032
0.000000
0.000000
0.000028
0.000019
0.000007
0.000006
0.000005
0.000006
0.000010
0.000005
0.000000
0.000000
0.000000
0.000000
0.000000
0.000000
0.000000
0.000000
0.000000
0.000000
0.000000
0.000000
0.000000
0.000000
0.000000
0.000000
0.000000
0.000000
0.000000
0.000001
0.000001
0.000000
0.000460
0.001344
0.000146
0.000064
0.000157
0.000432
0.000644
0.000753
0.000581
0.000645
0.000030
0.000032
0.000016
0.000010
0.000007
0.000006
0.000020
0.000019
0.000000
0.000000
0.000000
0.000000
0.000000
0.000000
0.000000
0.000000
0.000000
0.000018
0.000000
0.000000
0.000000
0.000000
0.000000
0.000000
0.000000
0.000000
0.000000
0.000000
0.000000
0.000000
0.000000
0.000000
0.000000
0.000000
0.000000
0.000000
0.000000
0.000000
0.000000
0.000000
0.000000
0.000017
0.000032
0.000017
0.000018
0.000000
0.000000
0.000000
0.000000
0.000000
0.000000
0.000000
0.000000
0.000000
0.000000
0.000000
0.000000
0.000000
0.000000
0.000000
0.000017
0.000019
0.000029
0.000021
0.000142
0.007882
0.007927
0.007881
0.007387
0.007150
0.000554
0.004655
0.004616
0.004281
0.003905
0.003560
0.000081
0.000091
0.000000
0.000000
0.000000
0.000000
0.000000
0.000000
0.000000
0.000000
0.000000
0.000000
0.000000
0.000000
0.000000
0.000000
0.000000
0.000000
0.000000
0.000000
0.000000
0.000062
0.000106
0.000069
0.000072
0.009554
0.010168
0.010375
0.000000
0.000000
0.000000
0.000000
0.010417
0.011287
0.000119
0.000000
0.000191
0.000212
0.000432
0.037302
0.186093
0.202126
0.385352
0.575707
1.147810
1.436226
1.631098
1.877571
0.000040
0.000028
0.000000
0.000000
0.000000
0.000000
0.000020
0.000014
0.000021
0.000015
0.000000
0.000000
0.000000
0.000000
0.000000
0.000000
0.000000
0.000000
0.000000
0.000000
0.000000
0.000000
0.000001
0.000002
0.000002
0.000002
0.000002
0.000000
0.000000
0.000000
0.000000
0.000000
0.000000
0.000000
0.000000
0.000000
0.000000
0.000000
0.000000
0.000000
0.000000
0.000000
0.000000
0.000000
0.000000
0.000000
0.000000
0.000000
0.000000
0.000000
0.000010
2.334757
2.694681
3.036371
0.000041
0.000000
0.000000
0.000171
0.000177
0.000102
0.000000
0.000000
0.000000
0.000000
0.000043
0.000116
0.000098
0.000101
0.000319
0.000096
0.000000
0.000000
0.000000
0.000001
0.000004
0.000004
0.000001
0.000000
0.000001
0.000003
0.000537
0.000403
0.000596
0.000001
0.000001
0.000000
0.000000
0.000000
0.000000
0.000000
0.000000
0.000000
0.000005
0.000000
0.000000
0.000000
0.000001
0.000001
0.000001
0.000003
0.000001
0.000001
0.000002
0.000001
0.000001
0.000001
0.000001
0.000001
0.000000
0.000000
0.000001
0.000001
0.000001
0.000000
0.000001
0.000001
0.000001
0.000001
0.000001
0.000001
0.000001
0.000002
0.000000
0.000015
0.000004
0.000006
0.000002
0.000002
0.000001
0.000001
0.000001
0.000001
0.000001
0.000002
0.000004
0.000002
0.000003
0.000003
0.000003
0.000002
0.000003
0.000023
0.000020
0.000048
0.000060
0.000024
0.000013
0.000007
0.000008
0.000007
0.000004
0.000004
0.000005
0.000008
0.000001
0.000002
0.000002
0.000003
0.000003
0.000004
0.000014
0.000106
0.000001
0.000002
0.000010
0.000018
0.000020
0.000021
0.000189
0.000086
0.000081
0.000044
0.000025
0.000018
0.000013
0.000015
0.000011
0.000006
0.000006
0.000028
0.000008
0.000015
0.000004
0.000015
0.000015
0.000017
0.000028
0.000030
0.000030
0.000039
0.000032
0.000009
0.000241
0.000057
0.000076
0.000016
0.000024
0.000015
0.000023
0.000021
0.000018
0.000022
0.000032
0.000146
0.000370
0.000419
0.000392
0.000111
0.000028
0.000018
0.000019
0.000036
0.000047
0.000116
0.000444
0.003225
0.013294
0.014475
0.025177
3.949325
4.144191
4.366369
4.480747
4.628299
4.697060
4.838561
4.942765
5.004661
0.000189
0.000260
0.000443
0.000439
0.000569
0.003944
0.005998
5.221967
5.338302
5.186607
5.287492
5.344990
5.309007
5.166711
5.355681
5.628117
5.674707
0.001661
0.000886
0.000238
0.000198
0.000031
0.000148
0.000030
0.000020
0.000023
0.000031
0.000356
0.000170
0.000266
0.000629
5.705508
0.000283
0.001141
0.001055
5.762789
5.742792
5.718247
5.587593
5.396153
5.328782
5.093434
4.861982
4.428890
3.963387
3.460008
0.302664
0.010056
0.006568
0.006458
0.011261
0.008479
0.008453
0.007846
0.007511
1.986234
1.905674
0.018126
0.016063
0.005924
0.006037
0.005877
0.005805
0.005854
0.005811
0.005833
0.005801
0.005829
0.005853
0.005809
0.005790
0.009340
0.009389
0.009442
0.009391
0.009250
0.009036
0.008963
0.008441
0.008036
0.007628
0.007200
0.000054
0.008212
0.008042
0.036912
0.029971
0.014357
0.005802
0.005803
0.005778
0.005773
0.005768
0.005773
0.005774
0.005785
0.005794
0.006377
0.007895
0.007187
0.005729
0.005681
0.004470
0.000740
0.000547
0.000557
0.001267
0.001936
0.002574
0.002817
0.003225
0.003504
0.004074
0.009034
0.009579
0.010303
0.010832
0.011139
0.011258
0.011353
0.011117
0.010694
0.010253
0.010250
0.010314
0.010578
0.010790
0.011045
0.011331
0.011334
0.011238
0.011104
0.010984
0.010366
0.010083
0.009872
0.009477
0.006492
0.008795
0.009591
0.010378
0.011198
0.011232
0.011272
0.011374
0.011340
0.011339
0.011065
0.010917
0.000995
0.000811
0.000031
0.000006
0.000002
0.000001
0.000001
0.000001
0.000002
0.000001
0.000001
0.000003
0.000007
0.000007
0.000004
0.000002
0.000002
0.000003
0.000002
0.000001
0.000004
0.000010
0.000034
0.000008
0.000017
0.000017
0.000002
0.000021
0.000020
0.000002
0.000003
0.000002
0.009842
0.059456
0.075808
0.089212
0.094999
0.102711
0.151260
0.296178
1.234555
2.120671
2.374888
2.773007
3.030142
0.014746
3.495180
3.816994
4.222735
4.642399
5.125450
5.235963
5.412003
5.554925
5.720056
5.826732
5.881538
0.020310
0.013323
0.019004
0.021776
0.036205
0.000006
0.000003
0.000002
0.000003
0.000005
0.000003
0.000002
0.000004
0.000009
0.000002
0.000002
0.000001
0.000001
0.000002
0.000002
0.000004
0.000250
0.000002
0.000010
0.000041
0.000083
0.000032
0.000023
0.000017
0.000012
0.000021
0.000026
0.000068
0.000053
0.002627
6.068371
6.124733
6.167295
6.187567
6.208120
5.957473
5.755934
5.536284
0.037320
0.006691
0.000050
0.000025
0.005503
0.006114
0.001982
0.001777
0.000594
0.000623
5.028941
4.937225
4.922579
4.771875
0.235548
0.207050
0.082692
0.013919
0.010468
0.110395
0.000015
0.000009
0.000007
0.000012
0.000003
0.000005
0.000010
0.000012
0.000010
0.000016
0.000015
0.000012
0.000074
0.000076
0.000023
0.000021
0.000023
0.000023
0.000054
0.000054
0.000061
0.000007
0.000007
0.000004
0.000004
0.000006
0.000012
0.000007
0.001363
0.001115
0.043698
0.038216
0.017382
0.060501
0.063194
0.067072
0.063981
0.002442
0.000010
0.000004
0.000013
0.000006
0.000010
0.000019
0.000006
0.000021
0.000031
0.000029
0.000037
0.000075
0.000087
0.000128
0.000094
0.000115
4.458428
4.582177
4.589404
4.611959
0.058618
0.013893
0.002676
0.003132
0.002888
0.000045
0.000052
0.000031
4.578043
4.968791
5.355931
5.781278
5.974010
6.233797
6.401327
6.478652
6.488631
6.493200
6.467850
6.450402
6.437753
6.311554
0.000056
0.000036
0.000028
0.000007
0.000019
0.000018
0.000042
0.005333
0.005294
0.000022
0.000145
0.000089
0.000081
0.000080
0.000104
0.000729
0.000794
0.001376
0.002349
0.007727
6.551819
6.599996
6.658975
6.823069
6.923622
7.015424
7.014411
6.750261
6.495516
6.145543
5.932613
5.627521
0.043948
5.392473
4.936713
4.520708
0.497533
0.441549
0.060764
0.047044
0.007152
0.006887
0.006441
0.006084
0.005810
0.005810
0.005789
0.005821
0.005805
0.005804
0.005845
0.005794
0.005788
0.006031
0.008131
0.007706
0.010565
0.011658
0.007169
3.616509
3.614858
3.459451
3.309546
3.074977
0.011194
0.008298
0.008481
0.007340
0.004204
0.003983
0.004016
0.003898
0.003922
0.004045
0.004088
0.004234
0.011618
0.012045
0.011641
0.011677
0.021440
0.022875
0.023283
0.023604
0.022887
0.022759
0.022719
0.022837
0.040362
0.023433
0.006101
0.028032
2.752797
2.648987
2.518475
2.395267
2.237005
2.031289
0.178392
0.024326
0.487744
0.755753
3.045186
3.354658
0.019058
0.032975
3.798499
4.118847
4.397183
4.763954
4.803681
4.811527
0.000217
0.000309
0.000226
0.005168
0.005066
0.004934
0.006888
0.010696
0.013653
0.016562
0.018074
0.018380
0.019247
0.009658
0.009606
0.009548
0.009503
0.009178
0.008879
0.010949
0.003068
0.000996
0.002251
0.033324
4.992651
0.006441
0.008708
0.007611
0.007099
0.006515
0.005964
0.005806
0.005797
0.005780
0.005779
0.005760
0.005735
0.005744
0.005623
0.003991
0.003640
0.003410
0.002873
0.001941
0.000532
0.000260
0.001340
0.001537
0.001764
0.002529
0.003062
0.021871
0.007962
0.007917
0.000012
0.000011
0.000014
0.026495
0.035061
0.039118
5.008360
5.162717
5.342574
5.415651
5.479863
0.010974
0.011118
0.001161
0.001060
0.001046
0.001049
0.001104
0.001083
0.001163
0.001302
0.001427
0.001570
0.001904
0.001943
0.018752
0.053244
5.801422
0.000032
0.000011
0.000008
0.000005
0.000011
0.000038
0.000026
0.000014
0.000009
0.000022
0.000024
0.000032
0.000046
0.000159
0.004156
0.005704
0.005716
0.005757
0.005758
0.005752
0.005751
0.005701
0.005675
0.005674
0.005633
0.005599
0.004953
0.000374
0.000217
0.000152
0.000160
0.000108
0.000088
0.000074
0.015073
5.938774
5.991594
5.925690
5.862079
5.726840
5.595771
5.383915
5.221975
5.001207
4.790616
3.989019
0.008679
3.148155
2.649816
0.018274
0.146360
0.126047
0.106426
0.083590
0.043531
0.030880
0.013129
0.006046
0.005978
0.005953
0.005707
0.005714
0.005727
0.005744
0.005778
0.005782
0.005797
0.005800
0.005822
0.005785
0.005791
0.005786
0.005816
0.005808
0.005801
0.005953
0.005785
0.005777
0.005770
0.005765
0.005765
0.005769
0.005770
0.005765
0.005765
0.005769
0.005766
0.005783
0.006011
0.005929
0.013751
0.013311
0.019687
0.019259
0.013404
0.006068
0.005798
0.005981
0.010038
0.005925
0.009830
0.009738
0.009701
0.009573
0.009696
0.009660
0.005897
0.005893
0.009735
0.009679
0.009807
0.016098
0.018976
0.018886
0.022211
0.601894
0.733705
0.732952
0.665285
0.659982
0.716914
0.689915
0.672934
0.649242
0.620908
0.592298
0.002364
0.375286
0.228734
0.217598
0.078313
0.057636
0.009486
0.005783
0.005790
0.007802
0.007496
0.007206
0.007044
0.005938
0.005930
0.005971
0.005931
0.005905
0.005946
0.005852
0.005789
0.005789
0.005772
0.005772
0.005886
0.005826
0.005791
0.005780
0.005771
0.005779
0.005774
0.005768
0.005768
0.005806
0.005787
0.005768
0.005773
0.005806
0.005796
0.005797
0.005839
0.005829
0.006023
0.006013
0.006055
0.006079
0.006119
0.008125
0.016622
0.016493
0.006070
0.005765
0.005762
0.005759
0.005761
0.005769
0.005762
0.005763
0.005760
0.005759
0.005762
0.005761
0.005759
0.005761
0.005766
0.005771
0.005771
0.005764
0.005763
0.005766
0.005766
0.005769
0.005765
0.005780
0.005793
0.005796
0.005796
0.007720
0.007880
0.011300
0.012418
0.012640
0.013066
0.013743
0.013822
0.013676
0.013815
0.019234
0.021357
0.033335
0.033671
0.033962
0.000036
0.000034
0.003803
0.000144
0.000122
0.012013
0.009769
0.022008
0.059229
0.059668
0.086162
0.087186
0.089391
0.090754
0.088519
0.079089
0.080884
0.059860
0.011901
0.012049
0.012059
0.012039
0.012218
0.005917
0.006073
0.005898
0.005936
0.005770
0.005767
0.005766
0.005771
0.005815
0.005910
0.005790
0.005733
0.005731
0.005754
0.005760
0.005762
0.005764
0.005773
0.005787
0.005850
0.005873
0.005845
0.005771
0.005755
0.005723
0.005677
0.005653
0.005630
0.005572
0.005516
0.005526
0.005605
0.005617
0.005625
0.005709
0.005741
0.005782
0.005782
0.005796
0.005798
0.005777
0.005766
0.011976
0.013865
0.589072
0.668373
0.742440
0.876011
0.991668
1.167753
1.299533
1.457591
1.609749
1.607904
1.565612
1.526256
1.366048
0.882151
0.811186
0.718669
0.000913
0.000888
0.005074
0.330235
0.293591
0.218877
0.197996
0.000915
0.000764
0.000769
0.000750
0.023936
0.022344
0.013849
0.013547
0.013433
0.013768
0.020683
0.021494
0.020961
0.011985
0.011893
0.011227
0.010837
0.009899
0.000437
0.005192
0.019789
0.062006
0.069964
0.077297
0.000145
0.073822
0.071734
0.069056
0.066996
0.032527
0.018948
0.017862
0.016076
0.011755
0.015004
0.015764
0.016495
0.016826
0.016874
0.018842
0.020249
0.022130
0.023863
0.024385
0.025019
0.029643
0.037472
0.038071
0.039045
0.135702
0.135333
0.137892
0.139310
0.046550
0.045515
0.012457
0.000148
0.008946
0.009506
0.026343
0.038524
0.159071
0.761779
0.932395
1.130500
1.311668
1.654042
2.376254
3.255813
4.048712
4.669730
5.477327
6.378211
6.575424
6.642793
6.731777
6.764135
6.744228
6.694275
6.641502
6.618873
6.542356
0.064306
6.482358
6.562875
6.639444
6.655366
6.638168
6.630308
6.629648
6.609076
6.566562
6.483899
6.415480
6.369982
6.319386
6.171593
6.032292
5.854412
5.726592
5.599129
5.499578
5.396716
4.541876
3.701650
3.173930
2.734790
2.250615
1.928152
1.696491
1.244086
1.041742
0.981301
0.302075
0.204669
0.116637
0.052182
0.009091
0.007140
0.000045
0.000037
0.000025
0.000044
0.000029
0.000046
0.000016
0.000006
0.004094
0.004123
0.004132
0.022654
0.024072
0.023501
0.022269
0.021186
0.021133
0.020855
0.014593
0.014563
0.014389
0.014083
0.012530
0.010980
0.007496
0.006715
0.000312
0.009332
0.009595
0.009913
0.010887
0.012578
0.013053
0.013705
0.014622
0.015092
0.015595
0.016126
0.029496
0.044515
0.047383
0.049411
0.049613
0.092182
0.004925
0.010917
0.007741
0.006954
0.006947
0.006407
0.006277
0.005840
0.005656
0.005607
0.005429
0.005350
0.004863
0.000753
0.000121
0.000123
0.000158
0.000154
0.000725
0.000819
0.000828
0.007415
0.024815
0.149872
0.213750
0.163056
0.823882
0.911477
0.974991
1.050499
1.132519
1.224191
1.360386
0.004959
0.000084
0.000081
0.000196
0.000259
0.000273
0.000291
0.000284
0.000049
0.000017
0.000014
0.000010
0.000014
0.000024
0.000025
0.000030
0.000015
0.000012
0.000010
0.000013
0.000017
0.000034
0.000060
0.000032
0.000020
0.000017
0.000015
0.000026
0.000044
0.000040
0.000021
0.000015
0.000012
0.000020
0.000036
0.000297
0.000301
0.000291
0.000140
0.000157
1.573122
1.735462
1.960362
2.090459
2.214580
2.351066
2.355188
2.361009
2.334733
2.256360
2.049016
1.905854
0.005969
0.001834
0.001233
0.001243
0.001498
0.001433
0.000863
0.000560
0.001646
0.001676
0.001748
0.001876
0.001979
0.001915
0.001826
0.000037
0.000038
0.000021
0.000018
0.000020
0.000028
0.000510
0.000553
0.000210
0.000152
0.000105
0.000117
0.004130
0.003742
0.001268
0.000618
0.000179
0.000024
0.000024
0.000469
0.000409
0.004582
0.015887
1.377800
1.212292
1.057016
0.930129
0.835362
0.760789
0.301759
0.277997
0.236088
0.133323
0.117535
0.065735
0.043966
0.000928
0.000431
0.000308
0.000267
0.000319
0.000261
0.000026
0.000010
0.000014
0.000026
0.000065
0.000242
0.000005
0.000005
0.000007
0.000006
0.000017
0.000006
0.000004
0.000007
0.000007
0.000013
0.000140
0.000169
0.000207
0.000230
0.000268
0.000290
0.000287
0.000293
0.000368
0.000382
0.000389
0.000459
0.000044
0.000038
0.000194
0.000276
0.000346
0.000401
0.000576
0.000633
0.009009
0.014007
0.010562
0.010039
0.010103
0.008903
0.003498
0.002009
0.001982
0.001938
0.001525
0.000133
0.000033
0.000019
0.000004
0.000005
0.000021
0.000012
0.000007
0.000004
0.000012
0.000013
0.000016
0.000012
0.000010
0.000007
0.000004
0.000008
0.000003
0.000004
0.000005
0.000032
0.000039
0.000040
0.000007
0.000015
0.000011
0.000012
0.000007
0.000007
0.000014
0.007121
0.007054
0.007231
0.010443
0.010094
0.010339
0.008104
0.007116
0.007209
0.006913
0.006966
0.007294
0.006948
0.005539
0.005166
0.004122
0.000097
0.000084
0.000079
0.000012
0.000008
0.000009
0.000009
0.000017
0.000022
0.000022
0.000003
0.000003
0.000002
0.000003
0.000002
0.000005
0.000005
0.000171
0.000004
0.000003
0.000006
0.000007
0.000006
0.000005
0.000003
0.000004
0.000003
0.000002
0.000003
0.000003
0.000015
0.000005
0.000009
0.000004
0.000005
0.000004
0.000006
0.000003
0.000009
0.000006
0.000010
0.000016
0.000038
0.000014
0.000003
0.000002
0.000002
0.000005
0.000005
0.000002
0.000003
0.000004
0.000002
0.000001
0.000001
0.000001
0.000001
0.000006
0.000050
0.000020
0.000016
0.000013
0.000011
0.000007
0.000008
0.000009
0.000007
0.000028
0.000047
0.000009
0.000009
0.000005
0.000007
0.000015
0.000024
0.000038
0.000058
0.000004
0.000004
0.000003
0.000002
0.000002
0.000001
0.000001
0.000001
0.000001
0.000003
0.000006
0.000001
0.000000
0.000000
0.000001
0.000001
0.000002
0.000002
0.000001
0.000002
0.000002
0.000001
0.000002
0.000001
0.000004
0.000003
0.000004
0.000008
0.000012
0.000001
0.000003
0.000002
0.000003
0.000007
0.000003
0.000011
0.000010
0.000013
0.000027
0.000017
0.000027
0.000042
0.000056
0.000051
0.000015
0.000006
0.000003
0.000002
0.000002
0.000002
0.000003
0.000003
0.000003
0.000003
0.000002
0.000002
0.000003
0.000004
0.000015
0.000006
0.000007
0.000006
0.000019
0.000169
0.000233
0.000275
0.000279
0.002897
0.003327
0.003321
0.002873
0.002674
0.001039
0.001045
0.000930
0.003699
0.003373
0.003642
0.003688
0.003706
0.003594
0.003539
0.003509
0.002967
0.000702
0.000944
0.000776
0.000276
0.000312
0.002760
0.002977
0.005357
0.006424
0.006807
0.015698
0.014310
0.014355
0.014407
0.014449
0.014670
0.014389
0.014370
0.014365
0.014401
0.014396
0.014407
0.014377
0.014382
0.014393
0.014389
0.014403
0.014412
0.014430
0.014414
0.014316
0.014260
0.014232
0.014263
0.014445
0.014240
0.014218
0.014220
0.014147
0.013896
0.013466
0.010795
0.004490
0.003216
0.000220
0.000228
0.000241
0.002633
0.002807
0.002510
0.002364
0.002305
0.007695
0.010548
0.011233
0.012135
0.020711
0.021974
0.023047
0.026806
0.028012
0.027900
0.027900
0.026789
0.023777
0.008057
0.007885
0.007567
0.007432
0.006619
0.005904
0.000502
0.000507
0.000376
0.003911
0.016564
0.032775
0.062438
0.094958
0.118280
0.120623
0.119990
0.118004
0.116306
0.110056
0.106671
0.095633
0.093022
0.089415
0.049831
0.023500
0.010501
0.008974
0.006159
0.005975
0.016354
0.016182
0.023548
0.030476
0.039627
0.038314
0.030413
0.022020
0.033562
0.036139
0.038230
0.038617
0.045179
0.047978
0.049539
0.012848
0.014597
0.011804
0.029538
0.032563
0.036544
0.144149
0.166576
0.200389
0.234786
0.258794
0.403555
0.422307
0.425772
0.433356
0.435776
0.429293
0.427808
0.422354
0.416517
0.405596
0.412465
0.086952
0.457867
0.494541
0.504348
0.508422
0.507785
0.508339
0.508466
0.516113
0.519995
0.509961
0.510865
0.511668
0.512242
0.512068
0.511250
0.509949
0.513990
0.509435
0.508768
0.471670
0.424985
0.373956
0.334684
0.261371
0.146156
0.127216
0.061124
0.044690
0.039290
0.015623
0.095229
0.097872
0.122484
0.117375
0.133114
0.144724
0.153812
0.173096
0.180606
0.184366
0.190197
0.192630
0.171160
0.057419
0.000590
0.006852
0.006472
0.006617
0.006860
0.006950
0.006627
0.006390
0.006141
0.006024
0.005979
0.005638
0.005554
0.005385
0.005225
0.005003
0.005384
0.005150
0.013585
0.041940
0.047783
0.056780
0.242244
0.257983
0.295441
0.190056
0.147579
0.105693
0.064260
0.064364
0.049531
0.010587
0.009212
0.008571
0.000051
0.000047
0.000030
0.000031
0.000045
0.000077
0.000151
0.000335
0.008644
0.011197
0.013012
0.013516
0.022228
0.023940
0.027216
0.017473
0.348289
0.389417
0.466829
0.508463
0.584843
0.666029
0.721368
0.788222
0.832042
0.038182
1.643883
1.875867
2.134099
2.445467
2.862841
3.544275
0.000023
0.000016
0.000012
0.000015
0.000026
0.000919
0.000827
0.001385
0.001498
0.001503
0.001602
0.002783
0.000048
0.000015
0.000023
0.000017
0.000013
0.000015
0.000014
0.000017
0.000023
0.000048
0.000020
0.000023
0.000025
0.000046
0.000015
0.000021
0.000029
0.000076
0.000052
0.000048
0.000017
0.000021
0.000010
0.000017
0.000021
0.000009
0.000022
0.000013
0.000097
0.000089
0.000020
0.000035
0.000042
0.000078
0.000029
0.000086
0.003508
0.006087
0.000038
0.000032
0.000027
0.000018
0.000033
0.000025
0.000061
0.000049
0.000028
0.000044
0.000064
0.000091
0.000130
0.000223
0.000261
0.000348
0.000504
0.001660
0.002571
0.003777
4.805721
5.826441
6.952688
7.194049
7.258721
7.335326
7.345257
7.236318
7.294444
7.218652
7.083546
7.002458
7.064569
0.071734
7.358812
7.439046
7.470590
7.334436
7.185697
7.189277
7.190747
7.189747
7.189284
7.188254
7.192634
7.201223
7.213109
7.229195
7.242248
7.254695
6.937183
6.870375
6.818676
6.353090
0.006274
4.883811
4.045771
2.845667
2.393611
1.941715
0.002674
0.002744
0.789285
0.706619
0.631587
0.574853
0.531517
0.488522
0.427131
0.194861
0.016414
0.010016
0.073748
0.069401
0.064638
0.059976
0.035568
0.036848
0.006589
0.002844
0.002806
0.000063
0.000051
0.000082
0.001761
0.002076
0.002510
0.014359
0.013913
0.052733
0.054611
0.110600
0.203142
0.433290
0.138627
0.077301
0.073200
0.000403
0.000195
0.000040
0.000053
0.000076
0.000075
0.000095
0.000086
0.000040
0.000048
0.000021
0.000029
0.000044
0.000042
0.000057
0.000054
0.000138
0.000957
0.000836
0.000877
0.001116
0.001194
0.001786
0.029455
0.051961
0.118209
0.218081
0.367222
0.602532
0.732311
0.976327
1.154318
1.389879
1.979970
2.380770
0.003756
3.189119
4.462073
5.386493
6.723713
7.891542
8.287913
8.370446
8.505690
8.668346
9.100806
9.116846
9.078110
9.039617
8.233390
0.157773
0.018424
0.010024
0.008269
7.919301
8.143213
8.503343
8.753287
0.051180
9.113438
9.163677
9.234331
9.270477
9.290059
9.299397
9.301892
9.300257
9.302080
9.305840
9.309743
9.315995
9.320521
9.323237
9.322632
9.320617
9.309292
9.157807
8.145783
6.978677
6.040033
0.259490
0.012949
0.009316
0.018214
4.110952
3.865266
3.047166
0.522134
0.365206
0.283239
0.010824
0.009352
0.006826
0.006976
0.007033
0.009410
0.019428
0.019856
0.020287
0.020350
0.020486
0.020541
0.020751
0.020005
0.019634
0.019245
0.019038
0.018543
0.020748
0.007065
0.006732
0.002608
0.007299
0.008594
0.009687
0.010572
0.011124
0.011562
0.011959
0.012208
0.012352
0.011061
0.010574
0.010232
0.010179
0.010223
0.010521
0.010497
0.011144
0.005906
0.005972
0.005866
0.005847
0.005824
0.005821
0.005798
0.005739
0.005652
0.005592
0.006269
0.006242
0.006934
0.006172
0.001465
0.002228
0.024292
0.043192
3.967733
4.439688
4.898833
5.562628
6.614246
7.030933
0.460274
8.936895
9.060510
9.084309
9.081499
9.088543
8.986258
8.980308
8.978881
8.949265
8.926155
8.900623
8.894110
8.830493
8.708268
8.550591
8.395505
0.092784
0.092680
7.671805
7.071596
0.171741
0.001609
0.000978
0.000651
0.000553
0.000355
0.000280
0.000259
0.000253
0.000406
0.000267
0.208650
6.181955
5.670578
0.166198
0.015961
0.059856
0.060241
0.062027
4.744360
4.978398
5.178448
0.034032
0.035744
0.000038
0.000034
0.000072
0.000055
0.000040
0.000051
0.000171
0.000214
0.000393
0.000557
0.002400
0.002709
0.069009
0.112211
7.582409
8.359763
8.692508
8.875387
8.990411
9.054586
9.525258
9.599352
9.669829
9.675922
9.683226
9.702665
0.000016
0.000007
0.000006
0.000003
0.000000
0.000000
0.000000
0.000000
0.000000
0.000000
0.000000
0.000000
0.000000
0.000000
0.000000
0.000000
0.000000
0.000000
0.000000
0.000000
0.000000
0.000000
0.000000
0.000000
0.000000
0.000000
0.000000
0.000000
0.000000
0.000000
0.000000
0.000000
0.000000
0.000000
0.000000
0.000000
0.000000
0.000000
0.000000
0.000000
0.000000
0.000000
0.000000
0.000000
0.000000
0.000000
0.000000
0.000000
0.000000
0.000000
0.000000
0.000000
0.000000
0.000000
0.000000
0.000000
0.000000
0.000000
0.000000
0.000000
0.000000
0.000000
0.000000
0.000000
0.000000
0.000000
0.000000
0.000000
0.000000
0.000000
0.000000
0.000000
0.000000
0.000000
0.000000
0.000000
0.000000
0.000000
0.000000
0.000001
0.000001
0.000000
0.000000
0.000000
0.000000
0.000000
0.000000
0.000000
0.000000
0.000000
0.000000
0.000000
0.000000
0.000000
0.000000
0.000000
0.000000
0.000000
0.000000
0.000000
0.000000
0.000000
0.000000
0.000000
0.000000
0.000000
0.000000
0.000000
0.000000
0.000000
0.000000
0.000000
0.000000
0.000000
0.000000
0.000000
0.000000
0.000000
0.000000
0.000000
0.000000
0.000000
0.000000
0.000000
0.000000
0.000000
0.000000
0.000000
0.000000
0.000000
0.000000
0.000000
0.000000
0.000000
0.000000
0.000000
0.000000
0.000000
0.000000
0.000000
0.000000
0.000000
0.000000
0.000000
0.000000
0.000000
0.000000
0.000000
0.000000
0.000000
0.000000
0.000000
0.000000
0.000000
0.000000
0.000000
0.000000
0.000000
0.000000
0.000000
0.000000
0.000000
0.000000
0.000000
0.000000
0.000000
0.000000
0.000000
0.000000
0.000000
0.000000
0.000000
0.000000
0.000000
0.000000
0.000000
0.000000
0.000000
0.000000
0.000000
0.000000
0.000000
0.000000
0.000000
0.000000
0.000000
0.000000
0.000000
0.000000
0.000000
0.000000
0.000000
0.000000
0.000000
0.000000
0.000000
0.000000
0.000000
0.000000
0.000000
0.000001
0.000002
0.000004
0.000091
0.000096
9.687902
9.683346
9.675780
9.656996
9.593457
9.393251
9.020126
8.690118
7.919746
0.594033
7.058620
6.843751
0.312737
0.310123
3.644833
0.072078
5.998837
6.572883
7.053680
7.268849
8.085316
8.388903
8.635967
9.243859
9.556512
9.679402
9.732009
9.752195
9.773264
9.773354
9.774617
9.776277
9.776783
9.778473
9.779350
9.779705
9.779734
9.779101
9.775835
9.734629
9.619405
9.427562
9.152937
9.152809
9.152149
9.151603
9.151665
9.152367
9.153257
9.153251
9.153687
9.154132
9.154501
9.154858
9.155044
9.154505
9.154465
9.155094
9.155674
9.155962
9.156308
9.156683
9.154970
9.154564
9.336172
9.682975
9.749140
9.769085
9.773194
9.773419
9.770777
9.750192
9.281236
9.251903
9.149847
9.015916
8.286870
7.441318
6.611559
7.957224
8.318833
8.573649
8.754997
8.810865
8.887321
8.962418
9.153114
9.232476
9.279950
9.294670
9.301073
9.301435
9.300565
9.300143
9.301291
9.302439
9.302609
9.302482
9.302075
9.300501
9.298689
9.298055
9.296273
9.287098
9.264748
0.001797
0.000895
0.000673
0.000316
0.000292
0.000222
0.000206
0.000228
0.000233
0.000254
0.000397
0.000541
9.251610
9.293461
9.281623
9.279593
9.278228
9.278206
9.279598
9.276411
9.273420
8.935319
8.932067
8.927376
8.873198
0.075869
8.731407
8.818338
8.906865
8.923303
8.937500
8.944622
8.950933
9.096361
9.086074
9.078463
9.071249
9.034609
9.017320
9.004839
8.817019
8.814969
8.812013
8.808169
8.802606
8.776916
8.753673
8.733495
8.679537
8.495225
8.400388
8.341835
8.240869
8.141229
8.042968
0.039185
0.022421
0.018834
0.051197
0.073491
8.220484
8.302836
8.351781
8.425972
8.492975
8.459077
8.405741
8.349660
8.293253
0.191013
8.239000
8.341966
8.462329
8.668553
8.676319
8.678101
8.676431
8.685215
8.706691
8.754183
8.795871
8.805098
8.819893
8.825885
8.829781
8.830283
8.832706
8.835868
8.835100
8.835698
8.835350
8.833702
8.834067
8.836695
8.836071
8.834724
8.835480
8.836308
8.831925
8.563527
8.549767
8.538134
8.526934
8.473843
8.347666
8.330075
7.954918
8.035436
8.127764
8.274290
8.308904
8.317289
8.329823
8.353628
8.355188
7.942160
7.944420
7.948483
7.950055
7.953502
8.116985
8.127950
8.127559
8.129169
8.129464
8.128534
8.118561
8.086182
8.077340
8.066514
8.059640
8.017556
0.094343
0.097170
7.944043
8.084633
8.122546
8.127199
8.128321
8.129717
8.130689
8.125930
8.095843
8.077852
7.776928
7.776059
7.775505
7.775075
7.771841
7.770506
7.771612
7.769518
7.760098
7.730816
7.694341
7.666832
7.635082
7.611836
7.588174
7.542197
7.412247
7.278276
6.787221
5.064718
6.309841
7.127186
7.146480
7.176062
7.217836
7.253176
7.293278
7.354696
7.406166
7.466622
7.561474
7.591492
7.598030
7.597318
7.595347
7.593758
7.588849
7.587218
7.586030
7.578097
7.561926
7.550544
7.487771
7.385158
7.340579
7.317794
7.301109
7.292181
7.284168
7.274951
7.273861
7.272911
7.272686
7.269765
7.268064
7.267281
7.261314
7.261139
7.261086
7.260881
7.260845
7.260953
7.260592
7.260497
7.260912
7.260823
7.260937
7.260745
7.260747
7.263554
7.264636
7.263794
7.260610
7.260935
7.259470
7.258071
7.252566
7.249345
7.244280
7.228669
7.130101
7.061229
7.011283
0.006325
0.005001
0.002576
0.002609
0.003261
0.003985
0.005476
0.008902
7.197563
7.278927
7.269481
7.260881
7.260969
7.261039
7.261046
7.261057
7.261048
7.261014
7.260984
7.260958
7.260961
7.260769
7.259650
7.259450
7.259915
7.257557
7.256528
7.255716
7.246618
7.239851
7.238327
7.225941
7.200910
7.160602
6.900683
6.895118
6.889247
6.891802
6.892251
6.887242
6.906664
6.902458
6.892705
6.894387
6.870053
6.559988
0.001528
0.000374
0.000303
0.000150
0.000180
0.000214
0.000501
0.000193
0.000123
0.000072
0.000221
0.000407
0.000352
0.000389
0.005670
6.239162
6.817968
6.962188
