0.000183
0.000151
0.000120
0.000002
0.000001
0.000000
0.000000
0.000000
0.000000
0.000000
0.000000
0.000009
0.000010
0.000011
0.000014
0.000016
0.000017
0.000020
0.000021
0.000021
0.000018
0.000016
0.000015
0.000014
0.000013
0.000013
0.000010
0.000008
0.000007
0.000005
0.000001
0.000000
0.000001
0.000011
0.000014
0.000000
0.000000
0.000190
0.000201
0.000207
0.000202
0.000200
0.000179
0.000153
0.000004
0.000004
0.000001
0.000001
0.000001
0.000000
0.000000
0.000000
0.000000
0.000000
0.000000
0.000000
0.000000
0.000000
0.000001
0.000001
0.000001
0.000002
0.000003
0.000012
0.000000
0.000000
0.000000
0.000000
0.000000
0.000000
0.000000
0.000000
0.000000
0.000000
0.000000
0.000000
0.000000
0.000000
0.000000
0.000000
0.000001
0.000001
0.000002
0.000004
0.000002
0.000000
0.000000
0.000000
0.000000
0.000000
0.000000
0.000000
0.000000
0.000000
0.000000
0.000000
0.000000
0.000001
0.000000
0.000001
0.000001
0.000001
0.000003
0.000001
0.000000
0.000000
0.000001
0.000001
0.000001
0.000007
0.000003
0.000003
0.000003
0.000000
0.000000
0.000000
0.000000
0.000002
0.000003
0.000006
0.000006
0.000007
0.000007
0.000001
0.000000
0.000000
0.000001
0.000008
0.000002
0.000004
0.000003
0.000003
0.000008
0.000013
0.000021
0.000023
0.000033
0.003605
0.004557
0.006286
0.009835
0.009591
0.018368
0.018361
0.018994
0.020705
0.014789
0.014286
0.014605
0.005856
0.000007
0.000001
0.000001
0.000001
0.000004
0.000001
0.000001
0.000001
0.000001
0.000001
0.000001
0.000001
0.000007
0.000005
0.000005
0.000004
0.000001
0.000002
0.000001
0.000005
0.000005
0.000005
0.000006
0.000011
0.000167
0.000000
0.005343
0.003895
0.001707
0.000162
0.000150
0.000142
0.000012
0.000026
0.000046
0.002483
0.006686
1.097839
1.014317
0.401278
0.360885
0.127461
0.153734
0.000000
0.000000
0.000000
0.000000
0.000000
0.000000
0.000000
0.000000
0.000000
0.000000
0.000000
0.000000
0.000000
0.000000
0.000000
0.000000
0.000000
0.000000
0.000000
0.000000
0.000000
0.000000
0.000000
0.000000
0.000000
0.000000
0.000000
0.000000
0.000000
0.000000
0.000000
0.000000
0.000000
0.000000
0.000000
0.000000
0.000000
0.000000
0.000000
0.000000
0.000000
0.000000
0.000001
0.000000
0.000000
0.000001
0.000000
0.000000
0.000000
0.000000
0.000000
0.000000
0.000000
0.000061
0.000114
0.000000
0.000000
0.000000
0.000000
0.000000
0.000000
0.000001
0.000000
0.000000
0.000000
0.000001
0.000001
0.000000
0.000000
0.000000
0.000000
0.000000
0.000000
0.000001
0.000001
0.000002
0.000007
0.000001
0.000001
0.000003
0.000007
0.000010
0.000017
0.000076
0.003456
0.006914
0.007332
0.015763
0.016070
0.016500
0.016773
0.016112
0.001984
0.001424
0.001283
0.001265
0.001534
0.001414
0.001284
0.001304
0.001366
0.001441
0.001414
0.001704
0.000006
0.000003
0.000003
0.000002
0.000001
0.000002
0.000002
0.000030
0.000022
0.000013
0.000002
0.000002
0.000003
0.000002
0.000002
0.000025
0.001399
0.001266
0.000018
0.000011
0.000010
0.000006
0.000004
0.000006
0.000003
0.000008
0.000005
0.000003
0.000007
0.000002
0.000016
0.000015
0.000006
0.000005
0.000006
0.000047
0.000007
0.000025
0.000104
0.000089
0.001600
0.001621
0.001754
0.001936
0.001937
0.000320
0.000012
0.000008
0.000019
0.000030
0.000019
0.000022
0.000009
0.000005
0.000017
0.000027
0.000038
0.000051
0.000008
0.000024
0.000022
0.000259
0.000101
0.000090
0.000165
0.000053
0.000057
0.000023
0.000022
0.000040
0.000027
0.000029
0.000042
0.000053
0.000051
0.000422
0.000389
0.000444
0.001738
0.002348
0.237709
0.330300
0.550351
1.000964
2.235018
2.736917
3.216175
0.001976
0.000374
0.000134
0.000243
0.000344
0.001200
0.001862
0.003503
0.003619
0.005039
0.012322
0.000067
0.000046
0.000198
0.000226
0.000293
0.001745
0.002019
0.001898
4.500997
5.316077
6.482035
7.954291
8.635938
9.342819
9.483813
9.594041
9.722028
9.762663
9.789439
9.818905
9.829257
9.831080
9.797474
9.744859
9.701645
9.667502
9.596413
9.607272
9.425404
9.229408
9.110915
0.098022
8.796644
8.419090
8.074200
0.555342
8.369776
8.574329
8.808209
8.945863
9.088337
9.275571
9.303019
9.354370
9.414302
9.461928
9.504129
9.583564
9.622058
9.621161
9.631017
9.690533
9.739654
9.692993
9.635840
9.532943
9.047942
8.828292
7.984383
8.837971
8.928835
9.006929
9.103177
9.196508
9.245569
9.337759
9.452550
9.468875
9.495799
9.466751
9.452810
9.453975
9.431318
9.419593
0.031265
0.019902
0.019862
0.012022
0.011847
9.092718
9.104805
9.139865
9.178614
9.298030
9.351921
9.305081
9.267398
9.231530
9.157993
8.995126
8.795899
8.411543
8.367330
0.058469
8.712932
8.773135
8.719198
0.002528
0.001997
0.002308
0.001721
0.000224
0.000234
0.000193
0.000212
0.000043
0.000202
0.000009
0.000010
0.000006
0.000004
0.000009
0.000016
0.000027
0.000313
0.000104
0.000193
0.000385
0.001923
0.001569
8.769819
0.005178
0.001897
0.001292
0.000636
0.000299
0.000319
0.000416
0.000634
0.002766
0.005625
8.628719
8.658540
8.674739
8.620952
8.545463
8.094463
0.082509
0.068411
7.526034
7.320737
7.220829
7.169074
6.549569
6.252693
5.776463
5.517513
5.118558
4.652653
0.673942
4.532197
4.672263
4.539273
4.233929
4.083427
3.966049
3.911450
3.631219
3.497599
3.325517
0.776503
0.736254
0.719695
0.707740
0.706132
0.166348
0.165070
0.163488
0.166074
0.161444
0.161246
0.161075
0.161288
0.629989
0.618144
0.611547
0.611732
0.601767
0.589346
0.426701
0.001463
0.001333
0.001162
0.001098
0.000886
0.000446
0.000177
0.000293
0.000033
0.000032
0.000014
0.000036
0.000072
0.000027
0.000010
0.000015
0.000019
0.000020
0.000076
0.000088
0.000072
0.000066
0.000005
0.000006
0.000130
0.000039
0.000022
0.000003
0.000006
0.000005
0.000005
0.000002
0.000001
0.000001
0.000001
0.000002
0.000002
0.000001
0.000002
0.000002
0.000000
0.000000
0.000000
0.000000
0.000000
0.000000
0.000001
0.000000
0.000000
0.000001
0.000001
0.000000
0.000000
0.000000
0.000000
0.000001
0.000001
0.000001
0.000000
0.000000
0.000000
0.000000
0.000000
0.000000
0.000000
0.000000
0.000000
0.000000
0.000000
0.000000
0.000000
0.000000
0.000000
0.000000
0.000000
0.000000
0.000000
0.000000
0.000000
0.000000
0.000000
0.000000
0.000000
0.000000
0.000000
0.000000
0.000000
0.000000
0.000000
0.000000
0.000000
0.000000
0.000000
0.000000
0.000000
0.000000
0.000000
0.000000
0.000000
0.000000
0.000000
0.000000
0.000000
0.000000
0.000000
0.000001
0.000001
0.000001
0.000000
0.000009
0.000001
0.000000
0.000001
0.000000
0.000000
0.000000
0.000000
0.000000
0.000000
0.000001
0.000000
0.000000
0.000001
0.000001
0.000001
0.000001
0.000000
0.000005
0.000005
0.000003
0.000003
0.000000
0.000000
0.000000
0.000003
0.000001
0.000001
0.000001
0.000006
0.000019
0.000033
0.000093
0.000027
0.000020
0.000014
0.000014
0.000011
0.000014
0.000038
0.000017
0.000015
0.000016
0.000016
0.000019
0.000010
0.000011
0.000003
0.000002
0.000002
0.000002
0.000001
0.000001
0.000001
0.000001
0.000002
0.000001
0.000001
0.000001
0.000009
0.000009
0.000002
0.000001
0.000001
0.000002
0.000000
0.000001
0.000002
0.000000
0.000000
0.000000
0.000000
0.000000
0.000000
0.000000
0.000000
0.000000
0.000000
0.000001
0.000004
0.000001
0.000000
0.000000
0.000000
0.000000
0.000000
0.000000
0.000000
0.000000
0.000000
0.000000
0.000000
0.000000
0.000000
0.000000
0.000000
0.000000
0.000000
0.000000
0.000000
0.000000
0.000000
0.000000
0.000000
0.000000
0.000000
0.000000
0.000000
0.000000
0.000000
0.000000
0.000000
0.000000
0.000000
0.000000
0.000000
0.000000
0.000000
0.000000
0.000000
0.000000
0.000000
0.000000
0.000000
0.000000
0.000000
0.000000
0.000000
0.000000
0.000000
0.000000
0.000000
0.000000
0.000000
0.000000
0.000000
0.000000
0.000000
0.000000
0.000000
0.000000
0.000000
0.000000
0.000000
0.000000
0.000000
0.000000
0.000000
0.000000
0.000000
0.000000
0.000000
0.000000
0.000000
0.000000
0.000000
0.000000
0.000000
0.000000
0.000000
0.000000
0.000000
0.000000
0.000000
0.000000
0.000000
0.000000
0.000000
0.000000
0.000000
0.000000
0.000000
0.000000
0.000000
0.000000
0.000000
0.000000
0.000000
0.000000
0.000000
0.000000
0.000000
0.000000
0.000000
0.000000
0.000000
0.000000
0.000000
0.000000
0.000000
0.000000
0.000000
0.000000
0.000000
0.000000
0.000000
0.000000
0.000000
0.000000
0.000000
0.000000
0.000000
0.000000
0.000000
0.000000
0.000000
0.000000
0.000000
0.000000
0.000000
0.000000
0.000000
0.000000
0.000000
0.000000
0.000000
0.000000
0.000000
0.000000
0.000000
0.000000
0.000000
0.000000
0.000000
0.000000
0.000000
0.000000
0.000000
0.000000
0.000000
0.000000
0.000000
0.000000
0.000000
0.000000
0.000000
0.000000
0.000000
0.000000
0.000000
0.000000
0.000000
0.000000
0.000000
0.000000
0.000000
0.000000
0.000000
0.000000
0.000000
0.000000
0.000000
0.000000
0.000000
0.000000
0.000000
0.000000
0.000000
0.000000
0.000000
0.000000
0.000000
0.000000
0.000000
0.000000
0.000000
0.000000
0.000000
0.000000
0.000000
0.000000
0.000000
0.000000
0.000000
0.000000
0.000000
0.000000
0.000000
0.000000
0.000000
0.000000
0.000000
0.000000
0.000000
0.000000
0.000000
0.000000
0.000000
0.000000
0.000000
0.000000
0.000000
0.000000
0.000000
0.000000
0.000000
0.000000
0.000000
0.000000
0.000000
0.000000
0.000000
0.000000
0.000000
0.000000
0.000000
0.000000
0.000000
0.000000
0.000000
0.000000
0.000000
0.000000
0.000000
0.000000
0.000000
0.000000
0.000000
0.000000
0.000000
0.000000
0.000000
0.000000
0.000000
0.000000
0.000000
0.000000
0.000000
0.000000
0.000000
0.000000
0.000000
0.000000
0.000000
0.000000
0.000000
0.000000
0.000000
0.000000
0.000000
0.000000
0.000000
0.000000
0.000000
0.000000
0.000000
0.000000
0.000000
0.000000
0.000000
0.000000
0.000000
0.000000
0.000000
0.000000
0.000000
0.000000
0.000000
0.000000
0.000000
0.000000
0.000000
0.000000
0.000000
0.000000
0.000000
0.000000
0.000000
0.000000
0.000000
0.000000
0.000000
0.000000
0.000000
0.000000
0.000000
0.000000
0.000000
0.000000
0.000000
0.000000
0.000000
0.000000
0.000000
0.000000
0.000000
0.000000
0.000000
0.000000
0.000000
0.000000
0.000000
0.000000
0.000000
0.000000
0.000000
0.000000
0.000000
0.000000
0.000000
0.000000
0.000000
0.000000
0.000000
0.000000
0.000000
0.000000
0.000000
0.000000
0.000000
0.000000
0.000000
0.000000
0.000000
0.000000
0.000000
0.000000
0.000000
0.000000
0.000000
0.000000
0.000000
0.000000
0.000000
0.000000
0.000000
0.000000
0.000000
0.000000
0.000000
0.000000
0.000000
0.000000
0.000000
0.000000
0.000000
0.000000
0.000000
0.000000
0.000000
0.000000
0.000000
0.000000
0.000000
0.000000
0.000000
0.000000
0.000000
0.000000
0.000000
0.000000
0.000000
0.000000
0.000000
0.000000
0.000000
0.000000
0.000000
0.000000
0.000000
0.000000
0.000000
0.000000
0.000000
0.000000
0.000000
0.000000
0.000000
0.000000
0.000000
0.000000
0.000000
0.000000
0.000000
0.000000
0.000000
0.000000
0.000000
0.000000
0.000000
0.000000
0.000000
0.000000
0.000000
0.000000
0.000000
0.000000
0.000000
0.000000
0.000000
0.000000
0.000000
0.000000
0.000000
0.000000
0.000000
0.000000
0.000000
0.000000
0.000000
0.000000
0.000000
0.000000
0.000000
0.000000
0.000000
0.000000
0.000000
0.000000
0.000000
0.000000
0.000000
0.000000
0.000000
0.000000
0.000000
0.000000
0.000000
0.000000
0.000000
0.000000
0.000000
0.000000
0.000000
0.000000
0.000000
0.000000
0.000000
0.000000
0.000000
0.000000
0.000000
0.000000
0.000000
0.000000
0.000000
0.000000
0.000000
0.000000
0.000000
0.000000
0.000000
0.000000
0.000000
0.000000
0.000000
0.000000
0.000000
0.000000
0.000000
0.000000
0.000000
0.000000
0.000000
0.000000
0.000000
0.000000
0.000000
0.000000
0.000000
0.000000
0.000000
0.000000
0.000000
0.000000
0.000000
0.000000
0.000000
0.000000
0.000000
0.000000
0.000000
0.000000
0.000000
0.000000
0.000000
0.000000
0.000000
0.000000
0.000000
0.000000
0.000000
0.000000
0.000000
0.000000
0.000000
0.000000
0.000000
0.000000
0.000000
0.000000
0.000000
0.000000
0.000000
0.000000
0.000000
0.000000
0.000000
0.000000
0.000000
0.000000
0.000000
0.000000
0.000000
0.000000
0.000000
0.000000
0.000000
0.000000
0.000000
0.000000
0.000000
0.000000
0.000000
0.000000
0.000000
0.000000
0.000000
0.000000
0.000000
0.000000
0.000000
0.000000
0.000000
0.000000
0.000000
0.000000
0.000000
0.000000
0.000000
0.000000
0.000000
0.000000
0.000000
0.000000
0.000000
0.000000
0.000000
0.000000
0.000000
0.000000
0.000000
0.000000
0.000000
0.000000
0.000000
0.000000
0.000000
0.000000
0.000000
0.000000
0.000000
0.000000
0.000000
0.000000
0.000000
0.000000
0.000000
0.000000
0.000000
0.000000
0.000000
0.000000
0.000000
0.000000
0.000000
0.000000
0.000000
0.000000
0.000000
0.000000
0.000000
0.000000
0.000000
0.000000
0.000000
0.000000
0.000000
0.000000
0.000000
0.000000
0.000000
0.000000
0.000000
0.000000
0.000000
0.000000
0.000000
0.000000
0.000000
0.000000
0.000000
0.000000
0.000000
0.000000
0.000000
0.000000
0.000000
0.000000
0.000000
0.000000
0.000000
0.000000
0.000000
0.000000
0.000000
0.000000
0.000000
0.000000
0.000000
0.000000
0.000000
0.000000
0.000000
0.000000
0.000000
0.000000
0.000000
0.000000
0.000000
0.000000
0.000000
0.000000
0.000000
0.000000
0.000000
0.000000
0.000000
0.000000
0.000000
0.000000
0.000000
0.000000
0.000000
0.000000
0.000000
0.000000
0.000000
0.000000
0.000000
0.000000
0.000000
0.000000
0.000000
0.000000
0.000000
0.000000
0.000000
0.000000
0.000000
0.000000
0.000000
0.000000
0.000000
0.000000
0.000000
0.000000
0.000000
0.000000
0.000000
0.000000
0.000000
0.000000
0.000000
0.000000
0.000000
0.000000
0.000000
0.000000
0.000000
0.000000
0.000000
0.000000
0.000000
0.000000
0.000000
0.000000
0.000000
0.000000
0.000000
0.000000
0.000000
0.000000
0.000000
0.000000
0.000000
0.000000
0.000000
0.000000
0.000000
0.000000
0.000000
0.000000
0.000000
0.000000
0.000000
0.000000
0.000000
1.976288
1.960837
2.264808
2.310948
1.813702
0.983413
0.903217
0.743253
0.673918
0.440787
0.401117
0.373566
0.354570
0.333268
0.296221
0.284115
0.000343
0.000314
0.000326
0.000212
0.000045
0.000034
0.000038
0.000022
0.000024
0.000020
0.000143
0.000077
0.000062
0.000165
0.000008
0.000005
0.000005
0.000004
0.000006
0.000014
0.000005
0.000010
0.000006
0.000003
0.000003
0.000004
0.000005
0.000003
0.000004
0.000006
0.000008
0.000008
0.000004
0.000002
0.000002
0.000001
0.000001
0.000002
0.000003
0.002067
0.002017
0.002011
0.181296
0.182541
0.186779
0.000000
0.000000
0.000000
0.000000
0.000000
0.000000
0.000000
0.000000
0.000000
0.000000
0.000000
0.000000
0.000000
0.000000
0.000000
0.000000
0.000000
0.000000
0.000000
0.000000
0.000000
0.000000
0.000000
0.000000
0.000000
0.000000
0.000000
0.000000
0.000000
0.000000
0.000000
0.000000
0.000000
0.000000
0.187541
0.188399
0.184713
0.179677
0.156328
0.003482
0.000008
0.000006
0.000010
0.000009
0.000009
0.000007
0.000011
0.000007
0.000006
0.000001
0.000001
0.000001
0.000001
0.000002
0.000002
0.000006
0.000187
0.000000
0.000000
0.000000
0.000000
0.000000
0.000000
0.000200
0.005236
0.002420
0.000527
0.000155
0.000108
0.000000
0.000000
0.000000
