0.026272
0.000001
0.000000
0.000000
0.000000
0.000000
0.000000
0.000000
0.000001
0.000000
0.000000
0.000000
0.000000
0.000000
0.000205
0.001147
0.000022
0.000010
0.000022
0.000005
0.000002
0.000001
0.000000
0.000001
0.000001
0.000000
0.000000
0.000001
0.000000
0.000003
0.000003
0.000003
0.000001
0.000001
0.000000
0.000001
0.000000
0.000000
0.000000
0.000000
0.000001
0.000001
0.000000
0.000001
0.000001
0.000002
0.000002
0.000006
0.000011
0.000003
0.000002
0.000003
0.000005
0.000008
0.000003
0.000002
0.000002
0.000002
0.000002
0.000003
0.000002
0.000002
0.000001
0.000001
0.000001
0.000003
0.000002
0.000004
0.000003
0.000005
0.000004
0.000003
0.000005
0.000005
0.000015
0.000021
0.000031
0.000040
0.000062
0.000445
0.035377
0.035945
0.034399
0.036238
0.038258
0.004619
0.041810
0.053220
0.148565
0.157377
6.237536
6.508303
7.123261
7.185203
0.000008
0.000001
0.000000
0.000000
0.000000
0.000000
0.000000
0.000000
0.000000
0.000001
0.000001
0.000001
0.000000
0.000000
0.000000
0.000000
0.000000
0.000000
0.000000
0.000000
0.000004
0.000004
0.000004
0.000005
0.000005
0.000003
0.000006
0.000000
0.000000
0.000000
0.000000
0.000000
0.000000
0.000000
0.000003
0.000004
0.000004
0.000004
0.000002
0.000008
0.000001
0.000001
0.000000
0.000000
0.000000
0.000000
0.000002
0.000002
0.000000
0.000000
0.000000
0.000000
0.000001
0.010731
7.198100
7.241583
7.285364
7.315020
7.410680
7.441575
7.454291
0.004855
0.003096
0.001922
0.000096
0.001615
0.001636
0.001665
0.001628
0.001613
0.001610
0.001584
0.001577
0.001553
0.001546
0.001557
0.001564
0.001552
0.001543
0.001542
0.001550
0.001538
0.001526
0.001522
0.001532
0.001548
0.001549
0.001551
0.001555
0.001553
0.001530
0.001347
0.001257
0.001127
0.001005
0.000929
0.000780
0.000654
0.000620
0.000607
0.000583
0.000569
0.000571
0.000546
0.000529
0.000554
0.000552
0.000435
0.000242
0.000132
0.000096
0.000068
0.000048
0.000024
0.000017
0.000013
0.000010
0.000009
0.000009
0.000009
0.000007
0.000007
0.000007
0.000008
0.000050
0.000053
0.000053
0.001715
0.001727
0.001711
0.001698
0.001698
0.001649
0.001615
0.001619
0.001616
0.001528
0.001172
0.000909
0.000603
0.000008
0.000004
0.000003
0.000052
0.000048
0.000046
0.000047
0.000045
0.000001
0.000001
0.000000
0.000000
0.000000
0.000000
0.000000
0.000000
0.000000
0.000001
0.000001
0.000000
0.000001
0.000002
0.000003
0.000315
0.000336
0.000354
0.000362
0.000357
0.000357
0.000358
0.000353
0.000353
0.000356
0.000363
0.000374
0.000386
0.000383
0.000387
0.000400
0.000418
0.000434
0.000459
0.000468
0.000486
0.000512
0.000524
0.000535
0.000551
0.000547
0.000545
0.000547
0.000556
0.000557
0.000565
0.000558
0.000532
0.000433
0.000498
0.000493
0.000447
0.000426
0.000407
0.000387
0.000374
0.000302
0.000259
0.000197
0.000167
0.000007
0.000006
0.000044
0.000048
0.000051
0.000049
0.000048
0.000046
0.000046
0.000049
0.000050
0.000051
0.000055
0.000054
0.000052
0.000053
0.000050
0.000049
0.000042
0.000035
0.000026
0.000002
0.000002
0.000002
0.000000
0.000000
0.000000
0.000000
0.000000
0.000000
0.000000
0.000001
0.000001
0.000023
0.000023
0.000025
0.000030
0.000027
0.000030
0.000232
0.000299
0.000311
0.000344
0.000361
0.000324
0.000299
0.000287
0.000198
0.000008
0.000010
0.000238
0.000343
0.000465
0.000471
0.000488
0.000515
0.000570
0.000577
0.000585
0.000597
0.000598
0.000602
0.000603
0.000605
0.000611
0.000611
0.000717
0.000764
0.000611
0.000572
0.000524
0.000098
0.000095
0.000092
0.000205
0.000208
0.000217
0.000231
0.000245
0.000234
0.000219
0.000229
0.000241
0.000171
0.000778
0.000920
0.000940
0.000976
0.001011
0.001035
0.001066
0.001081
0.001064
0.001038
0.000930
0.000868
0.000838
0.000652
0.000524
0.000497
0.000003
0.000003
0.000003
0.000003
0.000003
0.000003
0.000000
0.000000
0.000000
0.000002
0.000000
0.000000
0.000001
0.000002
0.000001
0.000000
0.000000
0.000000
0.000001
0.000000
0.000000
0.000001
0.000004
0.000004
0.000001
0.000001
0.000001
0.000001
0.000001
0.000001
0.000003
0.000006
0.000006
0.000944
0.000916
0.000840
0.000750
0.000651
0.000568
0.000329
0.000348
0.000377
0.000421
0.000480
0.000505
0.000539
0.000556
0.000581
0.000687
0.000659
0.000669
0.000716
0.000913
0.000970
0.001009
0.000910
0.000076
0.000334
0.000359
0.000357
0.000288
0.000364
0.000116
0.000021
0.000011
0.000008
0.000345
0.000536
0.000774
0.000826
0.000842
0.000922
0.001079
0.001160
0.001217
0.001280
0.001472
0.001538
0.001601
0.001622
0.001602
0.001616
0.001614
0.001483
0.001841
0.001934
0.000031
0.000025
0.000022
0.000013
0.000014
0.000180
0.000151
0.000141
0.000121
0.000013
0.000019
0.000022
0.000036
0.000059
0.000524
0.002841
0.012121
0.042036
0.082597
7.969073
8.122306
8.341015
0.005540
0.005836
0.012408
0.014607
0.019115
8.589022
8.627609
8.670809
8.701580
8.702172
8.695419
8.692572
8.692896
8.697481
8.680474
8.643222
8.623820
8.600360
8.569159
8.547657
8.526783
8.500214
8.414974
8.351909
0.000008
0.000006
0.000005
8.306109
8.204163
7.958359
7.629549
1.522883
0.126406
0.057027
5.054774
5.397882
5.640843
0.266984
0.291704
6.162891
6.656890
0.278537
7.545771
7.863983
8.053788
0.009092
0.015126
0.017215
0.022387
8.324972
8.446372
0.044242
8.661746
8.753106
8.812073
8.816654
8.818235
8.819978
8.819385
8.819074
8.818866
8.818925
8.819640
8.819459
8.817473
8.810604
8.784540
0.130914
0.131496
8.742596
8.974747
8.881929
8.879112
8.858937
8.838503
8.821111
8.789320
8.690786
8.622823
8.483317
0.000024
0.000024
0.000008
0.000008
0.000005
8.360297
8.269078
8.177053
7.729570
7.165264
0.035964
5.886781
0.000014
0.000013
6.025588
5.923123
5.730188
0.012253
6.424726
6.687714
7.068390
7.359943
7.660348
7.899341
8.088047
8.278491
8.532886
8.892106
8.895971
8.897043
8.972891
8.971443
8.972173
8.909813
8.739691
8.447571
8.612031
8.762890
8.853184
8.892329
8.900941
8.901200
8.900216
8.900775
8.918529
9.052151
9.059772
9.071995
9.081203
9.087742
9.085031
8.905057
8.899102
8.884521
8.928253
9.047344
9.056830
9.062288
9.056577
9.049201
9.039008
8.891392
8.899324
9.123804
9.278128
9.363180
9.520700
9.718119
9.798260
9.800692
9.800851
9.800763
9.800730
9.800782
9.800709
9.800674
9.800530
9.799971
9.798459
9.789979
9.771149
0.000509
0.000378
0.000316
0.000306
0.000299
0.000301
0.000312
0.000332
0.000408
0.000956
0.001065
9.675810
9.790735
9.798030
9.882028
9.896670
9.911267
9.928313
9.964671
9.986247
9.992312
9.997471
9.996970
9.993803
9.993343
9.995975
9.994408
9.993893
9.996328
9.997994
9.998490
9.998449
9.998503
9.998920
9.999723
9.999525
9.999423
9.999583
9.999704
9.999798
9.999883
9.992561
9.964548
0.315074
9.598482
9.819283
9.957556
9.983198
9.998032
9.996789
9.997271
9.998714
9.998992
9.999221
9.999805
9.999921
9.999914
9.999845
9.999451
9.999288
9.998850
9.998707
9.998651
9.998335
9.998770
9.996613
9.995993
9.994827
9.995021
9.994248
9.994165
9.994799
9.996214
9.997747
9.997600
9.998655
9.999750
9.999845
9.999656
9.999577
9.999644
9.999607
9.999592
9.999768
9.999633
9.998792
9.997866
9.996932
9.992258
9.912923
9.870290
9.852709
0.014117
0.008189
9.789150
9.782686
9.779190
9.769519
9.763957
9.759068
9.753901
0.004131
0.004026
9.743293
9.744170
9.741666
9.725397
9.684171
0.001205
0.001756
0.001617
0.001491
0.001707
0.005024
9.730143
9.724595
9.700373
9.597878
9.472336
0.100216
9.467307
9.822719
9.547335
9.572372
9.594810
9.603426
9.610851
9.611219
9.613449
9.759642
9.871530
9.939882
9.956180
9.882751
9.876420
9.879989
9.880660
9.865514
9.857675
9.854170
9.855021
9.855109
9.858718
9.860984
9.868081
9.864868
9.866749
9.872516
9.874920
9.877839
9.882089
9.882477
9.883023
9.882912
9.883013
9.882306
9.878188
9.877494
9.878984
9.879428
9.868976
9.830787
9.744419
9.675950
9.622509
9.515461
9.445861
9.404845
9.365322
9.120921
8.701191
8.277524
7.745819
7.094887
6.573225
6.257442
0.387825
0.110535
0.016211
0.014040
0.012974
0.012066
0.008350
0.000826
0.000925
0.033830
0.956966
3.800350
4.510017
4.817251
5.016725
5.248404
0.499771
7.425077
8.381597
9.573548
9.792843
9.820000
9.819666
9.819165
9.819777
9.820046
9.821597
9.823950
9.824108
9.823316
9.822255
9.821704
9.820885
9.822174
9.823676
9.823441
9.815689
9.809708
9.809856
9.811683
9.800819
9.795559
9.791128
9.775584
9.763635
9.730573
9.670119
9.594228
0.039108
0.029868
0.027127
0.025618
0.000745
0.000226
0.000076
0.000048
0.000032
0.000007
0.000007
0.000087
0.000077
0.000016
0.000011
0.000016
0.000023
0.000005
0.000006
0.000008
0.000014
0.000007
0.000005
0.000017
0.000034
0.000032
0.000005
0.000006
0.000007
0.000010
0.000008
0.000011
0.000011
0.000006
0.000005
0.000009
0.000016
0.000007
0.000020
0.000070
0.000049
0.000035
0.000053
0.000082
0.000007
0.000039
0.000050
0.000046
0.000071
0.000284
9.323272
9.323374
9.324334
9.326239
9.324310
9.323048
9.319450
9.315307
9.313580
9.313581
9.305509
9.232045
0.357833
0.000033
0.000025
0.000024
0.000020
0.000006
0.000004
0.000004
0.000007
0.000008
0.000001
0.000000
0.000000
0.000000
0.000000
0.000000
0.000000
0.000000
0.000001
0.000001
0.000000
0.000001
0.000001
0.000003
0.000001
0.000001
0.000001
0.000001
0.000005
0.000008
0.000011
8.440312
8.801386
0.000055
0.000024
0.000004
0.000002
0.000001
0.000001
0.000001
0.000000
0.000001
0.000002
0.000001
0.000000
0.000001
0.000178
0.000174
0.000083
0.000007
0.000005
0.000003
0.000000
0.000000
0.000000
0.000000
0.000000
0.000001
0.000001
0.000000
0.000001
0.000007
0.000002
0.000001
0.000001
0.000001
0.000002
0.000005
0.000004
0.000003
0.000004
0.000004
0.000007
0.000000
0.000001
0.000002
0.000002
0.000003
0.000033
0.000098
0.000114
0.000149
9.177693
9.230170
9.277754
9.295381
9.312696
9.314448
9.319117
9.326512
9.327858
9.329555
9.330243
9.330357
9.330436
9.330571
9.330794
9.330735
9.329199
9.326994
9.326392
9.326674
9.326176
9.324598
9.323665
9.324324
9.324159
9.323847
9.322979
9.322759
9.319178
9.316276
9.312613
9.309773
9.290371
9.272421
9.242405
0.000228
0.000192
0.000170
0.000162
0.000161
0.000168
0.000176
0.000049
0.000004
0.000003
0.000005
0.000004
0.000001
0.000002
0.000002
0.000003
0.000001
0.000001
0.000001
0.000002
0.000004
0.000005
0.000002
0.000002
0.000001
0.000001
0.000001
0.000000
0.000001
0.000003
0.000032
0.000033
0.000005
0.000005
0.000004
0.000005
9.208972
9.154549
9.108870
0.000004
0.000002
0.000003
0.000003
0.000001
0.000014
0.000002
0.000001
0.000002
0.000002
0.000005
0.000040
0.000045
0.000052
0.000116
9.090440
9.073097
9.064439
9.062282
9.065234
9.067206
9.070426
9.078054
9.083725
9.092376
9.081887
9.070571
9.066114
0.005778
0.001340
0.000891
0.000530
0.000401
0.000412
0.000369
0.000552
0.000632
0.001044
8.913249
8.927090
8.932312
8.941292
8.823474
8.846765
8.844313
8.838613
8.838174
0.000000
0.000001
0.000001
0.000001
0.000001
0.000007
0.000075
0.000075
0.000000
0.000000
0.000000
0.000000
0.000000
0.000000
0.000000
