0.000713
0.000682
0.000030
0.000004
0.000002
0.000001
0.000088
0.000089
0.000002
0.000000
0.000000
0.000000
0.000000
0.000000
0.000000
0.000000
0.000000
0.000000
0.000773
0.000750
0.000660
0.000600
0.000016
0.000003
0.002583
0.003183
0.003124
0.003055
0.002833
0.002646
0.002578
0.002599
0.002688
0.004108
0.004054
0.003975
0.003851
0.001980
0.001968
0.002001
0.001970
0.001519
0.000159
0.000019
0.000021
0.000013
0.000097
0.000098
0.000104
0.000741
0.000745
0.000790
0.000824
0.001036
0.001241
0.001318
0.003191
0.002685
0.000012
0.000022
0.000011
0.000011
0.000008
0.000004
0.000003
0.000003
0.000004
0.000015
0.000040
0.000017
0.000028
0.000057
0.000053
0.000010
0.000013
0.000026
0.002260
3.056337
2.538528
1.988441
1.024070
0.208554
0.145275
0.105446
0.001214
0.013821
0.011460
0.043044
0.360522
0.460883
0.374914
0.032757
0.030529
0.000382
0.003916
0.003883
0.004039
0.004160
0.005447
0.008901
0.018791
0.736392
0.953384
1.078581
0.006413
2.053297
3.106780
3.717918
4.348290
5.075487
5.682492
6.116265
6.945018
7.237683
7.436373
7.525260
7.540612
7.550973
7.551321
7.482632
7.538081
7.660675
7.717800
7.725161
7.724898
7.727805
7.724595
7.471243
7.482092
7.500251
7.510900
7.538179
7.740901
7.736252
7.684515
7.665083
7.649331
0.001676
0.001274
0.000956
0.000748
0.000597
0.000467
0.000103
0.000412
0.000460
0.000502
0.000502
0.000534
0.000610
0.000608
0.000599
0.000601
0.000595
0.000603
0.000616
0.000630
0.000676
0.000706
0.000745
0.000813
0.000877
0.000975
0.001114
7.608730
7.648828
7.631347
7.515995
7.088722
6.770401
5.635097
2.910527
3.144352
3.402743
3.686072
3.713903
4.675206
5.683343
6.237636
7.123313
7.849943
7.977366
8.122077
8.217122
8.565110
8.663389
8.698597
8.672834
8.683925
8.702995
8.708249
8.646757
8.702959
8.750014
8.850783
9.022388
8.990510
0.001546
0.001116
0.000992
0.000096
0.000055
0.000040
0.000041
0.000027
0.000012
0.000008
0.000006
0.000005
0.000009
0.000023
0.000066
0.000081
0.000062
0.000153
0.000189
0.011873
0.011956
0.012595
9.108474
9.173590
9.203180
9.215109
9.218575
9.219229
9.218373
9.217121
9.217565
9.219047
9.215344
9.207935
9.202904
9.235221
9.250014
9.263629
9.264928
9.265230
9.262248
9.258371
9.252092
9.249336
9.203613
9.198656
9.169596
9.106182
9.050847
9.018968
8.868197
8.675611
8.356025
7.594446
6.835532
0.139718
5.868105
1.137737
0.192717
0.070451
0.067180
0.063433
0.061213
0.004309
4.818571
5.128777
5.353477
0.017486
0.062073
5.932179
0.015919
0.075174
0.085050
6.668207
7.138876
7.508892
7.696538
7.904040
8.188007
8.320414
8.501880
8.702388
9.047800
9.181670
9.214756
9.301160
9.378023
9.410366
9.463609
9.673031
9.706194
9.775240
9.779541
9.795304
9.815725
9.802584
9.668233
9.670050
9.669808
9.666296
9.657303
9.648432
9.590429
9.524752
9.400388
9.341690
0.006022
0.001035
0.000462
0.000218
0.000157
0.000132
0.000035
0.000009
0.000003
0.000002
0.000002
0.000001
0.000001
0.000001
0.000001
0.000001
0.000001
0.000001
0.000001
0.000001
0.000002
0.000003
0.000002
0.000000
0.000001
0.000001
0.000002
0.000001
0.000001
0.000006
0.000009
0.000002
0.000002
0.000002
0.000001
0.000001
0.000001
0.000001
0.000001
0.000001
0.000001
0.000011
0.000013
0.000001
0.000000
0.000002
0.000001
0.000001
0.000001
0.000001
0.000001
0.000000
0.000000
0.000001
0.000001
0.000001
0.000001
0.000001
0.000004
0.000001
0.000002
0.000002
0.000003
0.000007
0.000001
0.000002
0.000004
0.000004
0.000002
0.000002
0.000001
0.000001
0.000002
0.000000
0.000000
0.000000
0.000000
0.000000
0.000001
0.000001
0.000001
0.000000
0.000000
0.000001
0.000001
0.000000
0.000000
0.000001
0.000001
0.000000
0.000000
0.000001
0.000001
0.000002
0.000002
0.000001
0.000000
0.000000
0.000001
0.000001
0.000002
0.000001
0.000001
0.000004
0.000002
0.000002
0.000005
0.000006
0.000001
0.000001
0.000003
0.000002
0.000002
0.000001
0.000001
0.000001
0.000000
0.000000
0.000001
0.000002
0.000001
0.000001
0.000001
0.000000
0.000001
0.000001
0.000000
0.000000
0.000001
0.000001
0.000001
0.000001
0.000002
0.000000
0.000000
0.000000
0.000001
0.000001
0.000000
0.000000
0.000002
0.000000
0.000000
0.000001
0.000001
0.000001
0.000000
0.000001
0.000002
0.000001
0.000001
0.000001
0.000001
0.000001
0.000001
0.000000
0.000000
0.000001
0.000000
0.000000
0.000001
0.000000
0.005795
0.003176
0.001377
0.000341
0.000212
0.000168
0.000020
0.000011
0.000025
0.000013
0.000010
0.000012
0.000020
0.000006
0.000009
0.000007
0.000005
0.000008
0.000009
0.000007
0.000006
0.000010
0.000008
0.000009
0.000016
0.000026
0.000042
0.000085
0.000157
0.000468
8.185049
7.555660
0.045061
5.723150
4.978469
3.479112
2.371154
0.178224
4.989553
6.132555
6.921351
7.985751
8.659164
8.842827
9.094496
9.159953
9.202255
9.325465
9.339805
9.354776
9.375300
9.386934
9.386524
9.377316
9.328121
9.217144
9.074526
9.048613
8.334358
1.429005
8.978415
9.148764
0.005069
0.001739
0.000593
0.000441
0.000418
0.000342
0.000347
0.000388
0.000010
0.000008
0.000006
0.000012
0.000049
0.000064
0.000150
0.000128
0.000014
0.000021
0.000038
0.000114
0.000248
0.001047
9.090158
9.126118
9.149062
9.159381
9.126858
9.063579
8.944397
8.952240
8.952396
8.959863
8.968813
8.964305
0.000709
0.000421
0.000331
0.000159
0.000147
0.000036
0.000025
0.000017
0.000018
0.000025
0.000055
0.000744
0.005643
0.006063
0.007729
9.330729
9.404209
9.427753
9.433706
9.439502
9.445190
9.455996
9.448379
9.426902
9.415684
9.416077
9.341146
9.025548
8.825563
8.614255
8.462418
8.279419
8.146400
7.747016
7.352292
6.859272
6.286761
5.307123
0.003390
0.002376
0.001508
0.000224
0.000149
0.000074
0.000061
0.000052
0.000031
0.000082
0.000112
0.005797
0.103462
3.702958
4.030031
4.298995
4.397543
4.875700
6.581447
6.869729
7.205656
7.810780
8.365925
8.861578
9.114478
9.388218
9.479149
9.481395
9.473992
9.468461
9.270020
9.266078
9.261065
0.000648
0.000325
0.000280
0.000277
0.000636
0.000017
0.000015
0.000076
0.000218
0.000014
0.000008
0.000008
0.000043
0.000004
0.000005
0.000040
0.000165
0.000080
0.000077
0.000106
0.000165
9.259042
9.261776
9.245657
9.230692
9.218318
9.216474
9.213828
9.226450
9.272841
9.274003
9.274243
9.274875
9.274460
9.272015
9.270517
9.266262
9.236565
9.153687
9.092448
9.026252
8.945599
8.766873
8.665776
5.103722
6.530935
7.357190
7.557144
8.045794
8.453577
8.736619
8.763718
8.822750
8.835093
8.818648
8.712229
8.695580
8.551498
8.554872
0.067832
0.079448
8.732575
8.747552
8.755527
8.772521
8.786407
8.790260
8.792556
8.793458
8.790621
8.788438
8.788435
8.781339
8.778967
0.003840
8.779947
8.784700
8.785908
8.787294
8.786114
0.000531
0.000387
0.000268
0.000214
0.000144
8.770597
8.762578
8.699048
8.697764
8.630697
8.608030
8.551140
8.453988
0.015200
0.015959
0.014816
0.021901
0.011889
8.292901
8.271220
8.005218
0.011343
0.005571
0.005471
0.011777
7.878199
7.781832
7.424471
7.265993
7.143712
6.954791
6.524074
6.171139
5.634324
4.760992
3.770762
2.480511
0.165779
0.154417
0.015614
0.014765
0.014194
0.000002
0.000000
0.000000
0.000000
0.000000
0.000000
0.000000
0.000000
0.000000
0.000000
0.000000
0.000000
0.000000
0.000000
0.000000
0.000000
0.000000
0.000000
0.000120
0.000182
0.004842
0.004636
0.004431
0.003149
0.002516
0.000679
0.000689
0.000709
0.000631
0.000080
0.004544
0.000000
0.000001
0.000001
0.000003
0.000010
0.001612
