0.000000
0.000000
0.001625
0.000098
0.000000
0.000000
0.000000
0.000000
0.000000
0.000000
0.000000
0.000000
0.000001
0.000001
0.000000
0.000000
0.000000
0.000000
0.000000
0.000001
0.000001
0.000001
0.000000
0.000000
0.000000
0.000000
0.000000
0.000000
0.000000
0.000000
0.000000
0.000000
0.003647
0.003709
0.003735
0.003713
0.003688
0.003687
0.003701
0.003657
0.003618
0.003592
0.003304
0.003214
0.003023
0.002944
0.002865
0.000000
0.000000
0.000000
0.000000
0.000000
0.000000
0.000000
0.000001
0.000080
0.000030
0.000028
0.000000
0.000000
0.000000
0.000000
0.000000
0.000000
0.000000
0.000000
0.000000
0.000000
0.000000
0.000000
0.000000
0.000000
0.000000
0.000000
0.000000
0.000000
0.000000
0.000000
0.000000
0.000000
0.000000
0.000000
0.000000
0.000000
0.000000
0.000000
0.000000
0.000000
0.000000
0.000000
0.000000
0.000000
0.000000
0.000000
0.000000
0.000000
0.000000
0.000000
0.000000
0.000000
0.000000
0.000000
0.000000
0.000000
0.000000
0.000000
0.000000
0.000000
0.000000
0.000000
0.000000
0.000000
0.000000
0.000000
0.000000
0.000000
0.000000
0.000000
0.000000
0.000000
0.000000
0.000000
0.000000
0.000000
0.000000
0.000000
0.000000
0.000000
0.000000
0.000000
0.000000
0.000000
0.000000
0.000828
0.000000
0.002236
0.002785
0.003465
0.003783
0.004150
0.004108
0.000009
0.000156
0.000012
0.000015
0.000009
0.000006
0.000000
0.000000
0.000000
0.000000
0.000000
0.000000
0.000000
0.000000
0.000000
0.000000
0.000000
0.000000
0.000000
0.000000
0.000000
0.000000
0.000000
0.000000
0.000000
0.000000
0.000000
0.000000
0.000000
0.000000
0.000000
0.000000
0.000000
0.000000
0.000000
0.000000
0.000000
0.000002
0.000002
0.000002
0.000009
0.000010
0.000010
0.000008
0.000125
0.000123
0.000137
0.000003
0.000003
0.000000
0.000000
0.000000
0.000000
0.000000
0.000000
0.000000
0.000000
0.000000
0.000000
0.000000
0.000000
0.000000
0.000000
0.000000
0.000000
0.000000
0.000000
0.000000
0.000000
0.000000
0.000000
0.000000
0.000000
0.000000
0.000000
0.000000
0.000000
0.000000
0.000000
0.000000
0.000000
0.000000
0.000000
0.000000
0.000000
0.000000
0.000000
0.000000
0.000000
0.000000
0.000000
0.000000
0.000000
0.000000
0.000000
0.000000
0.000000
0.000000
0.000000
0.000000
0.000000
0.000000
0.000000
0.000000
0.000000
0.000000
0.000002
0.000002
0.000002
0.000066
0.000071
0.000073
0.000075
0.000064
0.000002
0.000001
0.000001
0.000001
0.000001
0.000002
0.000002
0.000002
0.000002
0.000002
0.000001
0.000001
0.000001
0.000001
0.000002
0.000003
0.000002
0.000005
0.000006
0.000008
0.000010
0.000023
0.000003
0.000007
0.000011
0.000014
0.000030
0.000041
0.003808
0.004042
0.004091
0.004184
0.004525
0.004849
0.005082
0.007849
0.007969
0.008323
0.628544
0.591636
0.038197
0.035802
0.034758
0.032860
0.000000
0.000000
0.000000
0.000000
0.009638
0.035065
0.054021
0.470869
0.472903
0.478362
0.498986
0.548330
0.540271
0.510681
0.082723
0.075630
0.066831
0.030504
0.010243
0.010818
0.010459
0.010187
0.006067
0.001049
0.000549
0.000138
0.000276
0.000201
0.000152
0.002040
0.002095
0.002129
0.001997
0.000000
0.000000
0.000000
0.000000
0.000000
0.000000
0.000000
0.000000
0.000000
0.000000
0.000000
0.000000
0.000000
0.000000
0.000000
0.000000
0.000000
0.000000
0.000000
0.000000
0.000000
0.000000
0.000000
0.000000
0.000000
0.000000
0.000000
0.000000
0.000000
0.001879
0.001448
0.000134
0.002971
0.004285
0.004111
0.369770
0.443313
0.474188
0.498592
0.535523
0.565631
0.540384
0.485389
0.445403
0.003470
0.000013
0.000013
0.000013
0.000000
0.000000
0.000268
0.000023
0.000013
0.000012
0.000025
0.000023
0.000024
0.000034
0.000028
0.001312
0.001357
0.001444
0.000021
0.000013
0.000034
0.000141
0.000098
0.000007
0.000007
0.000007
0.000012
0.000007
0.000006
0.000003
0.000003
0.000003
0.000002
0.000002
0.000003
0.000007
0.000005
0.000009
0.000013
0.000011
0.000007
0.000006
0.000042
0.000012
0.000012
0.000012
0.000013
0.000007
0.000007
0.000007
0.000007
0.000021
0.000004
0.000004
0.000015
0.000039
0.000029
0.000006
0.000006
0.000003
0.000004
0.000004
0.000013
0.001780
0.001714
0.001630
0.001630
0.001626
0.001626
0.001648
0.001629
0.001633
0.001635
0.001648
0.001637
0.001671
0.001677
0.001701
0.000023
0.000017
0.000042
0.000139
0.000137
0.000867
0.001053
0.000974
0.404715
0.378690
0.019587
0.019150
0.013975
0.000249
0.000091
0.000049
0.000037
0.000041
0.000053
0.000054
0.000049
0.000076
0.000088
0.000095
0.000275
0.016279
0.030217
0.056646
0.389213
0.001245
0.449829
0.479250
0.489091
0.028812
0.021202
0.020322
0.004212
0.001786
0.001039
0.010197
0.037357
0.570076
0.585132
0.559244
0.536273
0.515398
0.084282
0.010103
0.009594
0.004525
0.000964
0.007696
0.419906
0.410693
0.388541
0.350212
0.308129
0.256956
0.125765
0.124698
0.054545
0.322684
0.333830
0.413358
0.432857
0.446178
0.426195
0.046490
0.034773
0.018854
0.016467
0.014938
0.003331
0.004364
0.004939
0.005519
0.284697
0.270539
0.276355
0.270776
0.236536
0.165278
0.146858
0.076142
0.077974
0.083194
0.085653
0.058508
0.017026
0.016918
0.006050
0.005530
0.005385
0.004492
0.003369
0.002369
0.000054
0.000046
0.000052
0.000030
0.000030
0.000032
0.000210
0.000296
0.001504
0.013090
0.020417
0.055654
0.347064
0.383848
0.469480
0.579229
0.653020
0.727583
0.752707
0.809266
0.905497
1.026580
1.061357
0.002771
0.000016
0.000031
0.000029
0.000009
0.000013
0.000007
0.000104
0.000089
0.001394
0.001464
0.001269
0.002466
0.002324
0.002546
0.002995
0.003161
0.003286
0.003592
0.003829
0.004034
0.004321
0.005396
0.006696
0.007004
0.004154
0.005226
0.004333
0.004210
0.004165
0.003986
0.001253
0.001370
0.006152
0.005877
0.007643
0.009803
0.066564
0.086836
0.109621
0.111996
0.114371
0.113675
0.113529
0.110252
0.109127
0.107493
0.103247
0.089230
0.079939
0.072508
0.062266
0.026692
0.024072
0.005166
0.000259
0.000301
0.000355
0.000355
0.000140
0.000065
0.000122
0.001035
0.005349
0.005380
0.005349
0.007753
0.008026
0.008241
0.008328
0.006326
0.007465
0.008201
0.008831
0.022431
0.024496
0.034047
0.065178
0.070027
0.073881
1.283190
0.149889
0.105788
0.096440
0.076081
0.025233
0.021588
0.009406
0.000651
0.000253
0.000107
0.000287
0.003852
0.019108
0.040861
0.071749
0.086152
0.148513
0.216632
0.231474
0.330733
0.347828
1.535863
1.589789
0.401943
0.388824
0.366805
0.081509
0.398731
0.463625
0.496030
0.502310
0.486373
0.467334
0.456160
0.016692
0.000090
0.000014
0.018457
0.021212
0.413985
0.527588
2.045379
2.217027
2.405247
0.669214
0.598606
0.585093
0.585705
0.589931
0.604230
0.605981
0.607224
0.614650
0.622809
0.635205
0.652329
0.664445
0.682288
0.703421
0.724238
0.738818
0.753751
0.760067
0.767745
0.774525
0.772595
0.771219
0.768526
0.764336
0.759005
0.737461
0.720349
0.701586
0.685607
0.672263
0.661138
0.651884
0.643089
0.635408
0.627149
0.624490
0.621261
0.618260
0.607905
0.595025
0.569748
0.550097
0.481162
0.376150
0.211070
0.064522
0.023818
0.037062
0.230058
0.275839
0.307917
0.383390
0.414172
0.495922
2.429526
2.439162
2.445140
2.443480
2.304119
2.276163
0.049938
2.138082
2.209448
2.073868
0.015126
0.000535
0.000354
0.000069
0.000060
0.000081
0.000139
0.000266
0.016339
2.421825
2.347400
0.029296
0.011437
0.010405
0.000652
0.000393
0.000327
0.001229
0.000699
0.000263
0.000164
0.000190
0.004559
0.019275
2.192719
2.218296
2.136825
2.042128
1.909560
1.615488
1.430456
1.258171
0.015204
0.006663
0.076139
1.026072
1.052725
0.003841
0.000250
0.000216
0.000117
0.000036
0.000039
0.001935
1.030781
0.000031
0.000026
0.000057
0.000147
0.000104
0.000119
0.000095
0.000059
0.000089
0.000086
1.293616
1.330545
1.374312
1.419604
1.538957
1.592468
1.609213
1.617531
0.078444
0.017830
0.155518
0.397946
3.477644
3.770723
3.835990
3.902990
0.001117
0.000053
0.000099
0.000584
0.000476
0.000417
0.001782
3.922946
3.790664
3.451027
3.205229
2.841031
0.000107
0.000055
0.000032
0.000022
0.000017
0.000013
0.000016
0.000114
0.000034
0.000039
0.000005
0.000003
0.000004
0.000003
0.000003
0.000013
0.000011
0.000008
0.000008
0.000009
0.000010
0.000004
0.000012
0.002577
0.001671
0.001567
0.001945
0.001039
0.000089
0.000089
0.000106
0.000139
0.000175
0.000155
1.975279
0.299960
0.141116
0.121852
0.066590
0.059258
0.011579
0.007692
0.007349
0.029437
0.042237
0.042915
0.059250
0.061139
0.062568
0.059215
0.037156
0.035874
0.007318
0.007541
0.007300
0.000272
0.000050
0.000039
0.000057
0.000048
0.000053
0.000028
0.000016
0.000017
0.000067
0.000043
0.000055
0.000088
0.000086
0.000714
0.000654
0.000859
0.000834
0.000866
0.000855
0.000367
0.000339
0.000618
0.005075
0.006462
0.074226
0.228887
0.232447
0.249936
1.189895
1.233997
1.115368
1.125516
1.142195
1.141617
0.049541
0.040966
0.023473
0.003738
0.003897
0.003906
0.003989
0.003705
0.003862
0.004115
0.004279
0.004602
0.004653
0.007736
0.017950
0.019572
0.021214
0.020797
0.014093
0.013784
0.009685
0.010288
0.010725
0.011119
0.011494
0.011401
0.010784
0.010957
0.010632
0.006941
0.006908
0.000078
0.000034
0.000020
0.000387
0.000353
0.000412
0.000406
0.000500
0.000404
0.000697
0.000739
0.000624
0.000459
0.003755
0.025045
0.027301
0.031083
0.035334
0.038702
0.043115
0.046179
0.047047
0.049757
0.048960
0.051812
0.052647
0.014419
0.014312
0.000949
0.000282
0.000021
0.000006
0.000010
0.000009
0.000007
0.000017
0.000019
0.000010
0.000036
0.000020
0.000024
0.000133
0.000130
0.000246
0.000164
0.000134
0.000157
0.000102
0.000021
0.000012
0.000014
0.000032
0.000208
0.000174
0.000126
0.000029
0.000028
0.000012
0.000012
0.000015
0.000013
0.000014
0.000014
0.000045
0.000013
0.000026
0.000089
0.000026
0.000037
0.000074
0.000031
0.000028
0.000022
0.000019
0.005678
0.006069
0.036762
0.038278
0.039688
0.047781
1.095912
1.141816
1.162678
1.190758
1.206751
1.189699
1.138979
0.921436
0.636568
0.047875
0.050171
0.048362
0.002894
0.000245
0.000214
0.016204
0.017044
0.017927
0.019096
0.021130
0.023555
0.033073
0.034713
0.036944
0.045746
0.056949
0.063855
0.070847
0.076387
0.012530
0.000484
0.133570
0.938851
1.078059
2.867843
3.064022
3.212195
3.346907
0.000233
0.000104
0.000105
0.000074
0.000048
0.000108
0.000100
0.000158
0.002056
0.040223
0.041521
0.048256
3.665920
3.955340
4.039860
4.049537
0.161441
5.172458
5.021244
4.962102
4.890302
4.831907
4.617037
4.266031
4.149837
3.990790
2.677456
3.674500
3.658376
3.628267
3.591430
3.564846
0.041264
0.026295
0.004827
0.005844
3.683864
3.777632
3.881080
0.639518
0.627241
0.576131
0.437054
0.312977
0.261622
0.185084
0.149248
0.044092
0.040274
0.035678
0.035292
0.016603
0.005871
0.005777
0.005065
0.004271
0.003439
0.000002
0.000003
0.000004
0.000004
0.000004
0.000002
0.000004
0.000007
0.000007
0.000002
0.000004
0.000014
0.000011
0.000009
0.000035
0.000036
0.000006
0.000004
0.000004
0.000036
0.000007
0.000006
0.000003
0.000008
0.000008
0.000006
0.000002
0.000002
0.000014
0.000014
0.000016
0.000013
0.000006
0.000009
0.000003
0.000004
0.000003
0.000002
0.000003
0.000006
0.000005
0.000005
0.000006
0.000006
0.000003
0.000076
0.000056
0.000007
0.000007
0.000007
0.000005
0.000007
0.000007
0.000071
0.000071
0.000074
0.000047
0.000020
0.000009
0.000011
0.000009
0.000016
0.000024
0.000055
0.008514
0.008707
0.009043
0.009359
0.010007
0.010470
0.010972
0.011125
0.011186
0.011284
0.011385
0.016113
0.016548
0.017024
0.017625
0.018190
0.018960
0.019164
0.018236
0.015651
0.015256
0.014883
0.012109
0.015897
0.015642
0.014319
0.013122
0.011628
0.011516
0.011363
0.008649
0.006361
0.001910
0.000581
0.000594
0.000074
0.000096
0.000058
0.000105
0.000100
0.001825
0.024048
0.028103
0.030314
0.031732
0.032977
0.034269
0.035399
0.032374
0.000083
0.000046
0.000027
0.000029
0.000047
0.000079
0.000140
0.000330
0.000095
0.000273
0.000126
0.000142
0.065170
0.077762
0.209860
0.260357
0.326061
0.523777
0.629843
0.726104
3.965801
4.129608
4.123953
4.135498
0.002912
0.001763
0.001970
0.002098
0.016367
0.018380
4.336722
5.308995
6.036065
6.447052
6.635953
6.882249
7.035169
7.095883
7.151615
7.171326
7.218037
7.318718
7.382752
7.417229
7.500907
7.609846
7.622636
7.626596
7.697867
7.697774
7.860901
7.869044
7.855337
7.847275
0.018884
8.174067
8.210840
8.193791
8.183007
8.128450
8.088980
8.063088
8.025321
7.935703
7.888332
7.851078
7.832807
7.839797
7.849458
7.866688
7.892042
7.925465
7.938850
7.944839
7.771098
7.643257
7.361943
6.932210
0.143071
0.002221
0.001355
0.000607
0.000270
0.000105
0.000213
0.000168
0.000083
0.000064
0.000078
0.000054
0.000030
0.000083
0.000115
0.000051
0.000025
0.000026
0.000196
0.000073
0.000045
0.000061
0.000205
0.000045
0.000031
0.000047
0.000085
0.000058
0.000034
0.000056
0.000152
0.000115
0.000137
0.000155
0.000283
0.000504
0.000768
0.000917
5.550923
5.230233
5.001684
4.698464
4.402249
4.144520
1.241546
1.311588
4.770010
0.003850
0.002891
0.005410
0.040880
0.075758
5.543196
5.937954
6.447178
6.981900
7.550439
8.017023
8.159976
8.189768
8.200625
8.080297
8.080308
8.079965
8.079382
8.075449
8.070216
8.066942
8.063209
8.060191
8.055628
8.053503
8.055929
8.037919
8.021690
8.004786
7.989310
7.973748
7.957483
7.941701
7.923275
7.907974
7.908519
7.909259
7.902532
7.874610
7.873775
7.871567
7.864922
7.863191
7.862599
7.864511
7.863765
7.897941
7.903365
7.914685
7.916035
7.917702
7.918209
7.914787
7.876607
7.876223
7.876126
7.875767
8.138946
8.138061
8.356082
8.372155
8.382775
8.381598
8.387995
8.394639
8.400098
8.403255
8.417084
8.424254
8.424600
8.422942
8.423455
8.426518
8.411511
8.412234
8.401475
8.404248
8.401123
8.403150
8.406567
8.406481
8.402443
8.403148
8.404478
8.403502
8.407241
8.405342
8.443521
8.455525
8.478402
8.481285
8.481625
8.484063
8.488158
8.490905
8.796709
9.000002
9.154384
9.239655
9.289512
9.280777
9.280954
9.283250
9.278006
9.272428
9.268704
9.263503
9.246377
9.222849
9.213202
9.212371
9.218549
9.223338
9.220157
9.217451
9.201980
9.195485
9.196357
9.206738
0.000668
0.000395
0.000280
0.000308
0.000710
0.000763
0.000426
0.001228
9.246247
9.253721
9.265851
9.278285
9.282132
9.249553
9.169166
9.101104
8.955460
8.906162
8.934200
8.946540
8.940180
8.907410
8.893346
8.879935
8.834314
8.806917
8.794400
8.782154
8.769085
8.751377
8.705225
8.675531
8.647508
8.637386
8.609687
8.573089
0.011600
0.004763
0.004967
0.002917
0.000363
0.000523
0.000390
0.000537
0.000633
0.000023
0.000052
0.000055
0.000060
0.000066
0.000134
8.434448
8.446227
8.449190
8.452756
8.451435
8.433515
0.002751
0.001052
0.000709
0.000100
0.000104
0.000271
8.370392
8.432123
8.458863
8.489703
0.000472
0.000266
0.000215
0.000206
0.001224
0.002592
8.526891
8.486191
8.482619
0.000262
0.000163
0.000113
0.000103
0.000030
0.000015
0.000041
0.000037
0.000022
0.000044
0.000079
0.000114
0.000273
0.000376
0.006939
8.506552
8.526712
8.535898
8.477583
8.366760
8.209595
8.205725
8.200493
8.377259
0.006058
0.006902
8.412826
8.389198
8.346046
8.294039
8.484196
8.527473
8.579463
8.660716
0.029172
8.455859
8.541665
8.627074
9.005984
9.085107
9.142772
9.194258
9.226584
9.285795
9.307062
9.343896
9.371850
9.397347
9.405048
9.385788
9.375724
9.361404
9.131406
8.918507
8.763877
8.628554
0.115358
0.150784
8.731037
8.772581
8.819363
8.807177
8.835859
8.675092
8.376509
0.001848
0.001325
0.000478
0.000124
0.000065
0.000037
0.000022
0.020774
0.015361
0.000008
0.000005
0.000006
0.000005
0.000004
0.000002
0.000004
0.000009
0.000011
0.000006
0.000008
0.000003
0.000004
0.000006
0.000003
0.000011
0.000010
0.000006
0.000006
0.000007
0.000006
0.000012
0.000020
0.000024
0.000052
0.000102
0.000128
0.016842
8.075106
7.949848
7.644914
7.147518
6.789737
6.389427
6.034804
3.670010
3.640157
5.844140
5.961070
6.000878
6.108596
6.329532
6.393469
6.421743
6.500302
6.609370
6.511767
6.412590
6.293020
6.104564
5.961710
5.712474
5.624164
5.328110
5.206228
5.051361
4.804868
0.002103
4.438930
4.065136
3.754449
3.415303
0.018101
0.013047
0.007964
0.089297
2.727649
2.607637
2.321877
0.011287
2.299390
2.210361
2.160313
2.111907
2.069993
1.967153
1.897910
0.013100
1.768727
0.401057
0.005793
0.004999
0.000145
0.000198
0.000082
0.000116
1.505131
1.156482
1.154396
0.002395
0.000035
0.000580
0.000030
0.000029
0.000018
0.000054
0.000045
0.000026
0.000045
0.000033
0.000026
0.000015
0.000031
0.000069
0.000071
0.000029
0.000083
0.000045
0.000150
0.000073
0.000018
0.000030
0.000019
0.000030
0.000020
0.000029
0.000027
0.000035
0.000020
0.000034
0.000027
0.000055
0.000007
0.000006
0.000007
0.000012
0.000008
0.000005
0.000006
0.000008
0.000028
0.000030
0.000009
0.000042
0.000040
0.000028
0.005304
0.002809
0.103872
1.603784
1.602947
1.583528
1.467030
0.021045
0.001047
0.027225
0.095465
0.100581
0.106009
0.115809
0.132532
1.467930
1.391612
1.348889
1.396508
1.336262
0.148425
0.038288
0.031132
0.035640
0.030048
0.006339
0.000478
0.000574
0.000294
0.030856
0.059863
0.080460
1.851990
1.893332
1.875557
1.815338
1.781690
1.695104
0.768376
0.000052
0.000022
0.000182
0.264565
0.148263
0.099747
0.082362
0.084828
0.005645
0.000034
0.000024
0.000022
0.000039
0.000032
0.000032
0.000111
0.000164
0.009496
0.063874
0.068102
0.076939
0.088887
0.112445
0.197869
0.237999
0.246778
0.195015
0.031037
0.000095
0.000164
0.000167
0.002914
0.003325
0.003402
0.003546
0.003529
0.003849
0.004242
0.004768
0.005108
0.006894
0.010978
0.013109
1.527624
1.451315
0.010642
0.041664
0.204604
0.686158
1.568816
2.627832
2.992848
3.410464
3.972756
4.758203
5.755877
6.035548
6.300207
6.429431
6.476715
6.512387
6.588231
6.705076
6.964232
6.975720
0.040338
7.123978
7.137421
7.170171
7.201544
7.169132
7.152724
7.135380
7.095419
6.972725
6.908448
6.863089
6.775575
6.695240
6.634774
6.373044
5.595802
4.829338
4.084940
3.617207
3.256999
3.004445
0.014640
1.648966
0.248802
0.264350
0.282195
0.000400
0.000460
0.000476
0.000302
0.000153
0.000145
0.000155
0.000121
0.000055
0.000079
0.000669
0.000764
0.001595
0.001530
2.621884
2.858908
2.932279
3.026607
3.236259
3.250349
3.244512
3.217296
3.220454
3.216632
3.212383
3.207675
3.201273
3.192466
3.119647
3.076933
3.027678
3.020322
2.965978
2.876101
0.066402
0.002362
0.000171
0.000112
0.000129
0.000218
0.000401
0.000085
0.000061
0.000039
0.000048
0.000057
0.000094
0.000160
0.000190
0.000594
0.063525
2.802779
2.836090
2.874107
2.836302
0.213437
3.001247
3.063415
3.170723
3.258863
3.326136
3.338256
3.346685
3.350361
3.396423
3.414114
3.442359
3.913136
3.887961
3.863772
3.779176
3.768321
3.737203
3.705388
3.642833
3.559068
3.549224
3.569163
3.605787
3.628087
3.657505
3.714875
3.764780
3.795730
3.867481
3.767395
3.775193
3.770279
3.755113
3.689970
3.336348
3.300395
3.279327
3.273011
3.279678
3.355021
3.353614
3.235409
3.244820
3.236006
3.236870
3.224454
3.126652
0.010146
2.980302
2.995430
3.045068
3.007725
3.006039
2.965614
2.950731
2.896002
0.001585
0.000462
0.000360
0.000148
0.000105
0.000103
0.000047
0.000049
0.000070
0.000555
0.000472
0.000793
0.000244
0.000275
0.000348
0.000830
3.169415
3.390735
3.497062
3.560614
3.631456
3.792720
3.773811
3.770172
3.825079
0.055746
0.000090
0.000049
0.000046
0.000156
0.000101
0.000037
0.000029
0.000019
0.000009
0.000012
0.000019
0.000034
0.000063
0.000060
0.000136
0.000071
0.000070
0.000072
0.000070
0.000068
0.000081
0.000160
0.000631
0.001417
0.078544
0.091165
0.108803
4.958835
5.216354
5.752956
6.026839
6.068276
6.048872
5.914767
6.074516
6.233097
6.413972
6.488622
6.579883
6.753837
6.866358
7.042000
7.112543
7.129302
7.088836
7.115802
7.035266
7.019531
7.007404
7.001576
6.959343
6.947601
7.024601
7.040333
7.033535
6.989028
6.966898
6.889815
6.699695
6.187460
0.132215
0.103111
0.080492
0.005808
0.005447
0.004833
0.002756
0.000236
0.000226
0.000425
0.000163
0.030588
0.030625
0.030118
3.991918
3.935331
3.860428
3.722706
3.601739
3.109973
0.005897
0.005522
0.005800
0.006768
3.709958
4.317683
4.762040
5.376770
5.732427
6.159469
6.089904
6.050785
5.931659
5.637277
5.313308
5.010694
4.697634
0.043452
0.001553
0.001046
0.000788
0.000211
0.000064
0.000094
0.000041
0.000076
0.000069
0.000058
0.000250
0.000207
0.000200
0.000152
0.000135
0.000082
0.000100
0.000093
0.000121
0.000090
3.474408
3.607960
3.500085
3.488294
3.490029
3.472340
3.389981
3.503944
3.438700
3.230960
3.252035
3.226851
3.254259
3.214812
3.056600
2.945035
3.022856
3.080488
3.135534
3.212686
3.015903
3.401632
3.289139
3.275679
3.342142
3.402322
0.010519
0.013047
3.607544
3.696710
3.808240
0.034370
0.002330
0.000284
0.000318
0.000397
0.000369
0.030934
0.033269
4.148467
4.254340
4.375013
4.495491
4.660889
4.822238
5.082328
5.155293
5.240246
0.000626
0.000235
0.000114
0.000058
0.000032
0.000025
0.000029
0.000035
0.000018
0.000010
0.000047
0.000023
0.000037
0.000064
0.000065
0.000054
0.000060
0.000023
0.000020
0.000032
0.000031
0.000090
0.000112
0.000435
0.001659
5.266974
5.330287
5.333922
5.351638
0.000691
0.000499
0.000270
0.000238
0.000137
0.000153
0.000248
0.000235
0.000199
0.000125
0.000036
0.000084
0.000263
0.000238
5.260406
5.184634
4.939305
4.764104
4.554387
0.243658
0.063011
0.058604
0.012636
0.000793
0.000418
0.000883
0.000842
0.019383
3.048661
3.371703
3.504651
3.985033
4.260515
4.593926
4.951001
5.358731
5.595193
5.985998
0.001079
0.000889
0.000924
0.000649
0.000418
0.000550
0.000068
0.000032
0.000018
0.000008
0.000006
0.000005
0.000008
0.000060
0.000102
0.000118
0.000176
0.000132
0.000177
0.001295
0.001512
6.148939
6.283958
0.006689
0.002970
0.000975
0.000882
0.000796
0.000792
0.000079
0.000039
0.000027
0.000043
0.000084
0.000142
0.000072
0.000052
0.000055
0.000083
0.000173
0.000022
0.000016
0.000006
0.000015
0.000017
6.267599
6.410315
6.477733
6.508691
6.549166
6.631500
6.649211
6.578051
0.004490
0.000025
0.000043
0.000085
0.000216
0.004347
0.003158
0.003171
0.003067
0.003622
6.195944
6.241472
6.271459
6.318899
6.344915
6.367711
6.403741
6.317996
6.205796
5.927673
5.716228
5.086826
0.003467
0.001869
0.000985
0.000410
0.000248
0.000076
0.000036
0.000065
0.000116
0.000016
0.000024
0.000088
0.000151
0.000027
0.000043
0.000019
0.000027
0.000052
0.000055
0.000176
1.312528
1.188212
3.940630
4.034670
3.975976
4.437939
4.673605
4.971933
5.300233
0.001421
0.000731
0.000466
0.000332
5.593763
5.795956
6.137639
5.961925
5.979160
5.995980
6.025982
6.036317
6.031938
5.976209
5.801786
0.571330
0.000035
0.000041
0.000028
0.000039
4.314514
4.512752
4.886283
5.220504
5.379771
5.442085
5.382498
5.285622
5.319293
0.000711
0.000727
0.000021
0.000022
0.000016
0.000031
0.000033
0.000042
0.000080
5.688482
5.656950
5.630351
5.620737
5.539874
5.459275
0.023117
0.026820
5.407558
5.418114
5.416275
5.341961
5.221798
5.006003
4.081797
3.914520
3.761872
3.617913
0.113542
0.040661
0.000484
0.000395
0.000342
0.000147
0.000125
0.000030
0.000020
0.000017
0.000011
0.000018
0.000017
0.000025
0.000012
0.000008
0.000006
0.000006
0.000018
0.000109
0.000109
2.405234
2.073018
1.818823
1.621136
1.289414
1.058919
0.172072
0.000832
0.050829
0.007759
0.006708
0.006016
0.003441
0.000039
0.000008
0.000009
0.000010
0.000010
0.000008
0.000007
0.003274
0.003143
0.003092
0.003105
0.003073
0.003181
0.000317
0.000333
0.000332
0.000913
0.000673
0.000026
0.000024
0.000009
0.000013
0.000012
0.000102
0.000040
0.000039
0.000810
0.000749
0.000789
0.000854
0.000874
0.000230
0.004505
0.016590
1.171222
1.300794
1.473820
1.677142
0.000200
0.000125
0.000199
0.000030
0.000019
0.000027
0.000039
0.000135
0.000088
0.000206
0.000819
0.004454
0.011033
0.000023
0.000342
0.000032
0.000040
0.013735
1.862805
1.894480
1.908167
1.920039
1.984165
1.981125
1.838453
1.838522
1.788499
0.020978
0.002344
0.000728
0.000694
0.000638
0.000057
0.000051
0.000056
0.000025
0.000075
0.000087
0.000162
0.000172
0.000184
0.000240
0.000300
0.000305
1.680369
1.686842
1.686403
0.004636
0.000180
0.000034
0.000014
0.000012
0.000011
0.000452
0.000460
0.000437
0.000426
0.000419
0.000411
0.000415
0.000439
0.000423
0.000404
0.000405
0.000408
0.000422
0.000437
0.000417
0.000100
0.000093
0.000568
0.001762
0.002784
0.003505
0.004181
0.004369
0.004320
0.004201
0.004146
0.004122
0.004083
0.004049
0.004025
0.003893
0.002977
0.002437
0.001968
0.001777
0.001646
0.001462
0.001243
0.000958
0.000027
0.000020
0.000006
0.000007
0.000009
0.000012
0.000002
0.000002
0.000001
0.000001
0.000001
0.000001
0.000002
0.000003
0.000003
0.000004
0.000001
0.000002
0.000002
0.000003
0.000001
0.000002
0.000007
0.000000
0.000000
0.000001
0.000166
0.000196
0.000253
0.000288
0.000305
0.000304
0.000322
0.000340
0.000376
0.000398
0.000369
0.000351
0.000359
0.000374
0.000371
0.000387
0.000385
0.000394
0.000454
0.000473
0.000532
0.000585
0.000610
0.000721
0.000848
0.000851
0.000680
0.000560
0.000514
0.000438
0.000351
0.000314
0.000322
0.000330
0.000332
0.000405
0.000436
0.000540
0.000636
0.000729
0.000819
0.000923
0.000996
0.001012
0.001066
0.000813
0.000529
0.000045
0.000013
0.000004
0.000003
0.000003
0.000004
0.000000
0.000000
0.000000
0.000000
0.000000
0.000000
0.000000
0.000000
0.000000
0.000002
0.000022
0.000160
0.000154
0.000145
0.000136
0.000128
0.000120
0.000109
0.000001
0.000002
0.000002
0.000001
0.000001
0.000001
0.000002
0.000007
0.000039
0.002662
0.002739
0.002741
0.002752
0.002727
0.002702
0.002676
0.002669
0.002675
0.002051
0.001228
0.000342
0.000891
0.001124
0.001096
0.001074
0.000837
0.000019
0.000006
0.000002
0.000001
0.000001
0.000001
0.000000
0.000000
0.000000
0.000001
0.000001
0.000001
0.000001
0.000001
0.000001
0.000001
0.000010
0.000023
0.000032
0.001725
0.002000
0.002189
0.002525
0.002963
0.003084
0.003073
0.003058
0.003047
0.003039
0.002973
0.002917
0.002900
0.002882
0.002884
0.002835
0.002510
0.002279
0.002171
0.002080
0.001892
0.001806
0.001788
0.001790
0.001808
0.001619
0.001475
0.001400
0.001373
0.000118
0.000005
0.000004
0.000003
0.000002
0.000002
0.000003
0.000017
0.000225
0.000257
0.000319
0.000384
0.000431
0.000486
0.000493
0.000504
0.000509
0.000476
0.000436
0.000422
0.000408
0.000393
0.000430
0.000425
0.000335
0.000024
0.000021
0.000011
0.000010
0.000010
0.000012
0.000009
0.000358
0.000438
0.000564
0.000563
0.000537
0.000452
0.000350
0.001547
0.001678
0.001927
0.001977
0.001960
0.001678
0.001311
0.000438
0.000439
0.001377
0.001731
0.001801
0.001917
0.002077
0.002067
0.002035
0.001280
0.001869
0.001924
0.001967
0.000001
0.000002
0.000001
1.629742
0.008231
0.000003
0.007528
1.537111
1.547170
0.009359
0.004506
0.005153
0.001782
0.001404
0.001191
0.000007
0.000003
0.000002
0.000002
0.000001
0.000001
0.000001
0.000002
0.000002
0.000002
0.000119
0.000162
0.000180
0.000168
0.000166
0.000157
0.000162
0.000179
0.000219
0.000325
0.000496
0.000773
0.000794
0.000825
0.000908
0.000907
0.000887
0.000879
0.000852
0.000845
0.000856
0.000874
0.000903
0.000878
0.000786
0.000749
0.000731
0.000014
0.000004
0.000001
0.000000
0.000000
0.000000
0.000000
0.000000
0.000000
0.000000
0.000000
0.000000
0.000000
0.000000
0.000000
0.000002
0.000002
0.000000
0.000001
0.000000
0.000000
0.000000
0.000000
0.000000
0.000000
0.000000
0.000000
0.000000
0.000000
0.000000
0.000000
0.000000
0.000000
0.003982
1.493372
1.497236
1.479024
1.459701
0.009967
0.003214
0.000001
0.000000
0.000000
0.000000
0.000000
0.000000
0.000000
0.000000
0.000000
0.000001
0.000001
0.000003
0.000024
0.000029
0.001290
0.001308
0.001291
0.001207
0.001138
0.001109
0.001050
0.000984
0.000960
0.000893
0.000614
0.000069
0.000028
0.000012
0.000014
0.000015
0.000001
0.000000
0.000000
0.000000
0.000000
0.000000
0.000000
0.000000
0.000000
0.000000
0.000000
0.000000
0.000000
0.000000
0.000000
0.000000
0.000001
0.000001
0.000000
0.000002
0.000007
0.000382
0.000424
0.000432
0.000418
0.000410
0.000394
0.000381
0.000335
0.000004
0.000002
0.000001
0.000001
0.000001
0.000002
0.000000
0.000000
0.000000
0.000000
0.000000
0.000000
0.000000
0.000000
0.000000
0.000000
0.000000
0.000000
0.000000
0.000000
0.000000
0.000000
0.000000
0.000000
0.000000
0.000000
0.000000
0.000000
0.000000
0.000000
0.000001
0.000001
0.000001
0.000005
0.000008
0.000382
0.000412
0.000445
0.000522
