0.000001
0.000001
0.000001
0.000001
0.000001
0.000001
0.000001
0.000001
2.307730
2.077422
0.001769
0.000130
0.000074
0.000053
0.000021
0.000013
0.000005
0.000007
0.000008
0.000005
0.001926
0.000730
0.005566
0.004664
0.001563
0.001413
0.001397
0.000007
0.000006
0.001551
0.001095
0.000968
0.000821
0.000768
0.000781
0.000548
0.000011
0.000010
0.000008
0.000005
0.000007
0.000007
0.000006
0.000009
0.000011
0.000009
0.000013
0.000023
0.000008
0.000029
0.000045
0.000020
0.000010
0.000015
0.000008
0.000005
0.000012
0.000013
0.000012
0.000015
0.000012
0.000079
0.000080
0.000086
0.000016
0.000031
0.000026
0.000042
0.000085
0.000057
0.000035
0.000053
0.000056
0.000192
0.000090
0.000245
0.000875
0.000986
0.000963
0.000035
0.000054
0.000055
0.000072
0.000067
0.000205
0.000229
0.000170
0.000175
0.000048
0.000096
0.003059
0.008696
0.008663
0.033438
0.107853
0.135304
0.283094
0.816538
0.841087
0.841829
0.997705
0.992636
0.984232
0.950241
0.916016
0.037685
0.000451
0.000150
0.052580
0.640899
0.614705
0.576446
0.504712
0.179351
0.110406
0.016486
0.000099
0.000057
0.000136
0.000212
0.000277
0.011929
0.020329
0.000022
0.000034
0.000059
0.000079
0.000062
0.000051
0.000092
0.000089
0.000065
0.000094
0.000243
0.000282
0.000922
0.000748
0.003341
0.556828
0.597296
0.609134
0.620095
0.645803
0.650104
0.251619
0.016912
0.006435
0.005237
0.000651
0.000316
0.000197
0.000088
0.000702
0.007484
0.008173
0.009853
0.011750
0.106356
0.497789
0.537415
1.027952
1.050024
1.080271
1.064561
1.050927
1.023963
0.010831
0.903414
0.237753
0.226524
0.085692
0.739042
0.712082
0.690295
0.046841
0.002933
0.000166
0.000498
0.015902
0.018992
0.018292
0.020560
0.835003
0.882141
0.932131
0.994897
1.035212
1.111461
1.167260
0.001876
0.026641
1.252494
1.422778
1.497016
1.578952
1.647759
1.680227
1.731771
1.783905
1.837752
1.834675
0.018586
1.880622
1.918130
1.922977
0.601567
0.004982
0.001375
0.000055
0.000088
0.000031
0.000040
0.000040
0.000824
0.000684
0.011055
0.125066
1.180894
1.321372
0.000010
1.989630
2.252470
2.530202
2.785461
3.121925
3.479304
3.900153
4.328204
4.680096
5.071951
5.397571
5.697188
5.913913
0.000133
0.000172
0.000076
0.000072
0.000108
0.000102
5.974937
6.015545
6.034648
6.045574
6.024778
6.010845
5.944405
0.043303
5.898893
5.924021
5.760987
5.625810
5.541272
5.428649
5.341705
5.253927
5.278844
5.287034
5.147611
0.096689
5.203843
5.143540
5.111271
5.058132
4.979570
4.965231
4.937155
4.659875
0.429693
0.281653
0.261424
0.241268
0.045948
0.041537
0.033655
0.019876
0.030181
0.007066
0.007210
0.004399
0.006561
4.534077
4.688085
0.021674
4.808536
4.917155
5.443119
5.812434
6.354889
6.768874
7.264632
7.462163
7.605613
7.738856
7.756479
7.973191
7.981034
7.983639
7.979288
7.968205
7.948248
7.904489
7.773822
0.043011
0.039524
0.000339
0.000186
0.000118
0.000019
0.000010
0.000017
0.000010
0.000008
0.000006
0.000002
0.000004
0.000009
0.000008
0.000012
0.000039
0.000071
0.000731
0.002827
0.002988
7.584440
7.613193
7.649382
7.669611
7.548423
7.434136
7.348113
7.218858
7.114877
7.008151
6.814399
6.903393
6.731112
6.555751
6.404684
6.302336
6.038932
5.816485
5.585940
5.409025
4.975658
4.542545
4.151875
3.747740
3.131150
0.093595
0.042983
0.025079
0.024663
0.010789
0.009882
0.009889
0.001131
0.001084
0.000267
2.140970
2.022822
1.259579
0.394389
2.772706
2.994556
0.044399
0.042480
3.432873
3.739589
4.073911
0.001884
0.001883
0.002045
0.002099
0.000591
0.003918
0.004745
0.006454
0.009159
4.669448
5.117810
5.412092
5.757955
6.213525
6.623685
7.088624
7.558092
7.644972
7.709031
7.704733
7.717057
7.606446
7.482205
7.474775
7.360443
7.195288
0.073952
7.240882
7.285143
7.327755
7.283758
7.229171
7.181154
7.152142
7.141153
7.092923
7.014367
6.956234
6.818485
6.687556
6.533443
6.393958
6.295448
6.080470
5.878341
5.704656
5.515795
5.072101
4.625763
4.193320
0.710878
0.004682
0.003352
0.003821
1.389601
3.570472
3.770147
3.846499
3.945064
4.047186
4.102835
4.277902
0.019337
0.005513
0.006319
0.024989
4.949626
5.030362
5.080243
5.072480
5.058300
5.032096
4.919143
4.818194
4.733288
4.400617
4.209180
3.842611
0.062387
0.067655
3.783599
3.749048
3.735157
3.649411
0.245485
3.630493
3.685135
3.735501
3.729314
3.732408
3.699857
3.686160
0.008996
3.666412
3.686487
3.711620
3.749691
3.784565
3.768781
3.747310
3.712648
3.674489
3.422136
0.002430
0.005110
0.006584
0.006586
0.006267
0.006174
0.005852
0.005769
0.005867
0.005731
0.006009
0.005586
0.005236
0.001202
0.001001
0.001702
0.002439
2.584775
0.325064
0.088664
0.052058
0.013902
0.000689
0.000466
0.000311
0.000316
0.000162
0.000753
0.000731
0.001552
0.034753
2.578315
2.731523
2.907686
3.010610
0.011538
0.000143
0.000064
0.000102
0.024572
0.024185
0.024632
0.014283
0.000016
0.000052
0.000103
0.000204
0.000144
0.000163
0.000162
0.000257
0.003118
0.003937
0.004715
0.004804
0.000802
0.012566
3.146046
3.328612
3.478898
3.649804
3.839162
4.079308
4.218916
4.318844
4.478654
4.500010
4.411332
4.291938
4.171100
4.042770
0.004013
0.008199
0.081203
0.081107
4.058431
0.132270
4.039946
4.139519
4.188325
4.287343
4.369251
4.395901
4.446433
4.517540
0.001879
0.000297
0.000251
0.000159
0.000159
0.000045
0.000048
0.000041
0.000049
0.000006
0.000014
0.000007
0.000008
0.000007
0.000003
0.000007
0.000004
0.000022
0.000005
0.000008
0.000005
0.000005
0.000005
0.000006
0.000011
0.000011
0.000046
0.000023
0.000008
0.000002
0.000003
0.000002
0.000004
0.000004
0.000009
0.000006
0.000004
0.000039
0.000030
0.000014
0.000002
0.000003
0.000002
0.000003
0.000004
0.000007
0.000009
0.000010
0.000048
0.000022
0.000008
0.000002
0.000003
0.000002
0.000004
0.000004
0.000009
0.000006
0.000004
0.000036
0.000027
0.000013
0.000002
0.000003
0.000002
0.000003
0.000004
0.000008
0.000009
0.000009
0.000052
0.000029
0.000009
0.000002
0.000007
0.000005
0.000006
0.000005
0.000009
0.000003
0.000003
0.000024
0.000014
0.000008
0.000001
0.000002
0.000002
0.000004
0.000004
0.000012
0.000007
0.000006
0.000036
0.000027
0.000014
0.000002
0.000002
0.000001
0.000002
0.000002
0.000008
0.000013
0.000025
0.000026
0.000026
0.000005
0.000004
0.000007
0.000005
0.000003
0.000003
0.000004
0.000005
0.000016
0.000011
0.000011
0.000002
0.000002
0.000002
0.000003
0.000008
0.000002
0.000002
0.000003
0.000012
0.000009
0.000003
0.000003
0.000005
0.000005
0.000002
0.000002
0.000003
0.000003
0.000011
0.000008
0.000010
0.000002
0.000002
0.000009
0.000008
0.000002
0.000002
0.000002
0.000002
0.000004
0.000004
0.000003
0.000002
0.000001
0.000003
0.000003
0.000003
0.000003
0.000003
0.000003
0.000011
0.000013
0.000012
0.000002
0.000002
0.000009
0.000009
0.000002
0.000002
0.000002
0.000002
0.000004
0.000004
0.000006
0.000002
0.000002
0.000004
0.000003
0.000003
0.000003
0.000009
0.000007
0.000009
0.000011
0.000011
0.000002
0.000002
0.000004
0.000003
0.000005
0.000006
0.000002
0.000001
0.000004
0.000004
0.000005
0.000003
0.000013
0.000011
0.000018
0.000020
0.000026
0.000004
0.000004
0.000013
0.000012
0.000003
0.000002
0.000003
0.000004
0.000019
0.000008
0.000011
0.000002
0.000001
0.000004
0.000003
0.000003
0.000003
0.000007
0.000005
0.000006
0.000010
0.000008
0.000002
0.000002
0.000007
0.000006
0.000003
0.000003
0.000003
0.000002
0.000006
0.000004
0.000007
0.000002
0.000003
0.000004
0.000004
0.000003
0.000003
0.000007
0.000006
0.000006
0.000009
0.000008
0.000003
0.000002
0.000005
0.000005
0.000003
0.000003
0.000003
0.000005
0.000034
0.000038
0.000048
0.000003
0.000003
0.000006
0.000006
0.000003
0.000003
0.000003
0.000003
0.000007
0.000010
0.000009
0.000001
0.000003
0.000002
0.000004
0.000004
0.000003
0.000005
0.000005
0.000043
0.000005
0.000004
0.000003
0.000003
0.000004
0.000004
0.000006
0.000006
0.000024
0.000010
0.000005
0.000001
0.000002
0.000002
0.000004
0.000004
0.000008
0.000007
0.000005
0.000052
0.000018
0.000011
0.000003
0.000003
0.000002
0.000003
0.000003
0.000009
0.000012
0.000014
0.000112
0.000050
0.000014
0.000004
0.000015
0.000012
0.000006
0.000006
0.000011
0.000005
0.000006
0.000052
0.000063
0.000011
0.000003
0.000003
0.000002
0.000005
0.000003
0.000005
0.000008
0.000011
0.000022
0.000015
0.000006
0.000006
0.000007
0.000006
0.000003
0.000002
0.000003
0.000004
0.000030
0.000035
0.000042
0.000004
0.000003
0.000006
0.000006
0.000003
0.000003
0.000003
0.000002
0.000009
0.000011
0.000007
0.000001
0.000004
0.000003
0.000004
0.000005
0.000007
0.000012
0.000011
0.000044
0.000019
0.000011
0.000001
0.000002
0.000002
0.000002
0.000002
0.000005
0.000007
0.000008
0.000020
0.000013
0.000005
0.000004
0.000004
0.000004
0.000002
0.000002
0.000002
0.000003
0.000014
0.000015
0.000012
0.000003
0.000002
0.000004
0.000003
0.000002
0.000002
0.000002
0.000003
0.000010
0.000008
0.000009
0.000002
0.000002
0.000004
0.000004
0.000002
0.000001
0.000002
0.000002
0.000008
0.000005
0.000006
0.000002
0.000001
0.000003
0.000002
0.000002
0.000002
0.000002
0.000002
0.000008
0.000010
0.000007
0.000002
0.000002
0.000005
0.000004
0.000002
0.000002
0.000004
0.000006
0.000002
0.000004
0.000004
0.000004
0.000004
0.000003
0.000003
0.000004
0.000010
0.000014
0.000010
0.000004
0.000004
0.000006
0.000006
0.000003
0.000001
0.000002
0.000004
0.000009
0.000008
0.000007
0.000002
0.000002
0.000004
0.000003
0.000002
0.000002
0.000002
0.000003
0.000012
0.000013
0.000005
0.000004
0.000004
0.000008
0.000008
0.000003
0.000002
0.000002
0.000006
0.000012
0.000013
0.000009
0.000004
0.000004
0.000007
0.000008
0.000003
0.000001
0.000002
0.000004
0.000008
0.000007
0.000006
0.000002
0.000002
0.000004
0.000003
0.000002
0.000002
0.000002
0.000003
0.000011
0.000013
0.000005
0.000004
0.000003
0.000007
0.000008
0.000003
0.000001
0.000002
0.000005
0.000009
0.000010
0.000008
0.000003
0.000002
0.000004
0.000004
0.000002
0.000002
0.000002
0.000003
0.000010
0.000008
0.000009
0.000003
0.000003
0.000006
0.000006
0.000002
0.000001
0.000001
0.000002
0.000003
0.000003
0.000005
0.000005
0.000006
0.000005
0.000003
0.000003
0.000003
0.000007
0.000007
0.000007
0.000003
0.000003
0.000006
0.000005
0.000003
0.000002
0.000002
0.000005
0.000023
0.000020
0.000008
0.000004
0.000003
0.000006
0.000006
0.000003
0.000001
0.000002
0.000003
0.000006
0.000006
0.000005
0.000002
0.000002
0.000003
0.000003
0.000002
0.000002
0.000001
0.000002
0.000006
0.000008
0.000006
0.000002
0.000002
0.000006
0.000006
0.000002
0.000002
0.000002
0.000006
0.000012
0.000017
0.000010
0.000003
0.000002
0.000004
0.000002
0.000003
0.000002
0.000002
0.000005
0.000014
0.000015
0.000014
0.000004
0.000004
0.000008
0.000006
0.000003
0.000002
0.000002
0.000003
0.000008
0.000010
0.000008
0.000003
0.000002
0.000005
0.000003
0.000003
0.000002
0.000002
0.000007
0.000031
0.000041
0.000012
0.000004
0.000003
0.000006
0.000003
0.000003
0.000002
0.000002
0.000003
0.000011
0.000011
0.000010
0.000003
0.000003
0.000007
0.000004
0.000002
0.000001
0.000001
0.000003
0.000010
0.000013
0.000009
0.000002
0.000001
0.000004
0.000002
0.000002
0.000002
0.000002
0.000005
0.000032
0.000057
0.000010
0.000003
0.000002
0.000004
0.000002
0.000002
0.000002
0.000002
0.000003
0.000015
0.000017
0.000011
0.000003
0.000002
0.000005
0.000005
0.000001
0.000001
0.000001
0.000005
0.000017
0.000024
0.000005
0.000002
0.000001
0.000002
0.000001
0.000002
0.000003
0.000002
0.000002
0.000007
0.000011
0.000005
0.000001
0.000001
0.000001
0.000001
0.000001
0.000002
0.000002
0.000001
0.000005
0.000006
0.000005
0.000001
0.000002
0.000001
0.000002
0.000002
0.000003
0.000004
0.000004
0.000023
0.000011
0.000009
0.000001
0.000001
0.000001
0.000002
0.000002
0.000003
0.000005
0.000004
0.000031
0.000012
0.000009
0.000001
0.000001
0.000001
0.000002
0.000002
0.000003
0.000005
0.000004
0.000030
0.000012
0.000009
0.000001
0.000001
0.000001
0.000002
0.000002
0.000007
0.000009
0.000003
0.000033
0.000013
0.000009
0.000001
0.000001
0.000001
0.000001
0.000001
0.000002
0.000002
0.000002
0.000009
0.000011
0.000003
0.000003
0.000002
0.000002
0.000002
0.000004
0.000005
0.000004
0.000034
0.000012
0.000009
0.000001
0.000001
0.000001
0.000004
0.000003
0.000005
0.000006
0.000007
0.000062
0.000026
0.000021
0.000002
0.000002
0.000003
0.000033
0.000030
0.000006
0.000009
0.000011
0.000013
0.000016
0.000033
0.000037
4.428710
4.391892
4.333483
4.266673
4.170579
4.091553
4.023495
3.982473
0.015237
4.070080
3.947609
3.720437
3.500593
3.239418
2.929872
2.261062
2.020572
1.831295
0.000445
1.269044
1.163475
0.858317
0.807942
0.013277
0.000868
0.000535
0.000784
0.000457
0.000385
0.000029
0.000031
0.000072
0.000014
0.000024
0.000034
0.000020
0.000012
0.000041
0.000016
0.000015
0.000046
0.000138
0.000163
0.000226
0.011492
0.010516
0.011725
0.014244
0.421579
0.778335
1.055986
1.595559
2.613470
3.060158
3.441455
3.726237
4.110355
4.432659
4.832414
5.086031
5.376290
5.583990
5.711312
5.764492
0.037426
5.501149
5.948815
6.169557
6.327250
6.400352
6.472899
6.488749
6.498947
6.431615
6.323265
6.194299
6.070855
5.397941
4.943825
0.427292
0.113064
0.006198
0.005683
0.006168
0.003217
0.000064
0.000059
0.000054
0.000057
0.000038
0.001970
0.002021
0.001962
0.000051
0.000026
0.000020
0.000039
0.003221
0.003108
0.003102
0.003204
0.003320
0.003420
0.004272
0.004556
0.000265
0.000349
0.000562
0.001322
3.543922
3.724910
4.395177
4.802283
5.272056
5.858266
6.095131
6.217394
6.297320
6.411573
6.536544
6.628727
0.103034
7.204498
7.108311
6.717240
6.406347
0.073773
0.010378
0.007753
0.000414
0.000334
0.000266
0.000148
0.000079
0.000072
0.000037
0.000040
0.000025
0.000031
0.000021
0.000019
0.000011
0.000030
0.000043
0.000028
0.000032
0.000075
0.007251
0.005623
0.003830
0.003331
5.946060
5.867675
5.773387
0.299201
0.319202
0.054867
0.000037
0.000057
0.000030
0.000029
0.000053
0.000053
0.000029
0.000112
0.000115
0.000073
0.000100
0.000112
0.000030
0.000767
0.001019
0.001343
0.001397
0.001497
0.001606
0.001850
0.002629
0.003073
0.003258
0.003643
0.004794
0.005353
0.005696
0.071090
0.087024
6.632536
7.083656
7.312626
7.703694
7.999542
0.000051
0.000005
0.000002
0.000002
0.000001
0.000000
0.000000
0.000001
0.000000
0.000000
0.000000
0.000000
0.000001
0.000001
0.000001
0.000000
0.000003
0.000002
0.000002
0.000001
0.000001
0.000000
0.000000
0.000000
0.000000
0.000001
0.000001
0.000006
0.000007
0.000001
0.000000
0.000001
0.000001
0.000008
0.000003
0.000011
0.000002
0.000002
0.000001
0.000001
0.000000
0.000001
0.000005
0.000004
0.000009
0.000008
0.000030
0.000006
0.000011
0.000018
0.000009
0.000010
0.000008
0.000006
0.000003
0.000003
0.000002
0.000007
0.000019
0.000034
0.000043
0.000139
0.000154
0.000236
0.000429
0.001118
8.015139
8.136844
8.267137
8.363560
8.517546
8.587029
8.607743
8.599206
8.582308
8.540161
8.422759
8.122515
7.972742
7.860165
7.701808
7.492425
7.334627
7.224345
6.831950
6.441906
5.893869
1.259681
5.845265
6.059029
6.057208
6.068394
6.072822
6.104832
6.032020
5.895296
5.732420
5.519706
5.003037
4.435803
4.112347
0.983000
2.501545
2.791508
2.917044
3.048439
3.128070
3.263808
0.003282
0.001664
0.001949
0.007540
0.008056
0.007116
0.000750
0.000947
0.001583
0.002258
0.003219
5.327517
5.905296
6.560642
7.046917
7.558750
8.030477
8.175285
8.343381
8.463867
8.528186
8.615672
8.637606
8.634608
8.533852
8.338323
8.149844
7.934525
7.803829
7.773677
7.537143
7.627420
7.433361
7.207601
7.064199
6.785119
0.017155
0.016089
0.013270
0.000163
0.000062
0.000046
0.000043
0.000021
0.000040
0.000020
0.000016
0.000012
0.000023
0.000025
0.000012
0.000003
0.000002
0.000003
0.000011
0.000061
0.000070
0.000072
0.000006
0.000002
0.000003
0.000003
0.000004
0.000008
0.000012
0.000023
0.000039
0.000032
0.000023
0.000012
0.000012
0.000017
0.000026
0.000017
0.000020
0.000025
0.000102
0.000520
5.906406
5.849250
6.312784
6.430242
6.535246
6.630428
6.652280
6.692812
6.710900
6.712833
6.711370
6.744552
0.161996
6.604333
6.727664
6.770167
6.983176
7.193166
7.438436
7.894096
8.104020
8.317181
8.403038
8.422728
8.431641
8.444698
8.426802
8.461615
8.407913
7.961661
7.776313
7.392903
7.008984
6.724908
6.182392
0.422697
0.030926
0.000798
0.003263
0.001930
0.001343
0.001036
0.001386
0.002041
0.002013
0.002374
0.002991
0.004165
5.776640
5.962592
6.108584
6.151781
6.196063
6.305904
6.414473
6.361646
6.319427
0.087274
0.006017
6.789644
6.913764
7.062936
7.219770
7.289940
7.344814
7.382943
7.343725
7.210291
7.073679
6.861127
6.427230
6.038872
0.292584
3.041072
5.145606
5.553469
6.099661
6.663265
7.249480
7.878800
8.079061
8.262344
8.462464
8.484283
8.520307
8.566804
8.512336
8.467433
8.397198
8.323038
8.246966
8.129563
7.922800
7.618527
7.290132
6.953398
6.594884
6.151695
0.311630
0.009541
6.236369
6.355039
6.509389
6.571348
6.601249
6.650957
6.470530
6.415887
0.092278
6.477690
6.674755
6.957032
7.166099
7.293059
7.384544
7.529830
7.580171
7.608079
7.640602
7.530120
7.408876
7.291732
0.353541
7.588818
7.765179
7.936080
8.070472
8.187813
8.237979
8.257355
8.304876
8.270804
8.197451
8.136171
8.035639
7.736806
7.127112
6.698164
6.398474
5.995381
5.623890
5.232180
4.883158
4.601553
4.378633
4.093295
2.445839
2.145422
0.024094
0.023296
0.000386
0.000400
0.000346
0.000207
0.000167
0.000249
0.000151
0.000072
0.000034
0.000075
0.000150
0.000198
0.000376
0.000402
0.003273
0.005355
0.540652
4.079268
4.258866
4.518382
4.557476
4.623762
0.001335
0.001038
0.000960
0.000759
0.000742
0.000615
0.000541
0.000636
0.000855
0.000850
4.714228
4.792188
0.001142
0.002556
0.008191
0.024081
4.869214
4.918503
4.931709
4.906701
4.908716
4.914900
4.969520
4.983134
4.971117
4.812827
0.001568
0.000679
0.000211
0.000177
0.000128
0.000090
0.000062
0.000130
0.000075
0.000046
0.000045
0.000017
0.000020
0.000016
0.000033
0.000014
0.000017
0.000009
0.000017
0.000006
0.000010
0.000008
0.000014
0.000016
0.000045
0.000236
0.000203
0.000164
0.008357
0.008133
3.799392
4.287395
4.238540
4.059036
0.007552
0.002917
0.003787
0.000101
0.000064
0.000065
0.000289
0.000262
0.000104
0.000299
0.000149
0.000682
0.001669
0.009251
4.934933
5.251246
5.509907
5.637177
5.653399
5.707380
5.834487
5.792757
5.762478
5.692679
5.568459
5.384499
5.113936
4.872122
0.002160
0.001064
0.000716
0.000752
0.000126
0.000107
0.000113
0.000223
0.000431
0.000020
0.000026
0.000014
0.000072
0.000023
0.000086
0.000026
0.000014
0.000015
0.000010
0.000049
0.000101
0.000132
0.000067
0.000007
0.000004
0.000007
0.000059
0.000055
0.000017
0.000025
0.000015
0.000013
0.000021
0.000010
0.000016
0.000010
0.000008
0.000055
0.000004
0.000003
0.000002
0.000009
0.000031
0.000044
0.000035
0.000011
0.000014
0.000007
0.000008
0.000004
0.000010
0.000013
0.000013
0.000003
0.000004
0.000005
0.000058
0.000007
0.000001
0.000003
0.000001
0.000002
0.000002
0.000002
0.000006
0.000008
0.000004
0.000004
0.000019
0.000067
0.000026
0.000019
0.000008
0.000007
0.000017
0.000018
0.000004
0.000005
0.000003
0.000008
0.000027
0.000022
0.000007
0.000003
0.000001
0.000004
0.000029
0.000020
0.000013
0.000011
0.000014
0.000006
0.000005
0.000006
0.000006
0.000012
0.000009
0.000003
0.000002
0.000007
0.000007
0.000006
0.000006
0.000008
0.000017
0.000049
0.000006
0.000001
0.000001
0.000004
0.000015
0.000003
0.000001
0.000000
0.000000
0.000001
0.000001
0.000000
0.000001
0.000001
0.000002
0.000015
0.000016
0.000017
0.000020
0.000020
0.000002
0.000001
0.000002
0.000012
0.000085
0.000002
0.000001
0.000001
0.000000
0.000006
0.000005
0.000004
0.000003
0.000002
0.000005
0.000006
0.000002
0.000003
0.000000
0.000001
0.000005
0.000005
0.000006
0.000007
0.000008
0.000013
0.000004
0.000001
0.000001
0.000000
0.000000
0.000002
0.000001
0.000001
0.000000
0.000001
0.000000
0.000001
0.000001
0.000002
0.000003
0.000005
0.000019
0.000002
0.000001
4.614673
4.163351
3.398329
0.021851
0.007255
0.004535
0.004450
0.003831
0.003638
0.003513
0.003482
0.003455
0.003444
0.003439
0.003470
0.003461
0.003489
0.003502
0.003514
0.003711
0.003591
0.003624
0.003770
0.003770
0.003796
0.003999
0.008788
2.795803
0.084454
2.429036
2.326015
2.253679
2.170387
2.126598
2.036870
2.023793
1.978708
0.149034
1.829091
0.011370
0.000016
0.000005
0.000005
0.000010
0.000007
0.000008
0.000011
0.000004
0.000004
0.000003
0.000005
0.000001
0.000006
0.000003
0.000003
0.000001
0.000007
0.000002
0.000002
0.000001
0.000003
0.000002
0.000001
0.000001
0.000003
0.000003
0.000001
0.000003
0.000005
0.000001
0.000000
0.000002
0.000004
0.000000
0.000001
0.000003
0.000002
0.000001
0.000000
0.000001
0.000000
0.000000
0.000000
0.000001
0.000000
0.000000
0.006012
2.095897
2.259626
2.772567
2.845459
2.948217
3.038294
3.143875
3.207771
3.248312
3.286476
3.230961
3.136718
0.013575
0.008797
0.000174
0.000297
0.000103
0.000052
0.000053
0.000046
0.000038
0.000063
0.000145
0.000268
0.000058
0.000017
0.000004
0.000003
0.000004
0.000004
0.000002
0.000002
0.000002
0.000001
0.000001
0.000002
0.000000
0.000000
0.000000
0.000000
0.000000
0.000000
0.000000
0.000000
0.000000
0.000000
0.000000
0.000000
0.000000
0.000000
0.000000
0.000000
0.000000
0.000000
0.000000
0.000000
0.000000
0.000000
0.000000
0.000000
0.000000
0.000000
0.000000
0.000000
0.000000
0.000000
0.000000
0.000000
0.000000
0.000000
0.000000
0.000000
0.000000
0.000000
0.000000
0.000000
0.000000
0.000000
0.000000
0.000000
0.000017
0.000027
0.000643
0.000010
0.000017
0.000012
0.000012
0.000021
0.000027
0.000000
0.000000
0.000000
0.000000
0.000000
0.000000
0.000000
0.000000
0.000000
0.000000
0.000000
0.000000
0.000000
0.000000
0.000000
0.000000
0.000000
0.000000
0.000000
0.000000
0.000000
0.000000
0.000000
0.000000
0.000000
0.000000
0.000000
0.000000
0.000000
0.000001
0.000001
0.000001
0.000040
0.000066
0.000000
0.000000
0.000000
0.000000
0.000000
0.000000
0.000000
0.000000
0.000000
0.000000
0.000000
0.000000
0.000000
0.000000
0.000000
0.000000
0.000000
0.000000
0.000000
0.000000
0.000000
0.000000
0.000000
0.000000
0.000000
0.000000
0.000000
0.000000
0.000000
0.000000
0.000000
0.000000
0.000000
0.000000
0.000000
0.000000
0.000000
0.000000
0.000000
0.000000
0.000000
0.000000
0.000000
0.000000
0.000000
0.000000
0.000000
0.000000
0.000000
0.000000
0.000000
0.000000
0.000000
0.000000
0.000000
0.000000
0.000000
0.000000
0.000000
0.000000
0.000000
0.000000
0.000000
0.000000
0.000000
0.000000
0.000000
0.000000
0.000000
0.000000
0.000000
0.000000
0.000000
0.000000
0.000000
0.000000
0.000000
0.000000
0.000000
0.000000
0.000000
0.000000
0.000000
0.000000
0.000000
0.000000
0.000000
0.000000
0.000000
0.000000
0.000000
0.000000
0.000000
0.000000
0.000000
0.000000
0.000000
0.000000
0.000000
0.000000
0.000000
0.000000
0.000000
0.000000
0.000000
0.000000
0.000000
0.000000
0.000000
0.000000
0.000000
0.000000
0.000000
0.000000
0.000000
0.000000
0.000000
0.000000
0.000000
0.000000
0.000000
0.000000
0.000000
0.000000
0.000000
0.000000
0.000000
0.000000
0.000000
0.000000
0.000000
0.000000
0.000000
0.000000
0.000000
0.000000
0.000000
0.000000
0.000000
0.000000
0.000000
0.000000
0.000000
0.000000
0.000000
0.000000
0.000000
0.000000
0.000000
0.000000
0.000000
0.000000
0.000000
0.000111
3.105054
3.089751
3.030995
0.000127
0.000090
0.031907
0.048686
3.063928
3.082000
3.088966
3.025257
2.726911
0.000284
0.000241
0.000034
0.001272
0.000240
0.000177
0.000019
0.000015
0.000017
0.000016
0.000029
0.001182
0.001356
0.001479
0.002947
0.001918
0.001500
0.001126
0.000182
0.000174
0.000163
0.000722
0.000955
0.000964
0.000922
0.000881
0.000741
0.000686
0.000535
0.000334
0.000303
0.000394
0.000317
0.000199
0.000100
0.000441
0.000484
0.000504
0.000473
0.000480
0.000432
0.000401
0.000443
0.000417
0.000370
0.000033
0.000037
0.000188
2.589369
2.529369
2.649555
2.576112
2.533292
0.001221
0.000268
0.000173
0.000144
0.000130
0.000102
0.000029
0.000018
0.000625
0.000658
0.000554
0.000501
0.000457
0.000361
0.000091
0.000484
0.000668
0.000738
0.000652
0.000602
0.000647
0.000576
0.000550
0.000472
0.000346
0.000060
0.000043
0.000011
0.000009
0.000005
0.000006
0.000005
0.000010
0.000016
0.000306
0.000555
0.000833
0.000981
0.001228
0.001342
0.001513
0.001528
0.001597
0.001647
0.001529
0.001516
0.001546
0.001859
0.002265
0.002477
0.002801
0.003192
0.003600
0.003766
0.003998
0.000010
0.000011
0.000014
0.000014
0.003012
2.432322
2.359516
2.271739
2.261345
1.987321
1.804351
0.964938
0.002351
0.001410
0.000000
0.000000
0.000166
0.000099
0.000117
0.000063
0.000090
0.000059
0.000051
0.000038
0.000042
0.000030
0.000034
0.000027
0.000038
0.000028
0.000031
0.000045
0.000044
0.000022
0.000014
0.000029
0.000027
0.000013
0.000014
0.000009
0.000010
0.000006
0.000017
0.000016
0.000103
0.000016
0.000031
0.256873
0.240273
0.215031
0.194110
0.064255
0.055726
0.000159
0.000535
0.000000
0.000000
0.000000
0.002018
0.011319
0.000000
0.000000
0.000000
0.000000
0.000000
0.000000
0.000000
0.000000
0.000000
0.000000
0.000000
0.000000
0.000000
0.000000
0.000000
0.000000
0.000000
0.000000
0.000000
0.000000
0.000000
0.000000
0.000000
0.000000
0.000000
0.000000
0.000000
0.000000
0.000000
0.000000
0.000000
0.000000
0.000000
0.000000
0.000000
0.000000
0.000000
0.000000
0.000000
0.000000
0.000000
0.000000
0.000554
0.000448
0.002252
0.000991
0.073748
0.011088
0.000000
0.000000
0.000000
0.000000
0.006336
0.095458
