0.001990
0.001919
0.000060
0.000049
0.000000
0.000000
0.000000
0.000000
0.000000
0.000000
0.000000
0.000000
0.000000
0.000000
0.000000
0.008239
0.008230
0.000000
0.007830
0.007848
0.007851
0.007736
0.007669
0.000001
0.000000
0.000000
0.000001
0.000000
0.000001
0.000000
0.000000
0.000000
0.000000
0.000346
0.000113
0.000005
0.000153
0.000162
0.000174
0.000196
0.000223
0.000238
0.000267
0.000006
0.000001
0.000000
0.000000
0.000000
0.000000
0.000000
0.000000
0.000000
0.000000
0.000000
0.000000
0.000000
0.000000
0.000000
0.000000
0.000000
0.000000
0.000000
0.000000
0.000000
0.000000
0.000000
0.000000
0.000000
0.000000
0.000000
0.000045
0.008369
0.008382
0.010872
0.011033
0.011095
0.013226
1.106165
0.786617
0.633561
0.493327
0.356583
0.241760
0.124966
0.082586
0.070420
0.004348
0.004757
0.000000
0.000000
0.000000
0.000000
0.000000
0.000000
0.000000
0.000000
0.000000
0.000000
0.000000
0.000000
0.000000
0.000000
0.000000
0.000000
0.000000
0.000000
0.000000
0.000000
0.000000
0.000000
0.000000
0.000000
0.000000
0.000000
0.000000
0.000000
0.000000
0.000000
0.000000
0.000000
0.000000
0.000000
0.000000
0.000000
0.000000
0.000000
0.000000
0.000000
0.000000
0.000000
0.000000
0.000000
0.000000
0.000000
0.000000
0.000000
0.000000
0.000000
0.000000
0.000000
0.000057
0.000060
0.000062
0.000064
0.000068
0.000077
0.000091
0.000092
0.000076
0.000001
0.000001
0.000000
0.000000
0.000000
0.000000
0.000000
0.000000
0.000000
0.000001
0.000001
0.000002
0.000095
0.000107
0.000120
0.000106
0.000013
0.000001
0.000000
0.000000
0.000005
0.000004
0.000005
0.000007
0.000651
0.000000
0.000000
0.000000
0.000000
0.000000
0.000000
0.000000
0.000000
0.000000
0.000000
0.000000
0.000000
0.000000
0.000000
0.000000
0.000000
0.000007
0.000007
0.000008
0.000347
0.000393
0.000408
0.000359
0.000335
0.000306
0.000118
0.000007
0.000003
0.000003
0.000001
0.000002
0.000005
0.000007
0.000001
0.000001
0.000002
0.000003
0.000006
0.000004
0.000393
0.000404
0.000352
0.000329
0.000306
0.000291
0.000202
0.000006
0.000006
0.000002
0.000003
0.000005
0.000141
0.000003
0.000001
0.000006
0.000006
0.000002
0.000027
0.000026
0.000024
0.000024
0.000027
0.000029
0.000031
0.000031
0.000031
0.000004
0.000003
0.000012
0.000016
0.000020
0.000025
0.000023
0.000023
0.000022
0.000033
0.000011
0.000014
0.000006
0.000004
0.000013
0.000012
0.000029
0.000016
0.000014
0.000062
0.000027
0.000031
0.000059
0.000059
0.000042
0.000101
0.000023
0.000030
0.000033
0.001589
0.016706
0.121770
0.180942
0.199767
0.251866
0.276600
0.415338
0.460005
0.504393
0.554297
0.658877
0.743547
0.839915
0.000064
0.000127
0.000001
0.000000
0.000000
0.000000
0.000000
0.000001
0.000001
0.000001
0.000000
0.000000
0.000000
0.000000
0.000000
0.000000
0.000000
0.000000
0.000001
0.000001
0.000001
0.000002
0.000001
0.000000
0.000013
0.000012
0.000032
0.000017
0.000011
0.000000
0.000000
0.000001
0.000001
0.000000
0.000000
0.000000
0.000001
0.000001
0.000001
0.000001
0.000000
0.000000
0.000000
0.000000
0.000001
0.000002
0.000001
0.000001
0.000001
0.000001
0.000001
0.000001
0.000004
0.000005
0.000006
0.004075
0.004106
0.004051
0.003938
0.003899
0.003918
0.003865
0.003228
0.000777
0.002799
0.003661
0.004021
0.004443
0.004736
0.004679
0.004003
0.003410
0.002960
0.002848
0.003025
0.003816
0.005235
1.275800
1.418351
0.002581
1.798638
1.947014
2.082881
2.157313
2.228407
2.328834
2.504697
0.000062
0.000058
0.000054
0.000146
0.000210
0.000478
0.000544
0.014246
0.034130
2.756766
2.947068
3.149687
3.206919
3.296795
0.000138
0.000073
0.000059
0.000063
0.000063
0.000076
0.000089
0.000516
0.000925
0.000965
0.001824
0.006106
0.006737
3.542204
3.740709
3.643845
3.651570
3.654705
3.676050
3.686795
3.827049
3.860201
3.874049
3.883420
3.884706
3.884469
3.882925
3.881145
3.880339
3.881425
3.882766
3.882063
3.881739
3.882231
3.882800
3.895606
3.898052
3.899433
3.900016
3.899134
3.914986
3.919721
3.921943
3.922593
3.924372
3.927759
3.928808
3.926244
3.913360
3.909439
3.903085
3.896684
3.863926
3.843543
3.761594
3.441227
0.334404
0.063491
0.008210
0.009073
0.009964
0.010262
3.455636
3.703679
3.901714
4.000172
4.068651
4.104722
4.269027
4.303704
4.327729
4.335920
4.340185
4.338039
4.545736
4.548429
4.547952
4.552411
4.553086
4.557607
4.563809
4.566637
4.570290
4.571573
4.569784
4.561937
4.560396
4.557174
4.554555
4.554376
4.555427
4.559688
4.747832
4.747967
4.764931
4.765439
4.770915
4.776840
4.787597
4.801106
4.801205
4.800932
4.800109
4.798268
4.931777
4.932927
0.002846
0.002528
4.937273
4.937794
4.938117
4.937886
4.937661
4.937971
4.933351
4.917246
4.914579
4.905301
4.907291
4.907402
4.904145
4.904438
4.907556
4.912030
4.917857
4.918422
4.917665
4.917823
4.916239
4.912380
4.905708
4.800797
4.797521
4.783242
4.776623
4.774971
4.764376
4.756094
4.751494
4.745140
4.742222
4.744432
4.749187
4.753050
4.764708
4.778135
4.781217
4.781182
4.780701
4.777316
4.776948
4.752538
4.730559
4.715259
4.706147
4.588770
4.585530
4.585290
4.589672
4.648406
4.682428
4.705846
4.739674
4.742557
4.752845
4.767483
4.785480
4.823400
4.859491
4.871898
4.871172
0.000036
0.000025
0.000022
0.000001
0.000001
0.000001
0.000000
0.000000
0.000001
0.000001
0.000000
0.000001
0.000000
0.000001
0.000001
0.000009
0.000000
0.000001
0.000001
0.000001
0.000001
0.000000
0.000000
0.000000
0.000000
0.000000
0.000000
0.000000
0.000000
0.000001
0.000003
0.000001
0.000000
0.000000
0.000000
0.000000
0.000000
0.000001
0.000001
0.000001
0.000000
0.000000
0.000000
0.000001
0.000001
0.000001
0.000001
0.000000
0.000000
0.000000
0.000000
0.000000
0.000000
0.000001
0.000000
0.000000
0.000000
0.000000
0.000001
0.000001
0.000000
0.000001
0.000001
0.000001
0.000000
0.000000
0.000001
0.000001
0.000000
0.000001
0.000001
0.000000
0.000000
0.000000
0.000000
0.000000
0.000000
0.000000
0.000000
0.000000
0.000000
0.000000
0.000000
0.000000
0.000000
0.000000
0.000000
0.000000
0.000000
0.000000
0.000000
0.000000
0.000001
0.000001
0.000000
0.000001
0.000003
0.000001
0.000000
0.000000
0.000000
0.000001
0.000001
0.000001
0.000002
0.001125
0.001018
0.000870
0.000738
0.000515
0.000516
0.000693
0.000439
0.000470
0.000399
0.000446
0.001075
0.001094
0.001456
0.001688
0.000011
0.000007
0.000017
0.000017
0.000027
0.000034
0.000099
0.007097
4.861922
5.460810
5.513173
5.541267
5.574561
5.605698
5.609744
5.611606
5.609445
5.610527
5.625449
5.637956
5.645882
5.647021
5.647771
5.647458
5.646824
5.644989
5.641237
5.638298
5.618905
5.585439
5.531508
5.434929
5.343028
5.283065
5.006474
5.256539
5.291156
5.364024
5.421029
5.480821
5.512830
5.548536
5.578001
5.612436
5.632474
5.627593
5.631677
5.634491
5.631926
5.613523
5.600805
5.587469
5.572153
5.560311
5.551032
5.548540
5.549467
5.547140
5.543915
5.552956
5.572360
5.603117
5.616565
5.626140
5.631814
5.637019
5.628003
5.620764
5.595095
5.569620
5.557139
5.553746
5.537673
5.519853
5.504825
5.487347
5.488079
5.501673
5.495322
5.551651
5.578041
5.798559
5.796865
0.000058
0.000007
0.000005
0.000001
0.000000
0.000000
0.000000
0.000000
0.000000
0.000000
0.000001
0.000000
0.000000
0.000000
0.000000
0.000000
0.000000
0.000000
0.000000
0.000000
0.000001
0.000000
0.000001
0.000001
0.000000
0.000000
0.000000
0.000000
0.000000
0.000000
0.000000
0.000000
0.000000
0.000000
0.000000
0.000000
0.000000
0.000000
0.000000
0.000000
0.000000
0.000000
0.000000
0.000000
0.000000
0.000000
0.000000
0.000001
0.000000
0.000000
0.000000
0.000000
0.000000
0.000000
0.000000
0.000000
0.000000
0.000000
0.000000
0.000000
0.000000
0.000000
0.000000
0.000000
0.000001
0.000001
0.000000
0.000000
0.000000
0.000000
0.000001
0.000002
0.000002
0.000024
0.000000
0.000000
0.000000
0.000000
0.000000
0.000005
0.000010
0.000012
0.000012
0.000011
0.000017
0.000000
0.000000
0.000000
0.000000
0.000000
0.000000
0.000000
0.000000
0.000000
0.000000
0.000000
0.000000
0.000000
0.000000
0.000000
0.000000
0.000000
0.000000
0.000000
0.000000
0.000000
0.000000
0.000000
0.000000
0.000000
0.000000
0.000000
0.000000
0.000000
0.000000
0.000000
0.000000
0.000000
0.000000
0.000000
0.000000
0.000000
0.000000
0.000000
0.000000
0.000000
0.000000
0.000000
0.000000
0.000000
0.000000
0.000000
0.000000
0.000000
0.000000
0.000000
0.000000
0.000000
0.000000
0.000000
0.000000
0.000000
0.000000
0.000000
0.000000
0.000000
0.000000
0.000000
0.000000
0.000000
0.000000
0.000000
0.000000
0.000000
0.000000
0.000000
0.000000
0.000000
0.000000
0.000000
0.000000
0.000000
0.000000
0.000000
0.000000
0.000000
0.000000
0.000000
0.000000
0.000000
0.000000
0.000000
0.000000
0.000000
0.000000
0.000000
0.000000
0.000000
0.000000
0.000000
0.000000
0.000000
0.000000
0.000000
0.000000
0.000000
0.000000
0.000000
0.000000
0.000000
0.000000
0.000000
0.000000
0.000000
0.000000
0.000000
0.000000
0.000000
0.000000
0.000000
0.000000
0.000000
0.000000
0.000000
0.000000
0.000000
0.000000
0.000000
0.000000
0.000000
0.000000
0.000000
0.000000
0.000000
0.000000
0.000000
0.000000
0.000000
0.000000
0.000000
0.000000
0.000000
0.000000
0.000000
0.000000
0.000000
0.000000
0.000000
0.000000
0.000000
0.000000
0.000000
0.000000
0.000000
0.000000
0.000000
0.000000
0.000000
0.000000
0.000000
0.000000
0.000000
0.000000
0.000000
0.000000
0.000000
0.000000
0.000000
0.000000
0.000000
0.000000
0.000000
0.000000
0.000000
0.000000
0.000000
0.000000
0.000000
0.000000
0.000000
0.000000
0.000000
0.000000
0.000000
0.000000
0.000000
0.000000
0.000000
0.000000
0.000000
0.000000
0.000000
0.000000
0.000000
0.000000
0.000000
0.000000
0.000000
0.000000
0.000000
0.000000
0.000000
0.000000
0.000000
0.000000
0.000000
0.000000
0.000000
0.000000
0.000000
0.000000
0.000000
0.000000
0.000000
0.000000
0.000000
0.000000
0.000000
0.000000
0.000000
0.000000
0.000000
0.000000
0.000000
0.000000
0.000000
0.000000
0.000000
0.000000
0.000000
0.000000
0.000000
0.000000
0.000000
0.000000
0.000000
0.000000
0.000000
0.000000
0.000000
0.000000
0.000000
0.000000
0.000000
0.000000
0.000000
0.000000
0.000000
0.000000
0.000000
0.000000
0.000000
0.000000
0.000000
0.000000
0.000000
0.000000
0.000000
0.000000
0.000000
0.000000
0.000000
0.000000
0.000000
0.000000
0.000000
0.000000
0.000000
0.000000
0.000000
0.000000
0.000000
0.000000
0.000000
0.000000
0.000000
0.000000
0.000000
0.000000
0.000000
0.000000
0.000000
0.000000
0.000000
0.000000
0.000000
0.000000
0.000000
0.000000
0.000000
0.000000
0.000000
0.000000
0.000000
0.000000
0.000000
0.000000
0.000000
0.000000
0.000000
0.000000
0.000000
0.000000
0.000000
0.000000
0.000000
0.000000
0.000000
0.000000
0.000000
0.000000
0.000000
0.000000
0.000000
0.000000
0.000000
0.000000
0.000000
0.000000
0.000000
0.000000
0.000000
0.000000
0.000000
0.000000
0.000000
0.000000
0.000000
0.000000
0.000000
0.000000
0.000000
0.000000
0.000000
0.000000
0.000000
0.000000
0.000000
0.000000
0.000000
0.000000
0.000000
0.000000
0.000000
0.000000
0.000000
0.000000
0.000000
0.000000
0.000000
0.000000
0.000000
0.000000
0.000000
0.000000
0.000000
0.000000
0.000000
0.000000
0.000000
0.000000
0.000000
0.000000
0.000000
0.000000
0.000000
0.000000
0.000000
0.000000
0.000000
0.000000
0.000000
0.000000
0.000000
0.000000
0.000000
0.000000
0.000000
0.000000
0.000000
0.000000
0.000000
0.000000
0.000000
0.000000
0.000000
0.000000
0.000000
0.000000
0.000000
0.000000
0.000000
0.000000
0.000000
0.000000
0.000000
0.000000
0.000000
0.000000
0.000000
0.000000
0.000000
0.000000
0.000000
0.000000
0.000000
0.000000
0.000000
0.000000
0.000000
0.000000
0.000000
0.000000
0.000000
0.000000
0.000000
0.000000
0.000000
0.000000
0.000000
0.000000
0.000000
0.000000
0.000000
0.000000
0.000000
0.000000
0.000000
0.000000
0.000000
0.000000
0.000000
0.000000
0.000000
0.000000
0.000000
0.000000
0.000000
0.000000
0.000000
0.000000
0.000000
0.000000
0.000000
0.000000
0.000000
0.000000
0.000000
0.000000
0.000000
0.000000
0.000000
0.000000
0.000000
0.000000
0.000000
0.000000
0.000000
0.000000
0.000000
0.000000
0.000000
0.000000
0.000000
0.000000
0.000000
0.000000
0.000000
0.000000
0.000000
0.000000
0.000000
0.000000
0.000000
0.000000
0.000000
0.000000
0.000000
0.000000
0.000000
0.000000
0.000000
0.000000
0.000000
0.000000
0.000000
0.000000
0.000000
0.000001
0.000000
0.000000
0.000001
0.000000
0.000000
0.000000
0.000000
0.000000
0.000000
0.000000
0.000000
0.000000
0.000001
0.000000
0.000000
0.000000
0.000000
0.000001
0.000001
0.000000
0.000001
0.000001
0.000001
0.000002
0.000001
0.000001
0.000006
0.000006
0.000007
0.000014
0.000049
0.000061
0.000300
0.000835
5.985558
5.999034
6.003623
6.003224
5.898026
5.998932
6.102762
6.132726
6.163067
6.155282
6.157714
6.165612
6.139680
6.103179
6.180705
6.179679
6.174618
6.152915
6.137732
6.133429
6.102532
6.092148
6.096392
6.087732
6.058633
6.037517
6.027234
6.020074
6.000391
5.978874
5.949127
5.754769
5.614566
0.005013
0.003852
0.003324
0.002860
0.002841
0.002898
0.000028
0.000022
0.000102
0.000097
0.000122
0.000189
0.000880
5.398707
5.351558
5.299957
5.177191
4.986793
4.905938
4.727602
4.577208
4.376972
4.128693
3.893781
0.034798
3.392704
3.415100
3.360142
0.003811
0.000470
0.000281
0.000069
0.000065
0.000071
0.000029
0.000027
0.000025
0.000043
0.000082
0.000072
0.000084
0.000068
0.000227
0.000094
0.000086
0.000047
0.000035
0.000063
0.000146
0.000202
0.000220
0.000420
0.027550
3.300453
3.330104
3.374969
3.437769
3.494715
3.513240
3.658056
3.726062
3.787664
3.816663
3.853448
3.859475
3.808653
3.783997
3.775012
0.007101
3.557533
3.435424
3.345242
3.058162
2.823518
2.561253
2.248009
0.127101
0.117993
0.113918
0.109046
0.009281
0.003332
0.000328
0.000307
0.002651
0.123896
0.117469
0.457935
0.885445
0.925601
0.968148
1.023221
1.061507
0.031770
0.020186
0.005780
0.005563
0.004895
0.000768
0.000729
0.000714
0.000992
0.001029
0.001031
0.008117
0.006992
0.007045
0.000084
0.000108
0.000102
0.002808
0.002787
0.003243
0.004836
0.005339
0.005944
0.006698
0.007449
0.007736
0.008350
0.006360
0.000136
0.000109
0.000086
0.000279
0.025728
0.027331
0.033577
0.040708
1.449938
1.569790
1.680536
1.754262
1.758110
1.854649
1.883058
1.910685
1.944272
1.997586
2.046985
2.114966
0.002300
0.001189
0.000595
0.000959
2.148182
2.274206
2.326233
2.370562
2.430183
2.450205
2.433152
2.419583
2.405390
2.377661
2.341327
2.311637
2.254839
2.192505
2.128476
2.054093
1.932483
1.749566
1.563572
1.389452
1.265046
1.169337
0.080712
0.041485
0.175213
0.166563
0.155789
0.052045
0.013305
0.000577
0.000356
0.008095
0.166996
0.311772
0.512233
0.609109
0.671678
0.852038
0.993524
1.110639
1.173697
1.251678
1.299211
0.005376
0.005573
0.005944
0.006141
1.415882
1.464964
1.522875
0.010168
0.012114
0.013116
0.012346
1.811842
1.893112
1.914786
1.891993
1.841913
1.795756
0.000439
0.000157
0.000042
0.000056
0.000021
0.000013
0.000021
0.000074
0.000363
0.000306
0.002384
0.001953
0.000416
0.000115
0.000309
0.000918
0.026768
1.639902
1.603476
1.581612
1.530924
1.449776
1.385633
1.301214
0.106853
0.002027
0.001321
0.000356
0.000057
0.000052
0.000043
0.000056
0.000055
0.000107
0.004410
0.004366
0.004607
0.004640
0.046825
1.026640
0.991883
0.956809
0.288652
0.176454
0.001113
0.000279
0.000173
0.003269
0.003210
0.002712
0.002243
0.001992
0.001641
0.001366
0.000046
0.000119
0.000180
0.001538
0.001438
0.001836
0.000087
0.000050
0.000059
0.000299
0.000271
0.001890
0.002321
0.002777
0.111101
0.562626
1.310047
1.442730
0.047621
0.001251
0.001316
0.009624
0.010272
0.010845
0.011048
0.011561
0.012291
0.012084
0.012108
0.009325
0.004819
0.000305
0.000264
0.000132
0.001950
0.001573
0.009832
0.204481
2.270761
2.342780
2.430843
2.481430
2.462898
2.474004
2.476151
2.478346
2.486787
2.482211
2.451978
2.411932
0.030643
2.354730
2.349482
2.364216
2.332820
0.014307
0.010581
0.003015
0.008012
2.035226
2.145925
2.173233
2.210694
2.241900
2.259578
2.283624
2.623624
2.690617
2.682959
2.708071
2.747733
2.769557
2.735897
2.694307
2.659075
0.035798
0.008516
0.005604
0.004694
0.000478
0.001973
0.001325
0.007369
0.010432
0.011470
2.647515
2.642638
2.689146
2.735624
2.790478
2.871643
2.949829
3.044152
3.108379
3.101578
3.075490
3.053906
0.016451
0.005225
2.761232
2.651253
2.533140
2.311025
2.124911
1.942342
1.788730
0.024468
0.000712
0.048167
1.567633
1.532520
1.527650
1.520096
1.430572
1.371193
1.280167
1.239224
0.006912
0.000148
0.000062
0.000041
0.000394
0.004346
0.017898
1.231742
1.261088
1.281712
1.264395
1.425572
1.389374
1.361525
1.281166
1.196408
0.013710
0.480239
0.533009
0.473184
0.390387
0.062396
0.034612
0.012339
0.002515
0.001234
0.007638
0.009031
0.001348
0.001585
0.003419
0.012314
0.806245
0.909231
0.978871
1.052600
1.114411
0.002538
1.416290
1.538991
1.674198
1.782040
0.002957
0.001400
0.000048
0.000045
0.000044
0.000069
0.000123
0.000130
0.006825
0.008833
0.119240
0.127445
0.147198
1.985054
2.060496
2.106873
2.164886
2.172361
2.186359
2.179446
2.140362
2.032312
1.746683
1.566936
1.369302
1.192609
1.078246
0.869923
0.758871
0.669304
0.550077
0.298403
0.245361
0.081095
0.061350
0.000017
0.000016
0.000033
0.000031
0.000050
0.000033
0.000020
0.000012
0.000022
0.000010
0.000015
0.000013
0.000030
0.000034
0.000013
0.000016
0.000015
0.000008
0.000010
0.000021
0.000019
0.000017
0.000043
0.000032
0.000025
0.006134
0.005140
0.000033
0.000026
0.000048
0.000034
0.000016
0.000018
0.000019
0.000023
0.000025
0.000040
0.000023
0.000132
0.000046
0.000043
0.000045
0.000023
0.000025
0.000031
0.000100
0.000059
0.000050
0.000033
0.000035
0.000019
0.000046
0.000018
0.000017
0.000016
0.000021
0.000019
0.000027
0.000024
0.000033
0.000029
0.000057
0.000043
0.000027
0.000034
0.000031
0.000035
0.000044
0.000072
0.000101
0.000218
0.075023
0.146524
0.158849
1.356684
1.462933
1.573706
1.628673
1.683199
1.720065
1.787223
1.787481
1.734665
1.728123
1.525868
0.166975
1.478646
1.465323
1.705842
0.011881
2.752396
3.111081
3.541205
3.990777
4.580094
5.207644
6.167471
6.211701
6.267295
6.331627
6.340234
6.354028
6.365926
6.369639
6.361406
6.360380
6.352614
6.350678
6.364353
6.642592
6.623621
6.617639
6.614324
6.617935
6.608023
6.565926
6.533700
6.502702
6.466360
6.423569
6.391639
6.374705
6.261683
5.996152
6.042767
6.161448
6.205056
6.244414
6.266686
6.279070
6.290784
6.314607
6.364309
6.436623
6.460141
6.488888
6.497618
6.490383
6.417312
6.212809
6.188046
6.135248
6.072316
6.026074
5.898587
5.261302
4.771719
4.278262
3.698796
3.191400
0.459230
0.174764
0.098995
0.007567
0.009927
0.000643
0.000566
0.000541
0.016335
0.015429
0.026381
1.077667
1.581230
1.702633
1.847145
1.960300
0.001361
0.001175
0.000345
0.000282
0.000170
0.000130
0.000089
0.000076
0.000066
0.000072
0.000187
0.000234
0.003881
0.004591
0.005208
2.286027
2.512443
2.814700
2.986592
3.459537
3.720642
4.025794
4.122759
4.290673
4.377383
0.023757
4.593940
4.745125
4.933467
5.193167
5.239120
5.335445
5.377035
5.401330
5.383636
5.369253
5.392793
5.400606
5.257156
4.946475
4.742237
4.546163
4.358164
4.187274
3.922784
0.030276
0.006432
0.007601
0.009203
0.064000
4.167792
5.139430
5.467189
6.232579
6.275993
6.275368
6.302023
6.338208
6.343653
6.345794
6.355109
6.349543
6.272950
6.221647
6.146072
6.069968
5.925175
5.671921
5.441906
5.151794
5.118647
4.985579
4.718555
4.427422
4.160262
3.904891
3.653798
2.887171
2.776357
2.582246
0.062132
0.053378
0.010995
0.011020
2.087465
2.056576
1.947523
1.799505
1.783042
1.754056
1.718995
1.633086
1.557266
1.455223
1.314832
1.048033
1.265838
1.247847
1.254966
1.256991
1.248608
1.255768
1.251287
1.520776
1.586405
1.647283
1.739191
1.902650
2.042010
2.406450
2.872079
3.150058
3.333766
3.432685
3.539066
3.657528
3.784008
3.926897
4.090675
4.282478
4.352166
4.429715
4.522750
4.570560
4.629279
4.687764
0.000055
0.000040
0.000082
0.000070
0.000183
0.000390
4.685439
4.752241
4.825497
4.912479
4.951398
5.004144
5.064149
5.127755
5.306732
5.341245
5.305659
5.230280
5.119196
4.989235
4.862941
4.645513
4.493520
0.000226
0.000138
0.000129
0.000308
0.005972
4.605503
4.602308
4.532673
4.417946
4.364087
4.289896
4.208402
4.185752
4.184401
4.058275
3.987156
3.912302
3.767652
3.642806
3.540199
3.444256
3.242796
3.042790
2.858092
2.581057
2.144804
1.887663
1.635642
1.420465
1.240087
1.055418
0.952991
0.774184
0.699063
0.631217
0.571177
0.519200
0.404775
0.368860
0.014086
0.004351
0.003727
0.003872
0.000195
0.000116
0.000140
0.000269
0.004464
0.003532
0.000326
0.000306
0.000306
0.000305
0.000321
0.010129
0.010437
0.001849
0.001806
0.001708
0.001563
0.000014
0.000016
0.000009
0.000010
0.000009
0.000004
0.000008
0.000013
0.000011
0.000004
0.000006
0.000889
0.000659
0.000011
0.000025
0.000032
0.000017
0.000393
0.000273
0.000248
0.000285
0.005700
0.013312
0.013958
0.013850
0.179604
0.183619
0.186930
0.186540
0.184663
0.196999
0.192796
0.195068
0.236390
0.239113
0.244216
0.248968
0.221294
0.000099
0.000037
0.000025
0.000018
0.000033
0.000222
0.000181
0.000236
0.000032
0.000013
0.006113
0.004127
0.000242
0.000221
0.000014
0.000018
0.000004
0.000004
0.000002
0.000003
0.000007
0.000006
0.068070
0.100489
0.110469
0.157525
0.183339
0.228189
0.248799
0.856809
0.997383
1.095498
1.193933
1.295648
0.000105
0.000092
0.000054
0.000027
0.000025
0.000016
0.000042
0.000057
0.000006
0.000003
0.000002
0.000003
0.000006
0.000002
0.000494
0.000491
0.000501
0.000003
0.000004
0.000010
0.011259
0.007562
0.007064
0.000669
0.000636
0.000614
0.000002
0.000003
0.000003
0.000002
0.000002
0.000005
0.000006
0.000011
0.000013
0.000013
0.004734
0.005822
0.009300
0.008945
0.001771
0.003961
0.008012
1.337766
1.412412
1.484043
1.603450
1.653733
1.718316
1.761269
0.001417
0.000153
0.000077
0.000012
0.000012
0.000007
0.000037
0.000042
0.000003
0.000003
0.000001
0.000001
0.000001
0.000004
0.000016
0.000013
0.000021
0.000002
0.000014
0.000012
0.000018
0.000007
0.000009
0.000009
0.000004
0.000009
0.000006
0.000005
0.000009
0.000008
0.000005
0.000004
0.000008
0.005773
0.004935
0.003849
0.003218
0.003335
0.003503
0.003645
0.004001
0.005649
0.006083
0.006098
0.006138
0.006207
0.006268
0.006308
0.006331
0.006283
0.006171
0.005231
0.004787
0.004166
0.003498
0.003283
0.003092
0.002898
0.002762
0.001351
0.005068
0.006580
0.006635
0.000019
0.000019
0.000020
0.000016
0.000012
0.000010
0.000019
0.000035
0.000027
0.000060
0.000012
0.000031
0.000031
0.000046
0.000032
0.000022
0.000005
0.000012
0.000020
0.000013
0.000021
0.000039
0.000014
0.000013
0.000013
0.000005
0.000055
0.000050
0.000006
0.000007
0.000006
0.000014
0.000013
0.000009
0.000022
0.000079
0.000097
1.744242
1.745834
1.738704
1.742041
1.716873
0.006246
1.279447
1.279094
1.243779
1.254646
1.296894
1.311562
1.333631
0.004356
0.000068
0.000047
0.000061
0.000062
0.000027
0.005687
0.006142
0.000725
0.006373
0.008769
0.007451
2.023133
2.123585
2.247466
2.323491
0.021272
0.021753
0.000847
0.000127
0.000210
0.000114
0.000157
0.000334
0.000303
0.000388
0.000310
0.000425
0.000316
0.000328
0.000241
0.000228
0.000625
0.000628
0.037156
0.054312
0.110374
2.935976
3.148508
3.400090
3.683131
0.000177
0.000300
0.000136
0.000044
0.000041
0.000061
0.015098
4.127553
4.406299
4.674754
4.964489
5.070106
5.231046
5.348231
5.492004
5.643644
0.000025
0.000021
0.000024
0.000017
0.000029
0.000033
0.000063
0.000057
0.000019
0.000033
0.000466
5.868814
6.134825
6.303057
6.459411
6.636633
6.815242
6.967593
7.080433
7.538199
7.698505
7.711404
7.736684
7.742436
7.742339
7.667728
7.625247
7.610110
7.616845
7.616621
7.624142
7.560920
7.506017
7.343571
7.198449
7.025494
0.000041
0.000035
0.000036
0.000022
0.000049
0.000048
0.000075
0.000123
0.000259
6.714650
6.526375
6.336377
5.839042
5.374452
4.984066
4.350539
3.057734
2.609293
0.038002
0.000993
0.000135
0.000048
0.000039
0.000030
0.000016
0.000019
0.000021
0.000015
0.000006
0.000010
0.000017
0.000013
0.000014
0.000010
0.000011
0.000005
0.000006
0.000005
0.000006
0.000012
0.000005
0.000015
0.000020
0.000008
0.000008
0.000025
0.000023
0.000025
0.000037
0.000025
0.000017
0.000022
0.000017
0.000292
0.040075
4.491540
4.825534
5.137696
5.261618
5.391784
5.279002
5.381859
5.548990
5.849523
0.000363
0.000413
0.000049
0.000054
0.000010
0.000013
0.000009
0.000012
6.024778
0.031485
6.208264
6.265826
6.331986
6.345988
6.374751
6.350273
6.317361
6.211532
6.040886
5.490295
4.807273
0.049673
4.222949
3.805932
0.008418
0.010953
0.010470
0.009811
0.008878
0.009104
0.009787
0.009325
0.008782
0.008520
0.024305
0.020278
0.018758
0.049993
1.570397
0.023604
0.000064
0.000054
0.000034
0.000017
0.000012
0.000019
0.000019
0.000024
0.000039
0.000015
0.000019
0.000099
0.000051
0.000093
0.000162
0.000230
0.025898
2.134406
2.215969
2.457381
2.751541
0.051422
3.370172
3.458246
0.004967
3.643473
3.629571
3.585704
3.545169
3.446450
3.384539
3.248122
3.127339
2.879425
2.638412
2.417253
2.201206
1.781678
1.665068
1.522240
1.398372
1.208765
1.038207
0.682386
0.001987
0.029992
0.208960
0.453117
0.833515
0.886248
0.925232
0.738246
0.001207
0.000037
0.000024
0.000017
0.000012
0.000005
0.000002
0.000002
0.000001
0.000002
0.000007
0.000001
0.000001
0.000001
0.000001
0.000001
0.000004
0.000004
0.000005
0.000008
0.000003
0.000002
0.000002
0.000001
0.000002
0.000002
0.000005
0.000004
0.000004
0.000003
0.000003
0.000002
0.000003
0.000007
0.000096
0.000078
0.000061
0.000046
0.000011
0.000074
0.000071
0.000066
0.000063
0.000055
0.000058
0.000050
0.000040
0.000037
0.000034
0.000037
0.000002
0.000001
0.000002
0.000026
0.000024
0.000020
0.000003
0.000001
0.000000
0.000000
0.000000
0.000000
0.000000
0.000000
0.000001
0.000001
0.000002
0.000002
0.000015
0.000015
0.000008
0.000005
0.000004
0.000004
0.000002
0.000001
0.000001
0.000001
0.000000
0.000000
0.000016
0.000016
0.000000
0.000000
0.000000
0.000000
0.000000
0.000000
0.000000
0.000000
0.000000
0.000000
0.000000
0.000000
0.000850
0.000000
0.000000
0.000000
0.000000
0.000000
0.000000
0.000000
0.000000
0.000001
0.000001
0.000026
0.002796
0.005897
0.088445
1.381578
1.504448
1.714983
1.904381
2.088531
2.289565
2.763696
3.113018
3.336721
3.550751
3.687540
3.849034
3.917384
4.003396
4.092816
4.197887
4.285939
0.039714
0.000000
0.000000
0.000000
0.000000
0.000000
0.026482
4.802413
4.855440
4.842746
4.820102
4.800699
4.714058
4.617169
4.517280
4.321096
4.084186
3.703074
3.333487
0.489301
0.431203
0.004355
0.000029
0.000030
0.000037
0.000000
0.021354
2.476697
2.546290
2.668899
0.119660
0.126386
0.139912
0.165176
0.000011
0.000049
0.000075
0.000019
0.000011
0.000005
0.000002
0.000002
0.000003
0.000001
0.000001
0.000004
0.000005
0.000006
0.000006
0.000009
0.000011
0.000019
0.000027
0.000051
0.000135
3.681050
3.972916
4.295028
4.570804
4.839867
4.980708
5.125614
5.266846
5.442178
5.609338
5.771363
5.772653
0.000001
0.000001
0.000029
0.000030
0.000057
0.000073
0.000094
0.000060
5.828296
5.863270
5.896416
5.933292
5.981110
5.833991
5.711401
5.483656
5.362363
5.239328
5.124208
5.040647
4.958749
4.819235
4.746699
4.506524
4.141663
3.631734
3.307731
2.976954
2.689199
2.442638
2.268227
2.025639
1.861673
0.041258
0.009874
0.002038
0.000742
0.994133
0.941056
0.955192
0.918735
0.885967
0.110406
0.075690
0.037932
0.027587
0.025792
0.023734
0.021041
0.020602
0.019436
0.019033
0.000003
0.000003
0.000002
0.000259
0.000202
0.000079
0.000065
0.000063
0.000052
0.000115
0.000560
0.000118
0.000196
0.000712
0.000538
0.000036
0.000035
0.000016
0.000019
0.000373
0.000883
0.000947
0.002692
0.018701
0.021490
0.042775
0.046354
0.135474
0.152369
0.552707
0.665422
