0.002961
0.002908
0.000020
0.000010
0.000185
0.000192
0.000191
0.000194
0.000202
0.000199
0.000202
0.000200
0.000198
0.000220
0.000217
0.000195
0.000258
0.000254
0.000250
0.000264
0.000290
0.016170
0.016200
0.016284
0.015879
0.015658
0.014799
0.000005
0.000003
0.000001
0.000001
0.000000
0.000000
0.000000
0.000000
0.000000
0.000000
0.000000
0.000000
0.000038
0.000049
0.000008
0.000006
0.000001
0.000000
0.000000
0.000000
0.000000
0.000000
0.000001
0.000276
0.000125
0.000530
0.009059
0.009629
0.009959
0.008485
0.007393
0.006777
0.005782
0.002588
0.002479
0.004275
0.009369
0.009893
0.010064
0.010285
0.010189
0.010251
0.000729
0.000000
0.000000
0.000000
0.000001
0.000000
0.000000
0.000000
0.000000
0.000000
0.000000
0.000000
0.000000
0.000000
0.000000
0.002327
0.002357
0.002441
0.000085
0.000108
0.000134
0.000119
0.000178
0.000211
0.000341
0.000429
0.000475
0.000542
0.000806
0.001004
0.001613
0.002219
0.002372
0.002702
0.002850
0.002823
0.002780
0.002262
0.002186
0.002142
0.002114
0.001999
0.001899
0.000102
0.000099
0.000088
0.000084
0.000089
0.000093
0.000099
0.003732
0.003665
0.003731
0.003626
0.003467
0.003340
0.002873
0.002691
0.002112
0.000076
0.000008
0.000006
0.000009
0.000030
0.000026
0.000029
0.000007
0.000004
0.000005
0.000005
0.000002
0.000002
0.000004
0.000018
0.000020
0.000026
0.000012
0.000047
0.000006
0.000004
0.000010
0.000011
0.000012
0.000027
0.003852
0.003848
0.004039
0.004095
0.004431
0.004698
0.005574
0.001259
0.042423
0.046838
0.102226
0.111041
0.118621
0.129874
0.142597
0.155869
0.173590
0.225110
0.311481
1.006245
6.620064
7.389841
8.503360
8.943955
9.022605
9.073474
9.080987
9.084243
9.093631
9.095257
9.121760
9.639152
9.655007
9.660017
9.662607
9.662957
9.661925
9.661705
9.662085
9.661438
9.660645
9.653316
9.650761
9.654000
9.661087
9.662636
9.662833
9.662984
9.663023
9.662969
9.662660
9.993625
9.994997
9.997628
9.998981
9.999494
9.999539
9.998303
9.992652
9.961780
9.738948
9.554702
9.422260
9.356669
9.253670
9.215531
9.195414
9.178174
9.169015
9.157743
9.154565
9.155148
9.158230
9.144031
9.137384
9.123299
9.112333
9.110066
9.107570
9.105451
9.103769
0.002105
0.000907
9.099262
9.100802
9.104716
9.108941
9.108625
9.105185
9.093747
9.093013
9.092731
9.091653
9.091683
9.119544
9.141759
9.141883
9.143998
9.149402
9.155908
9.165396
9.175421
9.178615
9.170664
9.133169
8.536367
7.422664
5.903607
5.108485
3.152471
2.728236
1.433318
0.784599
0.351079
0.345210
2.425204
3.552606
4.531727
5.584244
6.348636
7.016123
7.464633
7.612539
7.629974
7.754894
7.707753
7.626151
7.688860
7.483209
7.190563
0.002816
0.001489
0.000431
0.000323
0.000250
0.000118
0.000037
0.000011
0.000011
0.000004
0.000003
0.000008
0.000005
0.000004
0.000004
0.000009
0.000010
0.000080
0.000373
0.000441
0.000011
0.000014
0.000015
0.000010
0.000006
0.000018
0.000025
0.000094
0.000228
0.000142
5.946744
5.391836
0.039435
4.272607
0.085723
0.007230
0.005113
0.003154
0.003384
0.000030
0.000018
0.000015
0.000033
0.000021
0.000013
0.000022
0.000026
0.001326
0.000691
0.000725
0.001225
0.001166
4.247962
0.485664
0.410246
0.013476
0.001078
0.000109
0.000078
0.000033
0.000038
0.000012
0.000011
0.000016
0.000013
0.000009
0.000009
0.000008
0.000007
0.000007
0.000003
0.000002
0.000069
0.000048
0.000060
0.000024
0.000008
0.000015
0.000084
0.000051
0.000049
0.000041
0.000036
0.000052
0.000063
0.000032
0.000050
0.000055
0.000049
0.000053
0.000064
3.192433
0.003944
0.001559
0.001721
0.000745
0.000707
0.000009
0.004370
0.002367
0.000003
0.000004
0.000002
0.000001
0.000009
0.000004
0.000005
0.002970
0.003531
0.003933
2.800689
2.549475
0.011807
0.002643
0.000003
0.000003
0.000003
0.000007
0.000005
0.000009
0.004463
0.011792
0.012874
0.013457
0.623111
0.509915
0.374489
0.022829
0.000011
0.005374
0.019113
0.015720
0.016096
0.018756
1.126992
1.074715
0.892859
0.091215
0.021363
0.027484
0.026250
0.026150
0.000030
0.000024
0.000028
0.000080
0.000021
0.000017
0.000021
0.000010
0.000139
0.000054
0.000045
0.000035
0.000028
0.000014
0.000041
0.000029
0.000027
0.000045
0.002868
0.007131
0.190204
1.048871
1.095382
0.040958
0.000272
0.000005
0.000005
0.000003
0.000067
0.000052
0.000076
0.000067
0.000030
0.000036
0.000066
0.000094
0.000102
0.000003
0.000002
0.000001
0.000097
0.000066
0.000054
0.000031
0.000040
0.000086
0.000074
0.000053
0.000059
0.000079
0.000084
0.000073
0.000501
0.000039
0.000038
0.000187
0.000173
0.000156
0.000146
0.000048
0.000055
0.000007
0.000005
0.000008
0.000008
0.000016
0.000062
0.000022
0.005050
0.005788
0.000045
0.000034
0.000003
0.000058
0.000092
0.000104
0.000128
0.000155
0.000211
0.000239
0.641112
0.340273
0.017417
0.002907
0.003138
0.003367
0.004605
0.155145
0.178628
0.006435
0.004564
0.001939
0.002036
0.001913
0.000421
0.000239
0.000114
0.000123
0.000187
0.000222
0.000066
0.000033
0.000026
0.000039
0.000027
0.000027
0.000030
0.000037
0.000038
0.000049
0.000033
0.000026
0.000011
0.000004
0.000004
0.000003
0.000003
0.000003
0.000110
0.000111
0.000645
0.000760
0.000812
0.000912
0.783581
0.880580
0.943558
0.079172
0.000020
0.000013
0.000017
0.000017
0.000009
0.000006
0.000005
0.000003
0.000003
0.000006
0.000007
0.000004
0.000003
0.000003
0.000002
0.000002
0.000002
0.000010
0.000003
0.000003
0.000002
0.000001
0.000001
0.000001
0.000003
0.000012
0.000016
0.000020
0.000038
0.000062
0.000020
0.000012
0.000004
0.000003
0.000002
0.000001
0.000002
0.000005
0.000004
0.000003
0.000001
0.000004
0.000004
0.000007
0.000002
0.000001
0.000002
0.000001
0.000002
0.000002
0.000003
0.000002
0.000002
0.000002
0.000003
0.000002
0.000003
0.000006
0.000002
0.000003
0.000001
0.000001
0.000002
0.000003
0.000004
0.000001
0.000001
0.000002
0.000001
0.000002
0.000006
0.000011
0.000009
0.000004
0.000004
0.000001
0.000001
0.000001
0.000002
0.000003
0.000004
0.000002
0.000004
0.000004
0.000017
0.000012
0.000011
0.000007
0.000005
0.000005
0.000006
0.000001
0.000007
0.000028
0.000027
0.000005
0.000005
0.000003
0.000001
0.000001
0.000002
0.000004
0.000009
0.000011
0.000021
0.000238
0.000001
0.000001
0.000001
0.000002
0.000018
0.000013
0.000005
0.000004
0.000022
0.000001
0.000001
0.000002
0.000001
0.000001
0.000001
0.000002
0.000002
0.000356
0.000422
0.000417
0.000411
0.000388
0.000046
0.000007
0.000006
0.000004
0.000000
0.000000
0.000002
0.000002
0.000002
0.000003
0.000003
0.000012
0.000094
0.001019
0.001160
0.001341
0.001476
0.001608
0.001610
0.001652
0.001687
0.001667
0.001651
0.001540
0.001513
0.001488
0.001423
0.001387
0.001320
0.001274
0.001258
0.001145
0.001111
0.001090
0.001058
0.001024
0.000938
0.000008
0.000004
0.000003
0.000001
0.000001
0.000001
0.000002
0.000003
0.000003
0.000007
0.000029
0.000436
0.000628
0.001046
0.001131
0.001173
0.001156
0.001076
0.001003
0.000012
0.000007
0.000005
0.000003
0.000001
0.000001
0.000001
0.000001
0.000002
0.000001
0.000001
0.000000
0.000001
0.000000
0.000033
0.000051
0.000008
0.000008
0.000051
0.000038
0.000001
0.000000
0.000001
0.000000
0.000001
0.000001
0.000001
0.000000
0.000000
0.000001
0.000000
0.000000
0.000000
0.000000
0.000000
0.000000
0.000001
0.000001
0.000002
0.000005
0.000011
0.000028
0.004144
0.004051
0.002730
0.002110
0.005160
0.005276
0.005196
0.005156
0.005198
0.005249
0.005358
0.005483
0.005863
0.006417
0.006498
0.006423
0.006390
0.006314
0.006297
0.006045
0.005905
0.005817
0.005602
0.005418
0.005304
0.004888
0.004799
0.003887
0.003172
0.000739
0.002091
0.002519
0.003025
0.003030
0.002964
0.002361
0.000213
0.000203
0.000140
0.000089
0.000105
0.000311
0.000502
0.003926
0.004361
0.004539
0.004536
0.004569
0.004625
0.004702
0.004901
0.005120
0.005184
0.005419
0.005233
0.004968
0.004749
0.004457
0.004390
0.004403
0.003916
0.003826
0.003809
0.003760
0.003587
0.003502
0.003432
0.003385
0.003353
0.003315
0.000124
0.000065
0.000028
0.000034
0.000032
0.000027
0.000024
0.000457
0.000751
0.000765
0.000687
0.000679
0.000512
0.000067
0.000074
0.000094
0.000085
0.000091
0.002709
0.002732
0.002770
0.002842
0.002904
0.002874
0.002879
0.002768
0.002779
0.002757
0.002783
0.002806
0.002891
0.002855
0.002896
0.002882
0.002955
0.002843
0.002825
0.002483
0.000035
0.000023
0.000022
0.000006
0.000002
0.000002
0.000016
0.000014
0.000014
0.000004
0.000003
0.000001
0.000001
0.000001
0.000001
0.000006
0.000010
0.000030
0.000049
0.003897
0.004295
0.005012
0.005308
0.005668
0.005979
0.006512
0.007119
0.007310
0.007816
0.008491
0.008527
0.008572
0.008551
0.008475
0.008448
0.008451
0.008323
0.008081
0.007731
0.007579
0.007503
0.007455
0.007442
0.007161
0.006985
0.006863
0.006002
0.000296
0.000096
0.000092
0.000095
0.000410
0.000405
0.000376
0.000379
0.000377
0.000374
0.000384
0.000333
0.000273
0.000148
0.001151
0.001288
0.001466
0.001633
0.001910
0.002266
0.002304
0.002303
0.002220
0.000099
0.000092
0.000091
0.000036
0.000046
0.000054
0.000060
0.004480
0.007997
0.008906
0.009299
0.009737
0.009779
0.009847
0.009969
0.010151
0.010198
0.010228
0.010265
0.010328
0.010298
0.010159
0.009983
0.009196
0.008544
0.008058
0.007442
0.006979
0.006821
0.006716
0.006745
0.006818
0.008508
0.008547
0.008631
0.008644
0.000015
0.000010
0.000008
0.000002
0.000002
0.000000
0.000000
0.000000
0.000000
0.000000
0.000000
0.000000
0.000000
0.000000
0.000000
0.000001
0.000002
0.000002
0.000034
0.000037
0.001852
0.002278
0.002256
0.002061
0.001941
0.001865
0.001524
0.000042
0.000039
0.000020
0.000019
0.000019
0.000019
0.000020
0.000051
0.000070
0.005837
0.006043
0.006354
0.006484
0.006602
0.006779
0.006807
0.006859
0.006915
0.006991
0.007027
0.007035
0.007587
0.007234
0.006802
0.006600
0.006095
0.005970
0.005806
0.005747
0.005597
0.005582
0.006669
0.006980
0.007471
0.005437
0.005309
0.004705
0.004630
0.004629
0.004722
0.004824
0.004942
0.005193
0.005311
0.005561
0.005500
0.004905
0.004717
0.003902
0.003369
0.002709
0.000787
0.000812
0.002360
0.002554
0.002866
0.002719
0.002762
0.002688
0.002618
0.002580
0.002578
0.002587
0.002618
0.002297
0.001827
0.000082
0.000060
0.000012
0.000007
0.000004
0.000003
0.000001
0.000004
0.000001
0.000000
0.000001
0.000001
0.000001
0.000001
0.000001
0.000005
0.000004
0.000003
0.000001
0.000001
0.000002
0.000001
0.000001
0.000000
0.000000
0.000000
0.000000
0.000000
0.000000
0.000000
0.000000
0.000000
0.000001
0.000000
0.000000
0.000001
0.000004
0.000004
0.000002
0.000005
0.000009
0.000038
0.000047
0.001512
0.002027
0.002780
0.003809
0.004897
0.005152
0.005398
0.006006
0.006563
0.007449
0.007957
0.005918
0.000006
0.000002
0.000000
0.000000
0.000000
0.000000
0.000000
0.000000
0.000000
0.000001
0.000000
0.000000
0.000000
0.995768
1.012792
0.898450
0.608048
0.005617
0.000176
0.000014
0.000018
0.000000
0.000000
0.000003
0.000003
0.000000
0.000000
0.000000
0.000000
0.000000
0.000000
0.000000
0.000000
0.000000
0.000000
0.000000
0.000000
0.000000
0.000000
0.000069
0.000072
0.000336
0.000336
0.000270
0.000266
0.000009
0.000006
0.000000
0.000000
0.000000
0.000000
0.000000
0.000000
0.000000
0.000000
0.000011
0.000010
0.000009
0.000009
0.000009
0.000000
0.000003
0.000003
0.000003
0.000010
0.000029
0.001663
0.001694
0.001719
0.001720
0.001691
0.001682
0.001657
0.001664
0.001686
0.001758
0.001756
0.001744
0.001751
0.001744
0.001707
0.001714
0.001704
0.001722
0.002122
0.002302
0.002372
0.002004
0.001350
0.000754
0.000638
0.000576
0.000366
0.000381
0.000368
0.000370
0.000313
0.000251
0.000015
0.000009
0.000007
0.000006
0.000004
0.000002
0.000001
0.000001
0.000002
0.000204
0.000216
0.000240
0.000274
0.000270
0.000277
0.000280
0.000267
0.000262
0.000114
0.000113
0.000113
0.000109
0.000099
0.000093
0.000090
0.000073
0.000054
0.000002
0.000001
0.000001
0.000001
0.000000
0.000001
0.000001
0.000001
0.000090
0.000143
0.000199
0.000198
0.000199
0.000196
0.000205
0.000175
0.000146
0.000126
0.000092
0.000087
0.000088
0.000076
0.000001
0.000000
0.000001
0.000000
0.000001
0.000001
0.000000
0.000000
0.000000
0.000000
0.000000
0.000001
0.000000
0.000000
0.000000
0.000002
0.000001
0.000001
0.000000
0.000000
0.000000
0.000000
0.000000
0.000000
0.000000
0.000000
0.000001
0.000001
0.000001
0.000001
0.000002
0.000002
0.000004
0.000134
0.000188
0.000202
0.000041
0.000120
0.000150
0.000194
0.000242
0.000243
0.000240
0.000241
0.000000
0.000000
0.000000
0.000000
0.000000
0.000000
0.000000
0.000000
0.000000
0.000000
0.000000
0.000000
0.000000
0.000000
0.000000
0.000000
0.000000
0.000000
0.000000
0.000000
0.000000
0.000001
0.000001
0.000001
0.000000
0.000000
0.000000
0.000000
0.000000
0.000000
0.000000
0.000000
0.000000
