0.000173
0.000004
0.000000
0.000000
0.000000
0.000000
0.000000
0.000000
0.000000
0.000000
0.000000
0.000000
0.000002
0.010332
0.986486
0.634061
0.507107
0.457010
0.107309
0.092195
0.001499
0.001168
0.000495
0.000010
0.000010
0.000023
0.000047
0.000011
0.000012
0.000003
0.000007
0.000010
0.000010
0.000239
0.000210
0.000098
0.000025
0.000035
0.000011
0.000008
0.000016
0.000020
0.000012
0.000013
0.000295
0.001852
0.022790
0.020721
0.021313
0.018942
0.017122
0.005774
0.012705
0.024151
0.024240
0.023976
0.024258
0.019599
0.018510
0.018138
0.000705
0.000710
0.000794
0.000672
0.000635
0.000000
0.000000
0.000000
0.000000
0.000000
0.000000
0.000045
0.000164
0.000041
0.000031
0.000000
0.000638
0.000929
0.001953
0.002114
0.001149
0.000036
0.000409
0.000331
0.000097
0.000104
0.000280
0.029107
0.036465
0.044063
0.051138
0.173633
0.216736
0.243960
0.260067
0.263138
0.262622
0.261735
0.249997
0.221616
0.206822
0.028817
0.023867
0.017400
0.014590
0.007693
0.000505
0.000108
0.000130
0.001792
0.020966
0.042571
0.056343
0.193347
0.184009
0.165687
0.140235
0.134615
0.119865
0.116660
0.112841
0.095381
0.044750
0.032956
0.029076
0.000242
0.000207
0.000050
0.000013
0.000008
0.000011
0.000000
0.000000
0.000002
0.000007
0.000005
0.000140
0.056567
0.059788
0.060312
0.061379
0.018302
0.016716
0.008842
0.001035
0.000073
0.000093
0.000171
0.000175
0.001582
0.002055
0.008248
0.008611
0.013151
0.014644
0.015840
0.023720
0.150771
0.157376
0.170317
0.170066
0.161868
0.152228
0.141416
0.005006
0.004627
0.001017
0.000000
0.001149
0.000000
0.000000
0.000000
0.000000
0.000000
0.000000
0.000000
0.000000
0.000000
0.000000
0.000000
0.000176
0.000167
0.025790
0.028366
0.029382
0.027457
0.024791
0.013494
0.000938
0.000482
0.000499
0.000086
0.000066
0.000156
0.000128
0.000138
0.000779
0.000852
0.000898
0.012773
0.023872
0.025071
0.026071
0.026304
0.027045
0.027025
0.026681
0.025797
0.025389
0.024714
0.023489
0.020681
0.000000
0.000000
0.000000
0.000000
0.000170
0.000291
0.009589
0.015450
0.015936
0.012749
0.012954
0.012895
0.000151
0.000189
0.000000
0.000000
0.000000
0.000000
0.000000
0.000000
0.000000
0.000000
0.000000
0.000000
0.000000
0.000000
0.000000
0.000000
0.000000
0.000050
0.000022
0.000055
0.000048
0.000046
0.000024
0.000024
0.000000
0.000302
0.004860
0.007486
0.008022
0.008751
0.040508
0.042718
0.068340
0.007523
0.005817
0.008081
0.008780
0.029762
0.144330
0.154029
0.164396
0.173952
0.179296
0.182780
0.155030
0.135793
0.102634
0.095030
0.088165
0.081925
0.078968
0.054323
0.050073
0.034286
0.028234
0.016443
0.011586
0.004055
0.000095
0.000191
0.000262
0.000241
0.000689
0.000641
0.000089
0.000127
0.000059
0.000059
0.000024
0.000025
0.000011
0.000009
0.000008
0.000012
0.000009
0.000013
0.000446
0.000443
0.000152
0.000217
0.000527
0.000188
0.000157
0.000055
0.000184
0.014193
0.021010
0.020616
0.020818
0.020925
0.021102
0.021148
0.027447
0.028639
0.033032
0.035136
0.035097
0.035184
0.035017
0.034522
0.034723
0.033692
0.033017
0.031807
0.007791
0.007758
0.000000
0.000000
0.000088
0.008246
0.008802
0.009324
0.023809
0.031526
0.046675
0.048391
0.049029
0.048900
0.053766
0.053591
0.051099
0.048572
0.058166
0.069226
0.123349
0.140568
0.144458
0.147180
0.153360
0.146598
0.138539
0.113126
0.110824
0.251069
0.262613
0.272557
0.256870
0.253478
0.251289
0.243231
0.236400
0.222861
0.048321
0.124816
0.121214
0.013894
0.009343
0.000764
0.000701
0.000651
0.003094
0.100028
0.102887
0.108537
0.112684
0.111045
0.109149
0.106069
0.103418
0.014818
0.004500
0.004020
0.001932
0.000540
0.000119
0.000073
0.000777
0.000826
0.013121
0.014696
0.015898
0.016629
0.024789
0.028056
0.032859
0.035097
0.034632
0.034068
0.014902
0.015006
0.000339
0.000000
0.000000
0.000000
0.000000
0.000000
0.000032
0.000036
0.000022
0.004419
0.000000
0.000000
0.000000
0.000000
0.000003
0.000002
0.000002
0.000113
0.000110
0.000001
0.000001
0.000008
0.000007
0.000006
0.000001
0.000001
0.000001
0.000001
0.000001
0.000000
0.000001
0.000001
0.000001
0.000001
0.000001
0.000016
0.000002
0.000001
0.000001
0.000001
0.007564
0.009927
0.083120
0.084006
0.026091
0.023552
0.000413
0.000033
0.000036
0.000031
0.000019
0.000029
0.000076
0.000211
0.000074
0.027167
0.027577
0.065666
0.220540
0.245435
0.266006
0.363049
0.389795
0.429668
0.429522
0.093288
0.015062
0.000009
0.012491
0.014604
0.014955
0.015428
0.015955
0.000092
0.000188
0.000155
0.000003
0.000003
0.000261
0.000258
0.001980
0.002034
0.002105
0.000008
0.000004
0.000005
0.000006
0.000004
0.000007
0.000033
0.000030
0.000001
0.000002
0.000002
0.000001
0.000002
0.000222
0.000025
0.000032
0.000010
0.000006
0.000003
0.000004
0.000004
0.000003
0.000003
0.000004
0.000002
0.000002
0.000002
0.000002
0.000003
0.000003
0.000009
0.000011
0.000801
0.000009
0.000004
0.000002
0.000002
0.000059
0.000165
0.000216
0.333064
0.345910
0.115694
0.476120
0.477593
0.470661
0.467580
0.464950
0.458913
0.453285
0.441331
0.013680
0.005302
0.000001
0.000002
0.000001
0.000001
0.000002
0.000003
0.002238
0.001800
0.001489
0.000446
0.000334
0.000127
0.000068
0.000054
0.000050
0.000050
0.000065
0.000185
0.000197
0.000149
0.000065
0.000043
0.000057
0.000026
0.001633
0.001422
0.018188
0.014013
0.012963
0.007112
0.000003
0.000004
0.000003
0.000031
0.000004
0.000004
0.000004
0.000011
0.000008
0.000008
0.000008
0.000009
0.000073
0.000075
0.000074
0.000092
0.000108
0.007228
0.009628
0.011124
0.011163
0.010805
0.011691
0.028789
0.029033
0.027488
0.026483
0.006698
0.006230
0.000422
0.000303
0.000247
0.000256
0.000279
0.000013
0.000013
0.000012
0.000006
0.000005
0.000006
0.000015
0.000002
0.000003
0.000003
0.000002
0.000002
0.000002
0.000005
0.000018
0.000008
0.000007
0.000004
0.000002
0.000001
0.000001
0.000001
0.000002
0.000002
0.000001
0.000001
0.000002
0.000009
0.000007
0.000005
0.000008
0.000006
0.000009
0.000011
0.000007
0.000007
0.000030
0.000048
0.000006
0.000007
0.000019
0.000024
0.000022
0.000021
0.000019
0.002994
0.002846
0.000020
0.000007
0.000003
0.000005
0.000006
0.000009
0.000006
0.000014
0.000009
0.000005
0.000004
0.000010
0.000010
0.000003
0.000001
0.000006
0.000010
0.000011
0.000017
0.000017
0.000003
0.000006
0.000007
0.000007
0.000003
0.000007
0.000006
0.000007
0.000005
0.000008
0.000008
0.000008
0.000004
0.000004
0.000015
0.000012
0.000012
0.000012
0.000010
0.000004
0.000010
0.000011
0.000036
0.000040
0.000032
0.000020
0.000017
0.000012
0.000014
0.000017
0.000016
0.000020
0.000013
0.000014
0.000032
0.000049
0.000042
0.000070
0.000130
0.008680
0.068624
0.226110
0.332213
0.343910
0.350934
0.326603
0.343638
0.349159
0.364450
0.322093
0.121361
0.044183
0.031414
0.030735
0.007877
0.005303
0.010082
0.010503
0.014157
0.000454
0.013135
0.013943
0.104965
0.176736
0.190066
0.191166
0.214761
0.743438
0.795348
0.856914
0.936878
0.884192
0.053619
0.018231
0.016934
0.007809
0.000674
0.012083
0.048249
0.081627
0.367111
0.021464
0.935810
1.101557
1.333391
1.428939
1.667928
1.916038
2.006604
1.871468
0.013108
0.013355
0.352725
1.748894
1.915398
0.047717
2.049707
1.872560
1.829049
0.005577
0.005491
0.004785
0.004801
0.004826
0.005603
0.005638
0.011335
0.029055
2.160689
2.355270
2.465443
2.550731
2.672125
2.797922
2.870155
2.866629
2.850772
0.143276
0.097216
0.220642
0.499698
2.092253
2.523517
2.792400
3.161222
3.464562
3.651981
0.000301
0.000227
0.000132
0.000111
0.000106
0.000088
0.000148
0.000368
0.000502
0.000609
0.001003
0.002446
0.005049
4.294053
4.797524
5.316583
5.819242
6.151169
6.289295
6.342140
6.395799
6.494014
6.503314
6.519162
6.534228
6.551740
6.555702
6.551982
6.552288
6.558857
6.588920
0.000974
0.000540
0.000434
0.000399
0.000017
0.000011
0.000010
0.000006
0.000001
0.000001
0.000001
0.000001
0.000001
0.000001
0.000003
0.000005
0.000002
0.000001
0.000003
0.000003
0.000003
0.000002
0.000001
0.000001
0.000001
0.000001
0.000002
0.000002
0.000007
0.000010
0.002638
0.002751
0.002813
0.002799
0.002811
0.002800
0.002757
0.002732
0.003006
0.000263
0.000322
6.246866
6.246711
6.226575
6.187011
6.097372
6.036035
5.685994
0.011219
0.008995
0.007247
0.005296
0.004769
0.004198
0.003911
0.003737
0.003539
0.004090
0.000668
0.001239
5.041031
5.034039
5.304029
5.609229
5.762481
5.925726
6.014539
6.092296
6.142146
6.221258
6.244099
6.267404
6.381177
6.464863
6.445778
6.404436
6.217949
6.087356
5.520110
5.075140
4.597500
3.887045
3.296319
0.360991
0.182823
0.039115
0.008474
0.007977
0.007892
0.001066
0.001096
0.000810
0.001140
0.001425
0.088957
2.531559
2.775241
3.188437
0.063868
4.860311
5.404242
5.483152
5.824895
5.956344
6.048487
6.083505
6.123459
6.151507
6.211345
6.276911
6.345888
6.377304
6.391402
6.396112
6.403155
6.417201
6.421192
6.437423
6.446574
6.455552
6.467407
6.748290
6.755924
6.712019
6.422631
6.327544
6.273847
6.231117
5.848150
6.241773
6.288778
6.262694
6.155995
6.061543
5.545304
5.052348
4.664579
0.053341
0.027928
4.195400
3.852171
3.495869
3.256847
3.012951
2.865875
0.081189
0.008509
2.830872
2.763480
2.589872
0.014369
2.258924
2.407603
2.452669
2.596185
2.610229
2.698629
2.717693
0.012431
3.041641
3.030957
2.658499
2.903304
2.841118
2.767616
2.669845
2.581641
2.335463
2.192525
0.121752
0.078316
0.039836
0.025387
0.023950
0.001139
0.016475
1.802355
1.577504
1.427058
0.098411
0.106097
0.095178
0.010618
0.011951
0.001558
0.009271
0.023811
0.026587
0.127710
0.544629
0.613732
0.701889
0.698920
0.673599
0.531410
0.532173
0.517138
0.174736
0.016191
0.012795
0.001142
0.007091
0.000169
0.000074
0.000079
0.000167
0.000133
0.000215
0.002570
0.010926
0.005791
0.084636
0.104594
1.448451
1.682411
1.962894
2.316517
2.773711
3.054058
3.295305
2.481447
0.026900
0.015721
0.016725
3.445326
3.702344
3.884022
4.034197
4.101714
4.081241
4.000157
3.731487
3.556912
3.343088
2.105266
0.138829
0.001407
0.001837
0.091190
2.372277
3.086952
3.968609
4.397716
4.936168
5.985901
6.941303
7.476493
8.124570
8.166860
8.194902
8.181844
8.162811
8.091827
8.282838
8.360534
8.372871
8.378291
8.378923
8.378444
8.391705
8.474749
8.480936
8.488849
8.491441
8.486631
8.470835
8.702054
8.695222
8.618622
8.621011
8.625889
8.633292
8.641284
8.649264
8.648544
8.651815
8.656554
8.658206
8.652173
0.002859
0.002712
0.000960
0.000772
0.000688
0.000087
0.000077
0.000006
0.000004
0.000004
0.000001
0.000003
0.000002
0.000001
0.000003
0.000009
0.000003
0.000003
0.000001
0.000000
0.000000
0.000001
0.000002
0.000000
0.000001
0.000001
0.000001
0.000000
0.000000
0.000001
0.000001
0.000002
0.000001
0.000001
0.000006
0.000002
0.000001
0.000001
0.000001
0.000001
0.000012
0.000004
0.000003
0.000001
0.000001
8.539794
8.566360
8.597110
8.618772
8.526980
8.533950
8.536728
8.669545
8.686213
8.706207
9.028896
9.049307
9.085799
9.151586
9.209536
9.226760
9.237226
9.246347
9.254876
9.274098
9.309058
9.387896
9.431476
9.444061
9.447950
9.452192
9.452108
9.452225
9.453647
9.454123
9.452706
9.450607
9.448810
9.448556
9.450283
9.453245
9.453266
9.453518
9.453988
9.453117
9.486631
9.479018
9.684207
9.696309
9.722815
9.630648
9.418413
9.413648
9.412369
9.414022
9.412981
9.412423
9.412356
9.412280
9.411726
9.407192
9.404364
9.399913
9.387678
9.359250
9.346984
9.343266
9.342658
9.289215
9.215703
9.215456
9.215995
9.216126
9.216150
9.216076
9.215978
9.215232
9.206093
9.192337
9.117212
8.932609
8.694062
8.494987
7.552332
6.709444
5.972039
4.458946
0.796964
0.183230
0.139791
0.092304
0.246348
3.818580
4.403671
0.019798
6.374032
6.968749
7.573720
8.053799
8.660977
8.781201
8.947531
9.064306
9.129936
9.169403
9.188566
9.192464
9.191745
9.189200
9.184778
9.167198
9.052426
8.993813
8.842490
8.888020
8.748757
8.626504
0.071848
0.070239
8.497763
8.510026
8.457074
0.039300
0.100426
0.000166
0.000345
0.000418
0.000575
0.211608
8.690385
8.749199
8.813875
8.851140
8.878240
8.890264
8.890706
8.801304
8.713146
8.678533
8.655119
8.644974
8.633376
8.627554
8.603164
8.590884
8.580432
8.550344
8.346608
8.346518
8.349878
8.347607
8.304486
8.301226
8.299969
8.297696
8.296340
8.295753
8.296424
8.297320
8.298460
8.299861
8.301313
8.299403
8.500908
8.612544
8.625120
8.628790
8.639636
8.646559
8.648173
8.643449
8.637820
8.629364
8.620395
8.553752
8.477114
8.397016
8.269452
8.156401
7.737714
7.343004
6.986866
6.628062
6.285001
0.169618
0.004157
0.003638
0.003015
0.002791
0.002749
0.002589
0.002314
0.001787
0.001559
0.001480
0.001572
0.001766
0.002274
0.000067
0.000104
0.000459
0.000601
0.000631
0.004567
0.387514
7.543987
7.957342
8.151927
8.361861
8.581760
8.735674
8.779414
8.811901
8.846592
8.870473
8.874989
8.874732
8.766042
8.797587
8.903642
8.950229
8.959644
8.965628
8.966254
8.966298
8.966912
8.967182
8.967325
8.966340
8.958647
8.937241
8.856043
8.790610
0.002078
0.000255
0.000170
0.000158
0.000169
0.000175
0.000197
0.000237
0.000517
0.000890
0.001503
0.003234
8.977433
9.013308
9.042915
8.969611
8.968227
8.956291
8.956226
8.956396
8.972213
8.945496
8.945261
8.959195
8.979905
8.986172
8.955893
8.946631
8.941845
8.933147
8.930524
8.927823
0.004637
0.003295
0.003529
0.004204
0.004713
0.005165
8.984908
9.053242
9.088590
9.110010
0.000168
0.000348
0.000151
0.000086
0.000038
0.000029
0.000050
0.000052
0.000036
0.000038
0.000098
0.000990
0.001263
0.001660
0.018751
0.028101
9.308027
9.304862
9.212267
9.081168
8.823378
0.001410
0.000898
0.000491
0.000295
0.000206
0.000150
0.000085
0.000062
0.000055
0.000035
0.000035
0.000015
0.000033
0.000056
0.000045
0.000020
0.000020
0.000024
0.000037
0.000051
0.000090
0.000113
0.000366
0.000021
0.000017
0.000022
0.000040
0.000250
0.000280
0.000850
0.000862
8.748341
8.966828
9.067778
9.102580
9.115500
9.145872
9.179789
9.191350
9.202024
9.224144
9.258473
9.309412
9.347815
9.393689
9.423441
9.433305
9.435450
9.434904
9.431223
9.426583
9.441366
9.434365
9.411695
9.321713
9.090268
9.056544
9.025471
0.039732
9.046763
9.089098
9.141186
9.192983
9.215681
9.230128
0.000000
0.000000
0.000000
0.000000
0.000000
0.000000
0.000000
0.000000
0.000000
0.000000
0.000000
0.000000
0.000000
0.000000
0.000000
0.000000
0.000000
0.000000
0.000000
0.000000
0.000000
0.000000
0.000000
0.000000
0.000000
0.000000
0.000000
0.000000
0.000000
0.000000
0.000000
0.000000
0.000000
0.000000
9.231381
9.232906
9.368085
9.408494
9.417664
9.383257
9.074145
8.822333
8.201762
0.014851
0.015408
0.016950
8.704005
9.102506
9.248889
9.264857
9.261085
9.258359
9.248075
9.219572
9.204725
9.176584
9.147470
0.030110
0.030443
9.227213
9.274714
9.343551
9.351565
9.383793
9.386791
9.389950
9.388620
9.386072
9.373038
9.373141
9.132402
9.132414
9.129648
9.127705
9.132090
9.156404
9.161715
9.163190
8.870327
8.866930
8.864589
8.857485
8.843732
8.834573
8.831164
8.836023
8.833300
8.832457
8.833690
8.832125
8.817876
8.739214
8.742890
8.747177
8.751091
8.758028
8.763907
8.762513
8.762502
8.847684
8.846689
8.848092
8.849309
8.848157
8.840396
8.798425
0.001134
0.000507
0.000268
0.000077
0.000041
0.000031
0.000018
0.000010
0.000008
0.000008
0.000002
0.000003
0.000005
0.000001
0.000001
0.000002
0.000004
0.000004
0.000003
0.000003
0.000004
0.000028
0.000036
0.000052
0.000120
0.000276
0.000443
8.705498
8.744397
8.779862
8.811011
8.837705
8.850371
8.844203
8.802606
8.771982
8.759533
8.749820
8.736022
8.672731
8.642486
8.525526
8.339380
7.769612
7.173513
6.815704
6.518499
6.127294
5.975115
5.465419
5.043630
0.204009
0.094220
6.428991
6.816189
7.259979
7.624944
8.005152
8.305326
8.354348
8.377968
8.406045
8.408438
8.414958
8.430378
8.457435
8.467970
8.447234
0.000001
0.000000
0.000000
0.000000
0.000000
0.000000
0.000000
0.000000
0.000000
0.000000
0.000000
8.704872
8.698801
8.689504
8.691662
8.698665
8.699588
8.564979
8.560184
8.557823
8.540390
8.508382
8.486802
8.463242
8.438942
8.164879
8.166203
8.154730
8.101974
0.003017
0.002539
0.000437
0.000250
0.000324
0.000193
0.000207
0.000206
0.000277
0.000349
0.001112
0.001642
8.051510
8.128002
8.125632
8.131285
8.132377
8.137640
8.107351
8.073560
8.062714
7.868265
7.834318
7.818368
7.810816
7.785449
7.767820
7.758116
7.746955
7.734960
7.724535
7.689667
7.650217
7.630629
7.619304
7.568868
0.000848
0.000537
0.000210
0.000160
0.000094
0.000027
0.000028
0.000032
0.000043
0.000045
0.000042
0.000022
0.000026
0.000024
0.000008
0.000018
0.000019
0.000015
0.000065
0.000023
0.000010
0.000013
0.000006
0.000021
0.000006
0.000011
0.000011
0.000022
0.000079
0.000013
0.000013
0.000019
0.000050
0.000006
0.000007
0.000009
0.000026
0.000034
0.000018
0.000012
0.000004
0.000006
0.000024
0.000028
0.000016
0.000020
0.000145
0.000306
0.000367
0.000394
7.457897
7.393540
7.325569
7.163159
6.862542
6.409905
5.757611
5.358524
4.863615
4.343769
3.904543
3.283074
2.575342
2.194883
1.867291
1.682163
1.500590
1.047860
0.797137
0.608527
0.226776
0.216070
0.185594
0.160688
0.088687
0.081795
0.077342
0.011435
0.010278
0.006383
0.006336
0.000595
0.001100
0.000125
0.000042
0.000081
0.000020
0.000011
0.000008
0.000010
0.000010
0.000011
0.000007
0.000011
0.000008
0.000004
0.000007
0.000008
0.000005
0.000024
0.000037
0.000006
0.000006
0.000009
0.000007
0.000012
0.000368
0.000389
0.000409
0.003155
0.003443
0.022929
0.054458
0.054347
0.340721
0.219653
0.137100
0.056331
0.006038
0.000907
0.000775
0.000415
0.000211
0.000146
0.000233
0.000516
0.000592
0.019466
0.019582
0.019829
0.000278
0.000057
0.000065
0.000042
0.000014
0.000301
0.074388
0.078425
0.082395
0.081397
0.081050
0.079570
0.082086
0.081828
0.080310
0.080101
0.070280
0.069043
0.065142
0.008775
0.007969
0.005828
0.007723
0.011845
0.029354
0.032116
0.036271
0.031491
0.032590
0.029774
0.028471
0.027376
0.010868
0.010968
0.011315
0.011478
0.011701
0.011989
0.011288
0.010519
0.000006
0.000006
0.000002
0.000002
0.000001
0.000001
0.000001
0.000000
0.000001
0.000000
0.000000
0.000000
0.000000
0.000001
0.000000
0.000000
0.000000
0.000000
0.000000
0.000008
0.000006
0.000006
0.000001
0.000003
0.000001
0.000001
0.000000
0.000000
0.000001
0.000000
0.000000
0.000001
0.000000
0.000000
0.000000
0.000000
0.000000
0.000000
0.000000
0.000000
0.000000
0.000001
0.000001
0.000001
0.000001
0.000001
0.000001
0.000001
0.000000
0.000000
0.000000
0.000000
0.000000
0.000000
0.000000
0.000000
0.000000
0.000000
0.000000
0.000001
0.000000
0.000023
0.000791
0.010731
0.011071
0.021896
0.022123
0.021382
0.015098
0.013958
0.013829
0.013657
0.013471
0.013315
0.012650
0.005260
0.000129
0.000049
0.000001
0.000026
0.000146
0.000186
0.001903
0.001447
0.000148
0.020036
