0.431189
0.075011
0.041210
0.038944
0.045012
0.043256
0.038880
0.034516
0.031304
0.020740
0.000913
0.000558
0.000540
0.000360
0.000048
0.001002
0.000975
0.000031
0.000040
0.000038
0.000074
0.000279
0.000926
0.005556
0.006041
0.006712
0.008118
0.021855
0.037511
0.052603
0.093430
1.025744
1.206172
0.003941
1.614631
1.712204
1.774433
1.829741
1.880979
1.912349
1.953440
0.004080
0.000119
0.000067
0.003104
0.003188
0.003184
0.003122
0.004003
0.001019
0.000947
0.009419
1.925929
1.926685
1.906126
1.839029
1.778954
0.018558
0.016375
0.000031
0.001286
0.001204
0.000022
1.614548
1.566106
1.519988
1.488054
1.457442
0.021369
0.019279
0.019722
1.157557
1.256187
1.281164
1.199769
0.032219
1.085556
1.021926
0.954729
0.883289
0.805254
0.728418
0.621965
0.536467
0.434718
0.242682
0.158279
0.124057
0.023615
0.022016
0.007419
0.005255
0.005224
0.005097
0.005408
0.005329
0.005732
0.005649
0.005442
0.005377
0.005349
0.008274
0.015592
0.093883
0.096057
0.097075
0.098472
0.102569
0.111907
0.133869
0.131466
0.124569
0.117943
0.111770
0.105395
0.103960
0.098799
0.048936
0.007121
0.007354
0.005808
0.004812
0.003859
0.000093
0.000049
0.000035
0.000028
0.000017
0.000022
0.000033
0.000038
0.000234
0.000030
0.000028
0.000026
0.000028
0.000033
0.000068
0.000081
0.000035
0.000088
0.000072
0.000072
0.000155
0.000121
0.000055
0.000062
0.000036
0.000057
0.000098
0.000083
0.000022
0.000066
0.000028
0.000038
0.000052
0.000052
0.000029
0.000020
0.000017
0.000020
0.007167
0.007201
0.021896
0.030730
0.035539
0.036382
0.033246
0.033006
0.091298
0.091353
0.090826
0.089356
0.068442
0.015760
0.006139
0.002143
0.000638
0.000578
0.000116
0.000076
0.004593
0.011447
0.015192
0.016584
0.015604
0.015186
0.014610
0.009333
0.005427
0.006899
0.052963
0.056394
0.069947
0.078934
0.006019
0.465341
0.533710
0.657650
0.745803
0.857806
0.986543
1.129383
1.277171
1.485373
1.640222
1.848655
1.905653
1.978573
1.993664
2.010430
2.028742
2.050604
0.000143
0.000135
0.000131
0.000207
2.090894
2.093419
2.166246
2.143824
2.087223
1.921716
1.617271
1.000146
0.695438
0.539885
0.286188
0.160294
0.112439
0.052956
0.048578
0.004876
0.000637
0.000121
0.000859
0.000868
0.000904
0.003290
0.003287
0.003096
0.002692
0.002372
0.002141
0.001489
0.001218
0.001187
0.001170
0.001059
0.001000
0.000918
0.000024
0.000020
0.000043
0.000065
0.003282
0.006649
0.006522
0.006483
0.006282
0.012298
0.028137
0.027646
0.027168
0.019635
0.018446
0.017448
0.000963
0.000488
0.000755
0.008914
0.009065
0.004311
0.000060
0.005053
0.005261
0.005474
0.007432
0.009363
0.010285
0.011505
0.011911
0.011788
0.009913
0.009625
0.009386
0.003210
0.003110
0.003034
0.002763
0.000160
0.000275
0.000285
0.000303
0.000309
0.000333
0.000302
0.000285
0.000296
0.000302
0.000307
0.000378
0.000284
0.000040
0.000023
0.000016
0.000016
0.000150
0.000931
0.009187
0.013597
0.019431
0.161751
0.176426
0.188040
0.197785
0.239422
0.239299
0.223572
0.223744
0.000281
0.000326
0.000159
0.000116
0.000016
0.000014
0.000008
0.000021
0.000016
0.000011
0.000014
0.000012
0.000014
0.000053
0.000077
0.000840
0.001205
0.001568
0.001952
0.002160
0.002224
0.002469
0.002651
0.003040
0.003188
0.002980
0.003113
0.003704
0.003553
0.003498
0.003310
0.002768
0.002405
0.000204
0.000183
0.000283
0.000216
0.000365
0.003990
0.007764
0.169778
0.185204
0.195616
0.200937
0.207331
0.153100
0.150996
0.146879
0.127879
0.015017
0.013122
0.007440
0.007348
0.000068
0.000067
0.000081
0.000079
0.000020
0.000015
0.000021
0.003432
0.003742
0.003947
0.003824
0.002928
0.003516
0.005491
0.005633
0.005752
0.005853
0.006024
0.006084
0.006372
0.006675
0.007438
0.007663
0.008113
0.008578
0.008581
0.008500
0.008521
0.008355
0.008250
0.000017
0.000020
0.000042
0.000015
0.000009
0.000011
0.000023
0.000020
0.000015
0.000026
0.000027
0.000065
0.000041
0.000036
0.000067
0.000046
0.000024
0.000412
0.000516
0.000617
0.000891
0.002612
0.003045
0.003815
0.004355
0.011834
0.012936
0.013603
0.014294
0.014809
0.009939
0.010695
0.011236
0.011885
0.012221
0.016288
0.017169
0.016742
0.013058
0.006904
0.006870
0.007223
0.007230
0.020164
0.019717
0.019534
0.018937
0.038042
0.039500
0.044914
0.046097
0.038350
0.010861
0.003894
0.003832
0.003889
0.003763
0.002161
0.002021
0.001832
0.001641
0.001781
0.001742
0.001854
0.016689
0.042385
0.051027
0.054604
0.000236
0.090146
0.134494
0.158968
0.199223
0.536524
0.592038
0.651678
0.751102
0.836547
0.968756
1.141112
1.312486
1.491659
1.734330
0.006260
2.547470
2.981986
3.494163
0.006416
0.009086
0.000028
0.011940
3.924529
4.322292
4.406985
4.496711
4.652102
4.678563
4.690178
0.004526
0.001201
0.000197
0.000143
0.000034
0.000048
0.000099
0.001341
4.766662
4.786553
4.787932
4.789031
4.787234
4.800938
4.814503
4.793503
4.788864
4.762506
4.711776
4.580629
4.222292
0.012765
0.000792
0.000538
0.000293
0.000202
0.000114
0.000035
0.000026
0.000019
0.000019
0.000032
0.005581
0.001339
0.000058
0.000081
0.000057
0.000114
0.000195
0.005270
0.003987
0.003892
0.004031
0.004033
3.639199
3.321671
3.092938
2.696125
2.548702
2.074983
1.605362
0.029379
1.611177
1.681818
2.446187
2.714165
3.596530
4.237696
4.658399
4.945616
5.306679
5.651402
5.816848
5.954819
6.006298
6.104994
6.189487
6.234772
6.227941
6.231869
6.229678
6.227466
6.290157
6.326225
6.384298
6.389706
6.392773
6.590574
6.578701
6.572352
6.545325
6.549601
6.473266
6.430401
6.385328
0.024626
6.547582
6.615570
6.610012
6.623433
6.638268
6.629201
6.526427
6.463550
0.067782
0.001542
0.001421
0.001326
0.061137
5.981326
5.980692
0.000090
0.000037
0.000037
0.000045
0.000029
0.000021
0.000020
0.000015
0.000028
0.000346
0.000123
0.000087
0.000030
0.000020
0.000026
0.000025
0.000023
0.000106
0.000080
0.000070
0.000072
0.000095
0.000015
0.000022
0.000021
0.001599
0.001617
0.001361
0.000201
0.000209
0.000180
0.000166
0.000176
0.001672
0.002536
0.002788
0.002762
0.002827
0.002921
0.002979
0.002912
0.002833
0.003082
0.011667
0.010299
0.009805
0.010278
0.008823
0.007407
0.007473
0.007716
0.008350
0.010237
6.175249
6.305176
6.413785
0.053669
0.005419
0.000077
0.000050
0.000044
0.000019
0.000018
0.000536
0.000733
0.000874
0.000710
0.000717
0.000778
0.000761
0.000836
0.000974
0.001608
0.002015
0.002204
0.002151
0.002102
0.002056
0.001974
0.001965
0.002041
0.001794
0.001561
0.001492
0.001847
0.010384
0.013558
0.000349
0.000537
0.006458
0.007286
0.013379
6.766440
6.967410
7.276306
7.246556
7.262345
7.270050
7.217810
7.124452
7.214551
7.189295
7.176335
7.162848
0.001870
0.001594
0.001397
0.001256
0.001283
0.001364
0.001617
0.001764
7.344682
7.411885
7.532871
7.580768
7.650044
7.706754
7.713789
7.725372
7.736900
7.768858
7.775468
7.787241
7.799946
7.799793
7.782184
7.744378
0.000023
0.000021
0.000020
0.000035
0.001091
0.000755
0.000667
7.709650
7.683686
0.003241
7.539779
7.175163
6.835804
0.244733
6.426681
6.531394
6.511005
6.465295
6.371901
6.319426
6.274554
6.130013
5.861614
5.688136
5.099572
4.664582
4.356482
4.195287
3.879030
0.102024
3.476414
3.532739
0.016595
0.000052
0.000059
0.000075
0.000074
0.000112
0.000085
0.000115
0.000141
0.000070
0.000061
0.014878
0.011547
0.008111
3.958082
4.129828
4.419295
4.604323
0.007680
0.000027
0.000036
0.000019
0.000016
0.000013
0.000022
0.000058
0.000240
0.000934
0.007646
0.007991
0.008967
4.785399
4.580179
4.817080
0.022459
0.009713
0.010374
5.281637
5.848983
6.319305
6.938079
7.448564
7.909521
8.591968
9.304865
9.328509
9.355644
9.364902
9.316725
9.197506
8.600911
8.475876
0.042565
0.037044
7.917355
7.668550
7.361038
6.046162
0.010634
0.062987
0.063866
6.081501
6.154906
0.078568
0.082987
7.513745
8.174893
8.325794
8.216875
8.538854
8.814747
8.823466
8.827769
8.827548
8.827720
8.823682
8.762401
8.702382
8.655493
8.539268
8.305639
8.070248
7.713317
6.962687
6.860001
7.106621
0.033601
0.033441
0.000176
0.000110
0.000038
0.000022
0.000006
0.000005
0.000002
0.000002
0.000001
0.000002
0.000002
0.000002
0.000008
0.000006
0.000004
0.000004
0.000003
0.000004
0.000003
0.000006
0.000006
0.000008
0.000007
0.000006
0.000004
0.000003
0.000003
0.000003
0.000004
0.000005
0.000008
0.000015
0.000020
0.000039
0.000310
0.000418
0.039827
0.221370
7.989142
8.710632
8.694772
8.678196
8.566716
8.504997
8.029116
7.448019
7.048722
6.489923
5.742246
0.034642
0.000516
0.000381
0.000417
0.000326
0.000059
0.000042
0.000064
0.000036
0.000053
0.000067
0.000102
0.000248
0.000301
4.177675
3.882491
0.092551
5.222142
5.744592
0.000361
0.000317
0.000250
0.000367
0.000883
0.001137
0.000738
0.000868
0.015017
6.551636
7.175075
7.701347
8.289122
8.312273
8.339439
8.368729
8.218325
0.045411
0.042372
0.034478
0.034389
8.123714
8.136747
8.163362
8.145917
0.001187
0.000348
0.000198
0.000181
0.000104
0.000071
0.000068
0.000070
0.000051
0.000034
0.000012
0.000250
0.002522
0.000007
0.000020
0.000046
0.000030
0.000031
0.000057
0.000144
0.084072
0.091784
8.671572
8.734373
8.671675
8.658938
8.627883
8.597845
0.001225
0.000656
0.000318
0.000125
0.000063
0.000047
0.000032
0.000028
0.000055
0.000054
0.000059
0.000094
0.000401
0.000238
0.000334
0.001164
8.543636
8.639807
8.641956
8.645394
8.601085
8.594154
8.525973
8.386527
0.967798
0.933289
0.837724
0.819295
0.807861
0.771292
0.733263
0.696018
0.659815
0.034958
0.011852
0.055373
0.715310
5.359980
5.941214
6.924131
7.689398
8.340144
8.390581
0.007734
0.007381
8.478690
8.578905
8.707923
8.725591
8.730001
8.739598
8.750941
8.752873
8.755612
8.747929
8.748956
8.752651
8.946386
8.937993
9.038525
8.815340
8.848816
8.874438
8.899165
8.941870
8.950878
8.944461
9.037309
9.005042
8.988728
0.000413
0.000095
0.000067
0.000018
0.000007
0.000005
0.000004
0.000002
0.000001
0.000001
0.000001
0.000002
0.000001
0.000002
0.000003
0.000003
0.000007
0.000007
0.000010
0.000026
0.000041
0.000066
0.032918
0.034391
0.035883
9.415452
9.471801
9.470386
9.134877
8.778998
8.478162
8.083664
7.845911
7.693024
7.394757
6.969388
6.873925
6.728072
6.640550
0.027381
0.029182
0.042091
0.142803
7.395542
7.392627
7.155822
6.872022
6.385284
0.015725
5.273792
4.550810
3.961476
3.478291
0.574360
0.293602
0.209119
0.148320
0.011306
0.023370
0.021651
0.021564
0.020856
0.019637
0.000491
0.000445
0.000361
0.000323
0.002016
0.002796
0.003011
0.003106
0.003342
0.003680
0.003551
0.134624
0.157843
1.647227
2.940049
4.479339
5.108578
5.841708
6.686916
7.545216
8.042449
8.296216
8.653006
8.899264
9.089459
9.127394
9.173395
9.260396
9.134786
9.135430
9.133766
9.130707
9.129205
9.125275
9.121760
9.121311
9.117402
9.094611
9.065752
9.036248
9.006717
8.865321
8.786390
8.749535
8.601492
8.480836
8.390771
8.273186
8.088435
7.935171
7.854130
7.755486
7.577490
7.403427
7.313152
7.197686
7.126243
7.021470
6.913109
0.006500
0.001206
0.000755
0.000398
0.000307
0.000227
0.000141
0.000043
0.000029
0.000038
0.001681
0.001865
0.002242
0.002243
0.002225
0.002275
0.002266
0.002315
0.002194
0.002126
0.002078
0.002270
0.002085
0.002134
0.002148
0.000046
0.000031
0.000195
0.000239
0.000524
0.003166
6.732733
6.694219
6.693417
6.667774
6.582864
6.522495
6.426524
6.337597
6.265177
6.190434
6.100644
6.051755
6.015052
5.990574
5.987949
5.984218
0.014815
6.054205
6.008884
5.948306
5.909017
5.834372
5.755240
5.726162
5.588729
5.607571
5.630922
0.008238
0.008188
0.008280
0.008627
0.016831
0.016045
0.015942
0.018898
0.020511
0.021950
0.029661
6.067760
6.107868
6.144719
6.187693
6.256857
6.434896
6.496368
6.454988
6.455458
6.481883
6.521445
6.554541
6.539983
0.005645
0.005139
0.005169
0.005491
0.006558
0.017526
6.642368
6.707099
6.748180
6.762096
6.791964
6.816712
6.838753
6.886632
6.946749
7.024510
0.000566
0.000494
0.000398
0.000354
7.122988
7.224922
7.281251
7.270283
7.262164
7.244601
7.212826
7.204182
7.201692
7.191909
7.106236
7.017089
6.952485
6.823769
6.704377
6.598858
6.496765
6.387171
0.004312
0.002960
0.001411
0.001661
6.278682
6.214930
6.091338
0.001749
5.773584
5.609336
5.366229
5.285444
5.169903
4.997825
4.909872
4.845161
4.838580
4.814567
4.772391
4.806291
4.858072
4.874056
5.047941
5.162728
5.327532
5.472884
5.672571
5.758398
5.847955
5.887275
5.878297
5.878602
5.852484
5.825187
5.802815
5.783213
0.000460
0.000344
5.724911
5.682899
5.663255
5.641667
5.460877
4.974551
4.372831
4.270832
4.015155
3.921302
3.753353
3.479815
3.275719
2.971533
0.050949
0.001904
0.000623
0.000439
0.000158
0.000127
0.000095
0.000039
0.000014
0.000012
0.000013
0.000009
0.000005
0.000008
0.000009
0.000007
0.000009
0.000012
0.000018
0.000052
0.000043
0.000009
0.000009
0.000008
0.000009
0.000007
0.000009
0.000127
0.000080
0.000041
0.000038
0.000078
0.000128
2.257949
2.246413
2.802389
3.090379
3.158643
0.000285
0.000270
0.000347
0.000248
0.000019
0.000012
0.000004
0.000005
0.000006
0.000010
0.000007
0.000011
0.000015
0.000025
0.000043
0.000157
0.000345
0.001222
3.347338
3.427824
3.443129
3.449788
3.454969
0.000091
0.000113
3.413187
3.308534
3.116980
2.955742
2.607324
2.328524
2.066630
1.848663
1.661777
1.494554
0.339505
0.292155
0.087862
0.022062
0.002573
0.000215
0.000164
0.000036
0.000017
0.000015
0.000015
0.000025
0.000469
0.000013
0.000006
0.000003
0.000003
0.000003
0.000002
0.000005
0.000007
0.000004
0.000005
0.000003
0.000005
0.000004
0.000003
0.000002
0.000003
0.000002
0.000008
0.000003
0.000003
0.000002
0.000009
0.000015
0.000014
0.000009
0.000009
0.000010
0.000014
0.000035
0.004592
0.004986
0.014396
0.376468
0.540470
0.890794
0.951799
1.193851
1.285595
1.376776
0.009809
1.409486
1.389233
1.350455
1.294770
1.251794
1.124424
0.759106
0.082179
0.000942
0.000789
0.000030
0.000035
0.000037
0.000041
0.000037
0.000000
