0.000284
0.000023
0.000008
0.000006
0.000006
0.000001
0.000001
0.000043
0.000790
0.000753
0.000452
0.000479
0.000434
0.000357
0.000314
0.000280
0.006978
0.006858
0.006834
0.006868
0.006909
0.006922
0.006857
0.006525
0.000141
0.000011
0.000010
0.000007
0.000006
0.000012
0.000026
0.000970
0.001001
0.001022
0.001085
0.001150
0.001252
0.001347
0.001506
0.001467
0.000005
0.000001
0.000006
0.000056
0.000064
0.000068
0.000022
0.000022
0.000023
0.000022
0.000011
0.000005
0.000003
0.000002
0.000002
0.000003
0.000004
0.000002
0.000015
0.001102
0.001880
0.013005
0.000020
0.000019
0.000056
0.000184
0.000335
1.213119
0.684959
0.579223
0.531647
0.476506
0.429340
0.301461
0.247920
0.201500
0.178453
0.141406
0.123849
0.002605
0.012543
0.012666
0.011764
0.017857
0.008373
0.024475
0.027263
0.036339
0.036304
0.055371
0.053377
0.052542
0.054341
0.048583
0.049551
0.158986
0.226395
0.230934
0.233119
0.237351
0.240724
0.250897
0.245487
0.242044
0.241191
0.235546
0.229830
0.224503
0.225152
0.223162
0.200221
0.187187
0.181049
0.136482
0.040142
0.041706
0.043264
0.045049
0.004368
0.003802
0.005636
0.005512
0.005968
0.001167
0.001093
0.000995
0.001030
0.000884
0.003637
0.017637
0.018581
0.020637
0.023014
0.022523
0.000975
0.001245
0.000551
0.000189
0.000870
0.010766
0.019264
0.032220
0.075595
0.837173
0.899158
0.973280
1.003093
1.048886
1.075173
1.087416
1.091590
1.105399
1.101150
1.103050
1.099972
1.078524
0.011967
0.011589
0.880527
0.852354
0.005013
0.004484
0.002436
0.002083
0.001987
0.002451
0.002289
0.001736
0.001465
0.001442
0.001447
0.000014
0.000011
0.000016
0.000020
0.001424
0.002175
0.002476
0.002607
0.240338
0.860109
0.885541
0.852231
0.829997
0.721956
0.581622
0.378420
0.354169
0.327087
0.294684
0.261509
0.006288
0.019583
0.080186
0.079037
0.084285
0.083735
0.079228
0.049151
0.043670
0.039404
0.033949
0.029605
0.017875
0.001763
0.005354
0.005247
0.005921
0.007664
0.016653
0.039266
0.115392
0.115410
0.125594
0.124377
0.000037
0.000030
0.000012
0.000008
0.000011
0.000011
0.114976
0.108442
0.101887
0.091898
0.023583
0.020989
0.009669
0.007968
0.006497
0.004651
0.002065
0.000194
0.000186
0.000551
0.000165
0.000025
0.000028
0.000034
0.000111
0.000004
0.000004
0.000100
0.000144
0.000383
0.000396
0.000748
0.000831
0.000312
0.000004
0.000003
0.000001
0.000001
0.000001
0.000000
0.000000
0.000000
0.000000
0.000000
0.000000
0.000000
0.000000
0.000000
0.000000
0.000001
0.000000
0.000000
0.000000
0.000000
0.000000
0.000000
0.000000
0.000000
0.000000
0.000000
0.000000
0.000000
0.000000
0.000000
0.000000
0.000000
0.000000
0.000000
0.000000
0.000000
0.000000
0.000000
0.000000
0.000001
0.000001
0.000000
0.000000
0.000000
0.000000
0.000000
0.000000
0.000000
0.000000
0.000000
0.000000
0.000000
0.000000
0.000000
0.000000
0.000000
0.000003
0.000001
0.000001
0.000000
0.000001
0.000001
0.000000
0.000000
0.000000
0.000000
0.000000
0.000000
0.000000
0.000000
0.000000
0.000000
0.000000
0.000000
0.000000
0.000000
0.000000
0.000000
0.000001
0.000000
0.000001
0.000000
0.000000
0.000000
0.000000
0.000000
0.000000
0.000000
0.000000
0.000001
0.000001
0.000001
0.000001
0.000001
0.000356
0.003433
0.003502
0.003848
0.015107
0.016322
0.012567
0.012451
0.011599
0.017012
0.022111
0.023025
0.022828
0.023974
0.025122
0.025767
0.026564
0.031722
0.012096
0.012390
0.000005
0.000004
0.000462
0.000474
0.000407
0.000421
0.000273
0.000006
0.000004
0.000002
0.000001
0.000002
0.000013
0.000013
0.000002
0.000003
0.000027
0.000014
0.000106
0.000248
0.000400
0.000324
0.000479
0.000655
0.000003
0.000006
0.000002
0.000002
0.000002
0.000002
0.000001
0.000003
0.000005
0.000002
0.000002
0.000004
0.000006
0.001583
0.033305
0.033616
0.049981
0.051063
0.000018
0.000109
0.000004
0.000006
0.000011
0.000006
0.000007
0.000003
0.000004
0.000003
0.000003
0.000001
0.000001
0.000006
0.000003
0.000008
0.000010
0.000008
0.000003
0.000002
0.000004
0.000004
0.000014
0.000033
0.000619
0.000396
0.000047
0.000054
0.000006
0.000003
0.000003
0.000009
0.000006
0.000014
0.000015
0.000009
0.000010
0.000013
0.000033
0.000047
0.000083
0.000006
0.000008
0.005353
0.043420
0.042521
0.117039
0.040268
0.040952
0.039843
0.039014
0.038172
0.029089
0.033037
0.032138
0.030490
0.016253
0.016319
0.015955
0.003164
0.000500
0.000697
0.000132
0.000064
0.000055
0.000015
0.000017
0.000166
0.000822
0.000954
0.001634
0.001277
0.000108
0.000052
0.000059
0.000066
0.000430
0.017608
0.020232
0.049402
0.069667
0.082509
0.114282
0.141593
0.158381
0.177000
0.329216
0.380775
0.447582
0.526777
0.667023
0.737008
0.864401
0.965307
1.027202
1.130470
1.240696
1.362184
1.512230
0.000856
0.001152
0.000296
0.000350
0.000423
0.005768
0.006812
0.046569
0.132399
0.182983
3.455897
4.002039
4.678484
0.004106
5.490439
6.608690
7.512389
7.910927
8.169477
8.268686
8.417533
8.544283
8.611813
8.524551
8.413490
8.236285
7.703559
7.414987
0.082582
5.650403
5.431987
5.317205
5.530303
5.357562
7.121799
7.994475
8.776848
9.075810
9.231855
9.293962
9.328174
9.345937
9.346843
9.347227
9.347425
9.347340
9.345571
9.334022
9.318171
9.294634
9.363987
0.092425
9.210710
9.283530
0.066993
9.269713
9.069615
8.675092
8.281234
0.499924
0.266124
0.045930
0.055256
0.058437
8.157164
8.611905
9.449184
9.502653
9.537571
9.565692
9.570578
9.572946
9.573360
9.573637
9.572294
9.572909
9.572896
9.571081
9.569319
9.558124
9.544977
9.492537
9.204713
0.292479
8.588601
8.063481
7.631358
7.172976
6.828365
6.561017
0.022314
0.000957
0.000689
0.000860
0.000421
0.000787
0.000776
0.007361
0.116824
0.129873
0.342054
0.605445
6.775860
7.237869
8.426672
8.855941
8.991104
9.107853
9.225818
9.085334
9.092287
9.129241
9.310979
9.152424
9.207933
9.285631
9.392235
9.432363
9.474220
9.527978
9.504825
9.489730
9.469315
9.441621
9.060862
8.733854
0.502373
0.015129
0.015947
0.014663
0.015424
0.466388
8.215685
8.768051
8.786141
8.801615
8.957604
9.027455
8.693508
8.421139
7.480464
1.116091
1.104785
0.707240
0.601039
6.935077
7.721935
9.107983
9.292335
9.364620
9.387878
9.415617
9.463854
9.457373
9.454735
9.423452
9.345435
9.270468
9.216115
9.117518
9.052817
8.978003
8.870489
8.746733
8.616530
8.536349
8.362044
8.218916
8.064515
7.933260
7.843910
7.758305
7.739225
0.019090
7.683204
7.735490
7.840992
7.951068
8.070246
8.217690
8.448317
8.684438
8.967732
9.365706
9.496731
9.464700
9.370861
9.369727
9.363924
9.344528
9.306029
9.105917
8.934083
8.807373
8.690459
8.488335
0.530013
8.183577
8.718164
9.123307
9.244918
9.269821
8.230985
7.652938
6.921036
6.296858
4.736823
4.773759
4.498550
4.502246
4.504259
4.514980
4.525298
4.539053
5.005926
7.745532
8.164506
8.152740
7.985508
7.645091
7.537899
7.483612
7.423914
7.293192
6.869785
6.409453
5.411918
7.653546
8.708053
8.886442
8.874216
8.859436
8.150596
3.622611
3.103299
1.326153
1.296857
1.170099
1.115265
1.040238
0.893791
0.786978
0.051139
0.004673
0.052321
0.386054
0.440114
0.775622
0.866841
0.989535
3.629036
4.281320
4.937813
5.506860
5.930032
6.086788
6.425762
6.831523
7.401645
8.314533
8.483131
8.820977
9.067161
9.140728
9.246964
9.338133
9.233651
9.160534
9.084621
9.039690
9.015998
9.005682
8.988085
8.448896
7.872136
5.952274
5.126410
1.396022
0.484101
0.105384
0.073109
0.063548
0.057497
0.051672
0.011591
0.003935
0.001558
0.001521
0.001369
0.001296
0.000075
0.000013
0.000001
0.000000
0.000000
0.000000
0.000000
0.000000
0.000000
0.000000
0.000000
0.000000
0.000000
0.000000
0.000000
0.000000
0.000000
0.000000
0.000000
0.000000
0.000002
0.000002
0.000001
0.000001
0.000000
0.000000
0.000000
0.000000
0.000000
0.000000
0.000000
0.000000
0.000000
0.000000
0.000000
0.000000
0.000000
0.000000
0.000000
0.000000
0.000000
0.000000
0.000000
0.000000
0.000000
0.000000
0.000016
0.000017
0.000017
0.000018
0.000019
0.000023
0.000019
0.000016
0.000002
0.000001
0.000000
0.000000
0.000000
0.000000
0.000000
0.000000
0.000000
0.000000
0.000000
0.000000
0.000000
0.000000
0.000000
0.000000
0.000000
0.000000
0.000000
0.000000
0.000000
0.000000
0.000001
0.000001
0.000001
0.000001
0.000001
0.000000
0.000000
0.000000
0.000000
0.000000
0.000001
0.000001
0.000000
0.000001
0.000037
0.000042
0.000041
0.000041
0.000003
0.000011
0.000015
0.000012
0.000010
0.000009
0.000008
0.000006
0.000001
0.000001
0.000023
0.000024
0.000025
0.000022
0.000020
0.000020
0.000020
0.000031
