0.109051
0.079665
0.030336
0.001469
0.000046
0.000029
0.000017
0.000017
0.000010
0.000007
0.000013
0.000022
0.000030
0.003448
0.003342
0.004805
0.004378
0.004167
0.001561
0.036460
0.036154
0.034947
0.033295
0.034365
0.032952
0.000076
0.000023
0.000055
0.000028
0.000020
0.000020
0.000018
0.000017
0.000019
0.000037
0.000011
0.000000
0.000000
0.000000
0.000001
0.000001
0.000003
0.000018
0.000046
0.000090
0.037082
1.490254
1.473543
1.360315
1.131077
0.961602
0.859642
0.783424
0.154911
0.013292
0.002090
0.013556
0.014819
0.481464
0.541652
0.031501
1.862155
2.100027
2.602003
2.963426
3.985855
4.381188
4.498230
5.250946
5.226097
5.187444
5.043236
4.348651
0.051410
0.013102
0.006919
0.006517
1.095564
2.024445
2.098595
2.077527
2.092688
2.069944
2.097884
2.048072
2.231325
2.107744
0.004794
3.019678
3.358513
3.721118
3.830636
3.961019
4.499619
4.647085
4.989903
0.090475
5.573209
6.256275
6.700385
6.803322
6.842005
6.869039
6.947319
6.958817
6.975114
6.991580
7.009811
7.007353
7.003608
6.994952
6.989473
6.990803
6.990445
6.970597
6.630892
6.617286
6.520247
6.480730
6.260489
6.201511
6.131204
6.042674
5.882127
5.701899
5.585150
5.352396
5.252042
4.699976
5.423777
5.484272
5.691105
5.912950
6.336348
6.423162
6.424064
6.439053
6.439670
6.463425
6.420317
0.150952
6.261502
6.468588
6.651809
6.862327
6.895197
6.903569
6.916700
6.922667
6.722090
6.537669
6.373807
6.166310
0.004378
0.000854
0.000414
0.000204
0.000111
0.000061
0.000052
0.000047
0.000047
0.000036
0.000095
0.000113
0.000116
0.000076
0.000113
0.000309
0.001081
0.000310
0.000056
0.000011
0.000009
0.000006
0.000006
0.000009
0.000011
0.000014
0.000026
0.000214
0.000019
0.000020
0.000021
0.000051
0.000045
0.000050
0.000111
0.000105
0.000083
0.000070
0.000082
0.000036
0.000041
0.000076
0.000024
0.000074
0.000116
0.000191
0.000314
0.000082
0.000033
0.000042
0.000023
0.000032
0.000016
0.000017
0.000030
0.000077
0.000061
0.000017
0.000012
0.000027
0.000018
0.000021
0.000024
0.000076
0.000109
0.000026
0.000036
0.000050
0.000033
0.000037
0.000041
0.000042
0.000023
0.000012
0.000013
0.000018
0.000008
0.000005
0.000010
0.000011
0.000004
0.000005
0.000011
0.000011
0.000013
0.000014
0.000015
0.000030
0.000046
0.000087
0.000005
0.000007
0.000011
0.000010
0.000014
0.000021
0.000036
0.000019
0.000012
0.000007
0.000015
0.000042
0.000409
0.000449
5.873110
5.760235
5.671235
5.447055
5.257005
4.892664
4.510231
4.040863
3.603627
2.480771
0.034265
0.048626
0.348915
0.468493
0.582709
0.986162
0.930304
0.007166
0.353590
0.330800
0.305111
0.315053
0.751453
1.587842
1.940699
3.130470
3.535687
4.062611
0.004041
0.003929
0.003629
0.003518
0.006229
0.010257
4.938766
5.626721
6.210054
6.457125
0.049446
7.589114
8.114129
8.189455
8.198289
8.215164
8.406691
8.437158
8.481038
8.490347
8.511238
8.525786
8.549766
8.593242
8.623516
8.655060
8.672645
8.679850
8.680785
8.682435
9.021365
9.024437
9.024516
9.022946
9.022310
9.016877
9.006724
9.003548
9.004326
9.008376
9.020903
9.021093
9.004768
8.959104
8.780972
8.780166
8.778373
8.776411
8.775140
8.775745
8.778684
8.780219
8.778645
8.758231
8.754452
8.755411
8.762673
8.770992
8.778281
8.777170
8.773752
0.000260
0.000054
0.000018
0.000012
0.000005
0.000003
0.000003
0.000001
0.000000
0.000000
0.000000
0.000000
0.000000
0.000001
0.000000
0.000000
0.000000
0.000000
0.000000
0.000000
0.000000
0.000000
0.000000
0.000000
0.000000
0.000000
0.000000
0.000000
0.000000
0.000000
0.000000
0.000000
0.000000
0.000005
0.000000
0.000000
0.000000
0.000000
0.000000
0.000000
0.000000
0.000000
0.000000
0.000000
0.000000
0.000000
0.000000
0.000001
0.000000
0.000000
0.000000
0.000000
0.000000
0.000000
0.000000
0.000000
0.000000
0.000000
0.000000
0.000000
0.000000
0.000000
0.000000
0.000000
0.000001
0.000000
0.000001
0.000010
0.000000
0.000000
0.000000
0.000000
0.000000
0.000000
0.000000
0.000000
0.000000
0.000000
0.000000
0.000000
0.000000
0.000001
0.000000
0.000000
0.000000
0.000000
0.000000
0.000000
0.000000
0.000000
0.000000
0.000000
0.000000
0.000000
0.000000
0.000000
0.000000
0.000000
0.000001
0.000000
0.000001
0.000011
0.000000
0.000000
0.000000
0.000000
0.000000
0.000000
0.000000
0.000000
0.000000
0.000000
0.000000
0.000000
0.000000
0.000001
0.000000
0.000000
0.000000
0.000000
0.000000
0.000000
0.000000
0.000000
0.000000
0.000000
0.000000
0.000000
0.000000
0.000001
0.000003
0.000004
0.000010
0.000013
0.000023
0.000293
8.618482
8.666512
8.695283
8.711539
8.723246
8.849303
8.865264
8.874608
8.885632
8.895516
8.905660
8.914638
8.920011
8.884128
8.573175
8.577040
8.584659
8.598852
8.616386
8.630648
8.646010
8.663596
8.675841
8.686574
8.700335
8.712061
8.720788
8.729565
8.734468
8.928349
8.907687
8.796440
8.619424
8.358998
8.223042
8.226280
8.230619
8.211731
8.193475
8.154551
7.998609
7.994682
8.050089
8.013183
7.910510
7.847093
7.598162
7.244898
6.572816
6.087907
5.472559
5.150000
3.951738
3.692479
3.482957
0.035118
0.035405
0.030827
0.030891
0.203026
2.710146
2.861475
2.890311
2.956822
2.980488
0.008560
0.010109
0.059378
0.108387
4.129058
4.760691
0.007577
5.121263
5.488289
5.946160
6.288370
6.641294
6.960197
7.474763
7.561314
7.681527
7.805490
0.000882
0.000317
0.000178
0.000110
0.000162
0.000090
0.000176
0.000193
0.000362
0.000437
0.000614
0.002306
0.003412
0.019594
8.206414
8.631589
0.000100
0.000091
0.000086
0.000086
0.000088
0.000091
8.758285
8.795321
8.821498
8.827631
8.818710
8.785396
8.788643
8.795386
8.805220
8.769737
8.746627
8.726244
8.686325
8.653132
8.569437
8.551057
8.417671
8.355850
8.291101
8.208096
8.103059
0.078366
7.841090
7.749449
7.594936
7.250029
6.546340
8.342217
9.054617
9.392953
9.500424
9.560086
9.569033
9.575858
9.585962
9.597669
9.600563
9.607223
9.611673
9.611652
9.620646
9.708904
9.983677
9.989534
9.991444
9.991775
9.992344
9.993344
9.990350
9.986374
9.962654
9.939237
9.864673
9.621793
9.214896
9.284825
9.299357
9.330375
9.355163
9.353985
9.307291
8.965634
8.941178
8.892296
8.694575
8.693650
8.692146
8.690432
8.687790
8.685938
8.683960
8.685112
8.688874
8.691172
8.690776
8.687464
8.686358
8.686090
8.688860
8.693061
8.692282
8.728182
9.109994
9.154668
9.183880
9.184532
9.187549
9.193056
9.145228
9.137827
9.136579
9.137836
9.135604
9.135082
9.137779
9.138182
9.135857
9.136351
9.138323
9.138558
9.141232
9.143216
9.142946
9.144072
9.144172
9.143607
9.216236
9.235241
9.255890
9.260214
9.266201
9.276343
9.278818
9.280640
9.282227
9.286022
9.283703
9.272278
9.267179
9.263807
9.260899
9.251111
9.250286
9.249403
9.250288
9.246244
9.143406
9.142469
9.134860
9.130925
9.131920
9.137919
9.140430
9.140190
9.141687
9.142870
9.141796
9.140514
9.141274
9.143232
9.142886
9.140256
9.137991
9.136247
9.132445
9.129793
9.131654
9.109843
9.098235
9.098080
9.084544
9.003845
8.975432
8.914890
8.823918
6.936261
6.872787
7.223249
7.381335
7.812078
8.215411
8.535090
8.959611
9.116757
9.139512
9.136607
9.128321
9.127038
9.128711
9.124441
9.115103
9.054679
9.039505
9.002987
8.993836
8.982966
9.009562
9.011282
9.018890
9.013465
9.007544
9.007284
9.007998
9.008577
9.008076
9.015937
9.024427
9.031625
9.045440
9.050051
9.049526
9.049513
9.056037
8.998017
8.937721
8.590445
8.566666
8.508836
8.362646
8.208049
8.173533
8.042652
8.031105
7.970805
7.922991
7.878698
7.822955
7.785877
7.701849
7.618174
7.534267
7.381598
7.290029
6.792305
5.842106
5.165317
4.516660
0.133246
0.013227
3.199981
3.105110
2.767442
2.565626
2.321670
0.728399
0.069339
0.036984
0.018834
0.011680
0.011774
0.011637
0.012636
0.937902
0.998926
1.028267
1.014289
1.023968
0.660567
0.609397
0.588323
0.000327
0.000388
0.005756
0.680629
0.612464
0.013828
0.009811
0.012590
0.007815
0.001887
0.001690
0.000041
0.000033
0.000028
0.000030
0.000064
0.000121
0.000098
0.000392
0.000409
0.002238
0.006059
0.645265
0.064852
0.008316
0.244207
0.257274
0.379588
0.326890
0.031200
0.029300
0.009969
0.009580
0.000039
0.000018
0.000003
0.000003
0.000002
0.000001
0.000000
0.000000
0.000002
0.000009
0.000006
0.000002
0.000002
0.000002
0.000002
0.000001
0.000000
0.000002
0.000001
0.000001
0.000002
0.000002
0.000002
0.000004
0.000001
0.000001
0.000000
0.000001
0.000002
0.000002
0.000001
0.000001
0.000013
0.000008
0.000009
0.000001
0.000001
0.000001
0.000001
0.000001
0.000001
0.000002
0.000001
0.000001
0.000001
0.000002
0.000001
0.000001
0.000000
0.000000
0.000000
0.000000
0.000000
0.000000
0.000000
0.000000
0.000001
0.000051
0.000001
0.000001
0.000001
0.000001
0.000001
0.000001
0.000001
0.000000
0.000000
0.000000
0.000000
0.000001
0.000002
0.000001
0.000000
0.000000
0.000000
0.000000
0.000000
0.000000
0.000000
0.000000
0.000000
0.000000
0.000000
0.000000
0.000000
0.000001
0.000000
0.000000
0.000000
0.000000
0.000000
0.000000
0.000000
0.000000
0.000002
0.000001
0.000000
0.000000
0.000000
0.000000
0.000000
0.000000
0.000000
0.000000
0.000018
0.000011
0.000009
0.000009
0.000014
0.000023
0.000048
0.000026
0.000060
0.000000
0.000000
0.000000
0.000000
0.000000
0.000000
0.000001
0.000090
0.003234
0.004614
