0.000000
0.000000
0.000000
0.000000
0.000000
0.000000
0.000000
0.000000
0.000000
0.000000
0.000000
0.001275
0.001322
0.001477
0.001585
0.001574
0.001610
0.001542
0.001406
0.000327
0.000312
0.000296
0.000348
0.008968
0.009144
0.009927
0.010302
0.007860
0.006840
0.005772
0.005656
0.004885
0.004601
0.004562
0.004579
0.004694
0.004571
0.004348
0.005794
0.006468
0.006488
0.006396
0.005692
0.005495
0.005436
0.005249
0.005082
0.004942
0.005018
0.004948
0.004931
0.004887
0.000059
0.003453
0.003578
0.003618
0.003442
0.003294
0.003346
0.003511
0.001494
0.001993
0.002487
0.003053
0.003699
0.004490
0.004553
0.012229
0.012264
0.013516
0.013418
0.013315
0.007680
0.007587
0.006476
0.001267
0.002609
0.004033
0.004974
0.014978
0.025722
0.037648
0.058266
0.081603
0.091966
2.000735
1.870653
1.275254
1.136795
1.039413
0.945936
0.066862
0.062053
0.010605
0.009280
0.000201
0.000088
0.000055
0.000019
0.000028
0.000020
0.000028
0.000062
0.000043
0.000042
0.000012
0.000013
0.000017
0.000058
0.003593
0.003576
0.002572
0.001497
0.000855
0.000256
0.000361
0.000444
0.000530
0.004731
0.003866
0.003588
0.000293
0.000184
0.008739
0.008797
0.009591
0.009698
0.012304
0.011949
0.012259
0.017939
0.014827
0.012328
0.012156
0.012044
0.013047
0.013892
0.014181
0.014448
0.014209
0.013600
0.014361
0.008110
0.012829
0.017894
0.036786
0.042209
0.090188
0.192116
0.293245
0.470200
0.594801
0.678333
0.847466
0.975177
1.103135
2.282264
2.746351
0.001577
0.000076
0.000041
0.000169
0.000040
0.000029
0.000039
0.000099
0.000113
0.000642
0.000440
0.000105
0.000101
0.000081
0.000153
0.000098
0.000189
0.000070
0.000055
0.000056
0.000070
0.000113
0.000196
0.000136
0.000140
0.000399
0.000516
0.000356
0.000059
0.000045
0.000048
0.000091
0.000171
0.000201
0.000236
0.000240
0.000241
0.000239
0.000255
0.003962
0.005867
0.011438
0.014623
0.000136
0.000232
0.000267
0.000317
0.000441
0.000567
3.670514
4.382550
5.441559
5.891785
6.597173
6.725667
6.682577
6.245963
3.712141
6.365822
6.864394
6.868987
6.274363
3.060236
2.533623
2.247409
1.596533
1.365442
0.520971
0.477538
0.376081
0.191734
0.001362
0.000942
0.013135
0.010589
0.010313
0.010574
0.010517
0.003408
0.024708
0.030813
0.134089
0.307780
0.369547
0.520385
2.188918
4.029058
5.195594
5.646457
6.064732
6.518519
7.049893
7.613259
7.646898
7.372473
0.194038
6.785679
0.344572
0.160093
0.057702
0.003032
0.001805
0.002116
0.002303
0.002486
0.002859
4.993587
1.841370
4.349716
4.981396
5.387293
5.888243
6.324993
6.845004
7.375350
8.074819
8.248092
8.399586
8.558371
8.606446
8.570392
8.298140
9.120537
9.123282
9.121716
9.122323
9.125371
9.123900
9.115626
9.104088
9.087587
9.055801
9.127329
9.142533
9.177822
9.192848
9.218662
9.239586
9.300898
9.220491
9.180207
9.127831
9.092755
0.002777
0.001420
0.000784
0.000282
0.000196
0.000178
0.000121
0.000097
0.000077
0.000103
0.000199
0.000546
0.000894
0.003329
9.125070
9.215790
9.334372
9.408897
9.456133
9.470537
9.475410
9.475336
9.468218
9.465803
9.496003
9.503520
9.516107
9.528722
9.540848
9.552822
9.558495
9.560687
9.560775
9.561018
9.560690
9.556543
9.543813
9.474504
9.406485
9.143911
9.142248
9.135582
9.134362
9.135861
9.220334
9.445484
9.452924
9.417568
0.001156
0.000373
0.000344
0.001600
0.001792
0.006298
0.007607
0.010261
0.014587
0.017839
9.770443
9.791964
9.796345
9.794597
9.793665
9.784306
9.714630
9.578712
9.419768
0.086998
0.087886
9.234543
9.287815
9.186629
0.004336
0.001567
0.001110
0.000926
0.000088
0.000055
0.000032
0.000018
0.000010
0.000008
0.000012
0.000010
0.000040
0.000055
0.000026
0.000046
0.000105
0.000197
0.000366
0.000857
0.002009
9.085096
9.262854
9.257180
9.249846
9.236094
9.230162
9.227478
9.222274
9.221369
9.221281
9.220776
9.220416
9.220176
9.224683
9.223330
9.222994
9.215568
9.205742
9.183091
9.160034
0.185048
9.099171
9.208014
9.212141
9.209014
9.206900
9.207540
9.209116
9.208287
9.206998
9.206392
9.205466
9.202777
9.202868
9.205389
9.205212
9.174673
9.142521
9.122584
9.105100
9.101983
9.091645
9.068739
8.988631
1.487439
6.781655
7.684822
8.377123
8.874045
8.979536
9.039015
9.136703
9.183883
9.188870
9.160080
9.140011
9.124264
9.125305
9.113033
9.108031
9.049414
8.943220
8.878639
8.847810
8.730057
8.723230
8.722518
8.713652
8.712703
8.714062
8.715552
8.715956
8.715265
8.713421
8.712658
8.711511
8.709513
8.710536
8.714348
8.715439
8.713790
8.696491
0.005660
0.003405
0.001015
0.000742
0.000498
0.000453
0.000350
0.000331
0.000183
0.000187
0.000702
0.000737
8.514284
0.000575
0.000263
0.000147
0.000087
0.000035
0.000018
0.000013
0.000013
0.000010
0.000011
0.000014
0.000021
0.000082
0.000256
0.000307
0.000358
0.000485
8.410065
8.450792
8.453349
8.456263
8.456257
8.453924
8.450778
8.441592
8.435675
8.436606
8.437495
8.442043
8.447366
8.534955
8.543117
8.523535
8.509194
8.227419
8.220422
8.213027
8.319167
8.317495
8.318692
8.318778
8.318784
8.318749
8.318690
8.318721
8.318860
8.318952
8.315379
8.303682
8.296496
8.296509
8.346376
8.361869
8.383153
8.394339
8.404386
8.400924
8.394291
8.391783
8.353347
8.358303
8.357903
8.358161
8.360616
8.361399
8.415646
8.429051
8.428523
8.359154
8.357241
8.313784
8.294551
7.942617
7.943122
7.943227
7.943194
7.943141
7.942397
7.940966
7.935813
7.933917
7.934274
7.946638
7.949410
7.947420
7.937549
7.924947
7.920083
7.733489
7.735257
7.737181
7.737906
7.737996
7.737552
7.737268
7.737484
7.744601
7.742838
7.738972
7.721321
7.601026
7.347762
0.261248
7.057835
7.303485
7.491581
7.436021
0.003995
0.001662
0.000859
0.000314
0.000179
0.000087
0.000049
0.000041
0.000018
0.000014
0.000016
0.000021
0.000058
0.000130
0.000216
6.941794
0.000233
0.000000
0.000001
0.000005
0.000000
0.000000
0.000000
0.000000
0.000000
0.000001
0.000000
0.000001
0.000001
0.000000
0.000000
0.000000
0.000001
0.000002
0.000002
0.000000
0.000000
0.000000
0.000000
0.000001
0.000001
0.000000
0.000000
0.000000
0.000000
0.000000
0.000000
0.000000
0.000000
0.000000
0.000000
0.000000
0.000000
0.000000
0.000000
0.000000
0.000000
0.000000
0.000000
0.000000
0.000000
0.000000
0.000000
0.000000
0.000000
0.000000
0.000000
0.000000
0.000000
0.000000
0.000000
0.000000
0.000000
0.000000
0.000000
0.000000
0.000000
0.000000
0.000000
0.000000
0.000000
0.000000
0.000000
0.000000
0.000000
0.000000
0.000000
0.000000
0.000000
0.000000
0.000000
0.000000
0.000000
0.000000
0.000000
0.000000
0.000000
0.000000
0.000000
0.000000
0.000000
0.000000
0.000000
0.000000
0.000000
0.000000
0.000000
0.000000
0.000000
0.000000
0.000000
0.000000
0.000000
0.000000
0.000000
0.000000
0.000000
0.000000
0.000000
0.000000
0.000000
0.000000
0.000000
0.000000
0.000000
0.000000
0.000000
0.000000
0.000000
0.000000
0.000000
0.000000
0.000000
0.000000
0.000000
0.000000
0.000000
0.000000
0.000000
0.000000
0.000000
0.000000
0.000000
0.000000
0.000000
0.000000
0.000000
0.000000
0.000000
0.000000
0.000000
0.000000
0.000000
0.000000
0.000000
0.000000
0.000000
0.000000
0.000000
0.000000
0.000000
0.000000
0.000000
