0.010137
0.008918
0.008026
0.000227
0.000133
0.000137
0.000140
0.000056
0.000002
0.000002
0.000860
0.000876
0.000883
0.000903
0.000698
0.000431
0.003315
0.003882
0.004124
0.492054
0.460742
0.342041
0.261469
0.222027
0.007219
0.006491
0.000004
0.000001
0.000001
0.000001
0.000001
0.000007
0.000729
0.000734
0.000720
0.000685
0.000636
0.000106
0.000106
0.000121
0.000748
0.000747
0.000915
0.006196
0.006789
0.006996
0.007443
0.007510
0.007472
0.007367
0.000000
0.000004
0.000007
0.000006
0.000007
0.000056
0.000093
0.000112
0.075765
0.075791
0.075888
0.076479
0.115505
0.116333
0.000150
0.000000
0.000000
0.000000
0.000000
0.000000
0.000000
0.000000
0.000000
0.000000
0.000000
0.000000
0.000000
0.000000
0.000000
0.000000
0.000000
0.000000
0.000000
0.000000
0.000000
0.000000
0.000000
0.000000
0.000000
0.000000
0.000000
0.000000
0.000000
0.000000
0.000000
0.000000
0.000000
0.000000
0.000000
0.000000
0.000000
0.000000
0.000000
0.000000
0.000000
0.000000
0.000000
0.000000
0.000000
0.000000
0.000000
0.000000
0.000000
0.000000
0.000000
0.000000
0.000000
0.000000
0.000000
0.000000
0.000000
0.000000
0.000000
0.000000
0.000000
0.000000
0.000000
0.000000
0.000000
0.000000
0.000000
0.000000
0.000000
0.000000
0.000000
0.000000
0.000000
0.000000
0.000000
0.000000
0.000000
0.000000
0.000000
0.000000
0.000000
0.000000
0.000000
0.000000
0.000000
0.000000
0.000000
0.000000
0.000000
0.000000
0.000000
0.000000
0.000000
0.000000
0.000000
0.000000
0.000113
0.000090
0.000047
0.000002
0.000001
0.000001
0.000001
0.000000
0.000001
0.000001
0.000000
0.000000
0.000000
0.000000
0.000000
0.000000
0.000000
0.000000
0.000000
0.000000
0.000000
0.000000
0.000000
0.000000
0.000000
0.000000
0.000000
0.000000
0.000000
0.000000
0.000000
0.000000
0.000000
0.000000
0.000000
0.000000
0.000000
0.000029
0.011342
0.011340
0.011389
0.011396
0.023518
0.023628
0.022516
0.012204
0.012438
0.012633
0.000000
0.000000
0.000000
0.000000
0.000001
0.000003
0.000002
0.000002
0.000000
0.000000
0.000000
0.000000
0.000000
0.000000
0.000000
0.000000
0.000000
0.000000
0.000000
0.000000
0.000000
0.000000
0.000000
0.000000
0.000000
0.000000
0.000000
0.000000
0.000000
0.000000
0.000000
0.000000
0.000000
0.000000
0.000000
0.000000
0.000000
0.000000
0.000000
0.000000
0.000000
0.000000
0.000000
0.000000
0.000001
0.000001
0.000001
0.000001
0.000001
0.000024
0.000000
0.000000
0.000000
0.000000
0.000000
0.012857
0.012829
0.008832
0.008232
0.026489
0.152196
0.150621
0.142834
0.011628
0.011154
0.010739
0.010507
0.010512
0.010072
0.009823
0.000026
0.000013
0.000005
0.000005
0.000001
0.000001
0.000001
0.000002
0.000002
0.000001
0.000002
0.000013
0.000017
0.001721
0.001773
0.001869
0.001868
0.001870
0.001862
0.001820
0.001756
0.001713
0.001683
0.001658
0.001636
0.001464
0.000025
0.000006
0.000003
0.000003
0.000002
0.000001
0.000001
0.000000
0.000000
0.000000
0.000000
0.000000
0.000000
0.000000
0.000000
0.000000
0.000001
0.000002
0.000002
0.000000
0.000000
0.000000
0.000000
0.000000
0.000000
0.000000
0.000000
0.000000
0.000000
0.000000
0.000000
0.000000
0.000000
0.000000
0.000000
0.000000
0.000000
0.000000
0.000000
0.000000
0.000000
0.000000
0.000000
0.000000
0.000000
0.000000
0.000000
0.000000
0.000000
0.000000
0.000000
0.000000
0.000000
0.000000
0.000000
0.000000
0.000000
0.000003
0.000007
0.000008
0.000011
0.000428
0.000904
0.000935
0.000940
0.000988
0.001097
0.001210
0.001428
0.003523
0.015582
0.016089
0.016017
0.001567
0.000006
0.000000
0.000000
0.000000
0.000000
0.000000
0.000000
0.000000
0.000000
0.000000
0.000000
0.000000
0.000000
0.000000
0.000000
0.000000
0.000000
0.000002
0.000004
0.000050
0.000101
0.001745
0.001956
0.001991
0.002013
0.001979
0.001893
0.000013
0.000008
0.000006
0.000005
0.000004
0.000001
0.000000
0.000000
0.000000
0.000000
0.000000
0.000000
0.000001
0.000001
0.000001
0.000002
0.000001
0.000002
0.000001
0.000001
0.000000
0.000000
0.000001
0.000000
0.000001
0.000002
0.000000
0.000000
0.000000
0.000000
0.000000
0.000000
0.000000
0.000000
0.000000
0.000001
0.000001
0.000001
0.000002
0.000000
0.000000
0.000015
0.000001
0.000001
0.000002
0.000001
0.000001
0.000001
0.000002
0.000002
0.000045
0.000044
0.000050
0.000941
0.001601
0.001938
0.002558
0.002953
0.003328
0.003286
0.003208
0.003171
0.013059
0.012651
0.000128
0.000093
0.000010
0.000009
0.000008
0.000006
0.000008
0.000008
0.000004
0.000011
0.000012
0.000003
0.000002
0.000002
0.000004
0.000000
0.000001
0.000001
0.000000
0.000000
0.000000
0.000000
0.000000
0.000000
0.000000
0.000000
0.000000
0.000000
0.000000
0.000000
0.000000
0.000000
0.000000
0.000000
0.000000
0.000000
0.000000
0.000000
0.000000
0.000000
0.000000
0.000000
0.000000
0.000001
0.000001
0.000000
0.000002
0.000000
0.000000
0.000000
0.000000
0.000000
0.000000
0.000001
0.000001
0.000000
0.000000
0.000000
0.000000
0.000000
0.000000
0.000000
0.000000
0.000001
0.000001
0.000000
0.000000
0.000000
0.000000
0.000000
0.000000
0.000000
0.000000
0.000000
0.000000
0.000002
0.000001
0.000001
0.000001
0.000000
0.000000
0.000000
0.000000
0.000000
0.000000
0.000000
0.000000
0.000000
0.000000
0.000000
0.000000
0.000000
0.000000
0.000000
0.000000
0.000000
0.000001
0.000000
0.000000
0.000000
0.000000
0.000000
0.000000
0.000000
0.000001
0.000001
0.000003
0.000022
0.000019
0.000017
0.000001
0.000001
0.000002
0.000001
0.000001
0.000000
0.000001
0.000002
0.000002
0.000001
0.000052
0.000014
0.000005
0.000005
0.003586
0.005206
0.009886
0.012795
0.015180
0.016477
0.016601
0.016918
0.016589
0.005299
0.000660
0.000576
0.000266
0.000020
0.000022
0.000025
0.000000
0.000000
0.000000
0.000000
0.000000
0.000000
0.000000
0.000000
0.000000
0.000000
0.000000
0.000000
0.000000
0.000000
0.000000
0.000000
0.000000
0.000000
0.000000
0.000000
0.000000
0.000000
0.000000
0.000000
0.000000
0.000000
0.000000
0.000000
0.000000
0.000000
0.000000
0.000000
0.000000
0.000000
0.000000
0.000000
0.000000
0.000000
0.000000
0.000000
0.000000
0.000000
0.000000
0.000000
0.000000
0.000002
0.000000
0.000000
0.000000
0.000000
0.000000
0.000000
0.000000
0.000000
0.000000
0.000000
0.000001
0.000075
0.000034
0.000029
0.000021
0.000021
0.000020
0.000024
0.000006
0.000007
0.000015
0.000000
0.000000
0.000000
0.000000
0.000001
0.000001
0.000000
0.000000
0.000003
0.000002
0.000001
0.000001
0.000001
0.000001
0.000001
0.000001
0.000001
0.000000
0.000000
0.000000
0.000000
0.000000
0.000000
0.000000
0.000000
0.000000
0.000000
0.000000
0.000000
0.000000
0.000000
0.000000
0.000000
0.000000
0.000000
0.000000
0.000000
0.000000
0.000000
0.000000
0.000000
0.000000
0.000000
0.000001
0.000001
0.000000
0.000000
0.000000
0.000000
0.000000
0.000000
0.000000
0.000000
0.000000
0.000000
0.000000
0.000000
0.000000
0.000000
0.000000
0.000000
0.000000
0.000000
0.000000
0.000000
0.000000
0.000000
0.000000
0.000000
0.000000
0.000000
0.000000
0.000000
0.000000
0.000000
0.000000
0.000000
0.000000
0.000000
0.000000
0.000000
0.000000
0.000000
0.000000
0.000000
0.000000
0.000000
0.000000
0.000000
0.000000
0.000000
0.000000
0.000000
0.000000
0.000000
0.000000
0.000000
0.000000
0.000000
0.000000
0.000000
0.000000
0.000000
0.000000
0.000000
0.000000
0.000000
0.000000
0.000000
0.000000
0.000000
0.000001
0.000002
0.000024
0.000017
0.000021
0.000000
0.000001
0.000001
0.000003
0.000005
0.000004
0.000013
0.000015
0.000017
0.000022
0.000001
0.000001
0.000001
0.000001
0.000001
0.000001
0.000000
0.000000
0.000000
0.000000
0.000000
0.000000
0.000002
0.000003
0.000005
0.000003
0.000000
0.000000
0.000000
0.000000
0.000000
0.000000
0.000000
0.000000
0.000000
0.000000
0.000000
0.000000
0.000000
0.000000
0.000000
0.000000
0.000000
0.000000
0.000000
0.000000
0.000000
0.000000
0.000000
0.000000
0.000000
0.000000
0.000000
0.000000
0.000000
0.000000
0.000000
0.000000
0.000000
0.000000
0.000000
0.000000
0.000000
0.000000
0.000000
0.000000
0.000000
0.000000
0.000000
0.000000
0.000000
0.000000
0.000000
0.000000
0.000000
0.000000
0.000000
0.000000
0.000000
0.000000
0.000002
0.000001
0.000000
0.000000
0.000000
0.000000
0.000000
0.000000
0.000000
0.000005
0.000004
0.000005
0.000001
0.000000
0.000000
0.000000
0.000000
0.000000
0.000000
0.000000
0.000000
0.000000
0.000000
0.000000
0.000000
0.000000
0.000000
0.000000
0.000000
0.000000
0.000000
0.000000
0.000000
0.000000
0.000000
0.000000
0.000000
0.000000
0.000000
0.000000
0.000000
0.000000
0.000000
0.000000
0.000000
0.000000
0.000000
0.000000
0.000000
0.000000
0.000000
0.000003
0.000001
0.000000
0.000000
0.000000
0.000001
0.000002
0.000001
0.000000
0.000000
0.000000
0.000000
0.000000
0.000000
0.000000
0.000000
0.000000
0.000000
0.000000
0.000000
0.000000
0.000000
0.000000
0.000000
0.000000
0.000000
0.000000
0.000000
0.000000
0.000000
0.000000
0.000001
0.000001
0.000001
0.000000
0.000000
0.000000
0.000000
0.000000
0.000000
0.000000
0.000001
0.000001
0.000001
0.000001
0.000003
0.000001
0.000000
0.000001
0.000001
0.000001
0.000002
0.000040
0.000006
0.000004
0.000078
0.000078
0.000007
0.000037
0.000007
0.000012
0.000004
0.000003
0.000003
0.000008
0.000085
0.000092
0.000022
0.000016
0.000010
0.000018
0.000005
0.000004
0.000008
0.000006
0.000007
0.000020
0.000026
0.000028
0.000047
0.000063
0.004106
0.004173
0.004293
0.004469
0.004671
0.004736
0.004773
0.004826
0.004896
0.005005
0.005008
0.000012
0.000012
0.000025
0.000085
0.000078
0.000020
0.000050
0.000040
0.000055
0.000092
0.016580
0.018756
0.046811
0.053283
0.179000
0.187124
0.190037
0.193963
0.158104
0.148766
0.144696
0.142186
0.139134
0.000177
0.000175
0.000070
0.000038
0.000044
0.000055
0.000059
0.000046
0.000043
0.000018
0.000045
0.000074
0.000000
0.000000
0.000000
0.000001
0.000002
0.000007
0.000000
0.000001
0.000001
0.007524
0.007430
0.090313
0.091046
0.092674
0.092955
0.114927
0.112587
0.000537
0.000081
0.000063
0.000035
0.000052
0.000053
0.000149
0.000174
0.000616
0.000907
0.129395
0.134227
0.136310
0.138602
0.139643
0.139924
0.008073
0.007705
0.007717
0.007680
0.007689
0.007722
0.007759
0.007794
0.156234
0.173785
0.180376
0.255491
0.272247
0.276173
0.274833
0.215541
0.214805
0.212340
0.210145
0.205193
0.012467
0.007829
0.000006
0.000025
0.000046
0.000002
0.000006
0.000009
0.000011
0.000010
0.000008
0.000003
0.000005
0.000001
0.000002
0.000002
0.000002
0.000000
0.000000
0.000000
0.000000
0.000000
0.000000
0.000000
0.000003
0.000001
0.000001
0.000000
0.000000
0.000000
0.000000
0.000000
0.000000
0.000000
0.000000
0.000000
0.000000
0.000001
0.000001
0.000002
0.000002
0.000000
0.000000
0.000000
0.000000
0.000001
0.000002
0.000001
0.000001
0.000002
0.000002
0.000007
0.000006
0.000002
0.000002
0.000001
0.000001
0.000001
0.000001
0.000002
0.000002
0.000001
0.000001
0.000001
0.000001
0.000001
0.000002
0.000001
0.000001
0.000001
0.000001
0.000000
0.000001
0.000002
0.000002
0.000002
0.007447
0.017906
0.017610
0.017286
0.196536
0.194767
0.190254
0.180593
0.170195
0.146299
0.122997
0.105491
0.025555
0.085808
0.086859
0.085947
0.000798
0.000536
0.000534
0.000522
0.000001
0.000359
0.075007
0.073510
0.069672
0.062386
0.057700
0.049800
0.014084
0.002252
0.002024
0.001651
0.000208
0.000177
0.038382
0.041756
0.042782
0.042048
0.038325
0.037680
0.037569
0.037671
0.037309
0.036854
0.036493
0.033078
0.031405
0.028241
0.008748
0.007026
0.005572
0.001309
0.000017
0.000009
0.000014
0.000011
0.000021
0.000049
0.000051
0.000028
0.000042
0.000070
0.003650
0.003710
0.003926
0.003922
0.003940
0.003961
0.003962
0.004044
0.004087
0.005379
0.005697
0.005871
0.005835
0.006008
0.006751
0.007715
0.008554
0.008543
0.008347
0.005986
0.006297
0.006947
0.007490
0.007771
0.007615
0.007400
0.007166
0.000022
0.000012
0.000014
0.000019
0.006357
0.006400
0.006456
0.010143
0.010158
0.011199
0.011094
0.010922
0.010449
0.004587
0.003727
0.003023
0.002211
0.002055
0.001966
0.001977
0.001687
0.001359
0.000239
0.000300
0.000312
0.002763
0.005361
0.005218
0.005116
0.005127
0.000073
0.000170
0.000127
0.000116
0.000159
0.000258
0.005339
0.031963
0.033256
0.033347
0.034419
0.035008
0.034749
0.005816
0.005653
0.005473
0.005289
0.004544
0.000154
0.000005
0.000173
0.000003
0.000273
0.000259
0.000052
0.000078
0.006191
0.016566
0.014050
0.015017
0.016269
0.017048
0.016588
0.016276
0.014656
0.013039
0.002219
0.000048
0.000084
0.000078
0.003905
0.035506
0.039706
0.044762
0.051698
0.054896
0.055916
0.056176
0.062747
0.075225
0.075753
0.078450
0.079650
0.080115
0.077690
0.069487
0.066069
0.062675
0.056799
0.052707
0.002351
0.024148
0.026523
0.031243
0.035360
0.039728
0.008700
0.008736
0.007385
0.007395
0.007381
0.007382
0.007367
0.010708
0.077579
0.095876
0.109728
0.136927
0.156511
0.174575
0.196729
0.227504
0.253273
0.271547
0.013518
0.008643
0.007806
0.004307
0.000005
0.000002
0.000002
0.000001
0.000001
0.000003
0.000001
0.000001
0.000001
0.000002
0.000002
0.000003
0.000002
0.000001
0.000001
0.000001
0.000001
0.000001
0.000001
0.000001
0.000002
0.000002
0.000005
0.000003
0.000003
0.000005
0.000007
0.000010
0.000017
0.000034
0.001679
0.001661
0.000015
0.000009
0.000007
0.000009
0.000004
0.000004
0.000024
0.000016
0.000015
0.000007
0.000006
0.000022
0.000024
0.000039
0.001986
0.001989
0.002011
0.002016
0.002027
0.002108
0.002129
0.002097
0.001981
0.001435
0.001003
0.000041
0.000022
0.000024
0.000021
0.000005
0.000007
0.000015
0.000017
0.000040
0.000040
0.000093
0.000053
0.000065
0.001841
0.001981
0.002123
0.002185
0.002189
0.002322
0.002595
0.002627
0.002687
0.002928
0.003059
0.003199
0.003234
0.003233
0.003246
0.003244
0.003206
0.003130
0.002835
0.002653
0.001934
0.000831
0.000856
0.000046
0.000054
0.000049
0.000768
0.001962
0.002260
0.002264
0.002493
0.005745
0.006277
0.006186
0.006265
0.006220
0.006446
0.006568
0.003323
0.003345
0.003778
0.004072
0.004278
0.004323
0.004407
0.004465
0.000020
0.000023
0.000020
0.000024
0.000033
0.000022
0.000026
0.000063
0.000359
0.000454
0.000579
0.000728
0.000754
0.000763
0.000806
0.000857
0.000926
0.001005
0.000902
0.000040
0.000035
0.000009
0.000011
0.000007
0.000012
0.000019
0.000007
0.000009
0.000015
0.000015
0.000524
0.000568
0.000616
0.000679
0.000760
0.000765
0.000891
0.001026
0.001378
0.001537
0.001458
0.001512
0.001515
0.002043
0.001833
0.000950
0.005181
0.006247
1.640039
1.677610
1.703507
1.737641
1.761808
1.785949
1.819201
1.827652
1.820088
1.757944
0.000566
0.000339
0.000269
0.000175
0.000260
0.000181
0.003228
0.052864
1.827482
1.665392
1.496652
1.055377
0.961063
0.879717
0.810127
0.680532
0.614446
0.069388
0.061924
0.056617
0.038605
0.015080
0.008390
0.000594
0.000026
0.000031
0.000702
0.000705
0.000709
0.004633
0.005565
0.017521
0.039463
0.039594
0.044279
0.044834
0.045364
0.045970
0.046306
0.046272
0.046247
0.046859
0.049990
0.047195
0.041621
0.031536
0.018060
0.028510
0.027627
0.026492
0.023962
0.023718
0.012695
0.012250
0.006326
0.038747
0.080249
0.093833
0.173902
0.317648
0.619910
0.913378
1.125679
1.432827
2.145699
2.454181
2.850838
3.632287
4.494813
4.955306
5.449149
5.560204
5.764985
5.651527
5.355882
0.188199
0.026209
5.787825
6.496682
7.043732
7.021667
7.050189
7.060867
7.098521
7.125058
7.113249
7.111098
7.115149
7.126139
7.276976
7.298776
7.341992
7.400994
7.453827
7.504688
7.548339
7.607483
7.693768
7.703782
7.703838
7.699381
7.703091
7.457950
6.431355
5.564000
4.807957
4.114460
3.587672
3.213698
2.913523
2.646175
2.391452
2.155492
0.046375
0.046630
0.035870
0.033047
0.025464
0.050140
0.046883
0.045984
0.144900
0.151506
0.418300
0.935414
0.888934
0.836401
0.760723
0.713406
0.087221
0.000375
0.000332
0.000186
0.000124
0.000065
0.000161
0.000097
0.000146
0.000295
0.000227
0.031265
0.032535
0.033061
0.227774
0.229984
0.229510
0.232131
0.175798
0.204289
0.185289
0.038914
0.024791
0.021637
0.020691
0.000245
0.000158
0.000167
0.000239
0.000367
0.019077
0.017211
0.914351
1.048448
1.189681
1.230015
1.265932
1.283228
1.248741
0.101565
0.653885
0.711381
0.782649
0.917877
1.199285
1.396815
2.095999
2.308587
2.567276
3.044183
3.531356
4.089732
4.778644
5.613977
6.398611
7.236394
7.539556
7.824790
8.024742
8.130321
8.168310
8.202362
8.221549
8.257554
8.257228
8.254018
8.251503
8.246682
8.216315
8.115510
7.893612
7.892463
7.891907
7.890446
7.889664
7.890147
7.890912
7.887226
7.885879
7.887231
7.883813
7.885191
7.884731
7.887600
7.891724
7.893141
7.893338
7.893242
7.892251
7.891680
7.899149
7.920384
7.925303
8.081033
8.350949
8.472440
8.498084
8.390673
8.322718
8.261302
8.209995
8.181448
8.157870
8.118556
8.089088
8.014703
7.766982
7.296663
6.917091
6.587232
6.164319
5.452375
4.594637
3.998213
3.350005
2.870193
2.509593
2.202622
1.931955
0.028852
0.017684
0.001478
0.000421
0.000324
0.000115
0.000073
0.000044
0.000057
0.000074
0.000028
0.003161
0.071232
0.060828
0.008704
0.000058
0.000055
0.000085
0.000069
0.004559
0.005176
0.004690
0.003994
0.003839
0.000163
0.000181
0.000180
0.000125
0.000138
0.000144
0.000145
0.019822
0.018790
0.019087
0.018249
0.021885
0.021581
0.015727
0.016049
0.016398
0.016220
0.016814
0.016848
0.016722
0.016207
0.007773
0.000510
0.000065
0.000058
0.000047
0.000059
0.000036
0.000043
0.000034
0.000022
0.000013
0.000015
0.000017
0.000036
0.000030
0.000038
0.000031
0.000043
0.000013
0.000021
0.000043
0.000104
0.000053
0.000071
0.000168
0.000051
0.000110
0.000063
0.000056
0.039704
0.049650
0.063651
0.143194
0.583764
0.585475
0.587714
0.591539
0.595837
0.600828
0.585075
0.571274
0.002913
0.007853
0.007015
0.018300
0.016786
0.022834
0.024301
0.000451
0.000436
0.000675
0.001696
0.023533
0.085759
0.631780
0.672887
0.740485
0.779001
0.793843
0.778802
0.740986
0.723663
0.681647
0.653565
0.563561
0.532984
0.459633
0.291651
0.280873
0.236261
0.000905
0.000230
0.000306
0.010070
0.009616
0.009511
0.009431
0.009767
0.009476
0.009257
0.013317
0.013216
0.013336
0.013047
0.013037
0.013032
0.013317
0.000121
0.000023
0.000016
0.000021
0.000020
0.000034
0.005834
0.049461
0.054103
0.081869
0.088609
0.094514
0.142553
0.147635
0.131448
0.117759
0.043599
0.038949
0.035910
0.013565
0.013229
0.012602
0.012088
0.007254
0.007159
0.007006
0.006732
0.006682
0.006169
0.005722
0.005356
0.005014
0.000183
0.000085
0.000052
0.000036
0.000018
0.000014
0.000017
0.000014
0.000020
0.000024
0.000013
0.000015
0.000017
0.000030
0.000024
0.000015
0.000014
0.000015
0.000019
0.000008
0.000013
0.000010
0.000167
0.000985
0.000961
0.000949
0.004942
0.005091
0.012121
0.013331
0.014598
0.020058
0.020339
0.020510
0.020647
0.021591
0.025923
0.027740
0.029211
0.031310
0.024638
0.025613
0.026490
0.026902
0.027863
0.027953
0.001023
0.000180
0.000217
0.000106
0.000686
0.001209
0.001425
0.380606
0.389415
0.364210
0.021940
0.008809
0.007559
0.007051
0.006660
0.000193
0.009672
0.057115
0.092793
0.253455
0.324756
0.389856
0.002461
0.002464
0.003806
1.117945
1.254552
1.353663
1.521137
0.003756
0.000752
0.000515
0.000141
0.000831
0.002300
0.003584
0.004493
0.026359
0.028973
0.036669
0.039413
0.041571
0.072093
0.073631
0.075613
0.071542
0.068079
0.063354
0.004748
0.000480
0.000560
0.000128
0.000065
0.000061
0.000070
0.000041
0.000067
0.000032
0.000028
0.000068
0.000091
0.000126
0.000222
0.013178
0.018318
0.029963
0.114454
0.224377
2.854821
3.405431
4.333889
5.362446
7.080056
7.152018
6.977613
6.718814
6.228876
5.697854
0.567972
5.450275
5.691746
5.941214
5.954221
0.004567
0.004059
0.004026
0.005051
0.062965
6.720989
7.014879
0.105517
8.037775
8.243162
8.437322
8.571981
8.697943
8.740219
8.755332
8.629915
8.692891
8.780311
8.749515
8.727943
8.588821
8.420331
8.440657
8.499553
8.500410
8.507343
8.503419
8.499134
8.478930
8.455753
8.420939
8.304992
8.221208
0.017809
8.082724
8.018501
7.468381
6.942088
6.254614
5.192777
1.933976
0.744698
0.072704
0.005873
0.000298
0.000167
0.000169
0.000187
0.000177
0.000159
0.000267
0.000521
0.135891
0.222993
1.661762
1.860942
2.111410
2.719504
3.149574
3.220944
3.291837
3.321461
3.163006
3.049343
0.141638
0.126017
0.106370
0.017743
0.012636
0.000543
0.000555
0.000291
0.000132
0.000125
0.000087
0.000064
0.000083
0.000279
0.000405
0.000383
0.000069
0.000069
0.000069
0.000094
0.000129
0.079799
0.135413
3.131271
3.111891
3.052760
0.084583
0.077532
0.001644
2.580204
0.002579
0.001249
0.000713
0.000410
0.000383
0.000260
0.000246
0.000310
0.000315
0.000311
0.000084
0.000056
0.000193
0.000134
0.000051
0.000608
0.036829
0.038980
0.045760
2.364526
2.189470
2.060509
1.888559
1.765148
1.620377
1.505947
0.417519
0.389421
0.325369
0.281878
0.239044
0.020583
0.000518
0.000214
0.000744
0.000700
0.000640
0.000876
0.000989
0.001252
0.001361
0.004568
0.004881
0.006800
0.760350
0.867000
0.000864
0.001307
0.000043
0.003215
0.003513
0.004276
0.841762
0.815837
0.446439
0.754694
1.085008
1.299762
1.419368
1.522483
1.580473
1.536600
1.455619
0.384909
1.313969
1.293404
1.216034
1.115943
1.027418
0.966192
0.066566
0.058158
0.015593
0.013043
0.003249
0.002936
0.002789
0.002756
0.002724
0.007584
0.007595
0.008820
0.011094
0.011735
0.013753
0.016159
0.761961
0.825180
0.774525
0.717141
0.432628
0.375005
0.372936
0.143972
0.058831
0.022213
0.013547
0.011881
0.011064
0.007061
0.005420
0.004971
0.004552
0.000249
0.000095
0.000271
0.000244
0.000722
0.004701
0.021569
0.023113
0.036272
0.078955
0.086203
0.089922
0.092829
0.074477
0.046301
0.045597
0.044987
0.044904
0.044035
0.042104
0.000951
0.000820
0.000148
0.000097
0.000104
0.000095
0.000589
0.004026
0.025846
0.029518
0.030539
0.035755
0.155915
0.173225
1.287767
1.337341
1.436063
1.434231
1.377677
1.317241
0.108047
0.095144
0.089780
0.009708
0.000490
0.001915
0.003003
0.030465
0.176771
0.338059
1.145895
1.254788
1.185442
1.141578
1.104813
0.758630
0.731448
0.667897
0.609663
0.237224
0.223491
0.001124
0.004455
0.010031
0.010916
0.011958
0.013347
0.015219
0.017994
0.132280
0.136019
0.132774
0.136518
0.140498
0.143408
0.146087
0.152199
0.159540
0.175905
0.188808
0.192742
0.213328
0.216083
0.463091
0.450339
0.429770
0.427995
0.413405
0.406893
0.384090
0.060670
0.319797
0.147932
0.136866
0.136454
0.138904
0.140996
0.017078
0.007192
0.011417
0.011168
0.010550
0.010201
0.122575
0.152018
0.155600
0.156219
0.153377
0.150311
0.138806
0.090938
0.062013
0.003591
0.004265
0.006047
0.007679
0.009494
0.243592
0.314819
0.393755
0.451636
0.518873
1.378007
1.502596
1.585673
0.203720
0.015769
0.016202
0.016513
0.017494
1.957822
1.991107
1.987472
1.938559
1.733327
1.567069
1.412525
1.249759
1.108176
0.525916
0.035463
0.032380
0.015023
0.014648
0.014421
0.014657
0.015561
0.000666
0.000511
0.000356
0.000155
0.033717
0.035137
0.037133
0.038231
0.038329
0.031206
0.031682
0.000105
0.000127
0.000256
0.000104
0.000071
0.000110
0.000134
0.000157
0.000161
0.042231
0.043563
0.043333
0.043523
0.042849
0.039920
0.027861
0.018004
0.003947
0.007009
0.037237
0.050710
0.084786
0.103546
0.108060
0.116770
0.121897
0.128361
0.129787
0.131241
0.128097
0.123420
0.118846
0.113455
0.075110
0.053694
0.022717
0.022548
0.021966
0.021785
0.010718
0.002079
0.003535
0.136303
0.141149
0.161675
0.154611
0.147642
0.133335
0.016369
0.007380
0.007025
0.000090
0.000102
0.000113
0.000170
0.000303
0.008049
0.017672
0.018771
0.106229
0.217915
0.211654
0.203075
0.192986
0.223448
0.227201
0.229556
0.034487
0.033188
0.018263
0.020443
0.020732
0.021037
0.021639
0.021260
0.021238
0.021547
0.021243
0.020970
0.000322
0.000322
0.000252
0.000017
0.000018
0.000031
0.000024
0.001236
0.042502
0.121987
0.144625
0.256712
0.291286
0.276474
0.273063
0.160379
0.158103
0.156132
0.146704
0.102511
0.002608
0.000010
0.000012
0.000008
0.000011
0.000017
0.000016
0.000005
0.000017
0.000560
0.000043
0.000027
0.000031
0.000089
0.000274
0.001866
0.002181
0.038887
0.208810
0.220233
0.225432
0.219119
0.204990
0.065407
0.047807
0.040395
0.037774
0.036390
0.024056
0.024114
0.001155
0.000109
0.000106
0.000245
0.000018
0.000009
0.000012
0.000014
0.000010
0.000015
0.000017
0.000013
0.000013
0.000019
0.000036
0.000029
0.000025
0.000076
0.000813
0.000663
0.000326
0.037843
0.053566
0.055657
0.057053
0.095868
0.103002
0.114309
0.126020
0.212473
0.324436
0.339735
0.345105
0.343464
0.338761
0.169630
0.137443
0.054718
0.024822
0.011191
0.001026
0.000038
0.000040
0.000053
0.000036
0.000024
0.000027
0.000035
0.000047
0.000063
0.000011
0.000006
0.000007
0.000006
0.000005
0.000006
0.000007
0.000004
0.000006
0.000010
0.000010
0.000004
0.000010
0.000010
0.000010
0.000006
0.000004
0.000014
0.000012
0.000077
0.000073
0.000084
0.000112
0.000119
0.000129
0.000136
0.000402
0.000397
0.000341
0.000308
0.000212
0.000203
0.000195
0.000184
0.000191
0.000157
0.000133
0.000220
0.000221
0.000248
0.000213
0.000117
0.000059
0.000067
0.000072
0.000063
0.000031
0.000033
0.000023
0.000017
0.000019
0.000025
0.000023
0.000079
0.000219
0.000024
0.000029
0.000030
0.000026
0.000019
0.000020
0.000023
0.000023
0.000026
0.000029
0.000035
0.000048
0.000052
0.000045
0.000043
0.000003
0.000002
0.000002
0.000003
0.000005
0.000006
0.000025
0.000045
0.000002
0.000000
0.000001
0.000002
0.000003
0.000001
0.000001
0.000002
0.000003
0.000006
0.000007
0.000009
0.000003
0.000054
0.000069
0.000076
0.000077
0.000074
0.000073
0.000081
0.000078
0.000079
0.000081
0.000070
0.000071
0.000072
0.000002
0.000005
0.000023
0.000065
0.000096
0.000101
0.000099
0.000071
0.000004
0.000036
0.000021
0.000004
0.000013
0.000024
0.000002
0.000002
0.000002
0.000005
0.000004
0.000002
0.000002
0.000003
0.000005
0.000004
0.000004
0.000001
0.000002
0.000003
0.000002
0.000002
0.000001
0.000000
0.000002
0.000003
0.000003
0.000001
0.000001
0.000002
0.000002
0.000004
0.000232
0.000238
0.000220
0.000123
0.000139
0.004139
0.007701
0.007543
0.007363
0.007858
0.039913
0.042437
0.040352
0.021372
0.033260
0.034609
0.035242
0.036394
0.037277
0.037594
0.006270
0.007052
0.006966
0.000012
0.000011
0.000012
0.000014
0.000003
0.000002
0.000002
0.000003
0.000009
0.000228
0.026230
0.028173
0.052627
0.147273
0.147032
0.145337
0.143813
0.138382
0.127540
0.017633
0.000082
0.000028
0.000033
0.000036
0.000015
0.000011
0.000015
0.000044
0.000256
0.000671
0.033109
0.027306
0.029206
0.027650
0.021109
0.000016
0.000009
0.000009
0.000009
0.000016
0.000631
0.000689
0.000718
0.000734
0.000730
0.000691
0.000693
0.000018
0.000015
0.000012
0.000005
0.000012
0.000066
0.000032
0.000027
0.000053
0.000042
0.000066
0.000037
0.000017
0.000010
0.000012
0.000064
0.000064
0.000015
0.000056
0.000058
0.000018
0.000019
0.000008
0.000015
0.000072
0.000073
0.000011
0.000008
0.000010
0.000010
0.000011
0.000003
0.000005
0.000016
0.000040
0.000007
0.000006
0.000002
0.000001
0.000002
0.000001
0.000001
0.000001
0.000002
0.000003
0.008326
0.008521
0.008713
0.008918
0.009366
0.009716
0.010162
0.011208
0.011216
0.011280
0.002356
0.001187
0.000665
0.001942
0.001790
0.001773
0.000516
0.000562
0.000055
0.000070
0.003617
0.003634
0.003511
0.000001
0.000001
0.000000
0.000001
0.000001
0.000000
0.000001
0.015521
0.015271
0.000289
0.000285
0.000345
0.000397
0.000412
0.000449
0.000477
0.000490
0.000509
0.000528
0.000563
0.000582
0.000806
0.011827
0.013359
0.013991
0.016541
0.020697
0.022241
0.034436
0.054203
0.076246
0.090724
0.113667
0.118921
0.126364
0.137683
0.146942
0.156588
0.000141
0.000057
0.000035
0.000027
0.000009
0.000019
0.000013
0.000023
0.000021
0.000022
0.000029
0.000007
0.000014
0.000015
0.000017
0.000019
0.000024
0.170458
0.174162
0.169665
0.060290
0.037191
0.035789
0.032531
0.029310
0.000310
0.000311
0.000182
0.000035
0.000015
0.000017
0.000001
0.000000
0.000001
0.000000
0.000001
0.000001
0.000001
0.000004
0.000002
0.000000
0.000000
0.000000
0.000000
0.000000
0.000000
0.000000
0.000000
0.000000
0.000000
0.000000
0.000000
0.000000
0.000001
0.000001
0.000001
0.000027
0.000000
0.000000
0.000000
0.000000
0.000000
0.000000
0.000000
0.000000
0.000000
0.000001
0.000001
0.000001
0.000000
0.000000
0.000000
0.000000
0.000000
0.000000
0.000000
0.000000
0.000000
0.000000
0.000192
0.000274
0.013549
0.000000
0.000000
0.000000
0.000000
0.000000
0.000001
0.000001
0.000002
0.000001
0.000001
0.000001
0.000000
0.000000
0.000000
0.000000
0.000000
0.000000
0.000000
0.000000
0.000000
0.000000
0.000000
0.000000
0.000000
0.000000
0.000000
0.000000
0.000000
0.000000
0.000000
0.000000
0.000000
0.000000
0.000000
0.000000
0.000000
0.000000
0.000000
0.000000
0.000000
0.000000
0.000000
0.000000
0.000000
0.000000
0.000000
0.000000
0.002071
0.009730
0.011570
0.039168
0.039579
0.035800
0.045245
0.048130
0.201071
0.214669
0.224734
0.214470
0.214210
0.214279
0.203937
0.096870
0.035521
0.000496
0.000503
0.000824
0.013778
0.017753
0.760607
0.861818
0.984048
0.008161
0.008459
0.010425
0.004547
0.004779
0.005089
0.036572
0.007446
0.007244
0.003478
0.003463
0.003191
0.002531
0.000050
0.000045
0.000022
0.000019
0.000006
0.000000
0.000000
0.000000
0.000000
0.000000
0.000001
0.000001
0.000004
0.000003
0.000002
0.000080
0.000074
0.000089
0.000078
0.000066
0.000012
0.000011
0.000004
0.000000
0.000000
0.000000
0.000000
0.000000
0.000000
0.000001
0.000001
0.000001
0.000000
0.000000
0.000000
0.000000
0.000000
0.000000
0.000000
0.000000
0.000000
0.000000
0.000000
0.000000
0.000000
0.000000
0.000000
0.000000
0.000000
0.000002
0.000001
0.000000
0.000000
0.000000
0.000000
0.000000
0.000000
0.000000
0.000000
0.000000
0.000000
0.000000
0.000000
0.000000
0.000000
0.000000
0.000000
0.000000
0.000000
0.000000
0.000000
0.000001
0.000000
0.000001
0.000000
0.000000
0.000000
0.000000
0.000000
0.000000
0.000001
0.000408
0.000417
0.000000
0.000000
0.000000
0.000000
0.000000
0.000000
0.000000
0.000000
0.000000
0.000000
0.000000
0.000000
0.000000
0.000000
0.000017
0.000017
0.000018
0.000018
0.000017
0.000017
0.000017
0.000020
0.000149
0.000165
0.000187
0.000191
0.000049
0.000050
0.000010
0.000015
0.000013
0.000020
0.000038
0.000022
0.000023
0.000015
0.000110
0.000112
0.000098
0.000321
0.000388
0.000589
0.000001
0.002841
0.004832
0.003380
0.000000
0.000000
0.000000
0.000000
0.000000
0.000000
0.000002
0.000003
0.000000
0.000000
0.000000
0.000000
0.000000
0.000000
0.000000
0.000000
0.000000
0.000000
0.000000
0.000000
0.000000
0.000000
0.000000
0.000000
0.000003
0.000003
0.000000
0.000000
0.000000
0.000000
0.000000
0.000000
0.000000
0.000000
0.000000
0.000000
0.000000
0.000000
0.000000
0.000000
0.000000
0.000000
0.000000
0.000000
0.000000
0.000000
0.000000
0.000000
0.000000
0.000000
0.000000
0.000000
0.000000
0.000000
0.000000
0.000000
0.000000
0.000000
0.000000
0.000000
0.000000
0.000000
0.000000
0.000000
0.000000
0.000000
0.000000
0.001067
1.626010
1.939335
2.286353
2.763293
2.851738
2.868676
2.857077
2.847551
2.814113
2.643239
2.490840
0.027421
0.000135
0.000000
0.000000
0.000138
0.000157
0.000185
0.000016
0.000011
0.000028
0.000038
0.000030
0.000019
0.009859
2.046438
0.001728
0.000793
0.000085
0.000058
0.000093
0.000123
0.000169
2.025095
1.549406
0.000025
0.000001
0.000001
0.000004
0.000003
0.000001
0.000001
0.000001
0.000002
0.000005
0.000005
0.000006
0.000004
0.009083
0.009488
0.009970
1.125156
1.005883
0.893580
0.107136
0.102419
0.084186
0.079613
0.062682
0.030868
0.031510
0.013220
0.012940
0.012465
0.000410
0.000278
0.000350
0.000098
0.000097
0.000074
0.000072
0.000196
0.000176
0.000124
0.000003
0.000001
0.000002
0.000001
0.000001
0.000001
0.000001
0.000001
0.000000
0.000000
0.000000
0.000000
0.000000
0.000000
0.000000
0.000000
0.000146
0.001157
0.002261
0.044119
0.063385
0.906116
0.983237
1.061148
1.238630
1.329694
1.398770
1.474700
1.519189
0.006051
0.005824
0.000001
0.000000
0.000000
0.000003
0.000002
0.000004
0.000990
0.001570
0.001945
0.001175
0.001396
1.585284
1.586387
1.564940
1.535026
1.436826
1.330423
1.084087
0.781371
0.479025
0.221372
0.101322
0.023191
0.019974
0.013621
0.013184
0.001426
0.000266
0.000259
0.000000
0.000000
0.000000
0.000000
0.000000
0.000455
0.020605
