0.001919
0.000000
0.000000
0.000000
0.000011
0.000011
0.000003
0.000003
0.000004
0.000005
0.000000
0.000000
0.000000
0.000000
0.000000
0.000000
0.000000
0.000000
0.000000
0.000000
0.000000
0.000000
0.000000
0.000000
0.000000
0.000000
0.000000
0.000000
0.000000
0.000000
0.000000
0.000000
0.000000
0.000000
0.000000
0.000000
0.000000
0.000000
0.000000
0.000000
0.000000
0.000000
0.000000
0.000000
0.000000
0.000000
0.000000
0.000000
0.000000
0.000000
0.000000
0.000000
0.000000
0.000000
0.000000
0.000000
0.000000
0.000000
0.000000
0.000000
0.000000
0.000000
0.000000
0.000000
0.000000
0.000000
0.000000
0.000000
0.000000
0.000000
0.000000
0.000000
0.000000
0.000000
0.000000
0.000000
0.000000
0.000000
0.000000
0.000000
0.000000
0.000000
0.000000
0.000000
0.000000
0.000000
0.000000
0.000000
0.000000
0.000000
0.000000
0.000000
0.000000
0.000000
0.000000
0.000000
0.000000
0.000000
0.000000
0.000000
0.000000
0.000000
0.000000
0.000000
0.000000
0.000000
0.000000
0.000000
0.000000
0.000000
0.000000
0.000000
0.000000
0.000000
0.000000
0.000000
0.000000
0.000000
0.000000
0.000000
0.000000
0.000000
0.000052
0.000039
0.000035
0.000000
0.000000
0.000000
0.000000
0.000000
0.000233
0.000255
0.000248
0.000216
0.000190
0.000185
0.000186
0.000189
0.000170
0.000160
0.000053
0.000006
0.000012
0.000002
0.000000
0.000000
0.000000
0.000000
0.000000
0.000000
0.000000
0.000000
0.000004
0.000002
0.000003
0.000000
0.000000
0.000000
0.000000
0.000000
0.000000
0.000000
0.000000
0.000000
0.000000
0.000000
0.000000
0.000000
0.000000
0.000000
0.000000
0.000007
0.000012
0.000000
0.000000
0.000000
0.000000
0.000000
0.000000
0.000000
0.000000
0.000000
0.000000
0.000000
0.000000
0.000003
0.000002
0.000002
0.000006
0.000013
0.000006
0.000006
0.000015
0.000030
0.000000
0.000000
0.000000
0.000000
0.000000
0.000000
0.000000
0.000000
0.000000
0.000000
0.000000
0.000000
0.000000
0.000000
0.000000
0.000000
0.000000
0.000000
0.000000
0.000000
0.000000
0.000000
0.000000
0.000000
0.000000
0.000000
0.000000
0.000000
0.000000
0.000000
0.000000
0.000000
0.000000
0.000000
0.000000
0.000000
0.000000
0.000000
0.000000
0.000000
0.000000
0.000000
0.000000
0.000000
0.000000
0.000000
0.000000
0.000000
0.000000
0.000000
0.000000
0.000000
0.000000
0.000000
0.000000
0.000000
0.000000
0.000000
0.000000
0.000000
0.000000
0.000000
0.000000
0.000000
0.000000
0.000000
0.000000
0.000000
0.000000
0.000000
0.000000
0.000000
0.000000
0.000001
0.000000
0.000000
0.000000
0.000000
0.000000
0.000000
0.000000
0.000000
0.000000
0.000000
0.000000
0.000001
0.000000
0.000000
0.000000
0.000000
0.000000
0.000000
0.000000
0.000000
0.000000
0.000000
0.000000
0.000000
0.000000
0.000000
0.000000
0.000000
0.000000
0.000000
0.000000
0.000000
0.000001
0.000001
0.000000
0.000000
0.000000
0.000000
0.000000
0.000001
0.000000
0.000000
0.000001
0.000000
0.000000
0.000000
0.000000
0.000000
0.000000
0.000000
0.000001
0.000000
0.000000
0.000000
0.000000
0.000000
0.000000
0.000000
0.000000
0.000001
0.000004
0.000006
0.000003
0.000001
0.000001
0.000002
0.000003
0.000001
0.000000
0.000001
0.000001
0.000000
0.000000
0.000000
0.000001
0.000000
0.000000
0.000000
0.000000
0.000000
0.000000
0.000000
0.000001
0.000001
0.000001
0.000002
0.000003
0.000016
0.000006
0.000002
0.000003
0.000001
0.000001
0.000002
0.000002
0.000002
0.000001
0.000001
0.000003
0.000002
0.000002
0.000001
0.000003
0.000001
0.000001
0.000001
0.000022
0.000014
0.000006
0.000006
0.000007
0.000007
0.000006
0.000001
0.000002
0.000001
0.000001
0.000057
0.000169
0.004200
0.004440
0.004656
0.009573
0.041664
1.280606
0.661071
0.190758
0.164217
0.143860
0.026733
0.021644
0.016032
0.003518
0.002436
0.002135
0.000058
0.000050
0.000020
0.000039
0.000037
0.000038
0.000014
0.000016
0.000016
0.000014
0.000012
0.000083
0.000068
0.000082
0.000037
0.000037
0.000025
0.000024
0.000029
0.000049
0.000065
0.000091
0.000053
0.000438
0.000113
0.000191
0.000068
0.000053
0.000041
0.000998
0.002474
0.002368
0.010121
0.010266
0.039489
0.072725
0.077282
0.091356
0.101905
0.185340
0.194399
0.005908
0.000352
0.000485
0.021687
0.026993
0.646219
0.699630
1.173018
1.298989
1.923582
2.159482
2.686869
2.986972
4.364353
4.792205
5.358676
5.806382
6.500547
6.929565
7.130799
7.262056
7.325995
7.336178
7.333431
7.334579
7.336816
7.336906
7.337017
7.337032
7.338460
7.338815
7.336049
7.318567
7.304729
7.287247
7.080424
6.892340
6.780856
6.581757
0.413839
0.046887
0.045566
0.395039
5.978372
5.889443
5.806003
0.044117
0.012167
0.011276
0.010628
0.009889
0.009106
0.008329
0.007936
0.007724
0.007609
0.007363
0.007061
0.006945
0.006250
0.005245
0.004425
0.004581
0.001263
0.001292
0.001336
0.001335
0.001429
0.001559
0.001680
0.001751
0.001724
0.001791
0.001834
0.002013
0.002003
0.002127
0.002038
0.002052
0.002052
0.000373
0.000359
0.000353
0.001467
0.002336
0.003181
0.004207
0.004213
0.004315
0.004460
0.004262
0.003843
0.003699
0.003613
0.003556
0.003605
0.003723
0.004049
0.015260
0.017881
0.020909
0.025749
0.163176
6.544573
7.015786
7.056853
7.113157
7.169127
7.173754
7.173640
7.168494
7.159508
7.138988
7.010878
6.580807
5.418547
4.516055
3.723599
3.144459
0.342612
1.202106
1.145008
1.064883
1.008247
0.936006
0.864062
0.752522
0.053329
0.001988
0.005078
0.004111
0.003590
0.000729
0.000682
0.000306
0.034254
0.035532
0.035295
0.035782
0.033576
0.032071
0.029447
0.028271
0.028358
0.026629
0.001674
0.055101
0.057479
0.098858
0.116708
0.115262
0.126255
0.125292
0.125925
0.123121
0.121839
0.045766
0.004030
0.000169
0.000155
0.000139
0.000023
0.000041
0.000041
0.000029
0.000037
0.000070
0.000038
0.000046
0.000085
0.000156
0.001238
0.001043
0.001016
0.001026
0.001141
0.000995
0.000869
0.000177
0.000168
0.000085
0.000427
0.000457
0.000033
0.000021
0.000022
0.000022
0.000023
0.004528
0.005113
0.005218
0.005631
0.005808
0.005760
0.005869
0.006263
0.006406
0.006044
0.003055
0.003026
0.005506
0.006331
0.012017
0.013616
0.014551
0.146033
0.170504
0.183340
0.280222
0.373219
0.561615
0.773440
0.961732
1.945932
2.394316
2.699463
3.150153
3.678332
4.254918
5.115075
5.909596
6.364814
6.947243
7.038541
7.131528
7.126858
7.103985
7.071783
6.896215
6.757847
0.092880
6.791649
6.814738
6.825839
6.837624
0.034245
6.994528
7.040277
7.017356
6.818034
7.006766
7.496622
7.499541
7.491019
7.580109
7.581808
7.591923
7.080409
6.703689
6.346087
0.048083
0.044379
0.036421
0.003336
0.000849
5.680834
5.575907
5.335126
5.070599
4.781333
4.610457
0.008931
0.007199
0.005125
0.028692
4.662394
4.642074
4.593301
4.506261
4.433787
4.086795
3.898144
3.581161
3.255399
3.013991
2.598876
2.250319
0.003339
1.623066
1.430972
1.245716
0.056752
0.029977
0.012897
0.000457
0.000384
0.000399
0.000168
0.000112
0.000046
0.000054
0.000109
0.000098
0.000109
0.000080
0.000119
0.016909
0.016351
0.016026
0.015411
0.015087
0.014850
0.013908
0.013360
0.012820
0.012720
0.010750
0.000052
0.000095
0.000237
0.000032
0.000034
0.000036
0.000034
0.000035
0.000038
0.000017
0.000051
0.000051
0.000036
0.000016
0.000014
0.000014
0.000020
0.000010
0.000022
0.000026
0.000020
0.000021
0.000025
0.000027
0.000038
0.000031
0.000034
0.000055
0.010776
0.016755
0.562418
0.532674
0.482304
0.133356
0.094657
0.023683
0.013452
0.013017
0.011008
0.009511
0.005746
0.000550
0.000527
0.000519
0.000428
0.000443
0.000029
0.000106
0.000081
0.000029
0.000015
0.000017
0.000023
0.000018
0.000038
0.000044
0.000048
0.000056
0.000048
0.000066
0.000745
0.000727
0.000083
0.000284
0.000030
0.000035
0.000085
0.000038
0.000054
0.000079
0.000057
0.000191
0.000107
0.000062
0.000084
0.004339
0.004667
0.005240
0.006229
0.007202
0.226535
0.647403
0.820082
0.880824
0.914596
0.920355
0.009780
0.927678
0.007098
0.000029
0.000024
0.000023
0.000030
0.000039
0.000305
0.000034
0.000009
0.000010
0.000073
0.000649
0.000650
0.000839
0.000617
0.000627
0.000660
0.000648
0.000633
0.000562
0.000504
0.000502
0.000048
0.000032
0.000022
0.000023
0.000029
0.000012
0.000013
0.000008
0.000011
0.000014
0.000451
0.000482
0.000342
0.000114
0.000052
0.000070
0.000146
0.002467
0.002654
0.002697
0.002992
0.003163
0.002992
0.002589
0.001144
0.001108
0.002306
0.002506
0.002517
0.002641
0.002475
0.002450
0.000177
0.003375
0.003537
0.003575
0.003576
0.000025
0.000041
0.000044
0.000098
0.000023
0.000047
0.000058
0.000086
0.000045
0.000041
0.000034
0.000040
0.000030
0.000033
0.000027
0.000048
0.000046
0.006016
0.005999
0.005797
0.030705
0.928973
0.911692
0.847053
0.822583
0.793793
0.143714
0.000230
0.000037
0.000056
0.000065
0.000264
0.000170
0.000090
0.000030
0.000022
0.000019
0.000031
0.007902
0.007755
0.007230
0.002254
0.002279
0.002040
0.001621
0.001228
0.002609
0.002401
0.006916
0.007408
0.007925
0.008452
0.008510
0.008908
0.009275
0.009689
0.010009
0.010353
0.011507
0.011680
0.011750
0.011374
0.010795
0.010569
0.010477
0.010537
0.010517
0.010456
0.010434
0.010321
0.009999
0.009804
0.009776
0.009209
0.007750
0.007406
0.007146
0.007041
0.006995
0.006978
0.007013
0.006816
0.006330
0.003496
0.000051
0.000055
0.000088
0.000080
0.000075
0.000058
0.000041
0.000034
0.000065
0.000026
0.000020
0.000019
0.000031
0.000024
0.000028
0.000041
0.000056
0.000033
0.000065
0.001668
0.001625
0.001608
0.001630
0.001716
0.001880
0.002003
0.002206
0.002489
0.003317
0.003467
0.003557
0.003557
0.003535
0.003612
0.003599
0.003519
0.002151
0.000977
0.001022
0.001146
0.007349
0.010307
0.248959
1.276764
1.447993
1.653904
1.951490
2.202926
2.609697
3.084854
3.373879
3.851501
4.475263
5.724377
6.469797
6.769303
7.165877
7.607412
7.764769
7.924239
7.960551
7.970004
7.963155
7.940862
0.000307
0.000251
0.000218
0.405228
7.470283
7.827681
7.946580
7.994155
7.999729
8.005370
8.305719
8.307582
8.307619
8.302759
8.289130
8.275462
8.269245
8.265666
8.263119
8.262022
8.266856
8.274000
8.286149
8.288168
8.289501
8.293833
8.293289
8.293584
8.292510
8.289800
8.288423
8.288553
8.287377
8.275669
8.251552
8.233712
8.210129
8.191510
8.086574
7.899448
7.608262
0.150169
0.074648
5.914148
5.836361
5.784518
5.594707
6.463962
6.907667
7.346769
7.936912
7.935767
7.901634
7.843286
7.585716
7.270553
7.031184
0.051415
0.076674
6.842061
5.587903
4.605899
3.884407
3.337710
2.876778
2.486573
2.194236
1.732331
1.410141
1.260807
1.035943
0.899385
0.785998
0.652873
0.565653
0.387745
0.339215
0.286174
0.248267
0.155936
0.104423
0.041367
0.017388
0.003700
0.000774
0.000036
0.000022
0.000094
0.000108
0.000191
0.000159
0.000036
0.000047
0.000050
0.000051
0.000058
0.000037
0.000026
0.000010
0.000014
0.000019
0.000025
0.000196
0.000045
0.000029
0.000034
0.000071
0.000025
0.000016
0.000018
0.000012
0.000016
0.000033
0.000026
0.000128
0.000086
0.000016
0.000012
0.000068
0.000050
0.000042
0.000037
0.000011
0.000007
0.000007
0.000006
0.000009
0.000008
0.000017
0.000064
0.000054
0.000070
0.000092
0.000094
0.000032
0.000017
0.000012
0.000008
0.000015
0.000028
0.000041
0.000048
0.001672
0.002041
0.002651
0.003502
0.003639
0.003899
0.004387
0.006273
0.216766
0.240194
0.254664
0.296363
0.299093
0.298186
0.298645
0.295717
0.267772
0.240904
0.202471
0.127780
0.073556
0.044165
0.038347
0.015294
0.012952
0.011363
0.010429
0.008967
0.000119
0.000079
0.000057
0.000048
0.000036
0.000034
0.000034
0.000057
0.000067
0.000788
0.000556
0.000572
0.003208
0.003891
0.004334
0.004556
0.004779
0.005446
0.005820
0.006639
0.000511
0.005633
0.006683
0.011731
0.012940
0.000112
0.000106
0.000082
0.000088
0.000092
0.031172
0.167353
0.176659
0.185672
0.211073
0.215900
0.218648
0.223831
0.220744
0.216554
0.211338
0.035173
0.009717
0.000156
0.019659
0.018442
0.017460
0.016987
0.000071
0.000096
0.000233
0.000407
0.027708
0.029634
0.032484
0.096290
0.123174
0.129119
0.135145
0.138933
0.144841
0.151822
0.096269
0.000366
0.000015
0.000096
0.000112
0.000097
0.000087
0.000565
0.000699
0.000729
0.005408
0.343162
0.363178
0.363313
0.343739
0.337586
0.307048
0.124694
0.114685
0.007502
0.005838
0.005245
0.004065
0.004267
0.004515
0.010150
0.010260
0.010197
0.010780
0.011049
0.009797
0.010038
0.011377
0.098527
0.389110
0.001639
0.568189
0.616134
0.667076
0.677162
0.684896
0.690798
0.706335
0.644552
0.307262
0.071525
0.042693
0.032256
0.025245
0.008885
0.001024
0.000656
0.000615
0.000025
0.000050
0.000060
0.000035
0.000105
0.000025
0.000018
0.000011
0.000013
0.000012
0.000011
0.000014
0.000094
0.000132
0.000168
0.000262
0.000202
0.000382
0.000500
0.001681
0.001895
0.004470
0.029279
0.276390
0.368229
1.468353
1.641916
1.862775
2.232805
2.573374
2.952644
3.298536
3.647921
3.987309
4.511824
5.130972
5.794754
5.991747
6.194912
6.185393
6.158649
6.090193
6.048450
5.990584
5.947746
5.764448
5.588710
0.140484
0.007051
0.145166
5.741495
5.863391
5.860203
0.152802
6.013667
6.207069
6.237633
6.271841
6.256821
6.166757
6.191367
6.344077
6.505003
6.509946
6.507583
6.502977
6.500341
6.694777
6.695132
6.694577
6.696484
6.703439
6.667162
6.631784
6.503622
6.504333
6.485123
6.639894
6.642478
6.652911
6.656584
6.664182
6.672752
6.680912
6.680701
6.681728
6.683727
6.688635
6.480923
6.319947
6.131589
5.884530
5.536122
2.241810
5.780553
6.053316
6.289487
6.313176
6.254978
6.112297
6.070626
0.248866
0.264202
6.694432
6.742017
6.781260
6.774981
6.726541
6.664352
6.494822
0.015690
0.015780
0.005990
6.218617
6.042688
5.770387
5.285117
4.853998
0.013532
0.012875
3.467098
4.485946
4.595017
4.743091
0.040998
0.126740
5.069766
5.160783
5.196417
5.205874
5.201741
5.265813
5.225258
5.201237
5.167330
5.113780
4.975899
4.721024
4.507617
4.335048
4.215875
0.070859
0.069348
0.064979
0.063114
0.060635
0.057275
0.028519
0.029849
0.070503
0.069624
0.069673
0.070443
0.069363
0.066965
0.019510
0.007738
0.006826
0.006747
0.008654
0.008933
0.009359
0.009682
0.010041
0.010538
0.010729
0.010349
0.010035
0.009332
0.008497
0.001378
0.009397
0.010255
0.010192
0.010217
0.010091
0.010079
0.004937
0.005254
0.005366
0.005491
0.005102
0.004876
0.004658
0.004733
0.005110
0.004447
0.004219
0.004105
0.004055
0.004042
0.004011
0.004005
0.003981
0.003981
0.003907
0.003685
0.003408
0.004470
0.000114
0.000119
0.000091
0.000023
0.000031
0.000031
0.000019
0.000016
0.000048
0.000118
0.000111
0.000105
0.000110
0.000125
0.000071
3.793023
3.726293
3.579951
3.427278
2.989355
2.706988
2.366303
0.325062
0.286161
0.023516
0.021094
0.013664
0.022075
0.048564
0.049054
0.043671
0.043831
0.042395
0.048496
0.048849
0.050108
0.052778
0.053094
0.052013
0.051793
0.035396
0.037703
0.040364
0.287454
0.651138
1.401685
2.341643
2.985556
3.608381
4.341325
4.732307
5.101393
5.618642
5.691747
5.747205
5.774576
5.782463
0.000000
0.000000
0.000000
0.000000
0.000000
0.000000
0.000000
0.000000
0.000000
0.000000
0.000000
0.000013
0.000029
0.000165
0.000024
0.000019
0.000013
0.000125
5.789335
5.792711
0.002038
0.001810
0.001322
5.808835
5.823802
5.828866
5.850490
5.858504
6.167301
6.167261
6.168270
6.170759
6.171913
6.170077
6.161587
6.142098
6.136377
6.099640
6.066430
6.055508
5.995926
5.715117
5.503806
0.097406
0.011010
0.092829
5.214492
5.381226
5.519235
5.533214
5.538114
5.540818
5.555053
5.511919
5.297859
5.164472
4.977346
0.061344
0.087663
0.326917
4.633900
5.146395
5.254167
5.377407
0.037792
0.002654
0.000205
0.000116
0.000100
0.000079
0.000164
0.002305
0.000388
0.000380
0.000417
0.005204
0.005361
0.005534
0.000084
0.000024
0.000017
0.000009
0.000009
0.000013
0.000021
0.000043
0.000047
0.000077
0.000096
0.003066
0.003203
0.011858
0.012570
0.013448
5.368902
5.456340
5.543788
5.570018
5.689883
5.698425
5.694889
5.374918
5.304653
5.259616
5.122431
4.913367
4.682320
4.302754
3.962516
3.535514
3.114923
1.355951
0.069131
0.005976
0.100498
0.132684
0.498569
1.861691
2.018577
2.360017
2.544988
2.689895
2.740079
2.883349
2.996776
3.067502
3.362453
4.076029
4.228811
4.297659
4.322083
4.350272
4.278084
3.678526
3.256889
2.886202
2.634733
0.231662
0.000096
0.000042
0.000054
0.000051
0.000023
0.486580
2.200076
2.799291
3.017147
3.205826
3.372994
3.525748
3.614890
3.698676
3.715754
3.742656
3.844642
3.838366
3.857391
3.879703
3.824087
3.698627
3.402664
2.836828
2.062268
0.155790
1.395912
0.039943
1.395055
1.424145
1.358971
1.244596
1.131119
0.005834
0.005321
0.903171
0.821280
0.609320
0.520623
0.459055
0.069142
0.069916
0.065825
0.035346
0.027203
0.016204
0.014547
0.014552
0.014429
0.016947
0.016025
0.017951
0.018526
0.019560
0.015189
0.017226
0.019413
0.022093
0.443739
0.993182
