0.012103
0.004789
0.000068
0.000007
0.000005
0.000005
0.000005
0.000002
0.000001
0.000002
0.000008
0.000005
0.000004
0.000003
0.000009
0.000003
0.000001
0.000001
0.000001
0.000002
0.000002
0.000001
0.000002
0.000001
0.000001
0.000002
0.000001
0.000002
0.000005
0.000004
0.000006
0.000009
0.000003
0.000009
0.000000
0.000000
0.000000
0.000000
0.000000
0.000000
0.000000
0.000000
0.000000
0.000000
0.000000
0.000000
0.000000
0.000000
0.000000
0.000000
0.000000
0.000000
0.000000
0.000000
0.000000
0.000000
0.000000
0.000000
0.000000
0.000000
0.000000
0.000000
0.000000
0.000000
0.000000
0.000000
0.000000
0.000000
0.000000
0.000000
0.000000
0.000000
0.000000
0.000000
0.000000
0.000000
0.000000
0.000000
0.000000
0.000000
0.000000
0.000000
0.000000
0.000000
0.000000
0.000000
0.000000
0.000000
0.000000
0.000000
0.000000
0.000000
0.000000
0.000000
0.000000
0.000000
0.000000
0.000000
0.000000
0.000000
0.000000
0.000000
0.000000
0.000000
0.000000
0.000000
0.000000
0.000000
0.000000
0.000092
0.000066
0.000803
0.000935
0.000982
0.001032
0.001105
0.000017
0.000000
0.000000
0.000000
0.000000
0.000000
0.000000
0.000000
0.000000
0.000000
0.000000
0.000000
0.000000
0.000000
0.000000
0.000000
0.000000
0.000000
0.000000
0.000000
0.000000
0.000000
0.000000
0.000000
0.000000
0.000000
0.000000
0.000000
0.000000
0.000000
0.000000
0.000000
0.000000
0.000000
0.000000
0.000000
0.000000
0.000000
0.000000
0.000000
0.000027
0.000000
0.000000
0.000000
0.000000
0.000000
0.000000
0.000000
0.000000
0.000000
0.000001
0.000001
0.000002
0.000000
0.000000
0.000050
0.000000
0.000000
0.000000
0.000000
0.000000
0.000000
0.000087
0.000021
0.000012
0.000011
0.000000
0.000000
0.000000
0.000000
0.000000
0.000000
0.000015
0.000015
0.000031
0.000008
0.000011
0.000024
0.000000
0.000000
0.000000
0.000000
0.000000
0.000000
0.000000
0.000000
0.000000
0.000000
0.000000
0.000000
0.000000
0.000000
0.000000
0.000000
0.000000
0.000000
0.000014
0.000020
0.000004
0.000004
0.000006
0.000007
0.000010
0.000005
0.000003
0.000003
0.000000
0.000000
0.000000
0.000000
0.000000
0.000000
0.000000
0.000000
0.000000
0.000000
0.000000
0.000000
0.000000
0.000000
0.000000
0.000000
0.000000
0.000000
0.000000
0.000000
0.000000
0.000000
0.000000
0.000000
0.000000
0.000000
0.000003
0.000004
0.000003
0.000004
0.000005
0.000009
0.000049
0.000000
0.000000
0.000000
0.000000
0.000000
0.000000
0.000000
0.000000
0.000000
0.000000
0.000000
0.000000
0.000000
0.000000
0.000000
0.000000
0.000000
0.000000
0.000000
0.000000
0.000000
0.000000
0.000000
0.000000
0.000000
0.000000
0.000000
0.000000
0.000000
0.000000
0.000000
0.000000
0.000000
0.000000
0.000000
0.000000
0.000000
0.000000
0.000000
0.000000
0.000000
0.000000
0.000000
0.000000
0.000000
0.000000
0.000000
0.000000
0.000000
0.000000
0.000000
0.000000
0.000000
0.000000
0.000000
0.000000
0.000000
0.000000
0.000000
0.000000
0.000000
0.000000
0.000000
0.000000
0.000000
0.000000
0.000000
0.000000
0.000000
0.000000
0.000000
0.000000
0.000000
0.000000
0.000000
0.000000
0.000000
0.000000
0.000000
0.000000
0.000000
0.000000
0.000000
0.000000
0.000000
0.000000
0.000000
0.000000
0.000000
0.000000
0.000000
0.000000
0.000000
0.000000
0.000000
0.000000
0.000000
0.000000
0.000000
0.000000
0.000000
0.000000
0.000000
0.000000
0.000000
0.000000
0.000000
0.000000
0.000000
0.000000
0.000000
0.000000
0.000000
0.000000
0.000000
0.000000
0.000000
0.000000
0.000000
0.000000
0.000000
0.000000
0.000000
0.000000
0.000000
0.000000
0.000000
0.000000
0.000000
0.000000
0.000000
0.000000
0.000000
0.000000
0.000000
0.000000
0.000000
0.000000
0.000000
0.000000
0.000000
0.000000
0.000000
0.000000
0.000000
0.000000
0.000000
0.000000
0.000000
0.000004
0.000005
0.000009
0.000000
0.000000
0.000000
0.000000
0.000000
0.000000
0.000000
0.000000
0.000000
0.000000
0.000000
0.000000
0.000000
0.000000
0.000000
0.000000
0.000000
0.000000
0.000000
0.000000
0.000000
0.000000
0.000000
0.000000
0.000000
0.000000
0.000000
0.000000
0.000000
0.000000
0.000000
0.000000
0.000000
0.000000
0.000000
0.000000
0.000000
0.000000
0.000000
0.000000
0.000000
0.000000
0.000000
0.000000
0.000000
0.000000
0.000000
0.000000
0.000000
0.000000
0.000000
0.000000
0.000000
0.000000
0.000000
0.000000
0.000000
0.000000
0.000000
0.000000
0.000000
0.000000
0.000000
0.000000
0.000000
0.000001
0.492417
0.450773
0.407929
0.339132
0.183366
0.055774
0.055272
0.052545
0.039948
0.029181
0.000023
0.000061
0.000036
0.000137
0.000133
0.000821
0.000819
0.000750
0.000551
0.000012
0.000000
0.000000
0.000000
0.000000
0.000000
0.000010
0.000012
0.000020
0.000028
0.000018
0.000004
0.000004
0.000004
0.000004
0.000004
0.000004
0.000004
0.000004
0.000003
0.000003
0.000003
0.000000
0.000011
0.000021
0.000014
0.000038
0.000081
0.000121
0.000024
0.000041
0.000002
0.000002
0.000002
0.000002
0.000002
0.000002
0.000000
0.000000
0.000000
0.000003
0.000003
0.000003
0.000003
0.000003
0.000003
0.000003
0.000003
0.000003
0.000003
0.000003
0.000003
0.000000
0.000000
0.002688
0.002606
0.002632
0.003134
0.003225
0.002830
0.000283
0.000263
0.000230
0.000150
0.000151
0.000130
0.001956
0.002117
0.001593
0.001571
0.001612
0.001585
0.001470
0.001190
0.000171
0.000234
0.000161
0.000000
0.000000
0.000000
0.000000
0.000000
0.000000
0.000000
0.000000
0.000000
0.000000
0.000000
0.000000
0.000000
0.000000
0.000000
0.000000
0.000000
0.000000
0.000000
0.000000
0.000000
0.000000
0.000000
0.000001
0.000001
0.000001
0.000001
0.000000
0.000000
0.000000
0.000000
0.000010
0.000021
0.000026
0.000680
0.000000
0.000000
0.000000
0.000000
0.000000
0.000000
0.000000
0.000000
0.000000
0.000000
0.000000
0.000000
0.000000
0.000000
0.000000
0.000000
0.000000
0.000001
0.000001
0.000001
0.000001
0.000002
0.000194
0.000401
0.003296
0.414804
0.420310
0.439645
0.612946
0.619022
0.637843
0.154330
0.081477
0.050364
0.026757
0.024767
0.004367
0.002353
0.002877
0.000010
0.000010
0.000008
0.000046
0.000045
0.000046
0.000032
0.000001
0.000000
0.000000
0.000000
0.000000
0.000000
0.000001
0.000000
0.000001
0.000000
0.000000
0.000000
0.000000
0.000000
0.000000
0.000000
0.000000
0.000001
0.000001
0.000000
0.000000
0.000000
0.000000
0.000000
0.000000
0.000001
0.000000
0.000001
0.000001
0.000000
0.000001
0.000000
0.000000
0.000003
0.000003
0.000025
0.000026
0.000696
0.000819
0.000338
0.000317
0.000318
0.000290
0.000240
0.000440
0.000278
0.000286
0.000004
0.000002
0.000001
0.000003
0.000003
0.000001
0.000002
0.000002
0.000001
0.000001
0.000001
0.000002
0.000002
0.000002
0.000002
0.000000
0.000000
0.000000
0.000001
0.000002
0.000001
0.000001
0.000001
0.000001
0.000004
0.000003
0.000003
0.000002
0.000004
0.000227
0.000265
0.000346
0.000259
0.000010
0.000007
0.000008
0.000005
0.000105
0.006577
0.006620
0.007059
0.236109
0.240890
0.254071
0.246662
0.243523
0.232319
0.198220
0.177157
0.101944
0.067176
0.048424
0.017250
0.014504
0.007468
0.000000
0.000000
0.000000
0.000000
0.000001
0.000001
0.007411
0.007229
0.007083
0.006342
0.005291
0.004662
0.004221
0.003734
0.003300
0.002927
0.000120
0.000067
0.000062
0.000042
0.000057
0.000028
0.000033
0.000048
0.000923
0.001111
0.001374
0.001738
0.001873
0.001878
0.001868
0.001844
0.001392
0.000181
0.000182
0.000182
0.000784
0.001130
0.001306
0.001396
0.001603
0.001748
0.002470
0.002483
0.002519
0.002891
0.000019
0.000010
0.000006
0.000000
0.000000
0.000000
0.000000
0.000000
0.000000
0.000000
0.000000
0.000000
0.000000
0.000000
0.000000
0.000000
0.000000
0.000000
0.000000
0.000000
0.000000
0.000000
0.000000
0.010771
0.011792
0.014378
0.197022
0.268605
0.299081
0.262964
0.115001
0.107945
0.103180
0.013039
0.013238
0.014221
0.000006
0.000000
0.000000
0.000001
0.000001
0.000000
0.000000
0.000000
0.000012
0.000013
0.000012
0.000009
0.000000
0.000000
0.000000
0.000000
0.000000
0.000000
0.000000
0.000000
0.000000
0.000000
0.000000
0.000000
0.000000
0.000000
0.000000
0.000000
0.000000
0.000000
0.000000
0.000000
0.000000
0.000000
0.000000
0.000000
0.000000
0.000000
0.000000
0.000000
0.000008
0.000007
0.000007
0.000007
0.000007
0.000007
0.000007
0.000007
0.000006
0.000006
0.000000
0.000000
0.000000
0.000000
0.000000
0.000000
0.043254
0.043067
0.042640
0.043349
0.045634
0.047274
0.054027
0.054726
0.056542
0.064994
0.034444
0.035042
0.035318
0.017400
0.014427
0.000020
0.000020
0.000017
0.000014
0.000012
0.000011
0.000010
0.000015
0.000017
0.000014
0.000018
0.000000
0.000001
0.000002
0.000002
0.000003
0.000003
0.000003
0.000003
0.000003
0.000004
0.000002
0.000002
0.000001
0.000001
0.000001
0.000000
0.000001
0.000004
0.000004
0.000005
0.000007
0.000004
0.000005
0.000022
0.000027
0.000001
0.000001
0.000002
0.000001
0.000000
0.000381
0.000404
0.001167
0.014687
0.026435
0.027155
0.029665
0.030313
0.030603
0.032469
0.033686
0.039390
0.038159
0.044739
0.089994
0.103888
0.109299
0.110850
0.110383
0.111236
0.112279
0.110880
0.033518
0.033369
0.002132
0.004265
0.000191
0.000208
0.000000
0.000000
0.000000
0.000000
0.000000
0.000000
0.000000
0.000000
0.000000
0.000000
0.000000
0.000000
0.000000
0.000000
0.000000
0.000000
0.000000
0.000000
0.000000
0.000000
0.000000
0.000000
0.000000
0.000000
0.000000
0.000000
0.000233
0.000357
0.000521
0.000718
0.000937
0.000908
0.000874
0.000878
0.000835
0.000824
0.000830
0.000041
0.000000
0.000000
0.000000
0.000000
0.000000
0.000000
0.000000
0.000000
0.000000
0.000000
0.000000
0.000000
0.000000
0.000000
0.000000
0.000000
0.000000
0.000000
0.000000
0.000000
0.000000
0.000000
0.000000
0.000000
0.000000
0.000000
0.000000
0.000000
0.000000
0.000000
0.000000
0.000000
0.000000
0.000000
0.000000
0.000000
0.000000
0.000000
0.000000
0.000000
0.000000
0.000000
0.000000
0.000000
0.000000
0.000000
0.000000
0.000000
0.000000
0.000000
0.000000
0.000000
0.000000
0.000000
0.000000
0.000000
0.000000
0.000000
0.000000
0.000000
0.000003
0.000003
0.000000
0.000000
0.000000
0.000000
0.000000
0.000000
0.000000
0.000000
0.000000
0.000000
0.000000
0.000015
0.000022
0.000023
0.000039
0.000029
0.000030
0.000090
0.000089
0.000105
0.001207
0.000016
0.000017
0.000022
0.000000
0.000000
0.000000
0.000000
0.000000
0.000001
0.000000
0.000000
0.000000
0.000000
0.000030
0.000044
0.000012
0.000032
0.000088
0.000000
0.000001
0.000002
0.000008
0.000008
0.000006
0.000078
0.000088
0.000073
0.000291
0.001396
0.001923
0.028139
0.032827
0.065803
0.106580
0.213947
0.232596
0.371635
0.383030
0.426480
0.430495
0.387857
0.378760
0.371021
0.346844
0.328538
0.316972
0.304496
0.264846
0.060194
0.045722
0.036428
0.035809
0.008043
0.008495
0.000004
0.000003
0.000002
0.000001
0.000002
0.000001
0.000001
0.000001
0.000001
0.000001
0.000003
0.000002
0.000004
0.000006
0.000006
0.000002
0.000001
0.000001
0.000001
0.000001
0.000002
0.000005
0.000002
0.000002
0.000001
0.000002
0.000001
0.000001
0.000001
0.000001
0.000002
0.000782
0.000572
0.000429
0.000631
0.000001
0.000001
0.000001
0.000000
0.000000
0.000001
0.000005
0.000006
0.000005
0.000002
0.000002
0.000001
0.000001
0.000002
0.000001
0.000003
0.000002
0.000002
0.000004
0.000002
0.000003
0.000004
0.000004
0.000005
0.000008
0.000003
0.000003
0.000386
0.028321
0.026632
0.061525
0.001506
0.001632
0.000835
0.056662
0.058559
0.060731
0.235744
0.264166
0.301747
0.339321
0.427695
0.431900
0.456031
0.511779
0.000013
0.000012
0.000008
0.000007
0.000004
0.000004
0.000002
0.000004
0.000008
0.000006
0.000004
0.000003
0.000003
0.000002
0.000003
0.000003
0.000003
0.000004
0.000002
0.000002
0.000002
0.000003
0.000009
0.000005
0.000003
0.000003
0.000003
0.000003
0.000004
0.000003
0.000004
0.000004
0.000008
0.000005
0.000005
0.000003
0.000003
0.000005
0.000003
0.000006
0.000003
0.000004
0.000011
0.000011
0.000009
0.000007
0.000007
0.000002
0.000002
0.000002
0.000003
0.000005
0.000006
0.000017
0.000043
0.000014
0.000006
0.000021
0.000023
0.000022
0.000015
0.000011
0.000019
0.001447
0.006519
0.000019
0.000047
0.003628
0.004411
0.004767
0.018647
0.019540
0.020231
0.020313
0.000027
0.000020
0.004191
0.013970
0.013847
0.000096
0.000065
0.000026
0.000003
0.000004
0.000008
0.000016
0.000015
0.000003
0.000005
0.000026
0.000013
0.000019
0.000020
0.000003
0.000006
0.000005
0.000003
0.000018
0.000020
0.000045
0.000090
0.000018
0.013528
0.013782
0.014565
0.016684
0.017876
0.002067
0.034620
0.070928
1.717824
1.945405
2.205940
0.000860
0.001283
0.000038
0.000040
0.000044
0.000046
0.000029
0.000029
0.000008
0.000009
0.000016
0.000015
0.000005
0.000010
0.000018
0.000076
0.000199
0.000177
0.000060
0.000077
0.000063
0.000030
0.000046
0.000013
0.000024
0.000034
0.000031
0.000004
0.000007
0.000025
0.000020
0.000031
0.000017
0.000035
0.000135
0.000008
0.000006
0.000019
0.000020
0.000022
0.000030
0.000022
0.000040
0.000056
0.000043
0.000067
0.000166
0.000091
0.000066
0.000073
0.000020
0.000628
0.000127
0.000362
0.000204
0.000203
0.001171
0.002445
0.045546
3.006588
3.611510
4.665780
5.240974
5.728674
5.744353
0.153876
6.030556
6.152100
6.283349
6.398718
6.583071
6.720498
6.804451
6.896460
7.238769
7.272079
7.291631
7.322826
7.364333
7.392755
7.399688
7.410144
7.410224
7.405528
7.402841
7.409625
7.412189
7.414842
7.418914
7.423149
7.424472
7.422268
7.417552
7.411595
7.414168
7.415829
7.403213
7.394763
7.390506
7.387599
7.390764
7.397857
7.745789
7.754416
7.759695
7.766571
7.773911
7.777405
7.777577
7.775479
7.753317
7.696258
7.659273
7.418715
7.455448
7.487470
7.522770
7.560321
7.569321
7.555951
7.508194
7.684609
7.771733
7.805332
7.828751
7.845774
7.851152
7.848759
7.846646
7.847797
7.835202
7.817867
7.785588
7.754373
7.750508
7.784462
7.776627
7.763837
7.748033
7.736698
7.700288
7.665033
0.055265
7.751198
7.776453
7.786551
7.801075
7.818312
7.828048
7.828164
7.830307
7.833190
7.833144
7.831782
7.830248
7.805614
7.781519
7.750499
7.638808
7.542383
7.157015
6.282210
5.508454
4.808468
4.142811
3.608481
3.175804
2.708033
2.304216
2.030340
1.792627
1.632717
0.004156
0.003021
0.001321
0.000051
0.000036
0.000467
1.126529
1.032291
0.960091
0.890284
0.810524
0.558464
0.482735
0.436295
0.393205
0.114466
0.093875
0.003046
0.002055
0.000177
0.000102
0.000056
0.005350
0.005364
0.005054
0.005128
0.005057
0.004886
0.005658
0.004782
0.003848
0.000714
0.000706
0.000654
0.000646
0.000636
0.000641
0.000628
0.000626
0.000648
0.000626
0.000637
0.000660
0.000652
0.001066
0.001258
0.001225
0.005883
0.086758
0.355444
0.711205
0.817053
0.896894
1.154295
1.285691
1.427409
1.607285
1.869055
0.000143
0.000174
0.000088
0.000220
0.000297
0.000130
0.000391
0.000574
0.001047
0.011868
0.013761
0.018785
2.901226
3.186723
3.220712
3.248525
3.285593
3.328477
3.383804
3.471354
3.546580
3.616433
3.768033
3.818204
3.861925
4.262467
4.068429
4.811784
5.364491
6.034202
6.243132
6.367208
6.443802
6.495654
6.750894
7.039901
7.187955
7.690780
7.771461
7.872198
8.015872
8.046094
8.052948
8.063703
8.060594
8.050998
8.028196
8.018637
8.007601
8.004497
8.003399
7.970230
7.746484
7.379972
0.148440
0.002061
0.001711
0.001720
0.001734
0.001758
0.001890
0.001645
6.383957
6.173330
5.866499
5.545995
4.948156
0.486011
0.129658
6.089413
6.676402
7.223924
0.160068
0.169127
0.190587
8.093632
8.246738
8.365988
8.410278
8.433847
8.436014
8.436042
8.430241
8.415391
8.370124
8.339591
8.348414
8.272988
8.211535
8.184262
8.077351
8.007121
7.931258
7.829003
7.647802
7.464992
7.317726
7.033228
6.818561
6.637465
6.422885
6.238966
6.062356
5.978155
5.480371
5.112887
4.824853
4.355983
3.844724
0.001429
0.010946
0.009247
0.009444
3.342531
2.933490
2.545985
0.002105
0.270659
0.239966
0.069926
0.066195
0.034379
0.033797
0.035958
0.051792
0.057251
0.060456
0.063472
0.080135
0.082849
0.081333
0.075494
0.075050
0.077021
0.095415
0.088843
0.395523
0.491403
1.316640
1.812529
1.968725
2.178017
2.305826
2.475248
0.000004
0.000005
0.000003
0.001232
0.000005
0.011776
0.016304
0.034994
0.041167
0.046260
3.443674
3.603642
3.722717
3.868293
3.959874
4.082354
4.039193
4.038551
4.038093
4.065718
4.029957
3.990414
3.912455
3.762308
3.586340
3.380503
0.008758
0.001747
0.001521
0.001944
0.000005
0.000003
0.000003
0.000003
0.000001
0.002705
0.002533
0.003311
3.683234
3.729377
0.025708
0.019134
0.000001
0.000001
0.003531
0.003059
0.000001
0.000057
0.000062
0.000036
0.000120
0.000170
0.000252
0.000142
0.000089
0.000066
0.000026
0.000053
0.000049
0.000196
0.000259
0.000489
0.000889
0.000937
0.000000
0.000000
0.000000
0.000000
0.000001
4.075078
4.190260
4.341903
4.611097
4.774820
4.916585
5.068598
5.142007
0.000001
0.000001
0.000000
0.000000
0.000000
0.000000
0.000000
0.006108
0.006000
0.004719
0.000003
0.000005
0.017210
5.208511
5.256826
5.339494
5.239053
5.132119
0.143072
0.001305
0.001037
0.000000
0.000000
0.000000
0.000000
0.000000
0.000000
0.000000
0.000000
0.000000
0.000000
0.000000
0.000000
0.000000
0.000000
0.000000
0.000000
0.000000
0.000000
0.000000
0.000000
0.000000
0.000000
0.000000
0.000001
0.000000
0.000000
0.000000
0.000000
0.000000
0.000000
0.000000
0.000000
0.000000
0.000000
0.000000
0.000221
0.000207
0.000156
0.000122
0.000154
0.000431
0.000485
0.001643
0.003502
0.000000
0.000000
0.000000
0.000000
0.000000
0.000000
0.000003
0.000003
0.000004
0.000014
0.000001
0.000000
0.000000
0.000000
0.000000
0.000000
0.000000
0.000000
0.000000
0.000000
0.000000
0.000001
0.000001
0.000000
0.000000
0.000000
0.000000
0.000000
0.000000
0.000000
0.000001
0.000001
0.000001
0.000000
0.000000
0.000000
0.000001
0.000002
0.000000
0.000000
0.000001
0.000001
0.000000
0.000000
0.000000
0.000000
0.000000
0.000000
0.000000
0.000001
0.000001
0.000000
0.000000
0.000000
0.000000
0.000000
0.000000
0.000000
0.000001
0.000000
0.000000
0.000000
0.000000
0.000001
0.000002
0.000000
0.000000
0.000000
0.000000
0.000000
0.000007
0.000007
0.000007
0.000001
0.000001
0.000000
0.000000
0.000000
0.000001
0.000001
0.000001
0.000002
0.000000
0.000000
0.000000
0.000000
0.000000
0.000000
0.000000
0.000003
0.000002
0.000002
0.000005
0.000005
0.000002
0.000002
0.000000
0.000000
0.000001
0.000000
0.000000
0.000000
0.000000
0.000000
0.000000
0.000000
0.000000
0.000000
0.000002
0.000001
0.000000
0.000000
0.000000
0.000000
0.000000
0.000000
0.000000
0.000000
0.000000
0.000001
0.000001
0.000001
0.000001
0.000002
0.000002
5.031761
5.344368
5.596819
5.905841
6.169733
6.450514
6.536188
6.542331
6.563165
6.577165
0.000002
0.000001
0.000000
0.000002
0.000002
0.000001
0.000001
0.000001
0.000000
0.000000
0.000001
0.000001
0.000001
0.000001
0.000005
0.000014
6.557730
6.128024
5.847555
5.543803
5.275273
4.925335
4.589154
4.262985
0.013215
0.016560
0.010410
0.070288
0.000001
0.000001
0.000001
0.000001
0.000004
0.000002
0.000002
0.000002
0.000007
0.000001
0.000001
0.000001
0.000002
0.000001
0.000000
0.000002
0.000005
0.000005
0.000003
0.000004
0.000001
0.000001
0.000002
0.000002
0.000001
0.000001
0.000001
0.000001
0.000001
0.000001
0.000001
0.000001
0.000001
0.000007
0.000006
0.000002
0.000003
0.000002
0.000002
0.000002
0.000001
0.000002
0.000001
0.000001
0.000003
0.000003
0.000005
0.000005
0.000011
0.008570
0.006341
2.932149
3.305815
3.391130
3.429238
3.561634
3.538089
3.440528
3.132535
2.808024
0.549938
0.003740
0.002057
0.000008
0.000014
0.000013
0.000007
0.000010
0.000006
0.000007
0.000024
0.000031
0.001606
0.001229
0.000018
0.000045
0.000030
0.000050
0.000053
0.000122
0.000137
0.873873
0.849944
1.221296
1.500188
1.633907
1.850421
2.007680
2.444244
2.815037
3.455720
3.858595
4.199505
4.536399
4.918207
5.541718
5.859303
6.071245
6.263100
6.486686
6.632873
6.876235
7.111949
7.374412
7.579436
7.937515
8.106791
8.247754
8.441712
8.679012
8.758308
8.833193
8.915458
9.024663
9.070718
9.097376
9.339745
9.404198
9.421093
9.452810
9.480232
9.527563
9.572909
9.596123
9.611212
9.624335
9.628284
9.630141
9.630214
9.630115
9.629893
9.629927
9.629957
9.629952
9.629905
9.627645
9.613917
9.596935
9.440156
9.293240
9.160462
8.937525
8.688596
8.362016
0.567556
9.069096
9.241629
9.335983
9.436364
9.513720
9.514012
9.374371
0.046056
0.044349
0.043485
9.204192
9.162822
9.112327
9.038913
0.162012
9.533787
9.603813
9.626842
9.629209
9.629576
9.629972
9.630085
9.630006
9.627562
9.613578
9.593998
9.576361
9.547367
9.530433
9.524641
9.523396
9.515927
9.520632
9.536821
9.531597
9.521969
9.520506
9.534373
9.537216
9.543369
9.550972
9.569689
9.575135
9.578534
9.590084
9.601835
9.607594
9.626827
9.629128
9.629863
9.630300
9.630291
9.630199
9.629852
9.626087
9.615179
9.606815
9.593641
9.527747
9.439791
9.378218
9.186851
9.153596
9.129322
9.089818
9.231002
9.185809
9.245972
9.296824
9.570701
9.571599
9.558512
9.545636
9.539520
9.527592
9.524138
9.521765
9.529169
9.498224
9.480471
9.479536
9.489978
9.390415
9.227491
9.023871
8.868993
8.653962
8.461484
8.334540
8.129496
7.639280
7.137016
6.564500
5.810103
0.121496
0.015706
0.011635
0.010935
0.010601
0.114950
3.345873
3.784374
3.846760
0.011239
0.013197
0.013513
0.011703
0.888861
7.541590
8.335225
9.082632
9.362661
9.484860
9.576743
9.606064
9.616578
9.609703
9.597283
9.570775
9.554774
9.504989
9.416735
9.333892
9.279152
9.207708
9.113533
8.773457
0.004238
0.004169
0.003971
0.003730
0.003762
0.003902
0.004640
0.006588
8.795892
8.708041
8.631383
8.457742
8.319679
8.034421
7.480391
0.001070
0.000546
0.001370
0.001051
0.005183
0.005069
0.004586
0.020477
6.818767
6.911636
6.987368
6.732319
7.878387
8.814637
9.023175
9.234502
9.271682
9.281611
9.282698
9.283068
9.284341
9.284200
9.282909
9.281808
9.271016
9.259536
9.222540
9.195775
0.009189
0.000887
0.000446
0.000296
0.000110
0.000084
0.000080
0.000066
0.000067
0.000032
0.000050
0.000295
0.000314
0.000402
9.027915
9.073744
9.066039
8.944609
8.937767
8.942700
8.937497
8.904585
8.879890
0.009000
0.002035
0.000305
0.000165
0.000111
0.000120
0.000131
0.000146
0.000228
0.000275
0.000021
0.000077
0.000081
0.000171
0.000280
0.000026
0.000020
0.000007
0.000047
0.000032
0.000047
0.000044
0.000056
0.000016
0.000028
0.000005
0.000005
0.000016
0.000113
0.000054
0.000110
8.819418
8.820319
0.000326
0.000282
0.000120
0.000124
0.000006
0.000015
0.000016
0.000016
0.000007
0.000007
0.000011
0.000004
0.000004
0.000004
0.000001
0.000001
0.000004
0.000001
0.000001
0.000002
0.000003
0.000005
0.000001
0.000001
0.000001
0.000002
0.000002
0.000003
0.000004
0.000001
0.000001
0.000011
0.000011
0.000012
0.000018
0.000015
0.000007
0.000003
0.000001
0.000001
0.000001
0.000002
0.000001
0.000004
0.000006
0.000009
0.000000
0.000000
0.000006
0.000007
0.000006
0.000007
0.000014
0.000001
0.000001
0.000001
0.000002
0.000000
0.000001
0.000002
0.000000
0.000000
0.000002
0.000001
0.000000
0.000000
0.000001
0.000000
0.000001
0.000000
0.000000
0.000000
0.000000
0.000000
0.000000
0.000000
0.000000
0.000000
0.000000
0.000001
0.000000
0.000000
0.000000
0.000000
0.000000
0.000000
0.000000
0.000000
0.000000
0.000000
0.000000
0.000000
0.000000
0.000000
0.000000
0.000000
0.000000
0.000000
0.000000
0.000000
0.000000
0.000000
0.000000
0.000000
0.000000
0.000000
0.000000
0.000000
0.000000
0.000000
0.000000
0.000000
0.000000
0.000000
0.000000
0.000000
0.000000
0.000000
0.000000
0.000000
0.000000
0.000000
0.000000
0.000000
0.000000
0.000000
0.000000
0.000000
0.000001
0.000002
8.816731
8.811506
8.812088
8.812297
8.812291
8.811721
8.809560
8.806196
8.806155
8.807933
8.808731
8.810681
8.812107
8.811539
8.810959
8.810921
0.000005
0.000002
0.000002
0.000001
0.000000
0.000000
0.000000
0.000001
0.000001
0.000000
0.000000
0.000000
0.000000
0.000000
0.000000
0.000000
0.000000
0.000000
0.000000
0.000000
0.000000
0.000000
0.000000
0.000000
0.000000
0.000000
0.000000
0.000000
0.000000
0.000001
8.810422
8.805992
8.801956
8.800796
0.000001
0.000000
0.000000
0.000000
0.000000
0.000000
0.000000
0.000000
0.000000
0.000000
0.000001
0.000001
0.000002
0.000002
0.000000
0.000000
0.000000
0.000000
0.000000
0.000000
0.000000
0.000000
0.000000
0.000000
0.000000
0.000000
0.000000
0.000000
0.000000
0.000000
0.000000
0.000000
0.000000
0.000000
0.000000
0.000000
0.000000
0.000000
0.000000
0.000000
0.000000
0.000000
0.000000
0.000000
0.000000
0.000000
0.000000
0.000000
0.000000
0.000000
0.000000
0.000000
0.000000
0.000000
0.000000
0.000000
0.000000
0.000000
8.786496
8.683044
8.582956
8.470121
0.006100
0.005268
0.005157
0.004802
0.003572
8.219371
7.736223
7.347033
0.912647
0.000000
0.000000
0.000000
0.000000
0.000000
0.000000
0.000000
0.000000
0.000000
0.000000
0.000000
0.000000
0.000000
0.000000
0.000000
0.000000
0.000000
0.000000
0.000000
0.000000
0.000000
0.000000
0.000000
0.000000
0.000000
0.000000
0.000000
0.000000
0.000000
0.000000
0.000000
0.000000
0.000000
0.000000
0.000000
0.000000
0.000000
0.000000
0.000000
0.000000
0.000000
0.000000
0.000000
0.000000
0.000000
0.000000
0.000000
0.000000
0.000000
0.000000
0.000000
0.000000
0.000000
0.000000
0.000000
0.000000
0.000000
0.000000
0.000000
0.000000
0.800137
6.989459
7.405189
7.828188
8.077204
8.131559
8.185528
8.263436
8.301123
8.287314
8.308257
8.329761
7.964608
7.788363
7.671557
7.544463
6.706333
5.802162
0.031405
0.004732
0.000000
0.000000
0.000000
0.000000
0.000000
0.000000
0.000000
0.000000
0.000000
0.000000
0.000000
0.000000
0.000000
0.000000
0.000000
0.000000
0.000000
0.000000
0.000000
0.000000
0.000000
0.000000
0.000000
0.000000
0.000000
0.000000
0.000000
0.000000
0.000000
0.000000
0.000000
0.000000
0.000000
0.000000
0.000000
0.000000
0.000000
0.000000
0.000000
0.000000
0.000000
0.000000
0.000000
0.000000
0.000000
0.000000
0.000000
0.000000
0.000000
0.000000
0.000000
0.000000
0.000000
0.000000
0.000000
0.000000
0.000000
0.000000
0.000000
0.000000
0.000000
0.000000
0.000000
0.000000
0.000000
0.000000
0.000000
0.000000
0.000000
0.000000
0.000000
0.000000
0.000000
0.000000
0.000000
0.000000
0.000000
0.000000
0.000000
0.000000
0.000000
0.000000
0.000000
0.000000
0.000000
0.000000
0.000000
0.000000
0.000000
0.000000
0.000000
0.000000
0.000000
0.000000
0.000000
0.000000
0.000000
0.000000
0.000000
0.000000
0.000000
0.000000
0.000000
0.000000
0.000000
0.000000
0.000000
0.000000
0.000000
0.000000
0.000000
0.000000
0.000000
0.000000
0.000000
0.000000
0.000000
0.000000
0.000000
0.000000
0.000000
0.000000
0.000000
0.000000
0.000000
0.000000
0.000000
0.000000
0.000000
0.000000
0.000000
0.000000
0.000000
0.000000
0.000000
0.000000
0.000000
0.000000
0.000000
0.000000
0.000000
0.000000
0.000000
0.000000
0.000000
0.000000
0.000000
0.000000
0.000000
0.000000
0.000000
0.000000
0.000000
0.000000
0.000000
0.000000
0.000000
0.000000
0.000000
0.000000
0.000000
0.000000
0.000000
0.000000
0.000000
0.000000
0.000000
0.000000
0.000000
0.000000
0.000000
0.000000
0.000000
0.000000
0.000000
0.000000
0.000000
0.000000
0.000000
0.000000
0.000000
0.000000
0.000000
0.000000
0.000000
0.000000
0.000000
0.000000
0.000000
0.000000
0.000000
0.000000
0.000000
0.000000
0.000000
0.000000
0.000000
0.000000
0.000000
0.000000
0.000000
0.000000
0.000000
0.000000
0.000000
0.000000
0.000000
0.000000
0.000000
0.000000
0.000000
0.000000
0.000000
0.000000
0.000000
0.000000
0.000000
0.000000
0.000000
0.000000
0.000000
0.000000
0.000000
0.000000
0.000000
0.000000
0.000000
0.000000
0.000000
0.000000
0.000000
0.000000
0.000000
0.000000
0.000000
0.000000
0.000000
0.000000
0.000000
0.000000
0.000000
0.000000
0.000000
0.000000
0.000000
0.000000
0.000000
0.000000
0.000000
0.000000
0.000000
0.000000
0.000000
0.000000
0.000000
0.000000
0.000000
0.000000
0.000000
0.000000
0.000000
0.000000
0.000000
0.000000
0.000000
0.000000
0.000000
0.000000
0.000000
0.000000
0.000000
0.000000
0.000000
0.000000
0.000000
0.000000
0.000000
0.000000
0.000000
0.000000
0.000000
0.000000
0.000000
0.000000
0.000000
0.000000
0.000000
0.000000
0.000000
0.000000
0.000001
0.000000
0.000000
0.000000
0.000000
0.000000
0.000000
0.000000
0.000000
0.000000
0.000000
0.000000
0.000000
0.000000
0.000000
0.000000
0.000000
0.000000
0.000000
0.000000
0.000000
0.000000
0.000000
0.000000
0.000000
0.000000
0.000000
0.000000
0.000000
0.000000
0.000000
0.000000
0.000000
0.000000
3.649941
3.259144
3.017699
2.609668
2.070583
0.066937
1.347728
1.303278
1.183652
0.900165
0.611254
0.456017
0.308561
0.257462
0.115961
0.087208
0.008633
0.000388
0.004970
0.004436
0.000079
0.000123
0.003759
0.003815
0.004760
0.004957
0.001807
0.001799
0.001807
0.001810
0.001742
0.000114
0.000109
0.000064
0.000429
0.007245
0.007908
