0.000000
0.000019
0.000020
0.000020
0.000000
0.000000
0.000000
0.000000
0.000000
0.000000
0.000000
0.000000
0.000000
0.000000
0.000000
0.000000
0.000000
0.000000
0.000000
0.000000
0.000000
0.000000
0.000000
0.000000
0.000000
0.000000
0.000015
0.000000
0.000000
0.000000
0.000000
0.000000
0.000000
0.000000
0.000000
0.000000
0.000955
0.000940
0.001320
0.001379
0.000002
0.000009
0.000008
0.000004
0.000002
0.000001
0.000036
0.000033
0.000090
0.000090
0.000047
0.000002
0.000001
0.000001
0.000001
0.000001
0.000002
0.000000
0.000002
0.000000
0.000000
0.000000
0.000000
0.000001
0.000001
0.000000
0.000000
0.000000
0.000003
0.000001
0.000001
0.000001
0.000001
0.000001
0.000009
0.000001
0.000001
0.000001
0.000005
0.000001
0.000004
0.000002
0.000001
0.000001
0.000000
0.000013
0.000016
0.003837
0.004063
0.004871
0.009444
0.010206
0.010383
0.010486
0.010401
0.008635
0.008239
0.000756
0.000741
0.000545
0.000393
0.000035
0.000052
0.000476
0.000592
0.000772
0.002607
0.003147
0.003249
0.003932
0.004334
0.004282
0.004190
0.004021
0.004046
0.004078
0.004268
0.006737
0.006897
0.006985
0.006983
0.006962
0.006872
0.006572
0.005743
0.005555
0.005416
0.003790
0.003871
0.003957
0.004062
0.005831
0.006453
0.008291
0.007975
0.006825
0.005815
0.003130
0.002703
0.001579
0.002742
0.003138
0.003632
0.004573
0.005150
0.005225
0.005337
0.005466
0.005555
0.005589
0.005614
0.005755
0.005853
0.005701
0.005788
0.030663
0.031992
0.050889
0.054729
0.057301
0.063275
0.073076
0.158663
0.220929
0.310134
0.387507
7.282716
7.497638
7.546533
7.557015
7.561247
7.565309
7.565807
7.565726
7.562297
7.557767
7.557195
7.558589
7.563251
7.558898
7.554055
7.702695
7.702830
7.712790
7.729606
7.753228
7.769289
7.769761
7.774830
7.780717
7.783061
7.787439
7.793474
7.793952
7.795177
7.796085
7.796193
7.798037
7.798749
7.799392
7.808643
7.979844
8.017467
8.039695
8.069892
8.074092
8.074920
8.073944
8.073595
8.074194
8.074698
8.075126
8.074801
8.074696
8.075069
8.075209
8.075181
8.075178
8.075212
8.075264
8.075235
8.075248
8.075322
8.075256
8.074599
8.072789
8.072379
8.073191
8.069826
8.065058
8.013481
7.984445
0.015005
0.007908
0.004094
0.004276
7.846622
7.847241
7.848744
7.841461
7.840337
7.843149
7.844203
7.846970
7.847909
7.846985
7.845744
7.847775
7.855455
7.853991
7.850567
7.850169
7.852216
7.855791
7.856800
7.856209
7.857076
0.003317
0.003132
0.002746
7.847229
7.846879
0.000700
0.000503
0.000211
0.000067
0.000010
0.000003
0.000002
0.000002
0.000001
0.000000
0.000000
0.000000
0.000000
0.000000
0.000000
0.000000
0.000001
0.000000
0.000001
0.000001
0.000000
0.000001
0.000003
0.000003
0.000004
0.000006
0.000009
0.000016
0.000035
0.000082
7.750494
7.533420
7.341080
7.336449
7.356419
7.353605
7.374406
7.369807
7.366717
7.359003
7.351859
7.350239
7.340305
7.326129
7.328951
7.327577
7.338510
7.340085
7.371903
7.325946
7.265029
7.266205
0.024914
0.010239
0.007705
0.001275
0.002821
7.149143
7.150486
7.149628
7.157287
7.143863
7.465812
7.462773
7.485603
7.517784
7.693027
7.732474
7.765033
7.810324
7.984352
8.032130
8.258778
0.000161
0.001847
0.003141
0.003757
0.004874
0.023945
8.486630
8.520229
8.755304
8.726658
8.852553
8.815145
8.804369
8.507305
8.272806
7.780007
7.213508
6.406043
5.319022
4.307424
3.500662
3.043742
0.537940
0.012695
0.246067
0.161876
0.294597
0.816853
3.595744
4.029281
4.392036
4.810735
0.021230
5.830601
6.401791
6.750762
7.373184
8.274165
8.623121
8.720312
8.822990
8.866965
8.670942
8.697996
8.734696
8.766594
8.801577
8.815670
8.774075
8.652530
8.516567
8.258921
0.485761
0.456691
7.361943
7.585858
7.797837
8.016364
8.190142
8.207248
8.212522
8.211855
8.211035
8.208747
8.208786
8.211542
8.213665
8.214703
8.215114
8.210352
8.206069
8.205984
8.210120
8.211399
8.212663
8.214484
8.213724
8.212909
8.213170
8.214008
8.214524
8.215168
8.214750
8.213254
8.211923
8.207698
8.198002
8.195038
8.198631
8.205638
8.209005
8.214538
8.214825
8.214515
8.214410
8.213694
8.208557
8.205593
8.202579
8.200814
8.194116
8.187603
8.185586
8.188656
8.195787
8.203190
8.207615
8.209990
8.211935
8.406623
8.414026
8.417521
8.418187
8.784718
8.792126
8.789294
8.788877
8.791229
8.796202
8.800046
8.800676
8.800660
8.799397
8.798515
8.798773
8.798573
8.799024
8.799960
8.800442
8.800723
8.800114
8.800187
8.800631
8.801354
8.801448
8.801431
8.801298
8.801240
8.801165
8.800757
8.800592
8.801003
8.800642
8.799233
8.799048
8.798153
8.797690
8.797717
8.795274
8.794661
8.509348
8.509510
8.509514
8.509537
8.509536
8.509229
8.508450
8.507271
8.506759
8.503260
8.500770
8.501372
8.502038
8.503916
8.507379
8.509216
8.508951
8.509459
8.510051
8.511554
8.511082
8.681734
8.782947
8.851115
8.888417
8.898807
8.912250
8.920021
8.920865
8.921175
8.921173
8.920924
8.919598
8.917648
8.906986
8.814359
8.774567
8.536630
8.535462
8.536470
8.536425
8.535706
8.535252
8.535573
8.535620
8.534648
8.530140
8.495474
8.459958
8.429553
8.388262
8.127530
8.113360
8.111627
8.089284
7.905301
8.065314
8.075239
8.084031
8.081021
8.076216
8.071992
8.069020
8.066216
8.063753
8.056788
8.047486
8.039779
8.002109
7.939421
7.934056
7.862999
7.860736
7.878272
7.874850
7.874378
7.873620
7.868731
7.865968
7.843614
7.842049
7.840221
7.838103
7.836384
7.834126
7.832472
7.830635
7.888777
7.645279
7.653632
7.664889
7.666064
7.668358
7.676437
7.680932
7.691178
7.714622
7.732996
7.737324
0.017829
0.018524
0.018839
7.852220
7.925632
8.006299
8.084013
8.207903
8.226693
8.230554
8.239814
8.245783
8.245908
8.252781
8.262940
8.260352
8.259042
8.260399
8.261850
8.259246
8.257339
8.256505
8.255117
8.249029
8.246229
8.245539
8.245240
8.243065
8.240978
8.239175
8.258737
8.270688
8.272603
8.274945
8.274114
8.273099
8.269683
8.267754
8.266784
8.247531
8.221697
8.202244
0.000294
0.000083
0.000051
0.000032
0.000015
0.000008
0.000002
0.000001
0.000001
0.000002
0.000003
0.000002
0.000002
0.000001
0.000001
0.000001
0.000001
0.000001
0.000001
0.000005
0.003813
0.002619
0.000732
0.001552
0.001715
0.001765
0.000017
0.000016
0.000001
0.000002
0.000001
0.000001
0.000001
0.000000
0.000000
0.000001
0.000001
0.000000
0.000000
0.000001
0.000001
0.000002
0.000016
0.000017
0.000029
0.000000
0.000000
0.000001
0.000003
0.000001
0.000002
0.000005
0.000001
0.000000
0.000000
0.000000
0.000000
0.000000
0.000000
0.000000
0.000000
0.000000
0.000001
0.000003
0.000001
0.000001
0.000001
0.000000
0.000000
0.000000
0.000001
0.000001
0.000000
0.000001
0.000000
0.000000
0.000001
0.000001
0.000001
0.000000
0.000000
0.000001
0.000001
0.000000
0.000000
0.000000
0.000001
0.000001
0.000000
0.000000
0.000002
0.000002
0.000001
0.000001
0.000001
0.000001
0.000011
0.000011
0.000016
0.000026
8.247463
8.198120
8.156203
8.123081
8.105165
8.088605
8.077185
8.072500
8.069050
8.073934
8.068519
8.085934
8.113533
8.135586
8.175183
8.203236
8.232102
7.945673
7.901552
7.877832
0.005864
0.010488
0.008879
0.006166
0.004896
0.004810
0.001952
0.000032
0.000037
0.000023
0.000011
0.000004
0.000005
0.000006
0.000007
0.000005
0.000005
0.000003
0.000002
0.000002
0.000006
0.000010
0.000015
0.000005
0.000003
0.000004
0.000006
0.000001
0.000002
0.000001
0.000001
0.000001
0.000001
0.000001
0.000004
0.000003
0.000004
0.000004
0.000004
0.000004
0.000006
0.000007
0.000002
0.000003
0.000003
0.000001
0.000005
0.000001
0.000001
0.000002
0.000001
0.000002
0.000005
0.000007
0.000010
0.000021
7.414509
7.363103
7.281208
0.030515
0.014806
0.008986
7.077086
6.949316
6.835092
6.297310
6.164354
6.215951
6.134549
6.288325
0.278636
0.001065
0.000864
6.845566
7.063823
7.290153
7.490260
7.548155
7.572629
7.605199
7.621168
7.641837
7.607361
7.555442
7.511906
7.480612
7.456661
0.000035
0.000002
0.000003
0.000005
0.000002
0.000086
0.000128
0.000178
0.000234
0.000325
0.000440
0.000456
0.000000
0.000000
0.000000
0.000000
0.000000
0.000000
