0.001295
0.001208
0.001116
0.000177
0.000162
0.000253
0.000304
0.000833
0.000877
0.000941
0.001087
0.000753
0.000948
0.000985
0.000979
0.000975
0.000766
0.000557
0.000021
0.000002
0.001463
0.001459
0.001466
0.001494
0.001536
0.001604
0.001553
0.001300
0.000622
0.002246
0.002454
0.000000
0.000000
0.000000
0.000000
0.000000
0.000000
0.000000
0.000000
0.000000
0.000000
0.000000
0.000000
0.000000
0.000000
0.000000
0.000000
0.000000
0.000000
0.000000
0.000000
0.000000
0.000000
0.000000
0.000000
0.000000
0.000000
0.000000
0.000000
0.000000
0.000000
0.000000
0.000000
0.000000
0.000000
0.000000
0.000000
0.000000
0.000000
0.000000
0.000000
0.000000
0.000000
0.000000
0.000000
0.000000
0.000000
0.000000
0.000000
0.000000
0.000000
0.000000
0.000000
0.000000
0.000000
0.000000
0.000000
0.000000
0.000000
0.000000
0.000000
0.000000
0.000000
0.000000
0.000000
0.000000
0.000000
0.000000
0.000000
0.000670
0.000000
0.000000
0.000000
0.000000
0.000000
0.000000
0.000000
0.000000
0.000000
0.000000
0.000000
0.000000
0.000000
0.000000
0.000000
0.000000
0.007284
0.007538
0.007761
0.007612
0.000000
0.000000
0.000000
0.000000
0.000000
0.000000
0.000000
0.000000
0.000000
0.000000
0.000000
0.000000
0.000000
0.000000
0.000000
0.000000
0.000000
0.000000
0.000000
0.000000
0.000000
0.000000
0.000000
0.000000
0.000000
0.000000
0.000000
0.000000
0.000000
0.000000
0.000000
0.000000
0.000000
0.000000
0.000000
0.000000
0.000000
0.000000
0.000000
0.000000
0.000000
0.000000
0.000000
0.000000
0.000000
0.000000
0.000000
0.000000
0.000000
0.000000
0.000000
0.000000
0.000000
0.000000
0.000000
0.000000
0.000000
0.000000
0.000000
0.000000
0.000000
0.000000
0.000000
0.000000
0.000012
0.000011
0.000003
0.000000
0.007537
0.007168
0.006721
0.006371
0.005964
0.005406
0.005967
0.005321
0.004961
0.002051
0.001866
0.000741
0.000000
0.000000
0.000000
0.000000
0.000000
0.000000
0.000000
0.000000
0.000000
0.000000
0.000000
0.000000
0.000000
0.000000
0.000000
0.000000
0.000000
0.000000
0.000000
0.000000
0.000000
0.000000
0.000000
0.000000
0.000000
0.000000
0.000000
0.000000
0.000000
0.000000
0.000000
0.000000
0.000000
0.000000
0.000000
0.000000
0.000000
0.000000
0.000000
0.000000
0.000000
0.000000
0.000000
0.000000
0.000000
0.000000
0.000000
0.000000
0.000000
0.000000
0.000000
0.000000
0.000000
0.000000
0.000000
0.000000
0.000000
0.000000
0.000000
0.000000
0.000000
0.000000
0.000000
0.000000
0.000000
0.000000
0.000000
0.000000
0.000000
0.000000
0.000000
0.000000
0.000000
0.000000
0.000000
0.000000
0.000000
0.000000
0.000000
0.000000
0.000000
0.000000
0.000000
0.000000
0.000000
0.000000
0.000000
0.000000
0.000000
0.000000
0.000000
0.000000
0.000000
0.000000
0.000000
0.000000
0.000000
0.000000
0.000000
0.000000
0.000000
0.000000
0.000000
0.000000
0.000000
0.000000
0.000000
0.000000
0.000000
0.000000
0.000000
0.000000
0.000000
0.000000
0.000000
0.000000
0.000000
0.000000
0.000000
0.000000
0.000000
0.000000
0.000000
0.000000
0.000000
0.000000
0.000000
0.000000
0.000000
0.000000
0.000000
0.000000
0.000000
0.000000
0.000000
0.000000
0.000000
0.000000
0.000000
0.000000
0.000000
0.000000
0.000000
0.000000
0.000000
0.000000
0.000000
0.000000
0.000000
0.000000
0.000000
0.000000
0.000000
0.000000
0.000000
0.000000
0.000000
0.000000
0.000000
0.000000
0.000000
0.000000
0.000000
0.000000
0.000000
0.000000
0.000000
0.000000
0.000000
0.000000
0.000000
0.000000
0.000000
0.000000
0.000000
0.000000
0.000000
0.000000
0.000000
0.000000
0.000000
0.000000
0.000000
0.000000
0.000000
0.000000
0.000000
0.000000
0.000000
0.000000
0.000000
0.000000
0.000000
0.000000
0.000000
0.000000
0.000000
0.000000
0.000000
0.000000
0.000000
0.000000
0.000000
0.000000
0.000000
0.000000
0.000000
0.000000
0.000000
0.000000
0.000000
0.000000
0.000000
0.000000
0.000000
0.000000
0.000000
0.000000
0.000000
0.000000
0.000000
0.000000
0.000000
0.000000
0.000000
0.000000
0.000000
0.000000
0.000000
0.000000
0.000000
0.000000
0.000000
0.000000
0.000000
0.000000
0.000000
0.000000
0.000000
0.000000
0.000000
0.000000
0.000000
0.000000
0.000000
0.000000
0.000000
0.000000
0.000000
0.000000
0.000000
0.000000
0.000000
0.000000
0.000006
0.000000
0.000000
0.000000
0.000000
0.000000
0.000000
0.000000
0.000000
0.000000
0.000000
0.000000
0.000000
0.000000
0.000000
0.000000
0.000000
0.000000
0.000000
0.000000
0.000000
0.000000
0.000000
0.000000
0.000000
0.000000
0.000000
0.000000
0.000000
0.000000
0.000000
0.000000
0.000000
0.000000
0.000000
0.000000
0.000000
0.000000
0.000000
0.000000
0.000000
0.000000
0.000000
0.000001
0.000001
0.000000
0.000001
0.000000
0.000000
0.000000
0.000000
0.000000
0.000000
0.000000
0.000000
0.000000
0.000001
0.000000
0.000000
0.000000
0.000001
0.000001
0.000001
0.000001
0.000002
0.000000
0.000000
0.000000
0.000000
0.000000
0.000000
0.000000
0.000000
0.000000
0.000000
0.000000
0.000000
0.000001
0.000000
0.000000
0.000001
0.000001
0.000001
0.000001
0.000000
0.000000
0.000000
0.000001
0.000001
0.000003
0.000002
0.000002
0.000001
0.000001
0.000002
0.000003
0.000002
0.000003
0.000001
0.000004
0.000005
0.000005
0.000047
0.000041
0.000010
0.000006
0.000007
0.000002
0.000003
0.000003
0.000001
0.000002
0.000006
0.000004
0.000004
0.000002
0.000004
0.000006
0.000008
0.000009
0.000010
0.000014
0.000066
0.000113
0.005799
1.204511
1.116001
0.887594
0.014900
0.005198
0.000079
0.000038
0.012562
0.012497
0.012259
0.011662
0.011671
0.009868
0.008890
0.001442
0.001321
0.004542
0.005169
0.008404
0.027234
0.026013
0.351704
0.354628
0.361963
0.398313
0.382734
0.380142
0.376139
0.393433
0.377413
0.285854
0.286669
0.274232
0.227436
0.185524
0.165382
0.149271
0.142578
0.138187
0.066293
0.001085
0.001261
0.000103
0.000008
0.076540
0.131946
0.144933
0.137110
0.021016
0.013515
0.001484
0.000558
0.000256
0.000027
0.000006
0.000006
0.000009
0.000004
0.000008
0.000008
0.000010
0.000016
0.000004
0.000007
0.000013
0.000010
0.000017
0.000006
0.000004
0.000014
0.000012
0.000051
0.000053
0.000268
0.001760
0.002131
0.003303
0.085764
0.082648
0.079245
0.069648
0.063339
0.060676
0.052475
0.050817
0.030707
0.010553
0.074104
0.055057
0.064203
0.067637
0.064350
0.065858
0.065777
0.063633
0.021787
0.000026
0.000023
0.000023
0.000010
0.000008
0.000005
0.000018
0.000018
0.000013
0.000009
0.000014
0.000029
0.000021
0.000026
0.000010
0.000022
0.000104
0.000021
0.000018
0.000054
0.000135
0.000050
0.055530
0.114730
0.125404
0.133696
0.146204
0.150848
0.000034
0.000047
0.008169
0.008038
0.007914
0.007834
0.000217
0.004566
0.005152
0.005276
0.005210
0.005212
0.003213
0.005444
0.005173
0.004367
0.003630
0.002730
0.003184
0.002836
0.002968
0.009202
0.009617
0.010692
0.011073
0.011870
0.230994
0.239646
0.235876
0.231787
0.216676
0.055783
0.007981
0.000591
0.006408
0.006736
0.006443
0.006427
0.006431
0.007775
0.007085
0.003917
0.009860
0.010344
0.010756
0.010796
0.010767
0.011147
0.011517
0.009979
0.000543
0.020461
0.052830
0.141117
0.147025
0.150374
0.097831
0.153842
0.156247
0.148318
0.001981
0.002836
0.002974
0.000714
0.000599
0.000401
0.000078
0.003069
0.003275
0.006759
0.011817
0.011528
0.007535
0.000064
0.001742
0.003295
0.000140
0.000544
0.005174
0.006151
0.336515
0.363265
0.386274
0.322110
0.291283
0.238972
0.158849
0.134926
0.080980
0.054777
0.053750
0.027646
0.004655
0.004654
0.004269
0.004450
0.003945
0.000141
0.000178
0.001432
0.002301
0.003122
0.002951
0.033048
0.060221
0.064175
0.230562
0.269621
0.285891
0.288499
0.010617
0.009296
0.003638
0.284967
0.287375
0.283203
0.264249
0.225536
0.219477
0.208644
0.197002
0.186562
0.170557
0.065246
0.061762
0.061523
0.033001
0.065645
0.070959
0.098016
0.158623
0.171779
0.197437
0.220386
0.229893
0.178012
0.174836
0.170981
0.158292
0.150274
0.089036
0.058135
0.014600
0.574109
1.010035
1.229289
1.402182
1.703015
1.946466
2.196222
2.745116
3.011086
3.346397
3.596372
3.883653
4.008909
4.162599
4.191039
0.185163
3.861429
3.927596
3.984245
0.016847
0.016203
0.014254
3.922685
4.035332
4.034142
3.995559
4.017834
0.008406
0.007490
0.007205
0.008038
0.045925
0.044893
0.045966
4.218997
4.251726
4.277899
4.240425
0.276240
4.369023
4.537169
0.010241
0.010848
4.762807
4.980139
5.231957
5.476194
5.652691
5.723805
5.846972
5.927890
5.910801
5.938716
5.944362
6.224683
6.209464
6.166153
0.136803
0.047459
0.144342
6.554950
6.864403
7.002309
7.130611
7.104037
6.992936
6.846791
0.002706
0.002340
0.157987
7.285200
7.394081
7.524705
7.632346
7.720691
7.747391
7.767778
7.780907
7.800709
7.836500
7.877135
7.903539
7.875123
7.891242
0.008962
0.008567
0.008497
0.008580
0.008677
0.008765
0.009339
8.220043
8.319588
8.361492
8.373697
8.375720
8.344787
8.330354
8.322295
8.310050
8.304792
8.304616
8.312061
8.325210
8.326711
8.342330
8.359962
8.393223
8.389697
8.388503
8.385621
8.381047
8.375113
8.370930
8.363980
8.302897
8.152618
8.020243
7.887985
7.788177
7.714620
0.040602
7.536054
7.842371
7.962102
8.093325
8.238324
8.306508
8.378649
8.381334
8.383217
8.383997
8.387540
8.390410
8.392751
8.820819
8.820139
8.818413
8.780488
8.694222
8.569762
8.492035
8.426124
8.391166
8.162641
7.826961
7.405602
6.514444
6.167361
0.082414
0.132458
0.370168
0.375134
0.002562
0.001331
0.000746
0.000687
0.000788
0.000850
0.000896
0.005229
0.143037
6.600693
6.945581
7.277851
7.472345
7.618555
7.836971
8.108137
8.173130
8.322601
8.450552
0.001397
0.000519
0.000254
0.000114
0.000056
0.000027
0.000015
0.000007
0.000004
0.000004
0.000005
0.000003
0.000006
0.000016
0.000033
0.000005
0.000005
0.000020
0.000094
0.000166
0.001540
0.001906
0.002045
0.002988
8.522065
8.552425
8.599825
8.653619
8.643805
8.604433
8.556041
8.492702
0.009431
0.008199
0.008273
8.450983
8.412886
0.723226
0.139218
0.138278
7.954322
7.986073
7.933904
7.906395
7.932740
7.951442
7.974989
8.003183
8.048301
8.132030
8.096203
8.045714
7.938919
7.764901
7.558577
7.385856
7.143433
6.929314
6.586709
6.437492
6.323655
6.140097
5.352878
5.302430
0.051033
5.665810
5.894986
6.098439
6.169342
6.249230
6.351447
6.459177
6.560631
6.578193
0.156531
0.007515
0.001712
0.001240
0.000709
0.000692
0.000541
0.000550
0.049415
0.053968
6.254159
6.431029
6.596221
6.616567
6.660746
6.692029
6.690819
6.576563
6.169018
5.955798
5.718261
0.042800
5.475276
5.119941
4.643085
4.195061
0.074014
0.322586
2.842177
0.306796
2.485774
2.389650
0.107630
0.040646
0.131100
0.127214
0.159465
0.169793
2.179768
2.298546
2.567283
0.023337
0.010230
0.023339
2.622133
2.679113
0.313921
3.209845
3.376679
3.580974
0.104419
0.128498
0.131810
4.303876
4.678193
4.760616
4.862605
4.925232
5.121285
5.121047
5.106902
5.130992
5.045318
4.938184
4.843123
4.644510
4.395771
4.128680
3.889694
0.014499
3.050148
2.870992
2.034879
0.168620
0.155254
0.144148
0.004966
0.005172
0.004739
0.004532
0.004587
0.004631
0.004544
0.004507
0.004937
0.004782
0.004652
0.004531
0.004577
0.004594
0.004478
0.004493
0.004539
0.004628
0.004502
0.102975
0.004547
0.004809
0.004758
0.005340
0.006429
0.007082
0.007085
0.121665
0.134707
0.151371
4.162974
4.868570
6.009805
6.559847
7.050965
7.589350
8.341973
8.524942
8.542319
8.561754
0.000202
0.000104
0.000078
0.000016
0.000008
0.000009
0.000007
0.000003
0.000003
0.000006
0.000006
0.000013
0.000019
0.000131
0.000097
0.000176
0.002503
0.003246
0.004294
0.019738
0.025559
8.938543
8.982035
8.991775
9.003201
9.023755
9.039628
9.098721
9.101450
9.114371
9.125121
9.140009
9.144852
9.123748
9.102257
8.867687
8.683539
8.189197
7.181330
6.287276
5.502777
3.946088
1.942353
0.264098
2.866092
3.212580
3.658934
4.219561
4.470338
0.022213
0.027466
5.715550
6.337004
6.998638
7.783599
8.060132
8.395654
8.731493
8.823699
8.987607
9.045614
9.062777
9.039733
9.007647
8.974260
8.951107
8.922109
8.820168
8.710676
8.468400
8.034897
7.620825
7.285257
7.023827
0.413289
7.184329
7.217465
7.324849
7.363536
7.296057
7.238500
7.112407
6.992472
6.967029
6.940623
6.920913
6.874013
6.770589
6.607038
6.370320
6.080711
5.417614
0.508073
0.163946
0.040649
0.034003
0.031565
0.030939
0.030748
0.040023
0.039829
0.041863
0.040360
0.040269
0.040133
0.039126
0.030767
0.030812
0.030977
0.031060
4.393608
4.397945
4.294457
0.153349
0.051740
0.019717
0.092880
0.101082
0.111718
3.815795
3.959894
4.323740
4.514785
4.768952
5.066586
5.619134
6.330515
6.651344
6.895648
7.025425
7.227436
7.328457
7.328725
6.890453
6.256755
5.558753
4.969515
0.092083
0.111072
0.098060
0.460544
1.678049
3.563792
3.926978
0.015587
0.010077
4.353960
0.060142
5.437604
5.902669
6.404135
6.890963
7.427545
8.089651
8.427549
8.649193
8.707400
8.728633
8.725293
8.720431
8.703327
8.680821
8.598471
8.580614
8.528644
8.468941
8.386488
8.121460
7.712886
7.378929
7.039819
6.395357
5.318737
4.463197
3.870275
3.457544
3.020632
2.676341
0.930503
0.685879
0.204326
0.016190
0.001055
0.000675
0.002492
0.002425
0.002514
0.000129
0.002849
0.000211
0.000227
0.000250
0.000130
0.000086
0.000102
0.000094
0.000033
0.000035
0.000083
0.000142
0.394755
0.375831
0.361705
0.339546
0.308497
0.293750
0.272545
0.239602
0.051670
0.743849
0.711836
0.638923
0.609259
0.639612
0.612363
0.591377
0.607414
0.639447
0.634718
0.604311
0.586111
0.566987
0.437452
0.274079
0.243300
0.227405
0.003715
0.151969
0.130229
0.381532
0.442401
0.460400
0.436532
0.443680
0.440788
0.415542
0.366463
0.352623
0.360094
0.044113
0.023190
0.002996
0.299299
0.378772
0.405227
0.474238
0.496050
0.540172
0.628931
0.662320
0.898758
1.021815
1.171984
1.283187
1.383496
1.598485
1.674686
1.763516
1.858512
1.896819
1.891349
1.883037
1.884263
1.892967
1.888653
1.817600
1.697760
0.039046
0.039329
0.039142
0.000109
0.000064
0.000038
0.000311
0.000098
0.000026
0.000022
0.000026
0.000017
0.000053
0.000056
0.000052
0.000020
0.000009
0.000008
0.000009
0.000006
0.000008
0.000083
0.000039
0.000056
0.000028
0.000035
0.000154
0.000133
0.000213
0.000119
0.000075
0.000593
0.000335
0.000380
0.000052
0.000050
0.000048
0.000054
0.000037
0.000050
0.000104
1.428121
1.428151
1.145088
1.342520
1.352364
0.369366
0.153459
0.100468
0.001424
0.000098
0.000061
0.000025
0.000051
0.000051
0.000110
0.000136
0.000213
0.000191
0.000033
0.000069
0.000042
0.000050
0.000094
0.000027
0.000015
0.000014
0.000012
0.000016
0.000066
0.000060
0.000040
0.000035
0.000043
0.000068
0.000057
0.000047
0.000065
0.000017
0.000010
0.000017
0.000011
0.000005
0.000009
0.000010
0.000009
0.000008
0.000020
0.000558
0.000019
0.000019
0.000191
0.000156
0.000012
0.000007
0.000020
0.000027
0.000023
0.000014
0.000023
0.000025
0.000022
0.000012
0.000006
0.000006
0.000012
0.000014
0.000020
0.000005
0.000003
0.000005
0.000034
0.000016
0.000012
0.003177
0.031569
0.031265
0.021264
0.022192
0.038273
0.040829
0.560148
0.571746
0.548491
0.485333
0.005578
0.003444
0.000027
0.003459
0.226659
0.201748
0.146285
0.144315
0.150662
0.149746
0.179406
0.179017
0.763926
0.001678
0.001791
0.000335
0.000234
0.000258
0.001467
0.006001
0.008016
0.008404
0.009111
0.009566
0.010381
0.010541
0.018241
0.018970
0.020043
0.032890
0.034693
0.036500
0.035608
0.034646
0.020675
0.000933
0.021988
0.023082
0.018246
0.002443
0.026250
0.059140
0.805889
0.854308
0.895988
0.914207
0.917452
0.735789
0.039730
0.013337
0.779450
0.782878
0.779660
0.726755
0.644416
0.367154
0.194798
0.184179
0.171269
0.091173
0.061843
0.049548
0.055559
0.042339
0.024116
0.034124
0.031381
0.012285
0.009904
0.000049
0.003890
0.003342
0.000533
0.003606
