0.001683
0.001442
0.000009
0.000001
0.000435
1.260048
0.085558
0.035039
0.001867
0.000566
0.000585
0.000010
0.000008
0.000030
0.000031
0.000040
0.000027
0.000010
0.000004
0.000006
0.000016
0.000209
0.000165
0.000075
0.000010
0.000008
0.000006
0.000006
0.000004
0.000006
0.000007
0.000038
0.000683
0.000716
0.000789
0.000831
0.000869
0.000871
0.000856
0.000599
0.000450
0.000062
0.009027
0.000019
0.000025
0.000024
0.000018
0.000022
0.000023
0.000052
0.000072
0.000218
0.007108
0.029179
0.132447
0.232302
0.375069
0.512055
0.715521
0.825005
0.994006
1.047470
1.056776
0.013803
0.005789
0.004508
0.004176
0.004006
0.001022
0.002370
0.003469
1.023942
1.023257
1.020315
1.018818
1.019861
1.014773
1.009967
0.998654
0.975336
0.956257
0.012364
0.007344
0.007326
0.953069
0.972702
0.999352
1.003037
1.002548
0.002290
1.000027
1.007302
1.014555
1.046203
1.047114
1.048936
1.050732
1.049897
1.049646
1.042365
1.038408
1.013924
0.977055
0.938192
0.000161
0.000040
0.000019
0.000010
0.000010
0.000408
0.878948
0.839199
0.118605
0.000010
0.000010
0.000007
0.000048
0.000085
0.000109
0.006593
0.009120
0.012892
1.038149
0.011677
0.002812
0.002967
0.001426
0.001187
0.001182
0.001201
0.001217
0.001217
0.001185
0.001231
0.008437
0.008296
0.008228
0.008080
0.008207
1.043505
1.051896
1.061189
1.066065
1.069964
1.071796
1.070943
1.072585
1.073808
1.068365
1.036392
1.012950
0.982298
0.962005
0.000054
0.000029
0.000014
0.000016
0.000010
0.000002
0.000003
0.000003
0.000022
0.000039
0.008266
0.008291
0.009287
0.009382
0.001296
0.001634
0.951169
0.944196
0.929283
0.901408
0.843695
0.811967
0.789330
0.000048
0.000069
0.000481
0.000033
0.000508
0.000076
0.000038
0.000030
0.000020
0.000010
0.000016
0.000019
0.000035
0.000049
0.769670
0.756246
0.745600
0.714605
0.664675
0.577129
0.507378
0.407544
0.031925
0.328327
0.321866
0.319834
0.333563
0.327566
0.323283
0.312867
0.207996
0.010771
0.101403
0.096954
0.091689
0.081100
0.086362
0.084984
0.083711
0.083891
0.081637
0.020640
0.207486
0.202758
0.196482
0.190291
0.176483
0.160143
0.154810
0.123180
0.114594
0.117974
0.135987
0.259750
0.284742
0.299830
0.298861
0.301482
0.222981
0.208387
0.061372
0.058642
0.045254
0.010786
0.010053
0.007750
0.006563
0.000871
0.002962
0.002756
0.002637
0.000027
0.000035
0.004777
0.005951
0.009552
0.024264
0.023029
0.021649
0.020278
0.018901
0.016746
0.014912
0.014398
0.013089
0.012968
0.013103
0.012979
0.006762
0.006338
0.005953
0.004615
0.000653
0.000596
0.001415
0.001689
0.002088
0.003921
0.004345
0.004881
0.005728
0.007204
0.008148
0.008808
0.009495
0.009896
0.010780
0.011445
0.012192
0.012375
0.012589
0.013260
0.011930
0.012038
0.011618
0.008046
0.006949
0.003958
0.003598
0.000694
0.000619
0.000597
0.000593
0.000573
0.000044
0.000054
0.000059
0.000091
0.001577
0.001776
0.004713
0.004750
0.004788
0.004853
0.005530
0.005617
0.004497
0.003790
0.001953
0.001641
0.001375
0.001218
0.000092
0.000058
0.000029
0.000037
0.000048
0.000123
0.000150
0.009872
0.010549
0.010761
0.011050
0.014337
0.015017
0.009283
0.009235
0.008935
0.008618
0.008353
0.005358
0.005270
0.005243
0.005137
0.005013
0.004721
0.004708
0.004751
0.004782
0.009603
0.009951
0.012271
0.013189
0.013974
0.014189
0.014163
0.014370
0.014970
0.015123
0.015393
0.016008
0.015863
0.016307
0.015367
0.014548
0.004712
0.003873
0.010151
0.010340
0.010834
0.012113
0.012088
0.012274
0.012029
0.011835
0.003558
0.003683
0.003772
0.003983
0.004170
0.014987
0.015836
0.016634
0.016796
0.017694
0.018832
0.018723
0.019167
0.019508
0.012179
0.011221
0.011253
0.011369
0.011275
0.011400
0.011493
0.006424
0.016246
0.088810
0.000182
0.000054
0.000037
0.000035
0.000069
0.000155
0.002542
0.054916
0.059232
0.064598
0.187802
0.221921
0.232284
0.031769
0.015952
0.014322
0.010984
0.010955
0.013508
0.012412
0.003174
0.002954
0.002084
0.001646
0.000135
0.003905
0.007557
0.027620
0.072067
0.125398
0.116530
0.152725
0.194200
0.246809
0.309747
0.011848
0.012479
0.003419
0.000226
0.000213
0.688810
0.798072
0.823589
0.802244
0.749729
0.696065
0.194226
0.184742
0.176675
0.035809
0.005113
0.005004
0.017247
0.049774
0.118953
0.399929
0.455470
0.503906
0.540038
0.575359
0.600085
0.581021
0.619756
0.689134
0.728216
0.745590
0.767749
0.751288
0.672864
0.053695
0.016111
0.007852
0.001681
0.001578
0.001750
0.013120
0.776151
0.713156
0.640928
0.544096
0.454171
0.058092
0.027591
0.062001
0.067353
0.017581
0.015910
0.015447
0.000598
0.000653
0.311368
0.303233
0.296145
0.268233
0.251149
0.041770
0.017926
0.012655
0.007385
0.002362
0.000267
0.001739
0.056908
0.058427
0.207235
0.213203
0.218169
0.294154
0.292033
0.269063
0.304191
0.328849
0.343243
0.350886
0.355091
0.393011
0.404491
0.436509
0.477978
0.497500
0.510826
0.522794
0.526582
0.537228
0.033071
0.033230
0.000847
0.000651
0.000583
0.000588
0.000056
0.000064
0.000128
0.000405
0.000437
0.001167
0.001614
0.000094
0.000130
0.000212
0.000568
0.543191
0.752342
0.857096
0.897979
0.955124
0.929545
0.961663
0.002443
0.000218
0.001129
0.001215
0.067256
1.210645
0.728328
0.011568
0.000297
0.000483
0.000393
0.000660
0.000790
0.001940
0.014631
1.898672
2.107067
2.309366
2.732035
0.119836
0.151200
4.172753
4.662983
5.632498
6.511592
7.046733
7.740361
8.564076
8.608226
8.595406
8.614519
8.639954
8.605840
8.595837
8.592844
8.550918
8.515786
8.493783
8.482295
8.489519
8.475254
8.478398
8.496746
8.623035
8.517018
8.464136
8.453044
8.295956
7.807710
7.496715
7.300960
7.020487
6.753113
6.519282
0.976758
0.955849
0.940119
0.938225
0.943078
6.223774
6.514707
6.678660
7.029028
7.287876
7.426771
7.726339
8.008924
8.381449
8.573216
8.779705
8.970127
9.175853
9.315354
9.449857
9.513978
9.521342
9.520764
9.518819
9.518848
9.521607
9.523778
9.522710
9.522280
9.522259
9.521897
9.520591
9.520497
9.521785
9.522493
9.522433
9.522663
9.522898
9.747916
9.803541
9.813993
9.823127
9.834577
9.827813
9.821837
9.820947
9.819500
9.821371
9.829302
9.833602
9.839731
9.968999
9.981330
9.923381
9.844477
9.806798
9.684465
9.644533
9.581974
9.542490
0.003003
0.003027
0.003048
0.001257
0.000129
0.000057
0.000031
0.000011
0.000008
0.000010
0.000019
0.000023
0.000013
0.000004
0.000009
0.000005
0.000004
0.000004
0.000005
0.000006
0.000006
0.000023
0.000037
0.000024
0.000007
0.000004
0.000003
0.000003
0.000007
0.000012
0.000024
0.000049
0.000077
0.000142
0.000204
0.000338
0.001271
9.698993
9.865054
9.954998
9.816570
9.620333
9.422428
9.263525
8.577685
7.893276
7.175593
0.074218
6.465568
6.163845
5.419379
4.749760
4.103408
3.351842
2.988928
1.085628
0.613231
0.307537
0.032863
0.030237
1.613985
1.635926
1.689658
1.763595
1.785469
1.745043
1.408388
0.910389
0.139929
0.123050
0.144588
0.130851
0.114186
0.031601
0.030765
0.006425
0.006751
0.007256
0.008536
0.003433
0.029615
0.134194
0.144284
0.169770
2.098151
2.508619
3.096573
3.758501
4.797338
5.663576
6.729194
7.859008
8.144120
8.126863
8.150439
8.213570
8.201449
8.197398
8.209471
8.240830
8.308338
8.391267
8.420713
8.431693
8.484536
8.547955
8.365373
8.072863
7.857100
7.620234
7.380298
7.010703
6.757922
6.599740
0.208682
0.203437
0.261964
7.249031
7.458482
7.883613
8.021191
8.195636
8.336913
8.059977
7.850566
7.594696
8.546244
8.823018
9.252145
9.273764
9.171596
8.857797
8.581314
8.234105
7.855767
6.810203
1.448538
8.620981
9.101014
9.257485
9.389191
9.415658
9.426348
9.433150
9.433389
9.427515
9.428071
9.429385
9.429601
9.430302
9.430642
9.413566
9.387518
9.370723
9.367748
9.369211
9.376228
9.383603
9.398581
9.409057
9.418543
9.424332
9.426672
9.430257
9.430499
9.429970
9.429785
9.430208
9.430800
9.430237
9.367481
9.359019
9.355754
9.353694
9.350583
9.351214
9.353815
9.374052
9.392610
9.409664
9.426314
9.428941
9.429947
9.430397
9.430719
9.430469
9.430332
9.430425
9.430462
9.430498
9.430428
9.427007
9.421876
9.419289
9.420804
9.424172
9.425327
9.427136
9.426150
9.426634
9.427559
9.428552
9.428958
9.430249
9.430556
9.430021
9.429901
9.430209
9.430420
9.430466
9.429353
9.423717
9.414032
9.405383
9.391517
9.379907
9.379327
9.387450
9.402922
9.417486
9.427509
9.429510
9.430228
9.430511
9.430408
9.429871
9.429867
9.430192
9.430455
9.430413
9.430305
9.423148
9.405463
9.388347
9.378508
9.368341
9.231729
0.087971
9.278495
9.329299
9.353797
0.000002
0.000001
0.000002
0.000002
0.000002
0.000006
9.384061
9.402122
9.411186
9.428377
9.429946
9.427070
9.426157
9.427829
9.429800
9.430412
9.430289
9.426737
9.418277
9.412686
9.407921
9.405640
9.403918
9.405970
9.412528
9.415867
9.421091
9.422048
9.422411
9.422989
9.422345
9.419274
9.417527
9.417257
9.415896
9.415532
9.413764
9.258344
9.022996
8.790548
0.115291
0.149504
0.136549
0.080692
8.603887
8.755090
8.922714
9.198984
9.239034
9.123690
9.258593
9.374903
9.398116
9.412175
9.413108
9.409279
9.408090
9.405588
9.393571
9.327625
9.030169
9.021898
9.020282
9.016679
9.013585
9.012224
9.005174
9.004214
9.008099
9.127363
9.176073
9.185486
9.185493
9.186437
9.181936
9.170400
9.154948
9.146713
9.000408
8.999432
8.998786
8.996084
8.991777
8.989495
8.989845
8.991601
8.984636
8.980316
8.975678
8.973693
8.959142
8.938463
8.863969
8.798542
8.742079
8.730842
8.716432
8.698176
8.687593
8.660093
8.638883
8.637638
8.615705
8.588381
8.503442
8.336000
8.211665
0.182813
8.500513
8.535647
8.381512
8.392537
8.395660
8.399353
8.401387
8.404339
8.405292
8.404982
8.405048
8.400726
8.394282
0.005969
8.513383
8.386724
8.385080
8.382746
8.381958
8.383972
8.383830
8.383747
8.360194
8.277396
8.197217
8.068080
0.012964
0.010864
0.010061
0.000493
0.000289
0.000191
0.000128
0.000108
0.000098
0.000122
0.000238
0.000386
0.000999
0.000430
0.000635
7.448086
7.292764
5.291714
5.287384
5.350186
8.352987
8.481424
8.608108
8.666679
8.698361
8.693926
8.646941
8.649606
8.645460
8.650529
8.647651
8.648169
8.652660
8.660385
8.658878
8.658714
8.661633
8.663552
8.674758
8.678438
8.679122
8.679801
8.678499
8.677744
8.676409
8.675698
8.669547
8.410456
7.978716
8.300554
8.481125
8.645104
8.653747
8.653435
8.650332
8.639706
8.538685
8.478646
8.361720
8.053507
7.795807
7.083622
0.895270
0.723961
0.320130
0.195825
0.090004
0.001671
0.001310
0.001177
0.001530
0.012126
0.042148
5.094562
5.612955
6.244838
6.733817
7.170106
7.619946
8.155795
8.327586
8.498149
8.487429
8.419781
8.336081
8.203196
8.157017
8.135751
8.143989
8.131431
8.100415
8.077917
8.059212
8.019945
0.000863
0.000488
0.000438
0.000379
0.000358
0.000278
0.000217
0.000392
0.000546
0.000049
0.000031
0.000074
0.000082
0.000049
0.000032
0.000047
0.000032
0.000033
0.000044
0.000094
0.000048
0.000079
0.000194
0.000242
0.000056
0.000094
0.000118
0.000141
0.000259
0.000301
0.000385
7.891407
0.010993
0.001028
0.000210
0.000091
0.000094
0.000072
0.000023
0.000007
0.000006
0.000003
0.000004
0.000019
0.000003
0.000004
0.000009
0.000028
0.000036
0.000074
0.000097
0.000349
7.822957
7.482369
7.295113
6.641371
0.033839
0.005319
0.002739
0.002104
0.000464
0.000251
0.000143
0.000043
0.000041
0.000059
0.000070
0.000005
0.000006
0.000003
0.000002
0.000004
0.000005
0.000007
0.000010
0.000006
0.000003
0.000002
0.000002
0.000001
0.000001
0.000001
0.000001
0.000001
0.000000
0.000001
0.000001
0.000004
0.000001
0.000001
0.000003
0.000004
0.000004
0.000001
0.000002
0.000001
0.000002
0.000001
0.000001
0.000020
0.000001
0.000001
0.000001
0.000001
0.000002
0.000002
0.000007
0.000005
0.000004
0.000003
0.000001
0.000001
0.000003
0.000002
0.000001
0.000001
0.000000
0.000000
0.000000
0.000001
0.000001
0.000000
0.000001
0.000001
0.000001
0.000001
0.000001
0.000001
0.000001
0.000002
0.000002
0.000001
0.000000
0.000000
0.000001
0.000000
0.000000
0.000000
0.000000
0.000000
0.000000
0.000001
0.000001
0.000008
0.000008
0.000007
0.000006
0.000000
0.000007
0.000001
0.000001
0.000001
0.000000
0.000000
0.000000
0.000000
0.000000
0.000000
0.000000
0.000000
0.000000
0.000000
0.000000
0.000000
0.000000
0.000000
0.000000
0.000000
0.089044
0.262846
0.000004
0.000004
0.000003
0.000002
0.000000
0.000000
0.000000
0.000000
0.000000
0.000000
0.000000
0.000000
0.000000
0.000000
0.000000
0.000000
0.000000
0.000000
0.000000
0.000000
0.000000
0.000000
0.000000
0.000000
0.000000
0.000000
0.000000
0.000000
0.000000
0.000000
0.000000
0.000000
0.000000
0.000000
0.000000
0.000000
0.000000
0.000000
0.000000
0.000000
0.000000
0.000000
0.000000
0.000000
0.000000
0.000000
0.000000
0.000000
0.000000
0.000000
0.000000
0.000000
0.000000
0.000000
0.000000
0.000000
0.000000
0.000000
0.000000
0.000000
0.000000
0.000000
0.000000
0.000000
0.000000
0.000000
0.000000
0.000000
0.000000
0.000000
0.000000
0.000000
0.000000
0.000000
0.000000
0.000000
0.000000
0.000000
0.000000
0.000000
0.000000
0.000000
0.000000
0.000000
0.000000
0.000000
0.000000
0.000000
0.000000
0.000000
0.000000
0.000000
0.000000
0.000000
0.000000
0.000000
0.000000
0.000000
0.000000
0.000000
0.000000
0.000000
0.000000
0.000000
0.000000
0.000000
0.000000
0.000000
0.000000
0.000000
0.000000
0.000000
0.000000
0.000000
0.000000
0.000000
0.000000
0.000000
0.000000
0.000000
0.000000
0.000000
0.000000
0.000000
0.000000
0.000000
0.000000
0.000000
0.000000
0.000000
0.000000
0.000000
0.000000
0.000000
0.000000
0.000000
0.000000
0.000000
0.000000
0.000000
0.000000
0.000000
0.000000
0.000000
0.000000
0.000000
0.000000
0.000000
0.000000
0.000000
0.000000
0.000000
0.000000
0.000000
0.000000
0.000000
0.000000
0.000000
0.000000
0.000000
0.000000
0.000000
0.254764
5.058911
5.209500
0.101608
5.632633
6.189184
0.000190
0.000196
0.000202
0.000158
0.000209
0.000179
0.000369
6.788457
6.969042
7.118202
7.140725
7.182644
7.230092
0.000000
0.000000
0.000000
0.000000
0.000000
0.000000
0.000000
0.000000
0.000000
0.000000
0.000000
0.000000
0.000000
0.000000
0.000000
0.000000
0.000000
0.000000
0.000000
0.000000
0.000000
0.000000
0.000000
0.000000
0.000000
0.000000
0.000000
0.000000
0.000000
0.000000
0.000000
0.000027
0.000031
0.000035
0.000082
0.000089
0.000000
0.000000
0.000000
0.000000
0.000000
0.000000
0.000000
0.000000
0.000000
0.000000
0.000000
0.000000
0.000000
0.000000
0.000000
0.000000
0.000000
0.000000
0.000000
0.000000
0.000000
0.000000
0.000000
0.000000
0.000000
0.000000
0.000000
0.000000
0.000000
0.000000
0.000000
0.000000
0.000000
0.000000
0.000000
0.000000
0.000000
0.000000
0.000000
0.000000
0.000000
0.000000
0.000000
0.000000
0.000000
0.000000
0.000000
0.000000
0.000000
0.000000
0.000000
0.000000
0.000000
0.000000
0.000000
0.000000
0.000000
0.000000
0.000000
0.000000
0.000000
0.000000
0.000000
0.000000
0.000000
0.000000
0.000000
0.000000
0.000000
0.000000
0.000000
0.000000
0.000000
0.000000
0.000000
0.000000
0.000000
0.000000
0.000000
0.000000
0.000000
0.000000
0.000000
0.000000
0.000000
0.000000
0.000000
0.000000
0.000000
0.000000
0.000000
0.000000
0.000000
0.000000
0.000000
0.000000
0.000000
0.000000
0.000000
0.000000
0.000000
0.000000
0.000000
0.000015
0.000039
0.000041
0.000051
0.000000
0.000000
0.000000
0.000000
0.000000
0.000000
0.000000
0.000000
0.000000
0.000000
0.000000
0.000000
0.000000
0.000000
0.000000
0.000000
0.000000
0.000000
0.000000
0.000000
0.000000
0.000000
0.000000
0.000000
0.000000
0.000000
0.000000
0.000000
0.000000
0.000000
0.000000
0.000000
0.000000
0.000000
0.000000
0.000000
0.000000
0.000000
0.000000
0.000000
0.000000
0.000000
0.000000
0.000000
0.000000
0.000000
0.000000
0.000000
0.000000
0.000000
0.000000
0.000000
0.000000
0.000000
0.000000
0.000000
0.000000
0.000000
0.000000
0.000000
0.000000
0.000000
0.000000
0.000000
0.000000
0.000000
0.000000
0.000000
7.310383
7.229185
6.348174
5.585848
3.367658
2.696842
0.000037
0.000014
0.000017
0.000000
0.000000
0.000000
0.000000
0.000000
0.000000
0.000000
0.000000
0.000000
0.000000
0.000000
0.000000
0.000000
0.000000
0.000000
0.000000
0.000000
0.000000
0.000000
0.000000
0.000000
0.000007
0.000023
0.000051
0.000000
0.000000
0.000000
0.000000
0.000000
0.000000
0.000000
0.000000
0.000000
0.000023
0.000032
0.000012
0.000000
0.000000
0.000000
0.000000
0.000000
0.000000
0.000000
0.000000
0.000006
0.000016
0.000015
0.000006
0.000008
0.000004
0.000010
0.000008
0.000011
0.000010
0.000000
0.000000
0.000000
0.000000
0.000000
0.000104
0.000081
0.000058
0.000053
0.000052
0.000037
0.000051
0.000029
0.000000
0.000000
0.000000
0.000000
0.000000
0.000032
0.000024
0.853017
0.552397
0.441402
0.174324
0.146716
0.087011
0.080594
0.055868
0.004588
0.000000
0.000000
0.000000
0.000000
0.000000
0.000000
0.000000
0.000000
0.000000
0.000000
0.000000
0.000142
0.005872
0.005385
0.003881
0.002445
0.000000
0.000000
0.000000
0.000000
0.000000
0.000000
0.000000
0.000000
0.000000
0.000000
0.000000
0.000000
0.000000
0.000000
0.000000
0.000000
0.003971
0.005836
0.007122
0.007874
0.009028
0.010378
0.000000
0.020280
0.019257
0.018491
0.022368
0.022853
0.024093
0.023518
0.021855
0.033321
0.032348
0.030473
0.042911
0.041129
0.036192
0.010171
0.006083
0.000000
0.000000
0.000000
0.000000
0.000000
0.000000
0.000000
0.000000
0.000000
0.000000
0.000000
0.000000
0.000099
0.000000
0.000000
0.000000
0.000000
0.000000
0.000000
0.000000
0.000000
0.000000
0.000000
0.000000
0.000000
0.000000
0.000250
0.000091
0.004473
0.004025
0.000000
0.000000
0.000000
0.002395
0.002509
0.000000
0.000130
0.000000
0.000000
0.000000
0.000000
0.000000
0.000000
0.000000
0.000000
0.000000
0.000000
0.000000
0.000000
0.000000
0.000000
0.000000
0.000000
0.000000
0.000000
0.004354
0.000000
0.000000
0.000000
0.000000
0.000000
0.000000
0.000000
0.000000
0.000096
0.000047
0.000000
0.000000
0.000000
0.000000
0.000000
0.000000
0.000000
0.000000
0.000000
0.000000
0.000000
0.000000
0.000000
0.000000
0.000000
0.000000
0.000000
0.000000
0.000000
0.000000
0.000000
0.000000
0.000000
0.000000
0.000000
0.000000
0.000000
0.000000
0.000000
0.000000
0.000000
0.000000
0.000000
0.000000
0.000000
0.000000
0.000059
0.000095
0.000073
0.000000
0.013536
0.008558
0.001149
0.001132
0.001139
0.001166
0.005591
0.001289
0.001183
0.001163
0.000001
0.000001
0.000002
0.000002
0.000004
0.000044
0.000000
0.000000
0.000000
0.000000
0.000000
0.000000
0.006945
0.007007
0.007023
0.001305
0.000200
0.000000
0.000000
0.000000
0.000000
0.000000
0.000000
0.000000
0.000068
0.000000
0.000000
0.000000
0.008205
