0.003090
0.002441
0.001095
0.000748
0.000475
0.000140
0.000088
0.000063
0.000026
0.000042
0.000096
0.000028
0.000204
0.000003
0.000004
0.000001
0.000002
0.000000
0.000007
0.000007
0.000007
0.000001
0.000357
0.000357
0.000351
0.000003
0.000004
0.000016
0.000023
0.000028
0.000028
0.000034
0.000772
0.006254
0.006487
0.006677
0.006921
0.008984
0.009292
0.013912
0.014654
0.014514
0.014135
0.013667
0.013239
0.013176
0.013810
0.013942
0.014369
0.015163
0.001310
0.000024
0.000010
0.000011
0.001406
0.001684
0.011431
0.011588
0.011806
0.012066
0.021470
0.021794
0.022039
0.021736
0.021113
0.011393
0.010556
0.004115
0.003834
0.003845
0.013155
0.126016
0.136612
0.229981
0.254981
0.294980
0.353273
7.259360
7.277593
0.000271
0.000188
0.000135
0.000041
0.000213
0.000198
0.000129
0.000127
0.000044
0.000016
0.000008
0.000007
0.000003
0.000005
0.000005
0.000004
0.000148
0.000117
0.000103
0.000052
0.000044
0.000054
0.000026
0.000037
0.000053
0.000095
0.000045
0.000042
0.000073
0.000035
0.000044
0.000301
0.000315
0.000595
0.000704
0.001082
0.001006
7.265017
7.133949
6.989418
6.761201
6.361296
6.060373
5.552321
4.690270
4.388772
0.064956
0.009781
0.009050
0.067867
0.112778
2.761389
4.271448
5.152780
5.879388
6.604920
7.474331
7.880670
8.015069
8.076311
8.108610
8.161249
8.183150
8.224551
8.239616
8.241319
8.240483
8.233616
8.230428
8.229549
8.230927
8.216039
8.194094
8.160232
8.119894
8.085890
7.881167
7.911720
7.906737
7.160680
0.263842
0.035384
6.089466
5.908317
0.058361
0.057800
0.055686
0.005868
0.057318
0.073018
0.153413
6.044160
7.089903
7.735647
7.910017
8.025664
0.011958
0.013860
0.013976
0.014223
0.016994
8.097150
8.323370
8.342601
7.868671
7.439977
6.912167
6.445342
5.924416
0.095997
0.057217
0.009536
1.602967
6.805680
7.670351
8.490416
8.735125
8.783166
8.781729
8.768840
8.664944
8.285692
0.285785
8.005029
8.331934
8.555109
0.033929
0.040319
0.045417
8.587321
8.617452
8.625057
8.606047
8.589475
8.537987
8.471540
8.017684
7.453539
6.790359
6.126292
5.548397
5.006573
0.338383
0.197809
0.026377
0.113846
2.576506
3.178368
4.671874
5.731986
6.243252
6.776036
7.422086
8.167340
8.792587
9.009159
9.018669
9.077680
9.078680
9.067630
9.070641
9.057092
8.946463
8.567314
8.249772
7.942833
7.711984
0.179169
0.021357
7.822819
7.928577
8.324036
8.562741
8.756837
8.707488
8.594672
8.491734
0.106318
8.382959
8.232636
8.210242
8.180836
8.268487
8.506014
8.695557
8.904977
8.912581
8.904256
0.001904
0.001343
0.000511
0.000466
0.000468
0.000502
0.000565
0.000687
0.001055
0.002678
8.848187
8.799959
8.683631
8.532651
8.341503
8.087355
7.870665
7.517927
6.628833
5.841628
5.219453
0.141047
0.009978
0.008319
1.002462
2.656395
3.534757
4.620941
5.100813
5.368842
5.678446
0.004282
0.004027
0.004221
5.754788
5.876726
6.010723
5.700575
5.397354
0.118323
0.041929
0.002288
0.003645
0.001601
0.001459
0.039750
0.030466
0.032006
0.031172
0.028966
0.027204
0.023320
4.648851
4.715945
4.765801
0.089793
0.006274
0.126498
5.615000
5.932684
6.308374
6.789283
7.017585
7.294433
0.011698
7.747062
0.239739
8.293666
8.514736
8.626051
8.727929
8.763069
8.802431
8.656079
8.543714
0.009130
0.056921
8.662723
8.738457
8.721362
8.791130
9.096671
9.154881
9.227629
9.142754
9.034681
8.854501
8.839033
0.000747
0.000534
0.000398
0.000252
0.000125
0.000172
0.000143
0.000147
0.000090
0.000169
0.000123
0.000042
0.000014
0.000021
0.000180
0.000116
0.000129
0.000126
0.000260
0.000495
0.000653
0.001374
8.747625
8.679208
8.613897
8.558295
8.413668
8.279816
8.054666
7.693658
6.889864
6.116533
5.312929
4.440020
1.509843
0.996931
0.513390
0.185565
0.093643
0.085734
0.021818
0.002354
0.000145
0.000142
0.000065
0.000092
0.000119
0.000154
0.000307
0.000918
0.053604
0.062107
0.056313
5.526910
6.126315
6.640690
7.052863
7.554668
7.718733
7.859116
8.001034
8.158786
8.183311
0.085903
7.960412
8.046803
8.037151
7.707791
7.360517
6.950979
6.591042
5.969585
4.878699
2.988953
0.007704
0.007129
3.890569
0.021792
3.937547
3.766873
3.535735
3.285452
0.042789
2.993082
0.376447
0.293425
0.132409
0.078929
0.006714
0.186060
0.279647
2.794625
3.033650
3.626445
3.819975
3.714079
3.834281
3.909189
3.999638
4.254218
0.013349
0.016688
0.008495
0.021675
4.879973
5.180334
5.589406
5.851930
6.022565
6.126199
6.109063
5.953240
5.509404
5.076802
0.165691
0.154454
0.145756
0.018717
0.020227
0.000005
4.996642
0.269336
0.133827
0.093526
0.096074
0.034149
0.012110
0.047722
0.059751
5.081309
5.558865
6.795063
7.941428
8.455437
8.662004
8.720783
8.743586
8.708769
8.697998
8.675005
8.662054
8.657100
8.654332
8.616302
8.573466
8.548990
8.526670
8.505825
8.487243
8.457154
8.434190
8.350609
8.278143
7.965864
7.577834
6.844546
5.917279
4.298657
3.225244
2.932014
2.329250
0.489022
0.031077
0.000669
0.000299
0.000135
0.000110
0.000114
0.000074
0.000174
0.000115
0.000085
0.000044
0.000132
0.000064
0.000078
0.000031
0.000034
0.000047
0.000074
0.000055
0.006901
0.060266
3.587319
4.081750
4.855421
5.352545
5.933642
6.595579
6.126123
0.000225
0.000174
0.000024
0.000020
0.000009
0.000009
0.000009
0.000136
0.000142
0.000033
0.000038
0.000032
0.000144
0.000132
0.000012
0.000011
0.000007
0.000007
0.000005
0.000004
0.000011
0.000007
0.000011
0.000010
0.000005
0.000009
0.000041
0.000039
0.000006
0.000007
0.000003
0.000002
0.000002
0.000002
0.000003
0.000003
0.000002
0.000002
5.915591
5.892479
5.836017
5.790004
5.727381
5.682222
5.456536
5.208164
4.040913
2.867563
1.736242
1.065105
0.679499
0.555374
0.346552
0.178059
0.069383
0.040232
0.039631
0.037590
0.025898
0.012468
0.011539
0.010683
0.009710
0.007833
0.007985
0.007918
0.004557
0.004374
0.004196
0.003969
0.003848
0.003740
0.004218
0.004354
0.004285
0.004189
0.004282
0.004620
0.005131
0.005567
0.006239
0.007284
0.007344
0.006920
0.006503
0.006398
0.006369
0.005929
0.005927
0.005515
0.002896
0.010157
0.011043
0.020103
0.195714
0.012168
0.012773
0.012806
0.014080
0.014748
0.016148
0.017097
0.018252
0.019827
0.021069
0.020784
0.009334
0.009019
0.008497
0.004827
0.004399
0.003927
0.003165
0.000102
0.000748
0.000867
