0.000008
0.000003
0.000001
0.000000
0.000000
0.000000
0.000000
0.000000
0.000000
0.000000
0.000000
0.000000
0.000000
0.000000
0.000000
0.000000
0.000000
0.000000
0.000000
0.000000
0.000000
0.000000
0.000000
0.000000
0.000000
0.000000
0.000000
0.000000
0.000000
0.000000
0.000000
0.000000
0.000000
0.000000
0.000001
0.000001
0.000011
0.000436
0.000363
0.000309
0.000051
0.000130
0.000106
0.000000
0.000000
0.000000
0.000000
0.000000
0.000000
0.000000
0.000000
0.000000
0.000000
0.000000
0.000000
0.000000
0.000000
0.000000
0.000000
0.000000
0.000000
0.000000
0.000000
0.000000
0.000000
0.000000
0.000000
0.000000
0.000000
0.000000
0.000000
0.000000
0.000000
0.000000
0.000000
0.000000
0.000000
0.000000
0.000000
0.000000
0.000000
0.000000
0.000000
0.000000
0.000000
0.000000
0.000000
0.000000
0.000000
0.000000
0.000000
0.000000
0.000000
0.000000
0.000000
0.000000
0.000000
0.000000
0.000000
0.000000
0.000000
0.000000
0.000000
0.000000
0.000000
0.000000
0.000000
0.000000
0.000000
0.000000
0.000000
0.000000
0.000000
0.000000
0.000000
0.000000
0.000000
0.000000
0.000000
0.000169
0.007886
0.007941
0.007974
0.000000
0.000000
0.000000
0.000000
0.000000
0.000000
0.000000
0.000000
0.000000
0.000000
0.000000
0.000000
0.000000
0.000000
0.000000
0.000000
0.000000
0.000000
0.000000
0.000000
0.000000
0.000000
0.000000
0.000000
0.000000
0.000000
0.000000
0.000000
0.000000
0.000000
0.000000
0.000000
0.000000
0.000000
0.000000
0.000000
0.000000
0.000000
0.000000
0.000000
0.000000
0.000000
0.000000
0.000000
0.000000
0.000000
0.000000
0.000000
0.000000
0.000000
0.000000
0.000000
0.000000
0.000000
0.000000
0.000000
0.000000
0.000000
0.000000
0.000000
0.000000
0.000000
0.000000
0.000000
0.000000
0.000000
0.000000
0.000000
0.000000
0.000000
0.000000
0.000000
0.000000
0.000000
0.000000
0.000000
0.000000
0.000000
0.000000
0.000000
0.000000
0.000000
0.000000
0.000000
0.000000
0.000000
0.000000
0.000000
0.000000
0.000000
0.000000
0.000000
0.000000
0.000000
0.000000
0.000000
0.000000
0.000000
0.000053
0.000000
0.000000
0.000000
0.000000
0.000000
0.000000
0.000000
0.000000
0.000000
0.000000
0.000000
0.000000
0.000000
0.000000
0.000000
0.000061
0.000000
0.000000
0.000000
0.000000
0.000000
0.000000
0.000000
0.000000
0.000000
0.000000
0.000000
0.000000
0.000000
0.000000
0.000000
0.000000
0.000000
0.000000
0.000000
0.000000
0.000000
0.000000
0.000000
0.000000
0.000000
0.000000
0.000087
0.000004
0.000000
0.000000
0.000000
0.000003
0.000002
0.000000
0.000000
0.000000
0.000000
0.000000
0.000004
0.000002
0.000051
0.000059
0.000072
0.000070
0.052946
0.050348
0.042461
0.027793
0.008379
0.000443
0.000000
0.000000
0.000000
0.000000
0.000000
0.000000
0.000000
0.000000
0.000000
0.000000
0.000000
0.000000
0.000000
0.000000
0.000000
0.000000
0.000000
0.000000
0.000000
0.000000
0.000000
0.000000
0.000000
0.000000
0.000000
0.000000
0.000000
0.000000
0.000000
0.000000
0.000000
0.000001
0.000000
0.000000
0.000000
0.000000
0.000000
0.000000
0.000000
0.000000
0.000000
0.000000
0.000000
0.000000
0.000000
0.000000
0.000000
0.000000
0.000000
0.000000
0.000000
0.000000
0.000000
0.000000
0.000000
0.000000
0.000000
0.000000
0.000000
0.000000
0.000000
0.000000
0.000000
0.000000
0.000000
0.000000
0.000000
0.000000
0.000000
0.000000
0.000000
0.000000
0.000000
0.000000
0.000000
0.000000
0.000000
0.000000
0.000000
0.000000
0.000000
0.000000
0.000000
0.000000
0.000000
0.000000
0.000000
0.000000
0.000000
0.000000
0.000000
0.000000
0.000000
0.000000
0.000000
0.000000
0.000000
0.000000
0.000000
0.000000
0.000000
0.000000
0.000000
0.000000
0.000000
0.000000
0.000000
0.000000
0.000000
0.000000
0.000000
0.000000
0.000000
0.000006
0.000015
0.000019
0.000060
0.000000
0.000000
0.000000
0.000000
0.000000
0.000000
0.000000
0.000000
0.000000
0.000000
0.000000
0.000000
0.000000
0.000000
0.000000
0.000000
0.000000
0.000000
0.000000
0.000000
0.000000
0.000000
0.000000
0.000000
0.000000
0.000000
0.000000
0.000000
0.000000
0.000000
0.000000
0.000000
0.000000
0.000000
0.000000
0.000000
0.000000
0.000000
0.000000
0.000000
0.000000
0.000000
0.000000
0.000000
0.000000
0.000000
0.000000
0.000000
0.000000
0.000000
0.000000
0.000000
0.000000
0.000000
0.000000
0.000000
0.000000
0.000000
0.000000
0.000000
0.000000
0.000000
0.000000
0.000000
0.000000
0.000000
0.000000
0.000000
0.000000
0.000000
0.000000
0.000000
0.000000
0.000000
0.000000
0.000000
0.000000
0.000000
0.000000
0.000000
0.000000
0.000000
0.000000
0.000000
0.000000
0.000000
0.000000
0.000000
0.000000
0.000000
0.000000
0.000000
0.000000
0.000000
0.000000
0.000000
0.000000
0.000000
0.000000
0.000000
0.000000
0.000002
0.000002
0.000006
0.000002
0.000003
0.000000
0.000000
0.000000
0.000000
0.000000
0.000000
0.000000
0.000000
0.000000
0.000002
0.000002
0.000182
0.000285
0.000283
0.000316
0.000000
0.000000
0.000000
0.000000
0.000000
0.000000
0.000000
0.000000
0.000000
0.000000
0.000000
0.000000
0.000000
0.000000
0.000000
0.000000
0.000000
0.000000
0.000000
0.000000
0.000000
0.000000
0.000000
0.000000
0.000000
0.000000
0.000000
0.000000
0.000000
0.000000
0.000000
0.000000
0.000000
0.000000
0.000000
0.000000
0.000001
0.000000
0.000000
0.000000
0.000000
0.000000
0.000000
0.000000
0.000000
0.000000
0.000000
0.000000
0.000000
0.000000
0.000000
0.000000
0.000000
0.000000
0.000000
0.000000
0.000002
0.000005
0.000007
0.000000
0.000000
0.000000
0.000000
0.000002
0.000008
0.000002
0.000002
0.000003
0.000000
0.000001
0.000000
0.000000
0.000001
0.000000
0.000001
0.000000
0.000000
0.000000
0.000000
0.000000
0.000000
0.000000
0.000000
0.000000
0.000000
0.000000
0.000000
0.000000
0.000000
0.000000
0.000000
0.000000
0.000000
0.000000
0.000000
0.000000
0.000000
0.000000
0.000000
0.000000
0.000001
0.000006
0.000002
0.000002
0.000002
0.000001
0.000005
0.000000
0.000000
0.000000
0.000000
0.000000
0.000000
0.000000
0.000000
0.000000
0.000000
0.000004
0.000004
0.001966
0.001979
0.001160
0.000000
0.000000
0.000000
0.000000
0.000000
0.000000
0.000000
0.000000
0.000000
0.000000
0.000000
0.000000
0.000000
0.000000
0.000000
0.000000
0.000000
0.000000
0.000000
0.000000
0.000000
0.000000
0.000000
0.000000
0.000000
0.000000
0.000000
0.000000
0.000000
0.000000
0.000000
0.000000
0.000000
0.000000
0.000000
0.000000
0.000000
0.000000
0.000000
0.000000
0.000000
0.000000
0.000000
0.000000
0.000000
0.000000
0.000000
0.000000
0.000000
0.000000
0.000000
0.000000
0.000000
0.000000
0.000000
0.000000
0.000000
0.000000
0.000000
0.000000
0.000000
0.000000
0.000000
0.000000
0.000000
0.000000
0.000000
0.000000
0.000000
0.000000
0.000000
0.000000
0.000000
0.000000
0.000000
0.000000
0.000000
0.000000
0.000000
0.000000
0.000000
0.000000
0.000000
0.000000
0.000000
0.000000
0.000000
0.000000
0.000000
0.000000
0.000000
0.000000
0.000000
0.000000
0.000000
0.000000
0.000000
0.000000
0.000000
0.000000
0.000000
0.000000
0.000000
0.000000
0.000000
0.000000
0.000000
0.000000
0.000000
0.000000
0.000000
0.000000
0.000000
0.000000
0.000000
0.000000
0.000000
0.000000
0.000000
0.000000
0.000000
0.000000
0.000000
0.000000
0.000000
0.000000
0.000000
0.000000
0.000000
0.000000
0.000000
0.000000
0.000000
0.000000
0.000000
0.000000
0.000000
0.000000
0.000000
0.000000
0.000000
0.000000
0.000000
0.000115
0.000008
0.000004
0.000003
0.000003
0.000002
0.000000
0.000000
0.000009
0.000008
0.000001
0.000001
0.000000
0.000000
0.000003
0.000000
0.000000
0.000000
0.000000
0.000000
0.000000
0.000000
0.000000
0.000000
0.000000
0.000000
0.000000
0.000000
0.000000
0.000000
0.000000
0.000000
0.000000
0.000000
0.000000
0.000000
0.000005
0.000003
0.000010
0.000013
0.000005
0.000003
0.000005
0.000000
0.000000
0.000000
0.000000
0.000000
0.000000
0.000000
0.000000
0.000000
0.000000
0.000000
0.000000
0.000000
0.000000
0.000000
0.000000
0.000000
0.000000
0.000000
0.000000
0.000000
0.000000
0.000000
0.000000
0.000000
0.000000
0.000000
0.000000
0.000000
0.000000
0.000000
0.000000
0.000000
0.000000
0.000000
0.000000
0.000000
0.000000
0.000000
0.000000
0.000000
0.000000
0.000000
0.000000
0.000000
0.000000
0.000000
0.000000
0.000000
0.000000
0.000000
0.000000
0.000000
0.000000
0.000000
0.000000
0.000000
0.000000
0.000000
0.000000
0.000000
0.000000
0.000000
0.000000
0.000000
0.000000
0.000000
0.000000
0.000000
0.000000
0.000000
0.000000
0.000000
0.000000
0.000000
0.000000
0.000000
0.000000
0.000000
0.000000
0.000000
0.000000
0.000000
0.000000
0.000000
0.000000
0.000000
0.000000
0.000000
0.000000
0.000000
0.000000
0.000000
0.000000
0.000000
0.000000
0.000000
0.000000
0.000000
0.000000
0.000000
0.000008
0.000015
0.001903
0.007680
0.007410
0.000267
0.000234
0.000215
0.000028
0.000000
0.000000
0.000000
0.000000
0.000000
0.000000
0.000000
0.000000
0.000000
0.000000
0.000000
0.000000
0.000000
0.000000
0.000000
0.000000
0.000000
0.000000
0.000000
0.000000
0.000000
0.000000
0.000000
0.000000
0.000000
0.000000
0.000000
0.000000
0.000000
0.000000
0.000000
0.000000
0.000000
0.000000
0.000000
0.000000
0.000000
0.000000
0.000000
0.000000
0.000000
0.000000
0.000000
0.000000
0.000000
0.000000
0.000000
0.000393
0.000403
0.000475
0.000470
0.000560
0.000537
0.011690
0.011732
0.000000
0.000000
0.000000
0.000000
0.000000
0.000000
0.000000
0.000000
0.000000
0.000000
0.000000
0.000000
0.000000
0.000000
0.000000
0.000000
0.000000
0.000000
0.000000
0.000000
0.000000
0.000000
0.000000
0.000000
0.000082
0.000080
0.000000
0.000000
0.000000
0.000000
0.000000
0.000003
0.000004
0.000003
0.000002
0.000002
0.000002
0.000002
0.000008
0.000033
0.000031
0.000006
0.000004
0.000007
0.000007
0.000014
0.000129
0.000131
0.000017
0.000004
0.000008
0.000004
0.000003
0.000002
0.000004
0.000003
0.000004
0.000003
0.000010
0.000040
0.000062
0.000011
0.000005
0.000007
0.000011
0.000018
0.000013
0.000021
0.000028
0.000000
0.000019
0.000020
0.000033
0.000026
0.000027
0.000178
0.000000
0.000000
0.000000
0.000000
0.000000
0.000000
0.000000
0.000000
0.000000
0.000000
0.000000
0.000000
0.000000
0.000000
0.000000
0.000000
0.000000
0.000000
0.000000
0.000000
0.000000
0.000000
0.000000
0.000000
0.000000
0.000000
0.000000
0.000000
0.000000
0.000000
0.000000
0.000000
0.000000
0.000000
0.000000
0.000000
0.000000
0.000000
0.000000
0.000000
0.000000
0.000000
0.000000
0.000000
0.000000
0.000000
0.000000
0.000000
0.000000
0.000000
0.000000
0.000000
0.000000
0.000000
0.000000
0.000000
0.000000
0.000000
0.000000
0.000000
0.000000
0.000000
0.000000
0.000000
0.000000
0.000000
0.000000
0.000000
0.000000
0.000000
0.000000
0.000000
0.000000
0.000000
0.000000
0.000000
0.000000
0.000000
0.000000
0.000000
0.000000
0.000000
0.000000
0.000000
0.000000
0.000000
0.000000
0.000000
0.000000
0.000000
0.000000
0.000000
0.000000
0.000000
0.000000
0.000000
0.000000
0.000000
0.000000
0.000000
0.000000
0.000000
0.000000
0.000000
0.000000
0.000000
0.000000
0.000000
0.000000
0.000000
0.000000
0.000000
0.000000
0.000000
0.000000
0.000000
0.000000
0.000000
0.000000
0.000000
0.000000
0.000000
0.000000
0.000000
0.000000
0.000000
0.000000
0.000000
0.000000
0.000000
0.000000
0.000000
0.000000
0.000000
0.000000
0.000000
0.000000
0.000000
0.000000
0.000000
0.000000
0.000000
0.000000
0.000000
0.000000
0.000000
0.000000
0.000000
0.000000
0.000000
0.000000
0.000000
0.000000
0.000000
0.000000
0.000000
0.000000
0.000000
0.000000
0.000000
0.000000
0.000000
0.000000
0.000000
0.000000
0.000000
0.000000
0.000000
0.000000
0.000000
0.000000
0.000000
0.000000
0.000000
0.000000
0.000000
0.000000
0.000000
0.000000
0.000000
0.000000
0.000000
0.000000
0.000000
0.000000
0.000000
0.000000
0.000000
0.000000
0.000000
0.000000
0.000000
0.000000
0.000000
0.000000
0.000000
0.000000
0.000000
0.000000
0.000000
0.000000
0.000000
0.000000
0.000000
0.000000
0.000000
0.000000
0.000000
0.000000
0.000000
0.000000
0.000000
0.000000
0.000000
0.000000
0.000000
0.000000
0.000000
0.000000
0.000000
0.000000
0.000000
0.000000
0.000000
0.000000
0.000000
0.000000
0.000000
0.000000
0.000000
0.000000
0.000000
0.000000
0.000000
0.000000
0.000000
0.000000
0.000000
0.000000
0.000000
0.000000
0.000000
0.000000
0.000000
0.000000
0.000000
0.000000
0.000000
0.000000
0.000000
0.000000
0.000000
0.000000
0.000000
0.000000
0.000000
0.000000
0.000000
0.000000
0.000000
0.000000
0.000000
0.000000
0.000000
0.000000
0.000000
0.000000
0.000000
0.000000
0.000000
0.000000
0.000000
0.000000
0.000000
0.000000
0.000000
0.000000
0.000000
0.000000
0.000000
0.000000
0.000000
0.000000
0.000000
0.000000
0.000000
0.000000
0.000002
0.000000
0.000000
0.000000
0.000000
0.000000
0.000000
0.000000
0.000000
0.000000
0.000000
0.000000
0.000000
0.000000
0.000000
0.000000
0.000000
0.000000
0.000000
0.000000
0.000000
0.000000
0.000000
0.000000
0.000000
0.000000
0.000000
0.000000
0.000000
0.000000
0.000000
0.000000
0.000000
0.000000
0.000000
0.000000
0.000000
0.000000
0.000000
0.000000
0.000000
0.000000
0.000000
0.000000
0.000000
0.000000
0.000000
0.000000
0.000000
0.000000
0.000000
0.000000
0.000000
0.000000
0.000000
0.000000
0.000000
0.000000
0.000000
0.000000
0.000000
0.000000
0.000001
0.000000
0.000000
0.000000
0.000000
0.000000
0.000000
0.000000
0.000000
0.000000
0.000001
0.000000
0.000000
0.000000
0.000000
0.000000
0.000000
0.000000
0.000000
0.000000
0.000000
0.000000
0.000011
0.000007
0.000002
0.000002
0.000000
0.000000
0.000000
0.000000
0.000000
0.000003
0.000002
0.000001
0.000007
0.000006
0.000001
0.000001
0.000000
0.000000
0.000000
0.000001
0.000001
0.000000
0.000000
0.000000
0.000000
0.000000
0.000000
0.000001
0.000001
0.000002
0.000002
0.000002
0.000007
0.000002
0.000001
0.000002
0.000002
0.000001
0.000001
0.000001
0.000001
0.000001
0.000001
0.000016
0.000007
0.000006
0.000003
0.000002
0.000003
0.000001
0.000001
0.000002
0.000001
0.000001
0.000002
0.000002
0.000001
0.000002
0.000002
0.000002
0.000002
0.000004
0.000002
0.000001
0.000001
0.000004
0.000006
0.000005
0.000005
0.000004
0.000008
0.000005
0.000009
0.000007
0.000009
0.000011
0.000012
0.000011
0.000009
0.000242
0.000262
0.000210
0.000221
0.000004
0.000005
0.000011
0.000012
0.000010
0.000010
0.000006
0.000009
0.000027
0.000012
0.000010
0.000015
0.000014
0.000009
0.000011
0.000021
0.000015
0.000048
0.000133
0.000110
0.000832
0.024403
0.026397
0.005553
0.051978
0.056358
0.060687
0.072651
0.125452
0.146549
0.169518
0.226780
0.689582
2.657321
2.497192
0.084832
3.330068
3.654284
3.885081
4.469295
4.596157
4.745365
4.836836
4.881779
4.889860
4.908208
4.931500
4.925975
4.926129
4.922739
4.918083
4.803216
4.654510
0.082204
4.555162
4.582914
4.591618
4.590076
4.532528
4.833331
4.896763
4.974135
5.065098
5.087467
5.100688
5.106909
5.114409
5.113255
5.116808
5.123390
5.119601
5.118185
5.119792
5.121394
5.106439
5.032954
5.071631
5.108460
5.129132
5.221995
5.213562
5.204134
5.202032
5.198036
5.170700
5.094646
5.059920
5.031151
0.004585
0.003340
0.023469
0.023603
0.024046
0.023150
0.023312
0.000705
0.000751
0.000776
4.997219
5.062997
5.102237
5.097735
0.001964
0.001780
0.001853
0.000871
5.065906
5.067738
5.069286
5.070385
5.069877
5.070021
5.071293
5.073973
5.145199
5.162793
5.153619
5.139011
5.075774
4.963094
4.747132
4.205648
0.001953
0.000612
0.000368
0.000226
0.000195
0.000058
0.000078
0.000124
0.000053
0.000028
0.000008
0.000008
0.000008
0.000009
0.000021
0.000025
0.000050
0.000077
0.000149
0.000277
0.000466
4.322414
4.748398
4.974650
5.051464
5.309508
5.381140
5.433039
5.497410
5.557593
5.600799
5.634102
5.733653
5.872280
5.881879
5.879265
5.878650
5.868372
5.847180
5.830639
5.762362
5.709560
5.636793
5.312490
0.023871
5.185570
5.018353
5.352924
5.482562
5.720855
5.800861
5.817823
5.836560
5.849719
5.874824
5.882026
6.161109
6.178492
6.185456
6.193141
6.202952
6.207982
6.211295
6.213081
6.213072
6.213228
6.212890
6.167629
5.990467
5.463980
0.094340
0.088215
0.048282
4.790460
4.464606
4.047309
3.798461
1.381806
5.636517
5.800580
5.916600
5.990806
5.998031
5.989773
5.968495
5.939104
5.944250
5.842361
0.223353
5.805542
5.934546
5.977385
5.898806
5.521734
0.542475
4.733462
5.145180
0.047787
5.365500
5.607672
5.933849
6.049208
6.132022
6.265508
6.371004
6.387333
6.390872
6.390137
6.384119
6.372557
6.358128
6.356122
6.342048
6.326582
6.325229
6.301475
6.200742
6.000476
0.482199
0.135589
0.002153
0.001743
0.001566
0.001504
0.001485
0.001650
0.125996
5.593874
5.873013
5.991125
6.104806
6.232240
6.300644
6.350111
6.300766
6.273897
0.063525
0.072951
0.084174
6.588428
6.618579
6.622634
6.622425
6.621292
6.621366
6.622676
6.624001
6.623821
6.622394
6.796903
6.801872
6.815248
6.816752
6.818733
6.820291
6.816398
6.770384
6.728404
6.659797
6.577768
6.481691
6.380104
6.271197
5.986203
5.682601
4.825491
4.547547
4.290444
0.180662
0.193527
4.026679
0.008265
3.724124
4.087026
0.012151
3.886935
3.414885
3.456885
3.499711
0.100339
3.277702
3.460812
4.154817
0.000637
0.001265
0.002675
0.006074
0.007302
0.009814
4.731937
5.202291
5.832930
6.143080
6.297655
6.426787
6.567630
6.667105
6.720235
6.767043
6.784113
6.806094
6.827865
6.864131
6.873513
6.875362
6.876697
6.877035
6.877033
6.876965
6.876273
6.871386
6.867335
6.865039
6.863624
6.901748
6.873615
0.117863
6.815022
6.939781
6.935451
6.817038
6.892625
6.985569
7.006087
7.013226
7.015815
7.016476
7.015202
7.015307
7.016744
7.014819
7.005219
7.243871
7.239846
7.233337
7.227227
7.220895
7.235235
7.250106
7.275493
7.288747
7.303734
7.313060
7.315047
7.316727
7.316351
7.308071
7.278317
7.257658
7.243427
7.209689
7.191476
7.185183
7.175092
7.105297
0.068586
7.003974
7.031245
6.946193
7.205081
7.242824
7.275892
7.280301
7.283610
7.284482
7.290924
7.291092
7.291295
7.291181
7.290988
7.290827
7.289142
7.282789
7.273377
0.153905
6.896075
6.968530
7.055724
7.174203
7.257501
7.264160
7.273640
7.282185
7.283249
7.280308
7.279565
7.280382
7.279559
7.278963
7.279899
7.279018
7.274500
7.273204
7.271488
7.261803
0.054703
7.089535
7.146333
7.191855
7.236725
7.345169
7.410976
7.444176
7.493336
7.517798
7.530651
7.541057
7.548425
7.549268
7.549362
7.549421
7.549227
7.548988
7.548601
7.548458
7.548834
7.549196
7.549259
7.549116
7.548983
7.549161
7.549367
7.549394
7.549103
7.548837
7.548922
7.547722
7.546116
7.542887
7.541479
7.541111
7.541472
7.544674
7.538823
7.536190
7.536944
7.537756
7.537225
7.539316
7.589573
7.597346
7.601419
7.605422
7.599305
7.579200
7.462962
7.344885
0.106719
7.338987
0.200319
6.874265
0.268584
0.068746
6.827030
7.261501
7.382988
7.446038
7.492020
7.493306
7.490980
7.253791
7.253888
7.253181
7.253009
7.252540
7.252319
7.252563
7.252825
7.253078
7.252766
7.252562
7.510302
7.511035
7.509090
7.508992
7.504797
7.498745
7.492796
7.459670
7.633602
7.478191
7.246759
0.134565
7.428291
7.569651
0.029074
0.032090
7.708221
7.744902
7.791858
7.796126
7.805525
7.817102
7.841348
7.851425
7.853627
7.859575
7.872683
7.890651
7.908757
7.932060
7.972506
7.981216
7.992664
8.005468
8.033341
8.044433
8.070560
8.071166
8.001839
7.947331
7.920811
7.894833
7.880202
7.851329
7.842699
7.841289
7.841809
7.835641
0.000778
0.000532
0.000433
0.000169
0.000070
0.000050
0.000047
0.000037
0.000036
0.000011
0.000014
0.000291
0.000092
0.000029
0.000010
0.000006
0.000045
0.000066
0.000024
0.000014
0.000033
0.000042
0.000074
0.000008
0.000006
0.000007
0.000007
0.000017
0.000008
0.000009
0.000025
0.000069
0.000550
0.000042
0.000007
0.000006
0.000006
0.000037
0.000032
0.000007
0.000005
0.000024
0.000028
0.000059
0.000080
0.000074
0.001440
0.000332
0.000022
0.000066
0.000104
0.000325
0.001853
0.002320
7.820573
7.819615
7.860679
0.000487
0.000366
0.000251
0.000265
0.000265
0.000264
7.880270
7.897475
7.925478
7.964313
8.000372
8.022949
8.039356
8.081970
8.092461
8.091185
8.087287
0.000138
0.000122
0.000063
0.000037
0.000038
0.000015
0.000015
0.000005
0.000004
0.000006
0.000040
0.000038
0.000033
0.000074
0.000077
0.000133
0.000128
0.000154
0.000333
0.000018
0.000014
0.000003
0.000018
0.000012
0.000016
0.000020
0.000045
0.000035
0.000020
0.000050
0.000061
0.000016
0.000004
0.000004
0.000006
0.000003
0.000003
0.000018
0.000019
0.000004
0.000007
0.000050
0.000014
0.000023
0.000009
0.000220
0.000221
0.000116
0.000109
0.000124
8.064008
8.015826
7.890605
7.891214
7.884141
7.883589
0.001411
0.001449
0.001862
0.012431
7.975253
8.002848
8.009187
7.983917
7.957310
7.936353
7.913782
7.894329
7.875776
7.854024
7.839706
7.825282
7.807122
7.796632
7.768335
0.000963
0.000496
0.000356
0.000091
0.000119
0.000099
0.000051
0.000207
0.000189
0.000049
0.000013
0.000010
0.000005
0.000031
0.000026
0.000019
0.000826
0.000127
0.000015
0.000015
0.000016
0.000005
0.000194
0.000150
0.000082
0.000113
0.000092
0.000035
0.000049
0.000048
0.000055
0.000074
0.000127
0.000200
7.667038
7.626583
7.598003
7.567852
7.544549
7.518979
7.235091
6.961989
6.600896
6.283879
5.599169
0.015689
0.011592
0.009013
4.732567
4.195946
0.421530
0.042462
0.010962
0.000176
0.000078
0.000061
0.000024
0.000016
0.000009
0.000005
0.000004
0.000011
0.000104
0.000051
0.000037
0.000035
0.000023
0.000021
0.000005
0.000002
0.000003
0.000004
0.000003
0.000004
0.000006
0.000006
0.000008
0.000010
0.000023
0.000020
0.000302
0.000280
0.000246
0.000169
0.000194
0.000200
0.001087
0.000160
0.000216
0.000270
0.000179
0.000178
0.000006
0.000008
0.000009
0.000009
0.000005
0.000006
0.000008
0.000008
0.000006
0.000008
0.000007
0.000021
0.000019
0.000018
0.000017
0.000012
0.000010
0.000023
0.000020
0.000011
0.000012
0.000007
0.000009
0.000014
0.000011
0.000010
0.000006
0.000005
0.000003
0.000002
0.000004
0.000004
0.000004
0.000005
0.000005
0.000008
0.000015
0.000011
0.000015
0.000017
0.000008
0.000007
0.000008
0.000006
0.000008
0.000008
0.000015
0.000018
0.000018
0.000026
0.000055
0.000071
0.137325
0.150858
0.094474
2.418545
2.227291
0.000314
0.000659
0.140159
3.671990
4.351273
5.149041
5.934238
6.597252
7.029292
7.475234
7.763077
8.225890
8.342530
8.383616
8.412224
8.422803
8.427858
8.426898
8.425570
8.416151
8.403958
8.392288
8.358777
8.342733
8.338856
8.339682
8.312316
8.282768
8.230039
7.810362
7.641736
0.135871
6.964681
7.061110
7.304830
7.413843
7.614344
7.678046
7.744576
7.899311
7.908813
8.177292
8.297402
8.314356
8.325531
8.321052
8.304528
8.299183
8.289199
0.096847
8.274319
8.305656
8.309455
8.371160
8.361700
8.219115
8.040472
7.922408
7.812487
7.508410
7.205853
7.212748
0.023019
6.368510
5.875247
5.107417
0.016770
0.002359
0.001720
0.001338
0.001248
0.001141
0.001093
0.001090
0.801129
0.220136
0.017338
0.014217
0.018568
1.728433
6.622505
0.034284
7.776188
8.417880
8.633666
8.864846
8.949970
8.974345
9.000303
9.009342
9.013754
9.015281
9.021820
9.031424
9.032292
9.031462
9.030403
9.016855
8.985542
8.941405
8.903847
8.837578
8.408476
0.447151
0.153315
7.906725
8.066278
8.200698
8.255486
8.316337
8.139765
8.404686
8.732373
8.969064
9.026198
9.035869
9.052376
9.092844
9.101155
9.107164
9.109619
9.114317
9.115872
9.095239
9.018550
8.956082
8.889800
8.762939
8.976601
9.030682
9.045068
0.103514
8.952519
9.065670
9.078646
9.080504
9.073697
9.066019
8.980613
8.383513
8.276476
8.274597
8.268226
8.263068
8.240702
8.207725
7.915152
7.639372
7.406509
7.794070
7.920761
8.035878
8.058325
8.089089
8.091022
8.094250
8.051596
8.046594
8.038188
8.025312
7.996539
7.951877
0.001966
0.001045
0.000635
0.000565
0.000607
0.000622
0.000590
0.000632
0.000249
0.000408
0.000426
7.912394
7.922304
7.950699
7.989285
7.990828
7.918078
8.526282
8.612985
8.655829
8.647546
8.635361
8.618051
8.586495
0.021209
0.006325
0.004793
0.002962
0.002756
0.002686
8.331004
8.332962
8.325116
8.327650
0.009098
0.004709
0.001919
0.000394
0.000104
0.000057
0.000020
0.000015
0.000015
0.000016
0.000017
0.000017
0.000020
0.000111
8.045372
8.050978
8.052648
8.052943
8.028956
8.025372
8.035621
8.175665
8.083267
8.163031
8.288242
8.459466
8.460705
8.450559
8.238934
6.869776
5.694612
4.891563
1.451317
1.272499
0.026497
0.008689
0.003922
0.003905
0.007561
0.009805
0.011547
0.042757
1.325314
1.950403
2.174577
5.257203
6.339527
6.943750
7.571356
7.766887
8.030814
8.105833
8.203178
8.288806
8.441535
8.512015
8.608154
8.636381
8.588933
8.585672
8.543155
8.493418
8.401642
8.282317
8.219741
8.128127
8.041566
7.959495
0.320050
7.366196
7.487243
7.751099
8.010760
8.098769
8.109116
8.118597
8.140506
8.137149
8.132943
8.132844
8.061550
7.961542
7.904719
7.853194
7.815549
7.746532
7.634070
7.537421
7.310055
7.124408
6.895901
6.653751
5.973834
5.241690
4.569335
4.090979
0.125376
2.175846
2.369197
0.044674
1.649487
3.455016
0.030708
5.638547
6.189893
6.660758
7.197233
7.601280
7.868706
0.008061
0.009424
0.009741
0.011481
7.978346
8.112918
8.279041
8.490455
8.588413
8.599745
8.610355
8.632254
8.662633
8.662888
8.652255
8.645671
8.629100
8.613540
8.604180
8.598951
8.570134
8.421923
8.506517
8.592118
8.620653
8.644896
8.664099
8.659768
8.657559
8.658845
8.660857
8.658843
8.648295
8.629498
0.014063
0.014368
0.017331
0.020709
0.050011
8.821634
8.587988
8.343025
8.351683
8.727056
8.778018
8.818130
8.827682
8.836034
8.855137
8.867092
8.874322
8.889394
8.890539
8.894666
8.877798
8.866073
8.863813
8.868465
8.870091
8.883008
8.889350
8.894249
8.903150
8.909622
8.912324
8.910343
8.287042
8.286164
8.286125
8.287519
8.287292
8.286562
8.286152
8.287065
8.286801
8.285697
8.286543
8.289101
8.288943
8.288239
8.288420
8.287475
8.287130
8.287438
8.288194
8.289170
8.289496
8.289855
8.289577
8.289112
8.289083
8.289028
8.287126
8.270061
8.228516
8.178236
8.133641
0.001307
0.000520
0.000269
0.000189
0.000088
0.000053
0.000054
0.000056
0.000074
0.000087
0.000097
0.000402
0.000581
0.001279
8.033979
8.052426
7.833694
7.839577
7.802370
7.625804
7.399965
0.032423
0.024198
7.222590
7.148119
7.035939
6.913652
6.654864
6.299284
0.108301
6.064972
6.228519
6.333565
6.446495
6.617822
6.828167
7.048277
7.136801
7.059429
7.060758
0.000042
0.000027
0.000011
0.000008
0.000003
0.000002
0.000003
0.000001
0.000002
0.000005
0.000002
0.000001
0.000001
0.000001
0.000001
0.000000
0.000001
0.000000
0.000001
0.000001
0.000001
0.000002
0.000002
0.000002
0.000005
0.000008
0.000017
0.000075
0.000126
0.000280
7.259291
6.692257
6.724564
6.657674
6.421307
6.413813
6.400091
6.679876
6.697214
6.708763
6.750828
6.766206
6.763299
6.858056
6.906753
6.942650
6.947992
6.954223
6.952496
6.951808
6.950274
6.949152
6.948675
6.948322
7.124312
7.125474
7.126441
7.126837
7.124246
7.123963
7.122841
7.120812
7.119394
7.117604
7.115956
7.117115
7.120360
7.121443
7.121129
7.121108
7.121719
7.121328
7.121330
7.118521
7.115466
7.114048
7.115951
7.116711
7.113155
7.108473
7.108765
7.112329
7.117638
7.117675
7.120110
7.205806
7.207930
7.152773
7.149960
7.147411
7.144859
7.143152
7.142838
7.120384
7.116462
7.111726
7.105426
7.094706
7.091768
7.095168
7.092735
7.080308
7.060804
6.978661
7.038330
7.058976
7.067183
7.059537
7.025212
6.983400
6.924734
7.047386
7.058605
7.077246
7.090985
7.095301
7.095137
7.098588
7.093893
7.089811
7.087268
7.091003
7.094482
7.094585
7.101004
7.106885
7.099555
7.056567
7.020406
6.961165
0.004026
0.003654
0.003434
0.003289
0.003236
0.003316
0.003879
0.008493
6.875880
6.857117
6.836769
6.708465
6.704575
6.702090
6.732264
6.679657
6.666263
6.670419
6.674093
6.679564
6.680933
6.661413
6.650909
6.637378
6.605399
6.515071
6.413576
6.264410
5.952602
5.677504
0.018528
0.007862
0.006580
0.004593
0.004389
5.358023
5.146345
4.901830
4.477076
0.012839
0.011656
0.010427
4.087421
3.731614
3.322485
0.882993
0.766745
0.001268
0.000941
0.000607
0.000714
0.004255
0.033358
0.203849
0.377071
0.535590
0.634436
2.957658
3.348873
3.644119
3.944485
4.333525
4.761736
5.019158
5.307922
5.557437
5.728028
5.827037
5.923425
6.029624
6.138496
6.283275
6.389475
6.443275
6.471576
6.498831
6.510742
6.520597
6.524348
6.537595
6.561645
6.581250
6.594300
6.597612
6.590102
6.615654
6.639642
6.640679
6.640217
6.629708
6.628910
6.629341
6.630188
6.694445
6.695040
6.694990
6.694590
6.694564
6.693100
6.687492
6.676800
6.620991
6.381587
6.379508
6.375746
6.369838
6.357838
6.345641
6.327089
6.497913
6.554700
6.549113
6.542484
6.541616
6.533547
6.563558
6.569192
6.561883
6.533671
6.480745
6.394906
6.337738
0.097466
6.294890
6.342345
6.383631
6.408563
6.413461
6.383598
6.307998
6.585494
6.639427
6.704000
6.810200
6.864459
6.885940
6.899474
6.913318
6.917553
6.907587
6.900711
6.890109
6.828792
0.134843
6.770897
6.861261
6.897776
6.899826
6.907084
6.927930
6.933068
6.933942
6.933983
6.933953
6.934257
6.933542
6.931356
6.924255
6.914515
6.906005
6.893890
6.890085
6.698464
6.614612
6.477338
6.261829
5.759454
5.336241
4.921575
4.631003
4.299347
3.638124
3.185254
2.827008
2.426426
2.078694
0.012746
0.017657
1.701591
1.559293
1.153394
0.694311
0.020800
0.010539
0.034540
0.031941
0.032092
0.007780
0.000161
0.000153
0.000196
0.000203
0.000280
0.023499
0.022159
0.021383
0.028309
0.027722
0.027817
0.027260
0.027664
0.027115
0.027470
0.068058
0.001299
0.189861
0.375138
1.009765
1.189480
1.422686
1.824810
1.895405
1.887908
1.790162
0.175672
0.042780
0.012635
0.000060
0.000038
0.000017
0.000010
0.000021
0.000028
0.000953
0.001014
0.001109
0.007018
0.007276
0.007382
0.007520
0.041818
