0.004747
0.020842
0.020474
0.020033
0.020004
0.019857
0.019791
0.003001
0.002786
0.002704
0.000100
0.000081
0.000077
0.000073
0.000350
0.000434
0.000366
0.000341
0.000427
0.000011
0.000005
0.000033
0.000025
0.000020
0.000031
0.000038
0.000546
0.036220
2.426288
2.321553
2.072257
0.177299
0.145224
0.108612
0.000219
0.000248
0.000171
0.000164
0.000594
0.000080
0.000110
0.000053
0.000037
0.000036
0.000059
0.000140
0.000246
0.000413
0.001169
0.005155
0.056843
0.503181
1.309748
1.639437
1.952137
2.014316
2.080257
2.239910
2.354128
2.453429
2.510984
2.585753
0.005004
0.005767
0.006025
2.576315
2.542852
2.485073
2.366530
0.127613
0.082306
2.373661
2.506211
2.644630
2.963760
3.266879
3.429529
3.490384
3.537198
3.530640
3.528665
3.525792
3.531267
3.538051
3.518552
3.499862
3.480765
3.451485
3.439110
3.426122
3.429069
3.423814
3.413240
3.353830
3.526000
3.566862
3.578001
3.577088
3.575989
3.536460
3.501766
3.474820
3.433379
3.389306
3.368517
3.351695
3.244678
3.132306
2.957932
2.736751
2.513592
2.282732
1.854396
1.683495
0.155560
0.295691
0.648931
2.134951
2.381723
2.634989
2.842882
3.270186
3.382840
3.474885
3.498552
3.529447
3.566988
3.960688
4.007210
4.056400
4.099761
4.141990
4.162638
4.164754
4.168194
4.171412
4.177093
4.187325
4.186619
4.187839
4.194935
4.203319
4.196404
4.184895
4.097530
4.007499
3.928631
3.793857
0.113850
4.105908
4.159520
4.210136
4.233021
4.243094
4.252522
4.248568
4.242006
4.236444
4.212465
4.036706
3.832147
3.633618
3.426246
3.213909
2.730558
0.410467
3.127343
3.339668
3.535085
3.796563
3.873832
3.949675
4.000468
3.957047
3.863932
3.840622
3.825547
3.821892
3.787461
3.692921
3.621847
3.569839
3.451563
3.261612
3.071633
0.033751
2.892406
2.632367
2.384935
1.598857
0.020762
0.019794
0.012356
0.006635
0.006213
0.006027
0.006044
0.005873
0.024943
0.023027
0.008879
0.008459
0.008810
1.539586
1.582741
1.585112
1.558473
1.501761
0.167281
0.149523
0.164511
0.038439
0.255603
1.216506
1.277474
1.358144
1.652625
1.715839
1.791362
1.846905
1.900680
1.951082
2.011908
2.007290
2.001900
2.009837
2.006295
0.003441
1.896479
1.847278
1.772031
1.694961
0.295824
0.276915
0.269391
0.258390
0.904448
0.876681
0.000601
0.000366
0.000412
0.003582
0.003635
0.004112
0.004579
0.004971
0.005434
0.005829
0.006113
0.005877
0.004497
0.003912
0.000059
0.000035
0.000113
0.000031
0.000024
0.000045
0.000042
0.000058
0.000051
0.000055
0.000064
0.000085
0.000496
0.003154
0.510377
0.515832
0.526538
0.512854
0.514207
0.136436
0.891327
1.493867
3.213421
3.428819
3.621495
3.911182
4.110058
4.081164
4.054036
3.997853
3.959369
3.960322
3.929711
3.892434
3.846308
3.767902
3.715131
3.680052
3.660571
3.595556
3.559441
3.523607
3.500781
3.453081
3.409029
3.374855
3.318028
3.258783
3.178386
3.110201
2.732921
2.630837
1.987411
1.558311
0.006453
0.000462
0.000353
0.000231
0.000148
0.000093
0.000102
0.034442
0.034396
0.032860
0.033093
0.032626
0.032436
0.032720
0.002989
0.008820
2.311985
2.544291
2.826907
3.560517
3.862653
4.155231
4.212098
4.227990
4.231191
4.240297
4.230840
4.207168
4.148066
4.108235
4.096843
3.936616
3.721518
3.472110
3.370265
3.061670
2.607403
2.331951
2.085238
1.868931
1.358028
1.257053
0.373835
0.170269
0.118960
0.114783
0.110286
0.005593
0.064605
0.540123
1.049487
1.373274
1.605904
2.632614
3.051988
3.457043
3.966167
4.175300
4.298806
4.431060
4.599827
4.623315
4.644810
4.678143
4.674833
4.675977
4.682643
4.681198
4.686923
4.706260
4.714210
4.715996
4.718081
4.723318
4.723385
4.723312
4.722870
4.722860
4.723216
4.723175
4.723221
4.723130
4.723006
4.723134
4.722434
4.722342
4.723028
4.722688
4.721782
0.000003
0.000002
0.000001
0.000003
0.000002
0.000001
4.721234
4.717595
4.673871
4.509177
0.036894
0.035613
0.037541
4.110311
3.806150
3.523512
3.268733
3.054599
0.126086
0.120654
0.119361
0.112508
0.036866
0.001026
0.001459
0.002509
0.073660
0.079276
0.088852
0.225744
3.323759
3.594669
3.949230
4.487293
4.642477
4.656374
4.666205
4.684583
4.672534
0.069240
4.237751
4.272818
4.327775
4.361955
4.393847
4.364773
4.334316
4.315357
4.307686
4.300640
4.291929
4.285271
4.280932
4.266267
4.242839
0.000000
0.000000
0.000501
0.000246
0.000144
0.000063
0.000032
0.000019
0.000016
0.000237
0.000150
0.000058
0.000044
0.000084
0.000037
0.000023
0.000123
0.000083
0.000030
0.000023
0.000040
0.000025
0.000017
0.000082
0.000148
0.000194
0.000400
0.005920
0.007705
0.012688
4.284083
0.061889
0.000000
0.000000
0.000001
0.062473
0.064378
4.646928
4.709908
4.722447
4.723103
4.723291
4.723283
4.722582
4.722146
4.722473
4.723284
4.723294
4.723308
4.732164
4.732073
4.732398
4.732716
4.732592
4.732127
4.730341
4.729397
4.720655
4.686106
4.621592
4.594033
4.572742
4.818965
4.781915
4.761017
4.717600
4.644062
4.586663
4.477172
3.967838
3.629312
3.327062
0.246177
1.487837
2.023330
2.573185
3.040887
3.378922
0.007333
3.914425
4.318438
4.386398
4.450284
4.515148
4.490815
4.394647
4.268743
0.157231
3.831811
3.949014
4.081728
4.283672
4.533120
4.611347
4.667386
4.684004
4.690911
4.694036
4.698281
4.710234
4.729471
4.736150
4.746458
4.705482
4.689993
4.665225
4.584928
4.484752
4.313731
4.185748
4.050754
3.979143
3.729889
3.525607
3.245188
3.024984
2.935138
2.847581
2.691910
0.020848
0.019166
2.397137
2.157581
1.877037
1.692723
0.020212
1.356049
1.287823
1.226511
1.145687
1.035668
0.940257
0.804324
0.693881
0.519464
0.363122
0.304626
0.140441
0.124601
0.110982
0.069857
0.022416
0.001031
0.159307
0.167580
0.202839
0.271115
0.293379
0.480841
0.508857
0.562945
0.642302
0.688366
0.652360
0.650372
0.603640
0.572205
0.429670
0.405338
0.290101
0.235340
0.226866
0.197232
0.191149
0.042413
0.041818
0.023167
0.002809
0.005822
0.002869
0.002718
0.002483
0.002223
0.000055
0.000074
0.000087
0.000453
0.000029
0.000141
0.000038
0.000026
0.000022
0.000023
0.000031
0.000245
0.000126
0.000157
0.000092
0.000024
0.000029
0.000022
0.000008
0.000013
0.000009
0.000015
0.000018
0.000014
0.000033
0.000077
0.000056
0.000051
0.000082
0.000061
0.000069
0.000087
0.000104
0.005333
0.010068
0.010965
0.042974
0.047582
0.077320
0.084535
0.088108
0.118583
0.116717
0.133194
0.154115
0.158805
0.299691
0.304655
0.309078
0.316548
0.321231
0.315414
0.310867
0.308898
0.307643
0.299892
0.269341
0.260987
0.055635
0.050699
0.053436
0.051334
0.047292
0.031798
0.031309
0.029700
0.029013
0.018780
0.001381
0.096955
0.103648
0.049403
0.028528
0.002287
0.000441
0.000486
0.001433
0.011226
0.057114
0.063363
0.067128
0.068376
0.069674
0.062079
0.063942
0.052568
0.035118
0.008877
0.008543
0.008090
0.007263
0.002435
0.003211
0.004278
0.003856
0.004035
0.003938
0.000454
0.000712
0.030402
0.033143
0.034608
0.035459
0.078827
0.088850
0.103318
0.137834
0.151593
0.151704
0.155011
0.150314
0.144128
0.001392
0.094656
0.102141
0.107550
0.110625
0.112702
0.115402
0.198136
0.189492
0.179325
0.173481
0.172597
0.163288
0.141076
0.119581
0.116296
0.000294
0.000408
0.000476
0.004920
0.005787
0.037014
0.041084
0.047088
0.057151
0.062242
0.092410
0.091988
0.089932
0.087217
0.085950
0.084427
0.084929
0.081541
0.041036
0.055750
0.264461
0.272715
0.281501
0.279383
0.271270
0.232343
0.193781
0.176058
0.108295
0.104042
0.098911
0.094134
0.088271
0.080199
0.062462
0.059830
0.054640
0.043358
0.043509
0.041146
0.008056
0.000058
0.000615
0.002013
0.008035
0.011902
0.012229
0.015933
0.028475
0.049286
0.053616
0.060222
0.074207
0.086111
0.093616
0.100173
0.001241
0.017914
0.617072
0.704634
0.820285
0.904596
1.020087
1.124366
1.403485
1.500859
1.695198
1.731967
1.742672
1.732167
1.697215
1.648374
1.561580
1.370841
1.226070
0.937087
0.833684
0.727186
0.653839
0.595023
0.533276
0.491446
0.429048
0.332165
0.305484
0.256028
0.121615
0.097217
0.017204
0.016446
0.015780
0.000431
0.000072
0.000071
0.002643
0.003220
0.003329
0.003617
0.003751
0.003936
0.004209
0.004646
0.005127
0.005729
0.006935
0.007951
0.008427
0.009116
0.010113
0.009202
0.118386
0.119178
0.119601
0.136087
0.139346
0.139616
0.190850
0.193922
0.194530
0.236661
0.232798
0.222514
0.169113
0.165466
0.162873
0.033834
0.005280
0.007534
0.072354
0.088203
0.393087
0.029271
0.006719
0.329159
1.256172
1.392055
1.426123
1.430792
1.435931
1.347374
1.286503
1.224148
1.095455
0.965442
0.750560
0.382596
0.327993
0.274006
0.010505
0.003708
0.079809
0.081717
0.082148
0.079066
0.077503
0.077158
0.076428
0.073929
0.049289
0.047448
0.000501
0.000719
0.000746
0.000789
0.001171
0.002885
0.079554
0.085701
0.094739
0.140357
0.142939
0.229296
0.257470
0.280698
0.281532
0.279164
0.276230
0.274022
0.271503
0.263537
0.255148
0.216418
0.200351
0.000019
0.000106
0.000035
0.000024
0.000018
0.000029
0.001748
0.000240
0.000213
0.000458
0.022267
0.045679
0.244386
0.244237
0.219132
0.213827
0.189300
0.065933
0.051866
0.043131
0.036586
0.023155
0.020624
0.018517
0.016485
0.011221
0.012525
0.000137
0.027266
0.030324
0.036235
0.039828
0.026615
0.029610
0.042295
0.063997
0.073873
0.317222
0.656607
0.763671
0.902693
1.082486
1.281206
1.396663
1.478624
1.499387
1.504261
1.467913
1.407321
1.325045
1.145777
1.001060
0.868444
0.758948
0.581903
0.502779
0.009611
0.058357
0.052877
0.052138
0.050527
0.049220
0.048020
0.046809
0.001050
0.000113
0.000936
0.000670
0.071933
0.076265
0.093225
0.093496
0.096090
0.136471
0.147916
0.177587
0.200158
0.244012
0.334177
0.351655
0.380849
0.399474
0.408285
0.415664
0.407412
0.393027
0.383639
0.367220
0.026868
0.285358
0.290214
0.333116
0.333490
0.332056
0.330625
0.280650
0.260921
0.249107
0.236451
0.021886
0.017803
0.017899
0.043035
0.179416
0.189311
0.204079
0.207934
0.043686
0.042776
0.041752
0.041326
0.040596
0.025511
0.025815
0.026487
0.037289
0.040346
0.060523
0.068171
0.506748
0.527975
0.544700
0.537471
0.419492
0.018243
0.018156
0.018022
0.002057
0.003016
0.133187
0.138113
0.241657
0.257050
0.315139
0.367118
0.371253
0.378738
0.364236
0.356999
0.350592
0.325524
0.318705
0.317633
0.180067
0.041781
0.000063
0.004184
0.004750
0.005250
0.010045
0.047683
0.204974
0.227002
0.253688
0.261219
0.001642
0.001247
0.001229
0.001249
0.003292
0.003799
0.004034
0.592633
0.587383
0.460044
0.364397
0.086933
0.005499
0.004991
0.001123
0.000062
0.000047
0.000113
0.000074
0.000089
0.011556
0.011399
0.011130
0.011133
0.002161
0.001807
0.002065
0.002263
0.001799
0.001022
0.002620
0.379868
0.416076
0.466762
0.492006
0.509405
0.525128
0.521087
0.508561
0.471458
0.081600
0.080666
0.081698
0.079199
0.067099
0.000550
0.000274
0.000374
0.000449
0.000260
0.026024
0.025885
0.028286
0.075078
0.081123
0.488603
0.510266
0.578169
0.580246
0.576781
0.578121
0.574839
0.555884
0.525955
0.471165
0.297293
0.301776
0.208385
0.201408
0.052200
0.032504
0.032284
0.031366
0.032144
0.031964
0.041784
0.279751
0.301534
0.306315
0.311478
0.330549
0.338450
0.336819
0.333497
0.269839
0.038055
0.014168
0.001001
0.000406
0.000436
0.000260
0.000198
0.000216
0.000176
0.000161
0.000227
0.000451
0.002196
0.003282
1.220118
1.365334
1.518866
1.682557
1.788349
1.943015
2.159102
2.373217
2.551441
2.841285
2.841324
2.839620
2.814424
2.802559
0.021811
0.005502
0.004561
0.000182
2.476590
2.246340
2.101159
1.961557
1.864166
0.076017
1.202138
2.164184
2.379479
2.609410
2.857143
3.131603
3.192886
3.222272
3.249280
3.229993
3.222648
3.117074
3.038721
3.001652
2.779561
2.708212
2.671375
2.682352
2.632698
2.553888
2.334681
2.167100
1.854415
0.016595
0.011397
0.008240
0.001739
0.013245
0.013415
0.000052
0.000023
0.000014
0.005958
0.005908
0.005759
0.000006
0.000023
0.000022
0.000029
0.814736
0.661613
0.565196
0.440127
0.341839
0.003202
0.002869
0.002861
0.000192
0.000152
0.000117
0.000024
0.000020
0.000018
0.000022
0.000272
0.000225
0.000096
0.000027
0.000018
0.000015
0.000033
0.000036
0.005186
0.000013
0.000010
0.000010
0.000019
0.000010
0.000019
0.000017
0.000019
0.000018
0.000017
0.000015
0.000016
0.000014
0.000013
0.000014
0.000021
0.000018
0.000013
0.000015
0.000014
0.000011
0.000019
0.000009
0.000009
0.000026
0.000026
0.000030
0.000329
0.000382
0.006106
0.009041
0.011301
0.011852
0.012004
0.000009
0.000007
0.000009
0.000009
0.000048
0.000033
0.000052
0.000039
0.000016
0.000030
0.000020
0.000037
0.000355
0.000141
0.000223
0.000045
0.000022
0.000018
0.000017
0.000015
0.000038
0.037862
0.037374
0.036348
0.035124
0.012091
0.037167
0.039226
0.043301
0.071734
0.071052
0.135017
0.286476
0.278685
0.244735
0.165188
0.153569
0.144647
0.135963
0.129935
0.122672
0.115041
0.110397
0.104934
0.103654
0.008568
0.006526
0.000529
0.000369
0.000365
0.000574
0.000156
0.000335
0.000347
0.000402
0.000195
0.000149
0.000054
0.000047
0.000010
0.000010
0.000011
0.000012
0.000011
0.000004
0.000008
0.000010
0.000003
0.000009
0.000009
0.000006
0.000004
0.000004
0.000005
0.000130
0.000125
0.000285
0.000026
0.000016
0.000015
0.000056
0.000037
0.000041
0.000045
0.000050
0.000053
0.000005
0.000017
0.000106
0.000095
0.000060
0.000017
0.000052
0.000054
0.000072
0.000064
0.000048
0.000045
0.000031
0.000044
0.098209
0.099565
0.050046
0.048262
0.014054
0.062836
0.067695
0.063591
0.060611
0.063075
0.055118
0.056288
0.060704
0.069990
0.072348
0.072506
0.011059
0.012309
0.011867
0.011683
0.011414
0.011458
0.000915
0.031602
0.033628
0.036110
0.037433
0.099158
0.103974
0.103687
0.105046
0.107076
0.110858
0.114867
0.116901
0.151646
0.162149
0.138746
0.135998
0.038385
0.037419
0.019713
0.020227
0.021242
0.030074
0.193012
0.218987
0.251132
0.324377
0.377119
0.442445
0.536180
0.756906
0.911491
1.053624
1.267755
1.481780
2.132127
2.539531
2.857429
3.283598
3.407935
3.528696
3.639887
3.594073
3.478757
3.338050
3.224285
3.137920
3.056192
3.001980
2.937239
2.894089
2.877168
2.874232
2.850301
0.053717
0.012765
3.231546
3.311937
3.379580
3.299836
3.216151
3.174671
3.126615
3.101361
3.086608
2.993782
2.915155
2.211011
2.697114
2.728838
2.754495
2.786662
2.780331
2.781449
2.791644
2.773400
2.759487
2.746408
2.678600
2.309361
1.934450
1.594246
1.406522
1.235416
1.088720
0.964747
0.820086
0.742207
0.652692
0.480894
0.437367
0.414998
0.383354
0.032653
0.026684
0.000812
0.000648
0.007019
0.063069
0.077930
0.105681
0.103957
0.100755
0.096060
0.078538
0.051769
0.038503
0.039445
0.040956
0.040775
0.045310
0.449929
0.524596
0.560253
0.608174
0.767206
0.881554
0.952141
0.996963
1.026829
0.038294
0.284416
1.254152
1.447284
1.663720
1.907922
2.007364
2.072775
2.192608
2.314192
2.381877
2.478969
2.631009
2.738062
0.006924
0.009114
0.010567
0.013906
0.010823
0.010373
0.009976
2.852106
2.862829
2.918330
2.949619
2.943696
2.869025
2.896329
2.863473
2.774034
2.710079
2.630437
2.534781
2.054634
1.949559
1.794348
1.646000
1.503429
1.219124
1.010039
0.002547
0.021880
0.021521
0.019951
0.021275
0.021758
0.051727
0.299057
0.364832
0.432220
0.603422
0.679508
1.290577
2.065178
2.329256
2.822328
3.102537
3.248832
3.489188
3.722722
3.908120
4.181104
4.528237
4.527657
4.528314
4.525322
4.518152
4.495125
4.502112
4.480455
4.447860
4.419965
4.404451
4.405814
4.415181
4.432084
4.414865
4.393379
4.321795
4.265480
4.084017
3.827794
3.616666
3.018503
2.575467
2.219572
1.948332
1.758856
1.592705
1.443494
1.330042
1.198619
1.083026
0.054232
0.008950
0.002260
0.001420
0.001016
0.020560
0.021253
0.021920
0.020174
0.020366
0.027378
0.660307
0.623157
0.593275
0.480704
0.420303
0.263220
0.252704
0.249091
0.127239
0.104007
0.024319
0.027387
0.010278
0.010071
0.010946
0.196916
0.209883
0.213247
0.207233
0.166469
0.146368
0.039207
0.033682
0.006115
0.031567
0.031054
0.030558
0.026223
0.026394
0.008109
0.009754
0.008744
0.009553
0.310524
0.320492
0.328761
0.312777
0.339727
0.356304
0.376180
0.349633
0.337352
0.330011
0.103650
0.058887
0.056182
0.000575
0.000432
0.000457
0.000535
0.056535
0.102456
0.582829
0.646997
0.798433
0.855568
0.877418
0.889849
0.001544
0.001846
0.002361
0.001497
0.012883
1.580948
1.738346
2.062639
2.362296
2.665312
2.731835
2.854062
2.966021
3.139969
3.182911
3.245720
3.324325
3.360473
3.412031
3.459610
3.443504
3.417255
3.411646
0.085161
0.030542
0.030076
0.042208
0.044937
0.045792
3.535101
3.585927
3.634709
3.658717
3.706733
3.800423
4.109999
4.160127
4.246410
4.351495
4.483766
4.653214
4.685392
4.732151
4.781481
0.022674
0.018436
0.014827
0.013215
0.009980
0.009145
0.008502
0.006231
0.005849
0.005831
4.158078
4.122457
4.129990
4.044278
3.921978
3.810977
3.686882
3.409386
3.174469
2.712239
2.688454
2.489714
2.480999
2.455980
2.405425
2.615972
2.358682
2.033003
1.845506
1.435908
1.355444
0.024687
0.024655
0.051130
0.053054
0.007323
0.021300
0.115283
0.119559
2.064909
2.368383
2.483466
2.581714
2.687661
2.822614
2.880035
2.910346
3.269692
3.334291
3.336986
3.308527
3.217779
3.001314
2.774386
2.536307
0.041237
2.106204
2.001758
1.865589
0.652558
0.661576
0.036685
0.042516
0.027661
0.027847
0.025437
0.025645
0.025002
0.024924
0.028403
0.037291
0.052698
0.060171
3.372441
3.818579
4.188003
4.445541
4.660715
4.711511
4.690872
0.009219
0.028406
0.022394
0.001010
0.001082
4.240755
4.295359
4.266743
4.209457
0.075488
4.142250
4.226582
4.332019
4.673309
4.772016
4.771219
4.767111
4.748433
4.722619
4.657596
4.519328
4.294284
4.092764
3.616395
3.279141
3.016130
2.605526
2.607410
2.480631
2.360238
2.196725
2.158732
1.971999
0.111132
0.178596
2.744343
2.798726
2.804168
2.806164
2.715825
2.590440
2.323287
2.032577
1.785681
1.576009
1.429663
1.315215
1.198547
1.100609
0.979840
0.275800
0.205786
0.001482
0.000484
0.000363
0.013969
0.013199
0.012515
0.012567
0.012258
0.011814
0.011515
0.011164
0.010555
0.013022
0.012364
0.011940
0.009870
0.008495
0.007156
0.002962
0.002821
0.002751
0.002936
0.002772
0.003278
0.002744
0.000202
0.000170
0.000251
0.000232
0.015688
0.244603
0.249704
0.244732
0.236778
0.016283
0.007201
0.007706
0.009158
0.009352
0.009498
0.000092
0.000188
0.000196
0.000372
0.000507
0.005072
0.207475
0.267087
0.296506
0.330916
0.362671
0.364846
0.188916
0.183292
0.179394
0.175026
0.173131
0.112477
0.089275
0.078927
0.067460
0.058032
0.053281
0.002241
0.005354
0.005364
0.044364
0.048343
0.194295
0.214959
0.237262
0.249251
0.253803
0.265553
0.288736
0.030201
0.024508
0.015977
0.000055
0.000035
0.000029
0.000022
0.000031
0.000045
0.000032
0.000034
0.000082
0.000040
0.001062
0.001216
0.001194
0.000040
0.000049
0.000045
0.000088
0.000048
0.000059
0.000153
0.000205
0.000071
0.000234
0.000369
0.015372
0.021877
0.024920
0.026925
0.030098
0.033778
0.035870
0.035643
0.033396
0.045299
0.044682
0.053152
0.363573
0.387003
0.410534
0.432403
0.449702
0.508435
0.546982
0.714940
0.302836
0.329734
0.351304
0.368992
0.001243
0.001620
0.001902
0.018557
0.517387
0.562198
0.637368
0.652844
0.656751
0.744942
0.780466
1.020228
1.165479
3.119768
3.700596
4.134212
4.333867
4.190662
4.197455
4.178000
4.129557
4.090366
3.960682
3.470186
3.452018
3.436762
3.536625
3.531681
3.747337
3.863905
3.917819
3.974446
4.036709
4.123096
4.208161
4.239292
4.279432
4.283186
4.277924
4.269882
4.232479
4.202386
4.082176
3.910698
0.032820
0.028738
0.024462
0.025020
3.631283
3.645064
3.608680
3.588803
3.531342
3.476360
3.396561
3.338387
3.151337
3.038280
2.785382
2.487081
2.230139
1.978678
1.787817
1.541994
1.298503
1.123727
0.684229
0.491920
0.474147
0.007241
0.000803
0.000906
0.000683
0.000191
0.000190
0.000212
0.013867
0.014504
0.192569
0.401942
0.398888
0.422270
0.416536
0.416168
0.415988
0.421443
0.420397
0.416726
0.411141
0.397227
0.340463
0.325333
0.307641
0.291567
0.281073
0.261831
0.134175
0.124032
0.111343
0.076194
0.032436
0.029508
0.000225
0.000108
0.000108
0.000044
0.000073
0.000035
0.000047
0.000040
0.013791
0.012674
0.012819
0.012886
0.011498
0.009677
0.000471
0.001406
0.002277
0.070477
0.129069
0.145271
0.159880
0.174086
0.286239
0.304462
0.319379
0.334229
0.343782
0.353101
0.352519
0.342937
0.339942
0.334723
0.327135
0.329744
0.001078
0.016676
0.017038
0.016731
0.015986
0.015808
0.015650
0.101171
0.548861
0.605584
0.657136
0.719395
0.745370
0.781313
0.869804
0.920783
0.910381
0.935933
0.969183
1.817693
1.933910
2.051995
2.273888
2.367518
2.429274
2.449640
2.472386
2.410191
2.335293
2.241403
2.100152
1.647851
0.096838
0.035825
0.003774
0.019443
0.017198
0.012152
1.422820
1.417805
1.480210
1.570293
1.587961
1.614256
1.678117
1.742886
1.730300
1.793624
1.817498
0.026825
0.031183
0.003590
0.053505
2.382547
2.557987
2.642045
2.633132
2.549152
2.434987
2.323461
1.972416
1.959815
2.250811
2.338875
2.386839
2.354001
2.243662
2.124037
2.035602
1.885463
1.693071
1.498111
1.349349
0.087351
0.085018
0.083673
0.082292
0.082234
0.082323
0.082081
0.081941
0.082091
0.081831
0.082406
0.082326
0.082176
0.083321
0.079415
0.076376
0.073666
0.035155
0.032886
0.029726
0.010544
0.716564
0.829157
0.959272
0.973835
0.968257
0.973427
1.001444
0.045162
0.045489
0.044688
0.041406
0.026350
0.025886
0.027998
0.738792
1.786169
2.020993
2.232906
2.454576
2.757178
3.054069
3.456232
3.924477
4.181236
4.257327
4.276006
4.285007
4.260945
4.245667
4.130412
3.977823
3.873577
3.737281
3.496370
3.276557
2.978464
2.405725
2.074771
1.841510
0.679536
0.110044
0.004834
0.000455
0.000274
0.000248
0.000247
0.000188
0.000181
0.000084
0.000138
0.000106
0.000218
0.000308
0.000398
0.009561
0.010381
0.010672
0.233979
0.252459
2.094266
2.352722
2.608280
2.909477
3.229581
3.393871
3.526575
3.675897
3.870565
3.981106
4.087332
4.246075
4.445725
4.544725
4.702164
4.863080
4.926429
4.984495
5.034761
5.100963
5.105505
5.110008
4.986785
0.132625
0.034008
4.672564
4.825610
5.047706
5.107055
5.195073
5.277021
5.312447
5.342037
5.353203
5.336153
5.311901
5.197295
5.060824
4.861931
4.635303
4.482613
4.052043
3.564218
2.978910
2.702962
0.223667
1.254666
1.290579
1.308274
0.918222
0.058969
0.200379
2.413344
2.697224
2.985570
3.295505
3.656829
4.022163
4.397204
4.801220
4.882610
4.957787
5.080345
5.201729
5.281391
5.326176
5.364751
5.384303
5.399107
5.411642
5.416419
5.423333
5.430178
5.414463
5.411928
5.400556
5.401217
5.413145
5.440426
5.503676
5.530265
5.571774
5.614352
5.659125
5.656322
5.618651
5.556756
5.486091
5.179477
4.955588
4.749256
4.255393
3.801513
2.223847
0.074616
3.805589
3.911684
4.002263
4.083440
4.172118
4.139199
4.121098
4.134389
4.194202
4.228408
4.315817
4.449155
4.626264
4.638239
4.660312
4.655598
0.017435
0.022242
0.025160
4.760987
4.753306
4.770040
4.791942
4.773814
4.727687
4.710912
4.705420
4.679487
4.657973
4.645265
4.642520
4.654952
4.704745
4.776928
4.884564
5.000694
5.183740
5.302217
5.353309
5.361554
5.356413
5.351112
5.278369
5.225649
5.097711
5.060927
5.017418
4.971228
4.948954
4.911705
4.805557
4.669389
4.570047
4.335525
4.046892
3.386643
2.823648
2.427028
0.067672
0.009962
0.005895
0.021556
1.890371
1.624925
1.479965
1.348167
1.244480
1.122211
0.983480
0.921821
0.790916
0.451599
0.345173
0.321423
0.300054
0.274356
0.256707
0.007139
0.000273
0.000288
0.000178
0.000151
0.001237
0.001088
0.000842
0.054334
0.056143
0.000642
0.000350
0.000966
0.023791
0.059267
0.090524
0.098240
0.104459
0.111772
0.120765
0.127744
0.133278
0.136097
0.135926
0.129100
0.006019
0.006274
0.008234
0.009544
0.009635
0.236642
0.263043
0.291486
0.346332
0.373735
0.392737
0.408773
0.420344
0.336513
0.317129
0.233004
0.171644
0.162564
0.014443
0.080532
0.079965
0.078019
0.075940
0.076512
0.076976
0.077918
0.051179
0.050693
0.011446
0.000225
0.007704
0.008227
0.008924
0.000085
0.001625
0.000320
0.020240
0.033979
0.648655
0.674013
0.684080
0.684816
0.685330
0.671972
0.661022
0.628098
0.608258
0.602402
0.608362
0.615025
0.599495
0.575686
0.558883
0.528528
0.086324
0.081775
0.081366
0.080216
0.079895
0.078001
0.069654
0.054839
0.043471
0.038653
0.036214
0.032798
0.029123
0.026865
0.004546
0.024573
0.050093
0.048618
0.047064
0.046175
0.026616
0.116470
0.241883
0.252562
0.266126
0.284922
0.187647
0.199829
0.295423
0.362223
0.407378
0.435248
0.758992
0.819225
0.880823
0.946793
1.004943
1.064501
1.119443
1.211253
0.145182
0.001436
0.011488
0.031451
0.340949
2.737955
3.277524
4.047132
5.023305
5.544354
5.857467
5.944984
5.954525
5.962086
5.972408
5.973856
5.966689
5.963345
5.942333
5.896624
5.852959
5.820445
5.786117
5.762242
5.686970
5.633025
5.432111
5.177693
4.582792
4.354220
3.751985
3.247203
2.872565
2.433265
2.063175
1.767754
1.523114
1.309099
1.052060
0.745294
0.647986
0.571449
0.009288
0.006711
0.006020
0.001109
0.001056
0.002062
0.005387
0.094379
0.094842
0.185851
0.203367
0.244117
0.234180
0.229092
0.227266
0.263369
0.324350
0.309743
0.301626
0.297118
0.290285
0.290965
0.265183
0.203806
0.158927
0.112105
0.105762
0.092263
0.042406
0.259134
0.283844
0.310086
0.326624
0.360481
0.393613
0.432917
0.487668
0.668458
0.694774
0.727258
0.836927
0.842709
0.841990
0.888605
1.022259
1.131915
1.203784
1.238310
1.277091
1.289838
1.310713
1.330223
1.255189
1.128638
1.132775
1.121906
1.099677
1.069985
1.051614
1.032640
1.023776
1.013915
0.014203
0.008262
0.001030
0.000552
0.000363
0.000237
0.000228
0.001895
0.001400
0.002870
0.029798
1.006060
1.018916
1.018956
1.003305
0.049306
0.878759
0.914776
0.915792
0.902957
0.816609
0.823457
0.754773
0.657761
0.611173
0.588955
0.584103
0.568096
0.525493
0.495168
0.460899
0.429155
0.392541
0.224726
0.204804
0.188367
0.176385
0.000435
0.000319
0.000304
0.000081
0.000524
0.000513
0.000528
0.011212
0.058131
0.545487
0.601780
0.547313
0.506588
0.253762
0.234334
0.210542
0.153014
0.052374
0.044242
0.038290
0.006993
0.006726
0.006512
0.005776
0.000367
0.000239
0.000228
0.003069
0.126899
0.151627
0.203345
0.256791
0.333400
0.408386
0.443026
0.525384
0.580365
0.650552
0.681314
0.680526
0.038295
0.000780
0.129335
0.703728
0.746772
0.744477
0.760703
0.761193
0.758748
0.737247
0.047580
0.041716
0.007909
0.008052
0.005683
0.005939
0.005742
0.015523
0.570402
0.543584
0.527519
0.546566
0.542794
0.540940
0.520073
0.514611
0.412295
0.413943
0.402703
0.334561
0.267222
0.218159
0.057219
0.042080
0.036250
0.000887
0.000335
0.007574
0.007494
0.006970
0.000379
0.000367
0.001448
0.003866
0.004485
0.029135
0.036941
0.160018
0.032697
0.026198
0.025879
0.025621
0.047513
0.048796
0.067759
0.070037
0.126600
0.144133
0.184981
0.189261
0.193461
0.240577
0.233590
0.259968
0.052044
0.058975
0.059879
0.060272
0.044624
0.043333
0.042121
0.071311
0.074545
0.638851
0.664577
0.723718
0.757974
0.736296
0.731639
0.721636
0.693859
0.664251
0.644891
0.620595
0.603340
0.586716
0.566618
0.544708
0.532936
0.512314
0.490763
0.469071
0.449728
0.083415
0.079448
0.078812
0.027237
0.000943
0.000134
0.000185
0.000160
0.000218
0.000277
0.000231
0.000429
0.012998
0.014492
0.045162
0.047004
0.050592
0.055266
0.062963
0.092293
0.100009
0.394287
0.430627
0.006146
0.005548
0.146406
1.143382
1.268880
1.500221
1.744707
1.924343
2.134811
2.528440
2.861399
3.184269
3.550958
3.804335
4.079053
4.400827
0.029831
0.034522
0.082056
4.701021
4.949577
5.254370
5.600549
5.947169
6.161301
6.430256
6.606353
6.660105
6.708947
6.738254
6.767322
6.783649
6.781778
6.781429
6.781957
6.782581
6.788009
6.793569
6.800403
6.805797
6.806533
6.803858
6.800758
6.799689
6.800688
6.801313
6.804680
6.805158
6.800572
6.776616
6.715361
6.691283
6.572042
6.488128
6.427757
6.337541
6.249021
0.105189
6.660909
6.700581
6.737481
6.754987
6.760479
6.770106
6.774010
6.769215
6.763685
6.240907
5.760844
5.416031
5.079464
0.945415
4.279881
4.376529
4.848167
5.222081
5.731487
6.341535
6.461564
6.497966
6.540034
6.624749
6.673857
6.733866
6.760054
6.753989
6.750426
6.753633
6.760277
6.768454
6.774361
6.782657
6.787263
6.792421
6.789664
6.778422
6.771073
6.729194
6.643574
6.343603
6.349656
6.343382
6.324839
5.985251
5.949846
5.504490
5.497651
5.438085
5.405394
5.300182
4.995741
0.352188
3.650443
4.076759
3.998852
4.192307
4.462372
4.828374
5.157889
5.334318
5.491807
5.615097
5.681716
5.752225
5.804011
5.799506
5.796259
5.786320
5.722126
5.006848
0.079241
0.052074
0.050283
3.219441
2.788889
2.469424
0.093141
0.077429
0.073097
0.009291
0.037942
1.032785
1.552836
1.410963
1.313930
0.998052
0.801989
0.664780
0.272778
0.249947
0.197917
0.189040
0.040340
0.001845
0.017174
0.364367
0.413170
0.456902
0.585473
0.598198
0.595704
0.627917
0.551087
0.535640
0.510381
0.505365
0.507400
0.551086
0.568626
0.587072
0.033084
0.037148
0.043570
0.046097
0.991472
1.164233
1.333853
1.641654
1.836473
1.987046
2.213092
2.635625
2.851656
3.137030
3.312238
3.531966
3.813684
4.030470
4.293861
4.463308
4.592578
4.666529
4.814278
4.850429
4.874734
4.850958
4.837189
4.838167
4.812997
4.735597
4.684500
4.631613
4.481019
4.363755
4.224667
4.102158
3.662060
3.016399
2.729951
2.443037
2.148338
0.050170
0.006971
0.004663
0.001298
0.800095
1.081081
1.027971
0.974146
1.023384
0.973767
0.800932
0.798279
0.615139
0.591950
0.452679
0.505106
0.505469
0.174114
0.216116
0.222609
0.226322
0.232905
0.030119
1.776066
2.021726
2.465146
2.789058
3.127863
3.516235
4.003391
4.501331
4.751262
5.104647
5.460824
5.676816
5.733627
5.808075
5.916162
5.899710
5.891529
5.885465
5.887717
5.866673
5.845402
5.798584
5.673690
5.367580
5.217247
5.053274
4.936422
4.746116
4.569704
4.245566
0.100508
0.080879
0.075466
0.000758
0.000721
0.000343
0.000937
0.018738
3.755814
3.569246
3.132686
2.758318
2.450108
2.138439
0.071194
0.014546
0.013983
0.013570
0.010679
0.004376
0.100442
0.795603
0.760933
0.709914
0.667418
0.614291
0.033696
0.620400
0.642880
0.641678
0.846335
0.954671
0.998098
0.000356
0.000310
0.000505
0.000533
0.000322
0.000365
0.000596
0.005531
0.006229
0.042598
1.165550
1.291925
1.410217
1.874933
2.114842
2.413610
2.722448
3.227229
3.502206
3.813429
4.092349
4.371687
4.495717
4.639999
4.693907
4.751341
4.850170
4.909599
4.987322
5.093363
5.218897
5.246523
5.237464
5.136520
4.954245
4.712881
0.088577
4.458026
4.243710
3.690742
3.246478
2.833116
2.174383
1.780711
0.437425
0.390309
0.363802
0.364004
0.356295
0.348352
0.333934
0.316054
0.041459
0.042226
0.041448
0.042435
0.042933
0.071396
0.417517
0.989799
1.399302
1.503488
1.739949
1.891495
2.019672
2.131421
2.250190
2.437631
2.666740
0.000372
0.000255
0.002497
0.003136
0.000686
0.000448
0.000707
0.003243
0.003899
0.007043
0.058238
3.483618
3.904808
4.457625
4.807034
5.105017
5.440236
5.764387
6.207347
6.292895
6.448973
6.635581
6.701335
6.716655
6.728803
6.748826
6.754202
6.729165
6.616868
6.492116
6.173816
0.287635
0.211138
5.911760
5.998665
6.082766
6.120296
6.146430
6.189704
6.227651
6.295839
6.377135
6.434991
6.451932
6.470581
6.520449
6.647206
6.764999
6.768286
6.771560
6.790625
6.797002
6.804641
6.800217
6.391816
6.382927
6.370617
6.355168
6.321756
6.293722
6.265970
6.245104
6.208079
6.188474
6.169059
6.170197
6.116288
6.089246
6.041492
6.011475
5.994013
5.991765
5.991634
6.023275
6.054808
6.077652
6.100961
6.116572
6.090137
6.045451
5.975585
6.082249
6.048705
5.926645
5.830827
5.749886
5.549455
5.440606
5.164507
4.894217
4.280547
3.914408
3.586149
3.324284
0.076751
0.003045
0.002819
0.002816
0.002722
0.004283
0.004483
0.718787
0.944350
1.018877
4.215476
4.821780
4.978383
5.065658
5.108058
5.138724
5.192907
5.210412
5.199133
5.168204
5.016436
4.946581
4.862291
4.804592
4.454922
4.178454
3.652669
3.217232
2.731730
2.370288
1.573884
0.859294
0.548057
0.387300
0.011944
0.006450
0.004110
0.114480
0.253363
0.287836
2.472542
2.932952
3.246482
3.853284
4.479810
5.215257
6.004103
6.417968
6.462028
6.508050
6.564677
6.596724
6.606861
6.618140
6.598739
6.584008
6.565279
6.519773
6.475189
6.412313
6.322344
6.220654
6.127369
5.661718
4.781897
4.061747
3.347631
2.868730
2.501568
2.043500
1.630482
1.427757
1.223775
0.790040
0.547013
0.505906
0.430996
0.152649
0.106933
0.100072
0.088189
0.085869
0.073409
0.022995
0.018382
0.018243
0.020644
0.055862
0.057282
0.058648
0.059895
0.062085
0.072504
0.084873
0.081589
0.058904
0.058119
0.069477
0.073558
0.097406
0.092023
0.033961
0.000278
0.000436
0.047146
0.048055
0.075575
0.087287
0.093349
0.100320
0.108733
0.495738
0.554356
0.622827
0.707283
0.830902
1.671789
2.444468
2.905284
3.561088
3.670776
3.693149
3.518746
0.534667
0.483800
0.280127
1.615714
1.403014
0.327872
0.008111
0.047913
0.751569
0.732826
0.704911
0.650027
0.022994
0.064368
0.101256
0.777998
0.795387
0.817188
0.791340
0.839090
0.847259
0.856873
0.839297
0.810476
0.685910
0.049380
0.001695
0.101756
0.395805
0.664543
0.693040
0.965903
1.027781
1.082116
1.455546
1.539820
0.049494
0.035121
1.721690
1.769422
1.793873
1.788471
1.718638
1.716620
1.778191
1.795330
1.789168
1.767083
1.471040
1.419532
1.356099
1.416613
1.329801
1.259450
1.203760
1.150189
1.094885
0.758878
0.697127
0.628234
0.555162
0.490268
0.086260
0.079798
0.076364
0.072712
0.060126
0.059516
0.057034
0.056380
0.051024
0.047613
0.030694
0.029073
0.029328
0.028954
0.183066
0.176493
0.177399
0.176709
0.194148
0.216059
0.215555
0.035413
0.034289
0.030838
0.267689
0.281126
0.289096
0.291861
0.292392
0.292769
0.304161
0.301330
0.298781
0.245076
0.099987
0.098486
0.215049
0.230942
0.394735
0.554195
0.606370
0.665813
0.826754
0.876046
0.909661
0.961840
0.998556
0.019006
0.001983
0.001501
0.003005
0.000168
0.000274
0.000223
0.000147
0.000225
0.000253
0.001192
0.017146
0.019132
1.506965
1.723543
1.879071
1.941044
0.017804
2.283074
2.289660
2.277105
2.278519
2.268865
2.241226
2.150564
1.903552
1.667007
1.524672
1.449113
1.242508
1.081191
0.874615
0.824699
0.031378
0.030552
0.872493
0.854972
0.818550
0.781114
0.762037
0.732644
0.712384
0.683814
0.672151
0.641155
0.228324
0.032516
0.017557
0.018404
0.001494
0.000626
0.020476
0.030698
0.032581
0.032370
0.011758
0.366823
0.525084
0.571432
0.632516
0.816654
0.877790
0.768947
0.866255
1.969266
2.232686
2.519210
2.857074
3.289017
3.911837
4.136933
4.355520
4.565323
4.753370
4.975647
5.177717
5.394716
5.569309
5.676137
5.789961
5.850310
5.918480
5.921377
5.897227
5.874432
5.856199
5.828967
5.754878
0.166570
5.526864
5.594538
5.595398
5.619241
5.678934
5.779024
5.859743
5.988062
6.058839
6.133827
6.182651
6.246552
6.301508
6.401092
6.394000
6.357841
6.315578
6.271384
6.197017
6.114646
5.936028
5.813862
5.757992
5.712477
5.652889
5.553035
5.553678
5.936513
5.961184
5.990895
5.908886
5.920981
5.934398
5.937439
6.035870
6.020762
5.983964
5.977677
5.908407
5.695988
5.591920
5.447715
5.175993
4.592836
4.255027
3.909280
3.572042
2.703245
2.425262
2.207436
1.347359
0.216399
0.039434
0.004795
1.094012
1.117928
1.142114
1.209547
0.017636
0.017352
0.017294
0.017301
0.017373
0.017436
0.017319
0.021444
0.021643
0.030525
0.047444
1.761430
2.019663
2.689799
2.635271
2.669539
0.267908
0.006917
0.007381
0.008524
0.660987
5.394865
6.067660
6.081158
6.082055
6.096474
6.084087
6.036824
5.970873
5.919849
5.865054
5.766395
5.582402
5.456552
5.186194
4.724554
4.154011
3.737351
2.867234
2.550112
2.182499
0.091826
0.024417
0.022873
0.031593
0.032299
1.124775
1.050416
0.888356
0.772242
0.666839
0.591053
0.081255
0.003798
0.006495
0.033047
0.059354
0.111265
0.201765
0.211563
0.217953
0.280835
0.323892
0.339452
0.351213
0.355775
0.014383
0.012250
0.011708
0.011380
0.026091
0.022785
0.019767
0.018777
0.014281
0.002564
0.000341
0.000480
0.000412
0.000733
0.004253
0.032831
0.039566
0.303160
0.321240
0.343793
0.361670
0.376301
0.388556
0.391325
0.388919
0.383874
0.373030
0.063854
0.055117
0.043936
0.000828
0.000792
0.000998
0.007773
0.008197
0.008486
0.008177
0.007464
0.007408
0.007604
0.118225
0.562351
0.568741
0.573441
0.569471
0.549395
0.534281
0.519796
0.509579
0.484805
0.454095
0.121357
0.022184
0.000685
0.022910
0.022874
0.022696
0.022559
0.021939
0.017692
0.016928
0.016847
0.017275
0.017136
0.017299
0.017492
0.067436
0.068001
0.242108
0.266996
0.335260
0.357058
0.362051
0.373064
0.375730
0.378054
0.376090
0.368504
0.365425
0.362111
0.341909
0.324229
0.300614
0.281070
0.269097
0.221025
0.085080
0.047983
0.007874
0.000105
0.000745
0.000670
0.000080
0.000034
0.000107
0.000085
0.000047
0.000027
0.000021
0.000019
0.000032
0.000038
0.000047
0.000014
0.000753
0.001214
0.000925
0.212713
0.220228
0.222698
0.218077
0.211760
0.208554
0.207463
0.186584
0.185905
0.168852
0.095414
0.001171
0.001089
0.001087
0.111706
0.200809
0.221792
0.313371
0.333153
0.344860
0.356572
0.364690
0.331499
0.333948
0.004315
0.002839
0.000146
0.000036
0.000034
0.000053
0.000475
0.003795
0.003917
0.275570
0.244630
0.234420
0.226493
0.219058
0.198912
0.178222
0.134159
0.118855
0.094411
0.090379
0.052463
0.043787
0.000277
0.000304
0.022982
0.023618
0.023965
0.033993
0.038772
0.077246
0.078846
0.082313
0.012432
0.020733
0.104623
0.119377
0.130798
0.149065
0.164117
0.170771
0.169141
0.161922
0.030643
0.029720
0.022208
0.020924
0.020535
0.010062
0.001116
0.001467
0.001524
0.007268
0.007455
0.260763
0.279474
0.292504
0.293732
0.297558
0.291604
0.294105
0.295540
0.274692
0.264416
0.262948
0.015367
0.015205
0.015596
0.014817
0.014031
0.019930
0.041372
0.046092
0.047371
0.047601
0.000442
0.059703
0.060551
0.094334
0.097101
0.111490
0.115021
0.161177
0.168005
0.353643
0.366389
0.354153
0.350147
0.340367
0.328041
0.313851
0.051372
0.033727
0.031627
0.029001
0.028135
0.027577
0.061000
0.098177
0.096011
0.092235
0.039879
0.001763
0.000835
0.000740
0.000833
0.000763
0.000800
0.009176
0.010001
0.012022
0.013991
0.014959
0.016080
0.016867
0.018319
0.019922
0.020251
0.020880
0.021715
0.022698
0.023679
0.024252
0.024443
0.023988
0.029418
0.027445
0.026218
0.000134
0.000130
0.000067
0.000240
0.000078
0.000106
0.000108
0.000096
0.019099
0.031984
0.032779
0.018763
0.042013
0.043816
0.048519
0.051825
0.052254
0.061456
0.061947
0.062798
0.137979
0.145454
0.167658
0.172345
0.166939
0.163557
0.136491
0.109099
0.071635
0.068595
0.069275
0.018047
0.017032
0.000029
0.000197
0.000052
0.000047
0.000071
0.000075
0.000300
0.000293
0.000165
0.000098
0.000169
0.000209
0.000262
0.000096
0.000122
0.000053
0.000073
0.000100
0.022166
0.035249
0.035190
0.035406
0.035373
0.018499
0.018398
0.018064
0.018576
0.212558
0.224668
0.233201
0.239492
0.244617
0.234896
0.215555
0.208459
0.203736
0.193089
0.178675
0.043501
0.004027
0.002584
0.000987
0.000075
0.000126
0.000201
0.000246
0.000054
0.000113
0.000191
0.000233
0.001151
0.001037
0.003889
0.265624
0.281962
0.406364
0.426879
0.466198
0.505095
0.537063
0.561511
0.560498
0.587191
0.626117
0.672918
0.709805
0.002152
0.004473
0.003933
0.164099
1.239187
1.341543
1.717399
1.934883
2.217012
2.539510
2.946042
3.511957
3.956452
4.140602
4.447729
4.645011
4.773160
4.795894
4.812971
4.798899
4.726500
4.653792
4.622349
4.597320
4.570134
4.557611
4.553145
4.561879
4.546220
4.450600
4.368147
4.311396
4.116216
3.940049
3.804810
3.614610
3.462012
3.337036
3.268239
3.158431
3.108029
3.074042
3.023554
2.921402
2.818575
2.706810
2.599484
2.347914
2.116444
1.892868
1.687563
1.520792
1.334526
1.187476
1.052853
0.939011
0.296297
0.213003
0.023842
0.000322
0.000233
0.033661
0.033510
0.031863
0.031555
0.029959
0.028590
0.028153
0.024446
0.010136
0.006712
0.006892
0.007146
0.001359
0.009321
0.010475
0.011861
0.001253
0.001371
0.001718
0.000865
0.000731
0.000212
0.000215
0.000226
0.000147
0.000099
0.000220
0.000622
0.000571
0.000162
0.000098
0.000217
0.019240
0.018668
0.019276
0.000269
0.000204
0.000264
0.000419
0.000165
0.000105
0.000110
0.000772
0.001377
0.000254
0.096437
0.103460
0.109992
0.119956
0.203468
0.284324
0.389795
0.422736
0.458760
0.633134
0.870810
0.933835
0.963882
0.938726
0.906661
0.825507
0.805466
0.789756
0.742291
0.723978
0.714489
0.707172
0.702686
0.686426
0.675209
0.381293
0.193492
0.003547
0.000529
0.000391
0.003246
0.119793
0.138160
0.150545
0.161931
0.026283
0.017639
0.018411
0.018679
0.022452
0.025100
0.025645
2.023504
2.282063
2.522195
2.828299
3.281096
3.532800
3.614485
3.751430
3.904535
4.059150
4.072496
4.072670
4.062722
4.017191
3.800345
3.633605
3.394121
2.878548
2.858105
2.564283
0.147148
0.057730
0.230817
3.516487
3.896526
4.359622
4.541864
4.617212
4.755458
4.904748
4.975082
5.003899
5.021115
5.039398
4.797521
4.565501
4.336786
3.731153
2.964845
2.438521
2.053714
1.472390
1.068140
0.962101
0.779934
0.699079
0.103212
0.004583
0.047057
0.047148
0.000367
0.000170
0.000087
0.000087
0.000096
0.000121
0.000110
0.000248
0.000380
0.000299
0.000162
0.000188
0.000391
0.000712
0.000268
0.000260
0.000475
0.025873
0.007177
0.007130
0.006812
0.000098
0.000142
0.000100
0.000064
0.000053
0.000152
0.000183
0.003950
0.004300
0.004249
0.004968
0.006937
0.007564
0.003323
0.002797
0.002627
0.002588
0.002493
0.002521
0.002461
0.002432
0.002395
0.001907
0.001614
0.001993
0.000029
0.000020
0.000023
0.014460
0.014066
0.111678
0.148394
0.294435
0.342427
0.543290
0.660298
0.693520
0.771813
0.802270
0.979854
1.039167
1.069014
0.047673
0.040961
0.038365
0.005852
0.005774
0.005586
0.005427
0.005435
0.005552
0.005490
0.005543
0.005478
0.005484
0.005470
0.005482
0.005477
0.026762
0.026488
0.026404
0.025874
0.025681
0.026221
0.048976
0.221258
2.022038
2.382583
2.542436
0.032000
2.928040
3.060064
3.126731
3.218426
3.319562
3.408588
3.438595
3.479303
3.519663
3.535138
3.485595
3.416256
3.367114
3.210104
0.171628
0.006933
2.694748
2.842359
3.003998
3.135997
3.274687
3.381668
3.483592
3.571198
3.610471
3.638117
3.635545
3.642995
3.618510
3.598124
3.544987
3.474168
3.411505
3.186175
2.962161
2.809779
2.552344
0.081967
0.072299
0.034039
0.031559
1.931680
1.766741
1.636861
1.474238
0.806009
0.500239
0.343661
0.314788
0.217437
0.115911
0.109945
0.031837
0.019925
0.002052
0.113786
0.113507
0.079558
0.084256
0.038015
0.080506
0.487639
0.534541
0.599818
0.663147
0.836985
0.936707
1.056414
1.132329
1.199385
1.285085
1.430423
0.031833
2.022128
2.161719
2.302232
2.397739
2.520717
2.694261
2.743134
2.837694
2.915730
2.948322
2.904549
2.866242
2.782649
2.705529
2.529965
2.266552
1.896563
1.710714
1.585721
1.496029
0.007497
1.100752
0.995902
0.562117
0.441049
0.366456
0.863536
0.921555
0.976310
0.997045
1.088755
0.020784
0.016966
1.757027
2.037977
2.235104
2.301311
2.326622
2.329331
2.387315
2.336503
2.366666
2.411376
2.439297
2.460474
2.516397
2.493615
2.369556
2.272744
2.203415
2.014204
0.043826
0.032848
0.017353
0.012390
0.007185
0.007229
0.033423
0.016718
0.016866
0.016988
0.016827
0.016756
0.016667
0.016606
0.016426
1.118064
1.042391
0.974464
1.030015
0.914149
0.902751
0.869918
0.432759
0.162046
0.621385
0.663434
0.672413
1.382445
1.560315
1.767220
2.017433
2.134434
0.031473
0.025064
0.035604
0.056613
2.532405
2.661968
2.698340
2.708622
2.690710
2.641914
2.601936
2.504967
2.463575
0.000995
0.000639
0.000178
0.000266
0.001784
0.001135
0.000314
0.000634
0.000237
0.000127
0.000084
0.000596
0.000687
0.003290
2.434006
2.299105
2.150921
2.016601
1.857848
1.522307
1.454183
1.355657
0.134686
0.133623
0.105300
0.091977
0.042943
0.174894
1.835422
1.873332
1.950668
2.042756
2.271321
2.385460
2.444808
2.470525
2.467015
2.459422
2.460782
2.456976
2.453811
2.439845
2.399316
2.329255
2.231420
2.132729
1.977259
1.812069
0.195182
0.198052
0.194426
1.637104
1.728634
1.814253
1.903200
2.033212
2.147741
2.192761
2.213838
2.227095
2.222373
2.255496
2.340577
2.372546
2.376177
2.358670
2.328909
2.295317
2.249795
2.218483
2.197864
2.174629
2.200449
2.192978
2.186157
2.090235
1.324835
1.273015
1.233097
1.099118
1.082261
1.154985
1.105462
1.001197
1.032892
1.028262
1.009497
0.964866
0.941167
0.871739
0.800150
0.703219
0.075434
0.068223
0.017441
0.017254
0.017297
0.017363
0.018238
0.019502
0.021041
0.027785
0.730439
0.772902
0.805049
0.819831
0.859759
0.863274
0.854285
0.844346
0.812669
0.794923
0.770223
0.716481
0.640625
0.548273
0.470155
0.581999
0.589036
0.635573
0.707404
0.694748
0.659184
0.533870
0.622227
0.719386
0.787209
0.804505
0.042100
0.022531
0.000200
0.053987
0.054062
0.053946
0.053778
0.053546
0.014429
0.007771
0.007079
0.029501
0.120993
1.294727
1.419286
1.574649
1.678344
1.791462
1.883876
1.929497
1.975545
2.013436
2.020388
2.001487
1.979935
1.943674
0.006026
0.002303
0.001903
0.002733
0.023593
0.023027
0.023341
1.874334
1.856076
1.838295
1.787338
1.711722
1.566100
1.308281
1.161368
1.012085
0.746222
0.645564
0.570282
0.508553
0.467176
0.432804
0.401139
0.375183
0.313074
0.250431
0.058119
0.041854
0.000587
0.001151
0.001439
0.001621
0.036065
0.118031
0.132712
0.146887
0.149420
0.148856
0.147739
0.148060
0.141855
0.137930
0.118696
0.117741
0.114516
0.109592
0.076400
0.074861
0.070360
0.067563
0.045720
0.045342
0.067536
0.072492
0.081810
0.084332
0.108542
0.112065
0.113903
0.143326
0.069890
0.073203
0.073627
0.073524
0.072887
0.070482
0.068296
0.064823
0.061761
0.039688
0.038550
0.001842
0.000945
0.000395
0.013774
0.013636
0.056562
0.059120
0.113857
0.128338
0.139558
0.154986
0.166384
0.178986
0.185440
0.184238
0.167808
0.158445
0.150682
0.147659
0.001715
0.000112
0.000091
0.000049
0.000044
0.000011
0.000021
0.003798
0.004150
0.006602
0.007216
0.068313
0.078272
0.106149
0.111329
0.111878
0.118552
0.212064
0.222653
0.227785
0.224629
0.205494
0.194301
0.133945
0.130323
0.018134
0.018111
0.016444
0.013903
0.163117
0.171179
0.174818
0.176361
0.166269
0.169917
0.170302
0.164335
0.159243
0.090950
0.087325
0.083515
0.083004
0.034382
0.002341
0.003294
0.003383
0.003302
0.003264
0.002912
0.032100
0.031977
0.034562
0.084966
0.101437
0.093724
0.102505
0.210189
0.275197
0.340411
0.532612
0.593564
0.639541
0.687076
0.716951
0.702000
0.007473
0.000871
0.000584
0.000418
0.009043
0.007978
0.007231
0.000465
0.000329
0.000145
0.000101
0.000133
0.000207
0.000304
0.000348
0.000748
0.009224
0.380511
0.373416
0.339989
0.315850
0.296706
0.251972
0.215698
0.184547
0.127371
0.079385
0.036106
0.000523
0.000092
0.000072
0.000029
0.000029
0.000038
0.000318
0.000215
0.000195
0.000448
0.000252
0.040013
0.040059
0.037182
0.025431
0.023706
0.000633
0.000161
0.000900
0.081188
0.087807
0.100266
0.107663
0.111662
0.111216
0.109205
0.081005
0.082854
0.085239
0.086083
0.086630
0.087288
0.088307
0.086858
0.082440
0.072972
0.032079
0.000220
0.000226
0.000274
0.000313
0.000514
0.075771
0.105969
0.116943
0.550122
0.641443
0.753180
0.988944
1.145934
1.336831
1.536181
1.830220
2.159758
2.631981
2.832794
3.056013
3.152787
3.235829
3.271736
3.298895
3.318439
3.321903
3.343534
3.367134
3.404334
3.402953
3.424316
3.466199
3.455831
3.411665
3.382737
3.363248
3.255128
3.085487
2.952486
0.034542
0.028739
0.025679
0.023369
0.017802
0.017340
0.017085
0.023265
0.023299
0.024197
0.023766
0.022830
0.023129
0.022875
0.016777
0.016761
0.016786
0.016808
0.016776
0.029683
0.016839
0.016788
0.016772
0.016785
0.016767
0.016768
0.016790
0.016786
0.016797
0.005967
0.006094
2.322434
2.259183
2.195816
2.134186
2.075414
1.992693
1.877506
1.732745
1.558090
1.315958
1.258964
1.139644
1.077280
1.036321
0.541162
0.072434
0.825163
0.861583
0.971627
1.034622
1.111485
1.172683
1.173908
1.055781
0.066861
1.225761
1.324558
1.582187
1.999158
0.064686
2.534087
2.711434
3.066583
3.176021
3.206291
3.256349
3.276685
3.325917
3.346927
3.351034
0.039953
0.022094
3.524929
3.546956
3.546280
3.569027
3.601917
3.552895
3.513571
3.233402
3.220877
3.606293
3.707445
3.740840
3.800378
3.862032
3.963958
4.026752
4.099005
4.116950
4.114431
4.087010
4.021947
3.949472
3.800854
0.087788
0.073043
0.000402
0.001082
0.000374
0.002950
2.082895
1.869887
1.639843
1.434869
1.244305
1.064805
0.014289
0.003244
0.001019
0.000397
0.000373
0.000288
0.000224
0.009767
0.065631
0.077593
0.083454
0.280407
0.391910
0.701346
1.126612
1.277313
1.668222
1.950486
2.347697
2.725119
3.201383
3.818966
4.517198
4.751009
4.798245
4.809055
4.799312
4.770093
4.734537
4.730046
4.701054
4.633435
4.642414
4.667510
4.647536
0.057593
0.067755
0.070303
0.000312
0.000321
0.000144
0.000266
0.000635
0.000577
0.000154
0.000100
0.000067
0.000040
0.000044
0.000041
0.000032
0.000034
0.000055
0.000019
0.000019
0.000069
0.000032
0.000021
0.000023
0.000025
0.000028
0.000028
0.000031
0.000021
0.000043
0.000023
0.000014
0.000019
0.000016
0.000011
0.000015
0.000056
0.000173
0.000184
0.000538
0.001033
0.001201
0.101988
0.118481
0.123761
5.062601
5.237339
5.407658
5.539279
5.688754
5.865316
5.977109
0.051434
6.420568
6.887830
6.953433
7.046317
7.095446
7.161263
7.164934
7.091658
7.044900
6.970984
6.923617
6.777870
6.607409
6.441420
6.259032
6.021074
5.502586
5.070260
4.675257
4.347703
4.048281
0.202141
3.348928
3.278227
3.234374
3.233962
3.243948
3.255326
3.295132
3.353067
3.459111
3.533199
3.634461
3.732099
3.721115
3.605602
3.405210
3.279525
2.873744
2.566840
2.296862
0.709752
0.355358
0.260071
0.038703
0.025045
0.023520
0.022585
0.019998
0.005578
0.005220
0.831644
0.788919
0.739095
0.703054
0.670853
0.516546
0.477640
0.439521
0.273159
0.302685
0.298668
0.455073
0.453861
0.433336
0.031113
0.073369
2.052515
2.274688
2.548787
2.899947
3.164812
3.526698
3.854251
4.297650
4.794420
5.448237
6.626657
6.913798
7.358909
7.423310
7.430020
7.424753
7.251754
0.001334
0.000752
0.000605
0.000212
0.000069
0.000023
0.000017
0.000014
0.000013
0.000059
0.000030
0.000014
0.000039
0.000044
0.000048
0.000042
0.000049
0.000005
0.000027
0.000030
0.000039
0.000017
0.000028
0.000016
0.000015
0.000011
0.000031
0.000059
0.000122
0.000316
0.000888
0.001878
6.942642
6.886534
6.747939
6.179736
4.937219
5.006830
4.807387
4.168824
0.112181
0.107285
0.088373
4.427543
4.735055
4.910871
5.101370
5.243775
0.038611
0.021392
0.018816
0.019643
0.022858
5.731411
5.938742
6.144212
6.179330
6.163841
6.105678
6.107524
0.101266
6.192849
6.403085
6.617879
6.815325
6.962188
7.146058
7.291736
7.164335
6.967104
7.178524
7.345180
7.296774
7.280388
7.245217
7.208623
6.725616
6.251137
5.812384
5.492267
0.757415
7.125961
7.650974
7.776553
7.865966
7.912768
7.923359
7.939207
7.948428
7.953274
7.953440
7.951102
7.952752
7.970625
7.974408
7.971869
7.954137
7.929276
7.897754
7.787684
7.665392
0.156903
7.189866
7.188697
7.150990
7.134039
7.117677
7.118625
7.129813
7.142740
0.121921
7.429543
7.570034
7.774494
7.792014
7.762927
7.747114
7.697749
7.622614
7.509257
7.317602
7.045426
6.817822
6.649449
0.051623
0.015733
0.160794
6.283766
6.390977
6.487784
6.709945
6.834238
7.006513
6.872645
0.183544
0.149340
7.380143
7.437706
7.540251
7.626473
7.681341
7.832297
7.875324
7.910109
7.917163
7.909653
7.913711
7.925241
7.940770
7.946385
7.946484
7.942420
7.932527
7.926751
7.922058
7.916954
7.918625
7.924391
7.924496
7.917704
7.921530
7.918243
7.922761
7.924143
7.930032
7.934334
7.956871
7.959218
7.944194
7.931597
7.926989
7.921622
7.916953
7.917449
7.915037
7.912959
7.898906
7.879676
7.850609
7.788636
7.736772
7.630336
7.441568
6.711806
6.093497
5.593699
4.797963
4.824998
4.182186
3.678591
3.230238
2.837066
2.471453
2.180901
1.944875
1.757497
1.604145
0.046869
0.048804
0.047415
0.029853
0.003188
0.005117
0.057629
0.073831
0.065064
0.005852
0.038746
0.039791
0.024946
0.253600
0.473604
0.478561
0.517774
0.001052
0.001618
0.002125
0.004622
0.006066
0.024832
0.027957
1.144461
1.597152
1.805964
1.884972
1.957321
0.011034
0.013033
0.062318
3.478121
4.060736
4.605463
5.147598
5.601036
5.977353
0.000473
0.000731
0.000707
0.022792
0.025863
0.049672
6.923057
6.917184
6.876010
6.841943
6.791464
6.552123
6.413579
6.247148
6.028212
0.151992
0.132365
4.682574
4.395910
4.207547
4.104867
3.968909
3.757994
3.613539
3.508598
3.428975
0.161401
0.037326
0.035121
0.045416
0.043005
0.044656
0.047520
0.053837
0.057803
0.061885
3.050724
3.097713
3.181816
3.247295
3.316265
0.024616
0.027650
0.028247
0.028831
0.020265
0.062165
3.617176
3.781931
3.983900
4.163298
4.280186
4.409281
4.468132
4.555947
4.665150
4.774646
4.767655
4.760332
4.717640
4.648081
4.154516
3.868255
3.614243
3.368655
0.030554
0.244988
3.511155
3.410048
3.543826
3.656374
0.008340
0.007666
0.001980
0.000734
0.000536
0.000496
0.000595
0.001228
0.003745
0.028299
0.032173
3.717391
3.933639
4.247855
4.645877
4.878432
4.905803
4.973492
5.056092
5.031802
4.946926
4.943361
4.906448
4.868107
4.860750
0.001674
4.856099
4.869948
4.886779
4.876820
4.851477
4.802032
4.779386
4.755213
4.706965
4.626994
4.546154
4.599927
4.487484
3.844353
3.284575
2.860629
2.002482
1.709891
1.311408
1.109863
0.321022
0.271509
0.213900
0.071314
0.074793
0.007560
0.007367
0.016061
0.015643
0.015737
0.009692
0.010345
0.545641
0.590339
0.767601
0.852976
0.177060
0.040720
0.000331
0.000282
0.000572
0.000566
0.000866
0.988659
1.029944
1.289459
1.349449
1.591240
1.712197
1.831582
1.894047
2.083430
2.303563
0.021923
3.689961
4.166640
4.466709
4.824444
5.043059
5.207852
5.283038
5.320821
5.298247
5.272542
5.157655
5.046990
4.958733
4.903391
4.863790
4.811187
4.791397
4.768360
4.761268
4.713038
4.763827
4.685025
0.136793
5.129526
5.132869
5.174946
5.211682
5.290503
5.339705
5.060081
4.449785
3.994475
3.604421
3.183072
2.816424
1.728105
1.559497
1.000302
0.909184
0.687323
0.610474
0.535332
0.207488
0.172750
0.087433
0.051828
0.050885
0.123859
0.140028
0.092854
0.101238
0.105184
0.124638
0.122787
0.121233
0.082988
0.142722
0.149098
0.160488
0.017978
0.059180
0.998474
1.142758
1.321190
1.817630
1.989706
2.232124
2.461467
3.341236
3.874752
4.290249
4.870029
5.415775
5.630098
5.742320
5.857138
5.875638
5.867793
5.853718
5.837336
5.766969
5.376266
5.047010
4.722512
4.351693
3.895838
3.237582
2.645465
2.402336
0.011930
0.010867
0.007633
0.041965
3.114841
3.335031
3.581809
3.671281
3.764997
3.873057
4.596262
4.853551
5.016338
5.170241
5.275754
5.348429
5.376465
5.377181
5.374705
5.313132
5.277312
5.206938
5.143475
5.003999
0.008947
0.008097
0.007980
0.005535
0.005498
0.123430
4.946070
5.021973
5.057710
5.095927
5.159693
5.240338
5.340049
5.464849
5.496948
5.574396
5.627316
5.667192
5.683316
5.701959
5.739296
5.757314
5.740492
5.747812
5.776206
5.762640
5.673005
5.622747
5.541873
5.470790
5.392112
0.023364
5.356532
5.284277
5.062536
4.895551
4.761098
4.568611
0.085749
0.022169
0.021472
0.020097
3.885926
3.504424
3.268961
2.994337
2.676396
2.315383
0.038327
0.573560
0.546020
0.524248
0.514563
0.495943
0.451873
0.447671
0.461479
0.497362
0.543317
0.581093
0.672783
0.699525
0.692400
0.662887
0.631688
0.408043
0.341319
0.275544
0.006605
0.005805
0.004752
0.004840
0.002048
0.003288
0.003160
0.003142
0.003324
0.003316
0.000276
0.000269
0.000208
0.000207
0.000348
0.159281
0.165277
0.227500
0.414056
0.446273
0.416572
0.420304
0.419587
0.408452
0.399581
0.356932
0.317805
0.251785
0.142753
0.122934
0.106414
0.030884
0.026755
0.020715
0.015044
0.027808
0.001653
0.001757
0.003456
0.050399
0.059625
0.068096
0.073443
0.076500
0.097636
0.109486
0.117295
0.108055
0.110046
0.205826
0.527216
0.609589
1.004567
1.279977
1.382205
1.537608
1.875727
2.344296
2.601654
2.910025
3.294879
3.639580
4.123857
4.239318
4.366986
4.472741
4.560489
4.610882
0.005826
4.653668
4.782605
4.901856
4.924471
4.901658
4.887479
4.900464
4.920850
4.955633
4.965591
4.995404
4.983171
4.916371
4.827320
0.001875
0.000733
0.000481
0.000123
0.000149
0.000090
0.000073
0.000104
0.000157
0.000064
0.000338
0.002207
0.002478
4.724372
4.597372
4.449940
4.291032
4.136666
4.058409
3.949233
0.014815
3.755032
3.677264
3.622538
3.446755
3.333729
3.206787
3.005907
2.355771
2.089286
1.690482
1.511899
1.293888
0.838745
0.573276
0.481977
0.387186
0.349411
0.209063
0.157451
0.009917
0.001088
0.000860
0.000559
0.000550
0.000438
0.010003
0.011159
0.012345
0.029999
0.032414
0.055870
0.059305
0.061343
0.060798
0.061473
0.064200
0.066194
0.049962
0.051821
0.083718
0.087280
0.192011
0.197429
0.137627
0.081644
0.071887
0.052346
0.000360
0.000104
0.014354
0.014327
0.014340
0.018451
0.017295
0.009619
0.008153
0.007977
0.010973
0.014447
0.015100
0.015175
0.015660
0.015762
0.050228
0.055937
0.110716
0.129715
0.132501
0.013347
0.786937
0.877216
1.019993
1.115999
1.230021
1.371204
1.531393
1.735205
2.011122
2.637159
2.995274
3.297039
3.606107
3.904088
4.219285
4.593220
4.816103
5.102216
5.507558
5.725948
5.816254
5.899953
5.889792
5.827824
5.699637
5.508042
0.035853
5.313389
5.213342
5.157850
0.316143
5.350106
5.596274
5.983390
6.283988
6.383094
6.502879
6.421901
6.081564
5.548767
4.097625
4.789171
4.909661
4.854755
0.052530
5.211099
6.744455
6.985652
6.869202
6.839860
6.825452
6.679331
6.379887
6.175571
6.014407
5.367455
4.500185
3.859157
3.318395
2.868414
2.084970
1.707472
1.496653
1.334917
1.176651
0.002345
0.001854
0.001501
0.004904
0.014974
0.014282
0.014115
0.049621
0.049810
0.060704
0.069012
0.211007
0.261511
0.294869
0.350987
0.459708
0.560313
0.636538
0.853519
0.960685
1.920194
2.497864
2.902003
3.010936
3.482792
4.035191
4.418228
4.787803
5.249204
5.848023
6.156427
6.372418
6.603278
6.777911
6.929614
7.003227
7.063303
7.068111
7.032184
7.014564
6.996649
6.941687
6.652936
6.773709
6.881403
6.934589
7.036651
7.178463
7.211524
7.179958
7.156820
7.176111
7.155694
7.122448
7.080997
7.019596
6.811677
6.587820
6.291854
5.940184
5.040899
4.269184
3.695055
3.165691
2.629615
1.805058
1.589794
0.974704
0.853391
0.146109
0.061050
0.023434
0.019436
0.005653
0.005086
0.004932
0.005954
0.106713
0.117137
0.332918
0.486039
0.516456
0.502582
0.032575
0.036141
0.072232
0.779797
0.886525
1.161502
0.048296
3.998694
4.763695
5.795855
6.564113
7.182947
7.744030
7.799650
7.835190
7.855938
7.878404
7.872962
7.866175
7.856864
7.826880
7.812197
7.790947
7.702177
7.622149
7.484085
7.184578
6.977336
6.645149
6.389861
5.932036
5.638337
4.937564
4.292029
3.815522
3.419835
3.039071
2.716111
2.394697
0.013006
0.008122
0.012007
0.074901
0.279885
0.495202
0.454967
0.426636
0.137032
0.087039
0.091024
0.066404
0.033709
0.018719
0.016328
0.001240
0.039426
0.000867
0.649813
0.649347
0.012139
0.980450
1.479639
1.703962
1.898289
2.131480
2.380867
2.678157
2.968342
3.372637
3.893145
4.645905
4.720409
4.753708
4.800794
4.680150
4.704531
4.672905
4.564203
4.450763
4.299663
4.248049
4.239737
4.493584
4.487237
4.495437
4.534488
4.512260
4.423642
0.041563
4.505781
4.505650
4.436252
4.276453
4.128636
3.879736
3.545831
3.256399
2.993410
2.765567
2.227693
1.821431
0.962424
0.151679
0.142156
0.130068
0.118963
0.057562
0.006957
0.001403
0.000714
0.002392
0.008677
0.057700
0.189721
0.197340
0.663846
0.779169
0.746077
0.953319
0.966032
0.945385
0.818616
0.746087
0.711735
0.659503
0.620393
0.588630
0.499892
0.475704
0.444980
0.003283
0.005521
0.005396
0.004300
0.002399
0.000053
0.000029
0.000034
0.000036
0.000033
0.000061
0.000064
0.000032
0.000023
0.000019
0.000044
0.000068
0.001304
0.000217
0.000140
0.000893
0.001845
0.002579
0.015630
0.066830
0.693075
0.755728
0.783855
0.793367
0.804773
0.812839
0.808132
0.580679
0.570734
0.558557
0.555644
0.555954
0.115663
0.132047
0.039122
0.040481
0.029915
0.029453
0.029458
0.048286
0.016063
0.010027
0.009537
0.009368
0.009410
0.009313
0.010794
0.008547
0.000598
0.000051
0.000055
0.000060
0.000110
0.000139
0.000099
0.041806
0.000073
0.000067
0.000155
0.118683
0.165499
0.182314
0.190316
0.199170
0.215850
0.219271
0.221749
0.168516
0.174029
0.173409
0.004093
0.003945
0.000019
0.000032
0.000027
0.000023
0.000028
0.000034
0.000039
0.000035
0.000038
0.000033
0.000092
0.000076
0.000064
0.000038
0.000039
0.000029
0.000031
0.000033
0.000067
0.000128
0.000172
0.000037
0.000043
0.000027
0.000036
0.000059
0.000088
0.000077
0.000093
0.000040
0.000044
0.000031
0.006382
0.006388
0.013049
0.031171
0.059001
0.720356
0.881114
1.012489
1.060220
1.103872
1.167072
1.208766
1.251960
1.299099
1.342757
0.001971
0.001151
0.001424
0.001413
0.001495
0.135982
1.829556
1.994741
2.089121
2.160893
2.210937
2.232306
2.247237
2.249690
2.251505
2.157697
1.909361
1.689979
1.482263
0.006712
0.020368
0.020228
0.020886
0.075809
0.076538
0.072117
0.071255
0.068875
0.015600
0.015326
0.014933
0.015295
0.015561
0.028959
0.123854
0.173645
0.222981
0.372792
0.377778
0.521540
0.575953
0.675304
0.704077
0.734022
0.768875
0.749046
0.662286
0.597342
0.586893
0.577852
0.549236
0.494840
0.196614
0.155889
0.148148
0.126456
0.067285
0.000718
0.000583
0.000525
0.000426
0.000192
0.000266
0.000230
0.003637
0.228603
0.237735
0.250445
0.250167
0.511694
0.556267
0.610743
0.605532
0.671020
0.679591
0.684171
0.014398
0.010613
0.675548
0.849346
0.912479
0.972023
1.020463
0.858258
0.025654
0.026327
0.629743
2.216159
2.416473
2.591781
2.692486
2.761425
2.829179
2.907258
2.985286
3.011037
2.996498
0.000000
0.026974
0.027135
0.032960
0.061193
3.417443
3.594668
3.938455
4.093558
4.220181
4.338509
4.472064
4.607732
4.714888
4.756867
4.722093
4.687834
4.631334
4.550312
4.482895
4.319463
4.137894
4.087515
4.099657
4.002913
3.788237
3.554873
3.313129
0.186292
0.029978
0.001558
0.000819
0.000692
0.009002
3.319015
3.292607
3.317089
3.326186
3.322952
3.272386
3.209948
3.010991
2.845530
2.615996
2.346756
2.128064
1.932703
1.729333
1.544394
1.381152
1.229447
0.080714
0.074326
0.095803
0.180345
0.193410
0.205181
0.190563
0.148892
0.171214
0.161301
0.157675
0.150018
0.145099
0.158790
0.155054
0.151098
0.128121
0.119816
0.088985
0.076928
0.063170
0.003860
0.002191
0.002010
0.016892
0.034935
0.032756
0.032560
0.036757
0.000617
0.026392
0.098638
0.102322
0.110896
0.118307
0.130398
0.139471
0.133063
0.209962
0.550486
0.671414
0.937226
1.104401
1.255771
1.356637
1.971946
2.259511
2.458458
3.004426
3.256170
3.523152
3.873583
4.510943
4.953168
5.313037
5.948926
6.465077
0.000321
0.000110
0.000059
0.007173
0.007016
0.006995
0.007166
0.006766
0.006971
0.006830
0.006814
0.006794
0.006315
0.004785
0.004369
0.004247
0.010496
0.009378
0.001701
0.002389
0.026496
0.047434
0.051578
7.470417
8.134217
8.340500
8.473574
8.592356
8.565273
8.546436
8.487626
8.442264
8.429770
8.330627
8.160073
8.077620
7.957268
7.528687
6.960072
6.521549
0.145420
5.044212
4.942613
4.391483
3.981085
3.294076
2.401301
1.661047
1.737606
0.007017
0.005555
0.004457
1.151766
1.092282
1.010212
0.915280
0.836009
0.755763
0.689429
0.589078
0.541224
0.432531
0.390312
0.355444
0.252087
0.185653
0.115792
0.048781
0.000257
0.000194
0.000226
0.000179
0.000173
0.000085
0.000081
0.000129
0.000332
0.000265
0.000293
0.000234
0.019561
0.029891
0.057690
0.063024
0.092768
0.102067
0.176916
0.207017
0.328109
0.390734
0.513420
0.438245
0.433283
0.426429
0.404564
0.351085
0.001045
0.001493
0.001405
0.000892
0.000325
0.000224
0.000348
0.000137
0.000095
0.000111
0.000142
0.000054
0.000047
0.000034
0.000039
0.000071
0.000390
0.000051
0.000042
0.000081
0.000069
0.000045
0.000025
0.000023
0.000049
0.000069
0.000121
0.000238
0.000180
0.000214
0.000062
0.000045
0.000099
0.000157
0.000057
0.000058
0.000083
0.000082
0.000067
0.000114
0.000142
0.000122
0.000117
0.000095
0.000047
0.000027
0.000048
0.000052
0.000086
0.000048
0.000102
0.000064
0.000079
0.000255
0.000088
0.000265
0.000303
0.277657
0.409059
0.575745
0.616708
0.663854
0.805418
0.818947
0.303601
0.739115
0.798264
0.807646
0.776198
0.756490
0.700332
0.693249
0.682307
0.677949
0.000286
0.001902
0.071888
0.068451
0.172639
0.207879
0.575854
1.024966
0.843310
0.769714
0.027807
0.001944
0.001392
0.000919
0.000646
0.000590
0.011696
0.014719
0.016924
0.018072
0.018793
0.020097
0.020239
0.033476
0.031113
0.031267
0.005724
0.006851
0.055828
0.110605
0.491698
1.414591
1.612425
1.754027
1.932132
2.073995
2.217295
2.426855
0.194619
0.414119
0.490674
4.509663
5.208700
6.094508
6.530073
6.803058
7.312224
7.502236
7.783007
7.860994
7.994311
8.237724
8.330871
8.475011
8.769736
8.885042
8.951937
9.059561
9.093851
9.135920
9.161378
9.132225
9.052404
8.986847
8.914955
8.734973
8.628322
8.145354
0.048669
0.055424
8.207208
8.287777
8.390386
8.575958
8.739504
8.971690
9.210466
9.294587
9.357141
9.351656
9.348956
9.344460
9.305617
8.964474
8.365346
7.143967
6.807276
6.474489
6.057550
5.252942
4.578629
4.444890
4.480351
5.207194
5.366261
5.738052
5.904607
5.983581
0.031444
0.018855
0.018822
0.108140
0.117867
6.386164
6.725775
7.725079
8.274632
8.432738
8.615807
8.860462
9.092724
9.090203
9.039362
9.012420
8.970781
8.909461
8.895526
8.889793
8.879247
8.840184
8.788239
8.747726
8.704223
8.300653
0.064332
0.061945
0.057890
8.241560
8.324667
8.442499
8.518420
0.082709
8.709742
8.941598
9.114884
9.289214
9.336677
9.333394
9.351572
9.393220
9.437835
9.464337
9.472211
9.483201
9.475220
9.463101
9.417131
9.379856
9.351506
9.311227
9.193857
9.125874
9.077819
8.851671
8.629188
8.525124
8.282238
8.070334
7.513154
6.970390
6.449074
5.891806
5.157227
4.512261
3.966142
3.555437
3.223417
2.922515
2.416566
2.246628
2.003049
1.812367
0.059415
0.009225
0.002354
0.021327
0.045379
0.057105
0.010926
0.000398
0.000292
0.001124
0.000269
0.004604
0.067244
0.066617
1.491201
1.461795
1.393736
1.308148
0.037309
0.114249
0.111043
0.109228
0.103939
0.075307
0.034222
0.031038
0.027936
0.002173
0.001710
0.001741
0.009096
0.000433
0.000221
0.001586
0.059468
0.003863
0.028918
0.028872
0.086108
0.110520
0.147561
0.638472
0.638746
0.710945
0.847768
0.914640
0.917087
0.996712
0.020449
2.385294
2.596314
2.857713
3.161659
3.519427
3.945710
4.434883
4.977828
5.596216
6.264943
7.094498
7.964649
9.214579
9.347419
9.521571
9.556475
9.562538
9.563096
9.563262
9.563309
9.563194
9.562962
9.561856
9.550738
9.538952
9.518390
9.491465
9.421035
9.061470
9.053545
9.036836
8.973103
8.922245
8.903225
8.891417
8.864990
8.855534
8.848102
8.846898
8.839614
8.837199
8.833652
8.803653
8.787764
8.775889
8.753317
8.731253
8.735815
8.790020
8.808022
8.817550
8.792119
8.686084
8.569726
8.540034
8.161707
7.172943
6.260454
5.396498
4.773532
4.104661
3.436042
3.006719
0.003308
1.566780
1.411234
1.270782
1.081019
0.759333
0.690515
0.328787
0.056761
0.056364
0.024198
0.025251
0.026587
0.026718
0.026446
0.026720
0.027086
0.027286
0.028192
0.027340
0.026690
0.026740
0.025884
0.024913
0.024575
0.023642
0.023376
0.023382
0.023646
0.023774
0.023953
0.023539
0.023199
0.020786
0.004416
0.012411
0.020376
0.032749
0.024893
0.025450
0.022962
0.022224
0.021299
0.019769
0.019607
0.019379
0.016030
0.013333
0.011729
0.010688
0.009657
0.008563
0.007320
0.005684
0.001323
0.001314
0.009582
0.010289
0.011071
0.011625
0.001565
0.003408
0.004529
0.003580
0.003595
0.003828
0.004133
0.004301
0.004623
0.005461
0.006491
0.008015
0.009636
0.009912
0.000251
0.000356
0.000367
0.549274
0.571270
0.574299
0.024394
0.005292
0.000102
0.000548
0.000762
0.000874
0.001700
0.005971
0.008153
0.897006
0.973459
1.053582
1.122989
1.231206
1.360693
1.489388
0.012046
0.012276
0.014419
0.096189
0.445512
0.531140
4.042306
4.450620
4.880078
5.461395
6.375604
6.804571
7.329115
7.849300
8.202601
8.462496
8.693657
8.973249
9.056889
9.146434
9.210299
9.252911
9.709300
9.787836
9.829121
9.865025
9.902988
9.948672
9.974519
9.995857
9.999033
9.999382
9.999369
9.999424
9.999565
9.999130
9.998230
9.997674
9.998343
9.995714
9.992733
9.992816
9.992510
9.989207
9.986139
9.979399
9.972299
9.957834
9.947502
9.933889
9.902128
9.871884
9.836638
9.739302
9.501092
9.324334
9.172564
9.006945
8.914011
8.729963
8.607421
8.411506
8.148197
7.412622
6.167827
5.015893
4.198718
0.426065
0.373079
0.327117
0.002148
0.001248
0.000872
0.001152
0.001268
0.160651
0.720396
0.712059
0.879938
1.120905
1.681399
2.316059
2.839603
3.896032
4.572439
5.097950
5.714611
6.427820
7.415498
8.243863
8.521024
8.850589
9.269739
9.392932
9.461023
9.522653
9.553239
9.551253
9.535173
9.528113
9.520854
9.508004
9.490252
9.455725
8.763663
8.409754
8.161171
7.888541
7.176756
6.221104
5.526364
4.904960
4.283729
3.726168
3.285390
2.886238
2.592124
2.197121
1.635870
0.002620
0.961660
0.848233
0.773948
0.692869
0.632120
0.575544
0.090705
0.087106
0.080202
0.073272
0.015442
0.001212
0.001104
0.001529
0.001654
0.000251
0.000272
0.000326
0.000853
0.000902
0.058645
0.085039
0.151351
0.151271
0.153285
0.151687
0.147127
0.137594
0.122026
0.108659
0.040588
0.035576
0.006830
0.006071
0.005213
0.000127
0.000076
0.000020
0.000017
0.000018
0.000027
0.000026
0.000025
0.000022
0.000028
0.000023
0.000008
0.000011
0.000011
0.000019
0.000028
0.000028
0.000014
0.000030
0.000051
0.000046
0.000064
0.000057
0.000049
0.000132
0.000153
0.000211
0.017743
0.017350
0.018157
0.016911
0.015640
0.015042
0.000528
0.000470
0.003134
0.003866
0.006723
0.010076
0.011962
0.012939
0.047350
0.050437
0.050522
0.051719
0.052787
0.054250
0.046576
0.034571
0.035165
0.069772
0.071548
0.072907
0.074364
0.076676
0.077986
0.078911
0.079634
0.079877
0.095207
0.093887
0.092125
0.089876
0.087952
0.086608
0.088936
0.035239
0.000605
0.000559
0.014784
0.015947
0.039123
0.133576
0.211036
0.270029
0.433329
0.645747
0.915519
1.249680
1.372588
1.512338
1.693229
2.199360
2.629146
2.947337
3.557484
4.082581
4.881463
5.335009
5.919175
6.387926
6.942477
7.349802
7.846193
7.931728
8.015763
8.170027
8.206052
8.209748
8.209996
8.202910
8.098227
8.026100
7.995348
7.897620
7.818951
7.730494
7.632193
7.251334
6.930124
6.634178
6.394253
6.027584
5.679734
5.321442
4.747226
4.183268
3.739532
0.370741
2.138001
1.958486
1.844544
1.804484
1.743414
1.691655
1.650113
1.559881
1.411278
1.367985
1.376883
1.392626
0.993804
0.961695
0.980256
0.615705
0.453247
0.001497
0.001149
0.000800
0.000883
0.000798
0.001176
0.001953
0.001976
0.047514
2.403887
2.625062
3.235194
3.582560
3.944138
4.393447
4.914741
5.531700
6.319317
6.829687
7.577610
8.272462
8.852709
9.708685
9.798025
9.835289
9.869153
9.912304
9.930912
9.945770
9.966540
9.982230
9.958073
0.003218
0.001248
0.000462
0.000353
0.000074
0.000058
0.000040
0.000024
0.000016
0.000015
0.000013
0.000017
0.000041
0.000108
0.000251
0.002657
0.002952
9.781870
9.885171
9.840153
9.676991
9.529432
9.314649
8.935237
8.578395
8.015201
0.297994
0.333298
7.428845
8.045765
8.460123
8.605097
9.039177
9.215759
9.454934
9.193849
8.969742
0.420396
9.213050
9.713019
9.770224
9.782098
9.603067
9.372694
9.015457
8.719857
8.214185
7.498350
6.778828
4.299799
0.038609
0.468758
1.484281
1.620816
4.745929
5.650282
6.255296
6.859845
7.571519
8.229307
8.845969
9.790527
9.915001
9.966393
9.990275
9.998190
9.999429
9.999411
9.998830
9.994137
9.993136
9.995830
9.998719
9.998714
9.998678
9.999221
9.999817
9.999896
9.999330
9.996934
9.992872
9.992084
9.993747
9.995576
9.998687
9.999044
9.998939
9.999029
9.999284
9.999213
9.997850
9.998014
9.999578
9.999882
9.999910
9.999725
9.999168
0.000024
0.000010
0.000004
0.000002
0.000001
0.000000
0.000000
0.000000
0.000000
0.000000
0.000000
0.000000
0.000000
0.000000
0.000000
0.000000
0.000000
0.000000
0.000000
0.000000
0.000000
0.000000
0.000000
0.000000
0.000000
0.000000
0.000000
0.000000
0.000000
0.000000
0.000000
0.000000
0.000000
0.000000
0.000000
0.000000
0.000000
0.000000
0.000000
0.000000
0.000000
0.000000
0.000000
0.000000
0.000000
0.000000
0.000000
0.000000
0.000000
0.000001
0.000003
0.000005
0.000009
0.000013
9.488620
9.497038
9.505440
9.514494
9.524008
9.532994
9.541622
9.549001
9.558034
9.568505
9.577756
9.586313
9.594312
9.603354
9.613140
9.622342
9.630875
9.639123
9.648120
9.657647
9.666191
9.674790
9.683884
9.692032
9.699856
9.710798
9.723598
9.732376
9.737788
9.746738
9.757751
9.764523
9.773519
9.787810
9.798447
9.807122
9.815837
9.826854
9.836594
9.845242
9.849065
9.857488
9.870172
9.883467
9.893524
9.902430
9.911185
9.919996
9.928711
9.937505
9.946291
9.954941
9.963773
9.972661
9.981403
9.990184
9.999037
9.999266
9.999561
9.999532
9.999657
9.999899
9.999937
9.999978
9.999899
9.999870
9.999806
9.999069
9.989733
9.297453
9.297737
9.297893
9.297127
9.295966
9.295729
9.295761
9.295655
9.295925
9.296826
9.297173
9.297742
9.297620
9.297516
9.297582
9.297672
9.297692
9.297757
9.297742
9.297521
9.297320
9.297279
9.297281
9.297178
9.297479
9.297820
9.297794
9.297793
9.297853
9.297854
9.297886
9.297893
9.297851
9.297278
9.294839
9.292277
9.292268
9.293583
9.294657
9.292396
9.292172
9.293989
9.287186
9.283983
9.283409
9.285748
9.287391
9.291736
9.296716
9.296162
9.295512
9.294614
9.292468
9.286200
9.285286
9.287903
9.291572
9.292973
9.296750
9.297875
9.297692
9.297356
9.297193
9.296794
9.296186
9.295568
9.291839
9.285233
9.271753
9.256938
9.259721
9.275993
9.295846
9.296227
9.296264
9.295851
9.295194
9.293611
9.294362
9.297219
9.296659
9.294448
9.293724
9.292890
9.291521
9.291054
9.293185
9.294951
9.294590
9.293906
9.293690
9.293224
9.282467
9.278178
9.275855
8.985985
8.758584
8.544895
8.069264
7.592360
7.183151
6.446511
6.059363
5.655229
0.361461
0.009659
0.010486
0.189607
4.873711
5.032875
4.863981
4.305845
4.331904
4.343607
0.039623
0.041418
0.006491
0.007471
0.059127
5.185254
5.435330
5.653501
5.888602
6.502116
6.734950
6.891568
7.038070
7.143772
7.203105
7.197361
7.204320
7.242092
7.288798
7.265241
7.342546
7.376578
7.383475
7.404283
7.392766
7.318656
7.258319
7.091358
6.068689
4.030972
3.424866
2.988868
2.660166
2.406201
2.163125
0.007787
0.006011
0.005586
0.000292
0.002228
0.002273
0.014761
0.016732
0.011010
0.015077
0.051774
0.086684
1.057891
1.001810
0.961087
0.935635
0.901909
0.858485
0.533388
0.518609
0.485152
0.460159
0.024513
0.022872
0.021440
0.000000
0.000000
0.000000
0.000000
0.000000
0.000000
0.000000
0.000000
0.000000
0.000471
0.000921
0.000000
0.000000
0.021248
0.020374
0.018680
0.017417
0.016636
0.015862
0.013144
0.012507
0.011514
0.010477
0.014154
0.016021
0.017754
0.017086
0.018062
0.018367
0.018011
0.017412
0.017052
0.017257
0.016968
0.017066
0.016649
0.015952
0.015015
0.014322
0.013190
0.010650
0.010629
0.010496
0.010398
0.010287
0.010293
0.011328
0.000328
0.012189
0.012395
0.013054
0.017434
0.020120
0.027147
0.038108
0.038536
0.044477
0.043964
0.061398
0.089665
0.093721
0.096893
0.101199
0.101913
0.103525
0.088778
0.090386
0.095248
0.106845
0.105240
0.100815
0.087805
0.088181
0.064696
0.039234
0.002544
0.001002
0.005001
0.005006
0.055874
0.057941
0.136604
0.142001
0.135033
0.131967
0.127659
0.125871
0.121867
0.109564
0.016436
0.052513
0.049785
0.035734
0.000179
0.000085
0.026356
0.026704
0.026810
0.012347
0.023857
0.025546
0.004012
0.032808
0.129500
0.138616
0.140479
0.142155
0.134930
0.008990
0.008442
0.007150
0.007000
0.005177
0.004978
0.009228
0.012555
0.006169
0.001998
0.000000
0.000000
0.000000
0.000000
0.000000
0.000067
0.000074
0.000085
0.000000
0.000000
0.004201
0.030766
