0.005111
0.004887
0.004853
0.004736
0.004657
0.004537
0.004461
0.004305
0.000504
0.000525
0.000531
0.000516
0.000525
0.000541
0.000553
0.000007
1.013699
0.836805
0.672067
0.482678
0.417825
0.348417
0.263163
0.055562
0.009309
0.027431
0.027544
0.000523
0.000659
0.000533
0.000562
0.000606
0.000794
0.000571
0.000505
0.000349
0.000061
0.000189
0.000072
0.000072
0.026391
0.027413
0.015190
0.012711
0.011175
0.002590
0.002547
0.003720
0.004291
0.005107
0.010922
0.012414
0.011630
0.030232
0.068763
0.116573
0.136422
0.141831
0.095999
0.023548
0.016246
0.008763
0.000091
0.000019
0.000040
0.000036
0.000349
0.000437
0.000453
0.000585
0.000716
0.000660
0.000692
0.000924
0.103002
0.117848
0.135309
0.192281
0.205367
0.215674
0.242197
0.253320
0.266370
0.273242
0.267981
0.266062
0.262021
0.048188
0.277121
0.279623
0.281146
0.278144
0.259071
0.241197
0.222312
0.000738
0.094155
0.087365
0.078517
0.070946
0.062355
0.047841
0.043199
0.036216
0.000905
0.006665
0.006895
0.014416
0.014377
0.014546
0.014419
0.009293
0.009073
0.009198
0.013917
0.014056
0.014634
0.019797
0.018546
0.017832
0.013594
0.013215
0.013246
0.013056
0.012658
0.012282
0.009918
0.005948
0.005963
0.006082
0.006201
0.006584
0.006956
0.007402
0.006962
0.006701
0.000291
0.000012
0.000011
0.000005
0.000006
0.000008
0.000158
0.000146
0.000099
0.000157
0.012596
0.040117
0.030285
0.004183
0.000360
0.037288
0.049065
0.054303
0.100260
0.174377
0.197592
0.378046
0.415045
0.441466
0.457066
0.471181
0.480109
0.505916
0.520870
0.534136
0.541404
0.544081
0.000859
0.000729
0.000336
0.000074
0.000037
0.000007
0.000010
0.000006
0.000008
0.000011
0.000015
0.000013
0.000199
0.000228
0.000052
0.000044
0.000004
0.000006
0.000010
0.000008
0.000003
0.000002
0.000002
0.000003
0.000003
0.000012
0.000366
0.000591
0.001928
0.002843
0.001003
0.001047
0.538290
0.511579
0.472584
0.428790
0.386108
0.325772
0.285544
0.052018
0.025933
0.012130
0.001681
0.001733
0.001667
0.001424
0.028452
0.000527
0.000035
0.000036
0.000385
0.000028
0.000100
0.000148
0.000211
0.000539
0.000578
0.005349
0.006082
0.081094
0.109557
0.225177
0.239884
0.234281
0.215239
0.207141
0.189061
0.166639
0.124214
0.084787
0.042062
0.024420
0.021689
0.012346
0.012022
0.011038
0.010787
0.000051
0.000006
0.006697
0.000924
0.000059
0.002701
0.003222
0.004058
0.004245
0.004351
0.000065
0.000071
0.000028
0.001678
0.001609
0.001584
0.001574
0.001532
0.001550
0.001533
0.001473
0.001419
0.001457
0.001413
0.001335
0.001230
0.001138
0.001083
0.001015
0.001518
0.001536
0.001483
0.001596
0.007983
0.008226
0.009399
0.017308
0.018488
0.019257
0.023460
0.028529
0.027867
0.022020
0.004078
0.001060
0.000947
0.001004
0.001177
0.105604
0.109351
0.108500
0.019809
0.018044
0.016438
0.003301
0.002234
0.000199
0.000253
0.000081
0.000021
0.000020
0.000027
0.000007
0.000005
0.000007
0.003444
0.000109
0.000009
0.000009
0.000061
0.000059
0.000085
0.000095
0.000056
0.000044
0.000036
0.001025
0.001073
0.008473
0.009104
0.009611
0.009575
0.011670
0.012420
0.013597
0.014125
0.013609
0.000796
0.000137
0.000157
0.000196
0.011688
0.014491
0.016719
0.027648
0.029468
0.030443
0.044472
0.042088
0.044316
0.046640
0.046042
0.043857
0.027170
0.026094
0.007612
0.000671
0.000573
0.007783
0.001012
0.002288
0.003002
0.003466
0.018659
0.019936
0.020639
0.021082
0.021514
0.015570
0.000406
0.000853
0.018102
0.018803
0.021005
0.024715
0.025664
0.026045
0.006383
0.006358
0.005860
0.000798
0.000811
0.000611
0.000580
0.001589
0.002806
0.002890
0.002952
0.003148
0.003656
0.004558
0.005482
0.005559
0.005323
0.004997
0.000424
0.000400
0.009660
0.009839
0.028925
0.042143
0.047276
0.067843
0.091445
0.370536
0.375190
0.001711
0.003071
0.003670
0.446371
0.451401
0.061561
0.040469
0.020835
0.020466
0.009712
0.009505
0.008112
0.007850
0.007405
0.005945
0.002535
0.019092
0.021229
0.389040
0.370365
0.355656
0.334091
0.052108
0.084010
0.072824
0.070489
0.066340
0.033494
0.030806
0.000335
0.000254
0.000176
0.002982
0.003619
0.011583
0.037783
0.043450
0.068789
0.071200
0.093505
0.186718
0.203375
0.217710
0.242989
0.263913
0.275945
0.267765
0.283891
0.283389
0.289991
0.292599
0.316980
0.367616
0.381158
0.392568
0.410807
0.411589
0.415658
0.009982
0.003630
0.024305
0.503960
0.537601
0.576263
0.635356
0.632780
0.049368
0.008341
0.008970
0.181971
0.325861
0.373371
0.500904
0.600268
1.754340
1.903534
1.945778
0.000169
0.001290
1.988434
2.014512
2.009659
1.964066
1.913916
1.867917
1.775492
1.646538
1.599554
0.024176
0.019204
0.002468
0.015558
0.970861
1.262557
1.287033
1.428163
1.462616
1.446543
0.001151
1.383168
1.274951
0.010730
1.059000
1.010280
0.969537
0.839262
0.766435
0.703478
0.670674
0.634776
0.576165
0.444159
0.390009
0.341573
0.218508
0.190225
0.141176
0.002368
0.000804
0.042057
0.048738
0.049001
0.050179
0.046545
0.047246
0.044759
0.044928
0.005179
0.140293
0.148134
0.135287
0.132117
0.138034
0.142147
0.136632
0.137639
0.136488
0.134144
0.009402
0.000485
0.000519
0.005284
0.004179
0.003474
0.000020
0.000012
0.000022
0.000007
0.000014
0.000011
0.000012
0.000016
0.000013
0.000040
0.000039
0.000043
0.000076
0.000050
0.000175
0.001933
0.012000
0.023831
0.033721
0.047148
0.046421
0.245105
0.261333
0.279708
0.294131
0.324017
0.396744
0.421613
0.391633
0.106616
0.084436
0.039636
0.020011
0.004916
0.004938
0.004924
0.004892
0.004859
0.004852
0.004838
0.004838
0.004920
0.004853
0.004249
0.000150
0.000096
0.000122
0.000031
0.000682
0.001028
0.003803
0.211393
0.211076
0.208751
0.194971
0.172294
0.024854
0.019583
0.017737
0.014013
0.005956
0.005742
0.004152
0.001279
0.001237
0.001200
0.001336
0.001206
0.006816
0.005739
0.033311
0.035214
0.037613
0.078792
0.181634
0.173578
0.168907
0.024453
0.165447
0.044134
0.038205
0.026075
0.037468
0.036789
0.020168
0.000207
0.000020
0.000037
0.010597
0.010994
0.010985
0.010941
0.006873
0.012978
0.028454
0.029911
0.030983
0.031147
0.019977
0.002813
0.191061
0.204781
0.220036
0.506278
0.516387
0.527000
0.532574
0.495626
0.498040
0.473394
0.393866
0.337395
0.293520
0.243640
0.049236
0.045534
0.010973
0.004420
0.368226
0.364964
0.010220
0.008206
0.008645
0.008629
0.006920
0.012813
0.009647
0.009458
0.009022
0.008814
0.008811
0.000007
0.000008
0.000020
0.000021
0.000021
0.008949
0.028318
0.358835
0.358316
0.371112
0.354951
0.336972
0.316803
0.301155
0.284800
0.262726
0.128200
0.135020
0.119555
0.110363
0.103956
0.081283
0.068137
0.014263
0.000482
0.000602
0.000271
0.000013
0.000010
0.000015
0.000007
0.000007
0.000007
0.000008
0.000007
0.000003
0.000008
0.000007
0.000004
0.000005
0.000013
0.000002
0.000004
0.000004
0.000007
0.000013
0.000013
0.000051
0.000060
0.000077
0.000041
0.000034
0.000033
0.000016
0.000015
0.000005
0.000001
0.000001
0.000002
0.000003
0.000003
0.000007
0.000007
0.000006
0.000004
0.000004
0.000006
0.000007
0.000008
0.000009
0.000018
0.000006
0.000007
0.003851
0.000215
0.000234
0.000148
0.000124
0.000129
0.000194
0.000135
0.000361
0.000651
0.000610
0.000707
0.001040
0.000049
0.000443
0.000663
0.000598
0.175386
0.232515
0.261655
0.485499
0.537614
0.686453
0.744389
0.827697
0.942449
1.059066
1.238721
1.365291
1.598517
1.838098
2.126270
2.404727
2.563701
2.734787
2.779528
2.808029
2.809039
2.807596
2.762174
2.792311
2.784335
2.724339
2.633914
2.564600
2.477506
2.303635
2.060150
1.890422
1.712880
1.497249
1.254580
0.321551
0.000323
0.000016
0.000009
0.000019
0.000003
0.000002
0.000005
0.000007
0.000012
0.000002
0.000002
0.000003
0.000006
0.000007
0.000004
0.000005
0.000009
0.000011
0.000007
0.000006
0.000012
0.000008
0.000009
0.000009
0.000005
0.000003
0.000004
0.000014
0.000006
0.000010
0.000011
0.000008
0.000007
0.000015
0.000007
0.000222
0.228008
0.227818
0.627507
0.749269
0.793914
0.891713
1.068095
1.144040
1.265735
1.347808
0.004370
0.000092
0.000072
0.000060
0.000056
0.000065
0.009825
0.081893
1.840263
2.007726
2.098811
2.212855
2.364755
2.429791
2.445726
2.417895
2.360380
2.271148
2.046709
1.699257
1.363414
1.081861
0.960265
0.756862
0.669002
0.007071
0.297948
0.281579
0.261423
0.247242
0.232738
0.209759
0.182343
0.002245
0.002290
0.000385
0.000309
0.000317
0.000055
0.000037
0.000039
0.000040
0.000063
0.001285
0.015079
0.086809
0.172278
0.270113
0.286409
0.304697
0.310387
0.312323
0.317369
0.318256
0.341179
0.344410
0.359124
0.337623
0.281966
0.000121
0.000059
0.000045
0.000022
0.000016
0.000020
0.000023
0.000026
0.000028
0.000018
0.000020
0.000024
0.000028
0.000018
0.000035
0.000033
0.000337
0.000386
0.000028
0.000029
0.000036
0.000080
0.000078
0.000256
0.002543
0.042305
0.097103
0.113377
0.286416
1.363360
1.624004
1.712691
1.993910
2.044609
2.098173
2.186170
2.280229
2.387881
2.423946
0.001841
0.000077
0.000186
0.000120
0.000035
0.000008
0.000012
0.000129
0.000215
0.007336
0.016773
0.018657
0.123481
0.181038
0.270567
0.395617
3.339910
3.404059
3.463855
3.544953
3.654569
3.633672
3.612017
3.590044
3.239209
0.021442
0.021576
3.224298
3.183668
3.055922
2.809995
2.511211
0.019109
0.016989
0.015721
0.004990
0.006523
0.012872
0.012923
0.013972
0.014972
1.848070
1.640898
0.083888
0.004320
1.080702
0.953104
0.174022
0.077068
0.552582
0.578557
0.566442
0.552190
0.518744
0.004704
0.000215
0.018515
0.022143
0.529740
0.477231
0.440845
0.400867
0.361050
0.062871
0.277654
0.273731
0.267826
0.260474
0.253590
0.239325
0.208990
0.182178
0.166543
0.034422
0.087722
0.189208
0.010111
0.038496
0.058489
0.082560
0.119336
0.127906
0.127789
0.158750
0.162793
0.003825
0.014560
0.022904
0.207497
0.223526
0.231810
0.241853
0.253346
0.263067
0.270450
0.241862
0.239594
0.230959
0.221603
0.023982
0.009072
0.004904
0.021342
0.026917
0.021918
0.026583
0.005591
0.101169
0.111929
0.426760
0.454238
0.467167
0.489001
0.480790
0.009271
0.005999
0.066093
0.788224
0.873833
0.977483
1.055645
1.132499
1.184345
1.241910
1.286779
1.314898
1.375738
1.435280
0.016031
0.017936
0.015763
1.661478
1.731577
1.752870
1.706805
1.526480
1.341208
1.184583
0.015752
0.014084
0.003871
0.794404
0.766439
0.715068
0.668140
0.590247
0.563183
0.514556
0.326411
0.305584
0.294479
0.265103
0.242488
0.132531
0.128353
0.005923
0.000096
0.000083
0.002397
0.099234
0.097710
0.096232
0.092146
0.036063
0.012243
0.030793
0.030627
0.030052
0.032497
0.039229
0.077063
0.082311
0.311253
0.355750
0.466469
0.756150
0.876236
0.994805
0.008614
1.915920
2.232231
2.606592
0.020799
3.593341
4.354976
5.521499
6.211370
6.516539
6.889236
7.322620
7.395184
7.518935
7.598226
7.634870
7.813736
7.847470
7.852883
7.841999
7.839916
7.851171
7.830871
7.798305
7.757919
0.070515
0.000039
0.000041
0.000025
0.000012
0.000007
0.000003
0.000004
0.000004
0.000003
0.000006
0.000010
0.000059
0.000067
0.000093
0.000137
0.000211
0.000565
0.001771
7.986927
8.026009
8.054231
8.095929
8.090600
8.010278
0.068168
7.964975
7.996527
8.042104
8.056080
8.073395
8.098080
8.116200
8.115186
8.111724
8.107019
8.107443
8.097949
8.036738
7.925154
7.776054
7.265300
6.315458
5.166369
4.298152
2.764367
2.086842
1.616269
1.288827
1.025860
0.864989
0.676826
0.112639
0.089338
0.035887
0.015316
0.013417
0.012785
0.012696
0.012381
0.011338
0.011074
0.010856
0.010804
0.009557
0.008373
0.017040
0.019133
0.019838
0.020443
0.020567
0.021075
0.021278
0.021253
0.021777
0.022503
0.026545
0.133086
0.158812
0.169698
0.010260
0.486915
0.523516
0.012161
0.000083
0.000060
0.000036
0.000037
0.000042
0.000067
0.000073
0.000045
0.000016
0.000060
0.000023
0.000051
0.000040
0.000029
0.000024
0.000065
0.000074
0.000092
0.000126
0.000124
0.000150
0.000396
0.009854
1.807134
2.202603
2.585929
3.073577
3.957810
4.703926
5.515686
6.295269
7.080130
7.233423
7.337622
7.385616
7.397556
7.420829
7.374027
7.248746
0.107717
6.956662
7.025493
7.107396
7.207781
7.245002
7.478273
7.340856
7.263395
7.233529
7.156606
7.108376
6.925024
6.755027
6.628190
6.100693
0.046364
5.299068
4.814501
3.094225
2.914746
2.391078
2.106062
1.863698
0.095650
0.017330
0.012123
0.001100
0.006921
0.008041
0.008959
0.009732
0.010873
0.013953
0.015220
0.028985
3.652158
4.079344
4.506208
5.010867
5.446438
6.103368
6.824667
7.209290
7.372131
7.392590
7.358668
7.305254
7.229018
7.077635
0.037564
0.029963
0.090733
6.971259
0.364635
6.723229
7.057955
0.049304
7.261715
7.430676
7.580351
7.723125
7.872678
7.898309
7.885745
7.865006
7.807452
7.746952
7.705646
0.008901
0.009361
7.676684
7.899064
7.940262
7.952975
7.982089
7.998299
8.012829
7.997744
8.001609
7.996791
7.958518
7.757964
7.050011
0.147624
0.016051
0.009421
0.007224
0.006281
6.272766
6.181682
5.820803
1.277800
1.407044
6.687010
7.409338
8.205746
8.355894
8.395457
8.423509
8.422567
8.422221
8.421669
8.418675
8.413579
8.411602
8.413955
8.417862
8.414178
8.411216
8.620888
8.621378
0.000032
0.000027
0.000028
0.000059
0.000087
0.000108
0.000129
0.000171
8.632400
8.633505
8.632262
8.622606
8.618167
8.586240
8.567265
8.554584
8.555948
0.000528
0.000453
0.000441
0.000430
0.000446
0.000533
8.565787
8.577363
8.598194
8.600872
8.611466
8.625251
8.597926
8.518458
8.440629
0.060991
8.563648
8.560722
8.301271
8.303889
8.306633
8.307183
8.308801
8.309245
8.309490
8.309246
8.307332
8.306673
8.307020
8.309002
8.305809
8.300913
8.295881
8.213423
0.004111
0.002465
0.001427
0.001049
0.000326
0.000052
0.000021
0.000010
0.000006
0.000005
0.000006
0.000003
0.000002
0.000002
0.000003
0.000008
0.000005
0.000001
0.000001
0.000001
0.000001
0.000000
0.000002
0.000001
0.000002
0.000001
0.000001
0.000002
0.000001
0.000002
0.000002
0.000002
0.000004
0.000007
0.000016
0.000050
0.000203
0.000272
7.683179
7.694507
7.688279
7.923951
0.147820
8.217648
8.479049
8.584891
8.590279
8.591763
8.603475
8.598230
8.607222
8.607244
8.604799
8.604167
8.600120
8.605605
8.616865
8.635260
8.654601
8.662113
8.666187
8.663638
8.573092
8.609336
8.654610
8.675317
8.683933
8.686981
8.639212
8.541548
8.352826
8.392329
8.412570
8.428935
8.414733
0.110017
8.583661
8.606891
8.641935
8.674432
8.675521
8.682786
8.681956
8.624559
0.000192
0.000089
0.000058
0.000020
0.000010
0.000003
0.000001
0.000001
0.000000
0.000000
0.000000
0.000000
0.000000
0.000000
0.000000
0.000000
0.000000
0.000000
0.000000
0.000000
0.000000
0.000000
0.000000
0.000001
0.000011
0.000014
0.000020
0.000079
0.000103
0.000157
0.000903
8.549372
8.675602
8.699347
8.698418
8.696374
8.694255
8.692725
8.690789
8.683159
8.663878
8.650733
8.627482
8.596679
8.524330
8.509029
0.112109
8.669205
8.685883
8.683303
8.680262
8.648660
8.606932
8.614158
8.619811
8.628207
8.631073
8.632893
8.632568
8.632441
8.628568
8.624606
8.603983
8.571985
8.516866
8.272201
7.570329
7.108690
0.213389
0.054250
0.070108
6.165485
6.077710
5.818832
5.861926
5.806271
5.705556
0.016710
0.001725
0.001301
0.006560
0.006481
0.008630
0.009529
0.010447
0.011267
0.013516
0.001488
0.002006
0.002447
0.003020
0.049278
0.078819
6.705782
7.576121
8.313293
0.001072
0.000679
0.000264
0.000150
0.000069
0.000051
0.000022
0.000016
0.000004
0.000007
0.000005
0.000003
0.000002
0.000003
0.000007
0.000101
0.000076
0.000050
0.000052
0.000058
0.000074
0.000179
0.000310
0.004979
8.504863
8.601093
8.569726
8.558645
8.530325
8.533846
8.444455
8.437488
8.446246
8.449200
8.412807
8.383728
8.356171
8.354347
8.323790
8.115009
8.024444
7.709098
7.362687
6.842424
5.787562
6.617285
6.818605
6.493234
0.875535
0.948606
0.877718
0.975863
5.830142
6.349285
6.819562
7.580297
8.453142
8.615998
8.730195
8.868633
8.905090
0.000202
0.000183
0.000062
0.000008
0.000009
0.000007
0.000002
0.000006
0.000015
0.000009
0.000008
0.000030
0.000035
8.924140
8.934948
8.948021
8.955452
8.963477
8.967657
8.966421
8.964791
8.961366
8.948796
8.922231
8.895458
8.854698
8.833491
8.804097
8.787831
8.769473
8.736220
8.727143
8.730873
8.743827
8.758311
8.787251
8.810853
8.827743
8.803839
8.792201
8.780501
8.778712
8.745042
8.717442
8.666425
8.564079
8.434431
8.316017
8.340821
8.182412
8.065432
7.854361
7.644206
7.477649
7.287610
6.698728
5.890685
5.027012
4.454289
0.251774
0.083620
0.004445
0.205407
2.690443
2.808494
2.894816
2.749583
2.773696
2.544612
2.380232
0.524786
0.494361
0.011410
0.010179
0.010338
0.062177
0.741218
1.065288
2.683030
2.941121
3.159169
3.192162
0.005303
0.005511
0.004276
0.002539
0.003360
0.045772
3.143913
3.116984
0.130917
0.051096
0.043681
0.007311
0.007149
0.006859
0.000080
0.000042
0.000058
0.000036
0.000030
0.000023
0.000024
0.000012
0.000011
0.000019
0.000018
0.000102
0.000116
0.000120
0.000035
0.000059
0.000058
0.000196
0.000095
0.000109
0.000187
0.000156
0.000048
0.000041
0.000052
0.000033
0.000084
0.000522
0.000668
0.000581
0.000198
0.000129
0.000047
0.000108
2.721401
2.751516
2.671380
2.678802
2.628941
0.008424
0.007199
0.007206
3.382396
3.604356
3.776169
3.941316
4.003927
4.114561
4.319563
0.002457
0.002426
0.002637
0.002601
0.003934
0.009506
0.000061
0.000090
0.000096
0.000113
0.000196
0.000087
0.000080
0.000126
0.000130
0.000150
0.000296
0.000509
0.001750
0.002561
4.956398
5.357497
5.637604
0.002874
0.002756
0.010063
0.010934
5.795917
5.986749
6.195296
6.088689
6.021649
5.780526
5.417154
0.107974
0.094356
0.073067
0.064446
0.052709
0.048846
0.060917
0.059342
0.001530
0.001404
0.001522
0.000433
0.000648
0.054783
0.055470
0.057281
4.090234
3.661499
3.301804
2.996351
0.020949
0.005469
1.764793
1.716950
1.554517
0.233626
0.006079
0.000273
0.000264
0.000308
0.000380
0.000528
0.004148
0.005551
0.048826
0.528579
1.319152
4.372378
4.961969
5.618175
6.233915
6.634252
7.130567
7.341826
7.591124
7.666646
7.657013
7.682332
7.705506
7.762134
7.785089
7.821502
8.101239
8.132198
7.818323
7.958788
8.053274
8.134010
8.174101
8.240382
8.304758
8.372705
8.474775
8.640393
8.720347
8.728239
8.748002
8.776618
8.806386
8.809546
8.818454
8.800536
8.486353
8.172406
7.918829
7.691742
7.524713
0.193657
0.245450
7.431228
7.640891
7.648802
7.699529
7.668979
7.514130
7.107056
6.700496
6.358366
6.046257
5.540461
5.206145
4.937449
4.686701
4.417937
4.192433
3.915934
3.638735
1.498213
0.014547
0.002822
0.002461
0.019206
0.049276
0.124407
1.299908
1.586656
1.648081
0.000759
0.013499
0.016127
4.706048
5.277542
5.677009
5.904905
6.144311
6.354402
6.446225
6.558027
6.671345
6.759186
6.704864
6.660898
6.653415
6.659962
6.605800
0.038172
0.017488
0.016485
0.015768
6.466576
6.515803
6.566599
6.586378
6.620440
6.683866
6.741935
6.735642
6.754337
6.621643
6.602808
6.251931
5.950605
1.434241
5.590516
5.941018
6.293360
6.791942
7.147664
7.139139
6.993984
6.865004
6.444949
6.097638
5.864897
5.598525
3.987662
6.573080
6.658827
6.919626
7.116423
6.950125
6.749321
6.814317
7.468518
7.566738
7.625577
7.635385
7.657912
7.687600
7.711759
7.693062
7.610478
7.537924
7.464476
7.373578
7.295028
7.248349
7.171461
7.126104
7.153016
6.967669
6.772740
6.539310
6.374684
6.260899
6.084342
5.957784
5.851989
5.696003
0.000939
0.000270
0.000238
0.000170
0.000161
0.002944
0.002438
0.002658
0.002755
0.002735
0.002824
0.002999
0.000136
0.000112
0.000046
0.000019
0.000023
0.000037
0.000064
0.000050
0.000051
0.000040
0.000053
0.000119
0.000089
0.000169
0.000175
0.000269
0.065073
5.534602
5.542266
5.515118
5.430585
5.235384
5.071549
4.916512
4.782120
4.441765
0.117937
0.602028
3.029552
3.228293
3.368036
3.552161
3.665062
3.609250
3.606711
3.572747
3.560611
3.459771
0.190053
0.131035
0.028847
0.027429
0.020808
0.027462
3.172704
3.114804
2.928624
2.755041
2.586423
0.175983
0.145903
0.024164
0.011600
0.011666
0.000056
0.000046
0.000043
0.000031
0.000027
0.000042
0.000072
0.000056
0.000067
0.007431
0.086015
0.090729
0.098541
2.042650
2.032758
2.028417
0.138722
0.091664
0.000080
0.000072
1.670543
1.438803
1.267999
1.122006
0.983785
0.868111
0.785445
0.684496
0.635264
0.600125
0.553278
0.489732
0.009674
0.031740
0.036044
0.069276
0.075216
0.242423
0.238678
0.236545
0.236778
0.005540
0.000021
0.013287
0.012489
0.001673
0.394745
0.413475
0.401468
0.394652
0.364120
0.290334
0.300305
0.289289
0.220447
0.213407
0.206312
0.163114
0.002021
0.147255
0.141982
0.118142
0.122464
0.113133
0.112249
0.110879
0.002876
0.002769
0.003572
0.011784
0.012080
0.011422
0.052179
0.141461
0.142296
0.150083
0.148734
0.117006
0.124730
0.161704
0.180531
0.187385
0.206328
0.130637
0.035869
0.028084
0.005526
0.017847
0.018030
0.025619
0.028365
0.030778
0.031613
0.039727
0.041929
0.041161
0.003780
0.031993
0.033638
0.042964
0.041200
0.041215
0.035527
0.037240
0.036674
0.038222
0.053123
0.058259
0.093607
0.125743
0.118311
0.111207
0.103997
0.099363
0.090244
0.013364
0.000091
0.000406
0.000070
0.002011
0.002794
0.008251
0.017415
0.099291
0.148352
0.202878
0.257921
0.263543
0.268891
0.248484
0.163004
0.139884
0.108878
0.097823
0.023877
0.031837
0.035258
0.099686
0.107989
0.112081
0.110274
0.105207
0.103064
0.101788
0.062066
0.051494
0.049784
0.048924
0.018285
0.018025
0.010655
0.005987
0.010208
0.010109
0.010121
0.009708
0.009308
0.008870
0.005330
0.005147
0.004990
0.000754
0.000758
0.000766
0.000766
0.000812
0.000761
0.000775
0.000804
0.000846
0.005433
0.004736
0.004700
0.004734
0.004813
0.005100
0.005185
0.005167
0.006960
0.007247
0.007298
0.008192
0.016383
0.016529
0.047351
0.053109
0.047433
0.045229
0.000697
0.019139
0.029481
0.191536
0.208005
0.225587
0.240363
0.252150
0.258322
0.265435
0.258805
0.254424
0.250196
0.245082
0.236361
0.225157
0.110940
0.109652
0.096841
0.084960
0.000164
0.016194
0.015397
0.015515
0.023598
0.022010
0.076726
0.075807
0.069325
0.075224
0.075904
0.074365
0.104823
0.110401
0.108745
0.108287
0.093323
0.092700
0.092466
0.090437
0.008055
0.003301
0.003043
0.005086
0.002496
0.009988
0.013048
0.014451
0.018567
0.018694
0.018731
0.009510
0.009899
0.002489
0.000429
0.030689
0.043357
0.049773
0.053750
0.058950
0.133820
0.144037
0.151812
0.152782
0.142342
0.107572
0.109069
0.109881
0.106289
0.105992
0.093204
0.083992
0.082346
0.011677
0.022992
0.103564
0.109768
0.113469
0.114634
0.133969
0.141409
0.141072
0.139580
0.138714
0.137766
0.000037
0.000039
0.000017
0.000015
0.000019
0.002558
0.001546
0.000045
0.000047
0.017915
0.018361
0.018096
0.018240
0.145565
0.144525
0.144427
0.144438
0.144131
0.139076
0.135865
0.130302
0.091594
0.084047
0.077240
0.071260
0.060822
0.054654
0.057261
0.023401
0.051505
0.057807
0.059860
0.058830
0.055879
0.041799
0.040127
0.037431
0.001220
0.000782
0.000029
0.000349
0.000383
0.000366
0.000465
0.001630
0.001226
0.001077
0.001053
0.001062
0.001196
0.001148
0.002688
0.010567
0.014299
0.020701
0.061136
0.062873
0.074411
0.084702
0.101659
0.106768
0.111105
0.076954
0.057159
0.034987
0.009981
0.009100
0.008530
0.006543
0.006213
0.005393
0.004709
0.004348
0.003810
0.003195
0.002558
0.002251
0.002160
0.002123
0.001933
0.001792
0.001644
0.001558
0.001417
0.001390
0.000401
0.000208
0.000060
0.000591
0.000621
0.000615
0.000593
0.000585
0.003400
0.004271
0.004388
0.004746
0.004693
0.004705
0.004680
0.004793
0.004771
0.004799
0.004793
0.004607
0.004508
0.004432
0.003929
0.003956
0.003992
0.003636
0.003201
0.000476
0.000307
0.000332
0.000067
0.000062
0.000053
0.000077
0.001060
0.001123
0.001154
0.001252
0.003784
0.004825
0.004877
0.004943
0.004984
0.004886
0.004966
0.005071
0.000078
0.000033
0.000034
0.000009
0.000027
0.000029
0.000030
0.000089
0.000886
0.006532
0.006834
0.006891
0.009441
0.009952
0.013705
0.013957
0.014762
0.010807
0.011516
0.012830
0.048423
0.059341
0.061182
0.062140
0.062303
0.061423
0.060877
0.060597
0.016371
0.016655
0.007509
0.007466
0.002913
0.002571
0.002571
0.047565
0.049360
0.066048
0.067463
0.074553
0.077620
0.081754
0.086236
0.095347
0.100162
0.104006
0.107777
0.108993
0.076529
0.073348
0.017890
0.013163
0.016594
0.016680
0.000757
0.000162
0.002754
0.002855
0.002911
0.002997
0.002977
0.002937
0.006708
0.006936
0.007112
0.007763
0.004498
0.005099
0.005050
0.012832
0.125619
0.104370
0.051964
0.041282
0.036152
0.027220
0.018848
0.000760
0.000814
0.000657
0.000675
0.000812
0.001202
0.001506
0.009010
0.009710
0.011499
0.013012
0.013576
0.014266
0.014775
0.047318
0.054012
0.057185
0.058097
0.064338
0.071168
0.093934
0.111760
0.166250
0.176919
0.191671
0.179428
0.171613
0.156847
0.152168
0.000332
0.000098
0.005180
0.029794
0.032743
0.030037
0.029593
0.029262
0.028691
0.027182
0.027024
0.024719
0.024503
0.023425
0.020763
0.019653
0.015199
0.014611
0.014886
0.013198
0.009895
0.008473
0.007645
0.002558
0.011294
0.013402
0.012533
0.012337
0.005299
0.000196
0.000147
0.005641
0.016178
0.016127
0.010096
0.008027
0.008083
0.008392
0.008119
0.002602
0.000251
0.000269
0.000355
0.005422
0.005627
0.005798
0.005476
0.001901
0.002630
0.052660
0.056891
0.065962
0.067586
0.072258
0.127467
0.137502
0.142414
0.140548
0.130421
0.011617
0.021368
0.024078
0.056302
0.055960
0.057300
0.056460
0.055856
0.071495
0.070195
0.066633
0.063034
0.059147
0.054868
0.049741
0.039610
0.034488
0.032226
0.002251
0.002322
0.002307
0.002300
0.009584
0.002213
0.002154
0.002158
0.002191
0.002171
0.002228
0.002274
0.004400
0.004516
0.004512
0.004501
0.004479
0.004319
0.003770
0.003392
0.002646
0.002657
0.002643
0.002638
0.002647
0.002663
0.002625
0.002621
0.002620
0.002632
0.002642
0.002691
0.004300
0.004398
0.004416
0.004448
0.004481
0.004501
0.004758
0.005981
0.006050
0.006769
0.007951
0.003774
0.005868
0.005655
0.005445
0.005330
0.003357
0.002971
0.002767
0.003251
0.001504
0.001561
0.001983
0.018858
0.022187
0.023782
0.060146
0.061781
0.062292
0.062760
0.062894
0.070731
0.073661
0.073783
0.076508
0.076486
0.076035
0.043600
0.043138
0.041687
0.040700
0.036000
0.021377
0.003896
0.000213
0.000134
0.000126
0.000140
0.000165
0.008473
0.010081
0.011215
0.012053
0.012521
0.013010
0.013370
0.013743
0.012895
0.011435
0.010411
0.008046
0.004838
0.003155
0.003262
0.002755
0.012304
0.047283
0.045940
0.044763
0.038538
0.033791
0.030480
0.029094
0.025926
0.021177
0.022672
0.014346
0.016222
0.013347
0.013370
0.000032
0.000026
0.000024
0.000016
0.000711
0.000840
0.001021
0.001000
0.000959
0.000947
0.000936
0.002840
0.002959
0.003784
0.003761
0.003850
0.003993
0.003795
0.003603
0.003487
0.003376
0.003407
0.003357
0.003347
0.003468
0.003326
0.003013
0.001746
0.001313
0.017489
0.019730
0.020250
0.021123
0.039759
0.039833
0.035054
0.029945
0.025691
0.022718
0.002130
0.005054
0.005186
0.007053
0.007303
0.007575
0.007945
0.008681
0.011189
0.011835
0.012216
0.012551
0.012508
0.007142
0.005486
0.005189
0.005012
0.002347
0.000083
0.000000
0.000015
0.000030
0.000010
0.000043
0.001422
0.001667
0.017818
0.030694
0.026676
0.025089
0.019854
0.012517
0.012421
0.010681
0.003843
0.004108
0.004058
0.007686
0.008378
0.008540
0.008500
0.008373
0.008680
0.009316
0.010858
0.013696
0.004687
0.108570
0.125793
0.142661
0.164806
0.194749
0.217381
0.233545
0.239242
0.242011
0.243843
0.245329
0.245858
0.244211
0.236072
0.228887
0.205730
0.202043
0.195789
0.018324
0.010733
0.010324
0.009147
0.008870
0.175561
0.172870
0.172711
0.169919
0.142943
0.113822
0.094261
0.047834
0.010393
0.010449
0.009400
0.009452
0.005959
0.002658
0.002769
0.027938
0.029406
0.031864
0.031488
0.025932
0.024942
0.006314
0.002743
0.000000
0.000493
0.000977
0.037565
0.038935
0.061458
0.063715
0.066635
0.067605
0.132434
0.147458
0.165405
0.185117
0.192038
0.197832
0.002279
0.235057
0.238389
0.242460
0.248977
0.252708
0.255925
0.251814
0.250795
0.248937
0.237747
0.207684
0.059511
0.056501
0.046457
0.035051
0.032626
0.023588
0.011587
0.011478
0.011353
0.017002
0.016671
0.017522
0.016653
0.023700
0.025152
0.030989
0.051664
0.060915
0.143811
0.157976
0.232025
0.214938
0.183078
0.130307
0.080055
0.073820
0.068503
0.052145
0.030405
0.019030
0.014101
0.000574
0.002085
0.002608
0.003567
0.004194
0.000194
0.000456
0.015226
0.015230
0.016485
0.028296
0.039516
0.052084
0.055585
0.056087
0.060428
0.061040
0.085225
0.103412
0.106984
0.107539
0.107040
0.106249
0.105626
0.104692
0.083983
0.075530
0.017094
0.036352
0.050090
0.054970
0.058660
0.061521
0.060039
0.054125
0.053092
0.049072
0.048376
0.049065
0.049400
0.044927
0.000026
0.002617
0.000002
0.000023
0.001570
0.012434
0.037099
0.070983
0.069070
0.088415
0.092048
0.092638
0.097733
0.100041
0.110781
0.121838
0.126134
0.127407
0.127413
0.120300
0.125232
0.123097
0.134785
0.141849
0.142361
0.133177
0.124146
0.121465
0.121854
0.112694
0.090474
0.047255
0.044460
0.043103
0.040433
0.007584
0.012182
0.017704
0.011066
0.010560
0.009978
0.008832
0.006913
0.000055
0.000028
0.000046
0.000014
0.000006
0.000007
0.000009
0.000009
0.000008
0.000018
0.000003
0.000007
0.000008
0.000012
0.000016
0.000028
0.000038
0.000030
0.000007
0.000025
0.000068
0.000045
0.000056
0.000057
0.000015
0.000004
0.000051
0.002667
0.003529
0.028286
0.036030
0.051887
0.055654
0.078538
0.081475
0.111180
0.116759
0.117000
0.115059
0.114460
0.111667
0.108343
0.101874
0.083071
0.080250
0.076818
0.024804
0.026854
0.026877
0.026456
0.026117
0.025162
0.023968
0.023262
0.002930
0.002945
0.002754
0.003851
0.006021
0.037328
0.049136
0.051680
0.054255
0.054528
0.051102
0.050390
0.046943
0.037991
0.036621
0.018251
0.013835
0.031651
0.031206
0.030701
0.010347
0.002437
0.001359
0.001245
0.001017
0.000188
0.000104
0.001213
0.007617
0.010603
0.010795
0.011399
0.015499
0.016385
0.021298
0.027839
0.029778
0.041145
0.039930
0.054222
0.057572
0.064873
0.069514
0.078838
0.112544
0.119533
0.128056
0.131199
0.131158
0.128457
0.101212
0.094178
0.092927
0.064244
0.062499
0.058953
0.057049
0.054236
0.049278
0.048247
0.047385
0.040626
0.035944
0.005378
0.000144
0.001901
0.001789
0.001795
0.000278
0.001072
0.131508
0.144157
0.191608
0.207534
0.214794
0.219164
0.219544
0.220269
0.221314
0.211718
0.203842
0.005819
0.001569
0.000027
0.000078
0.041227
0.042502
0.042435
0.063855
0.065615
0.066041
0.066187
0.065595
0.061898
0.059208
0.050459
0.060065
0.062877
0.063241
0.060505
0.058169
0.009689
0.007952
0.002945
0.000065
0.000013
0.000016
0.000013
0.000041
0.039641
0.066848
0.067250
0.068214
0.056718
0.136475
0.142126
0.149519
0.154868
0.161654
0.189206
0.208581
0.196603
0.204058
0.212735
0.221811
0.237384
0.239043
0.222042
0.207849
0.134932
0.131332
0.125232
0.116129
0.095956
0.077887
0.068768
0.005439
0.000414
0.000076
0.000014
0.000009
0.000008
0.000009
0.000034
0.000044
0.000091
0.000041
0.000046
0.000029
0.000019
0.000019
0.000036
0.000047
0.000033
0.005547
0.008779
0.023447
0.025236
0.036867
0.039790
0.077552
0.105422
0.112602
0.124132
0.140744
0.167232
0.185913
0.196334
0.209469
0.244409
0.264897
0.281877
0.293036
0.277743
0.252472
0.111261
0.100994
0.072501
0.003364
0.002395
0.002834
0.002740
0.002599
0.002455
0.001844
0.000526
0.000011
0.000008
0.000347
0.000008
0.000007
0.000011
0.000641
0.000390
0.000391
0.000020
0.000035
0.000040
0.000079
0.000799
0.002998
0.021135
0.064020
0.075878
0.078863
0.077922
0.077291
0.039715
0.059333
0.063137
0.084754
0.090350
0.097943
0.100710
0.108622
0.107148
0.108344
0.129658
0.142491
0.141278
0.139756
0.137327
0.128844
0.121533
0.108980
0.056000
0.051014
0.002416
0.010301
0.009694
0.008522
0.004957
0.004890
0.006490
0.006749
0.006628
0.006562
0.006464
0.006447
0.000830
0.001194
0.000600
0.000540
0.000545
0.006097
0.008455
0.008494
0.008509
0.015832
0.024348
0.031684
0.034148
0.073150
0.088748
0.096105
0.105305
0.112398
0.121389
0.128638
0.157051
0.174368
0.194599
0.210507
0.228114
0.236648
0.236292
0.232213
0.223402
0.224599
0.234039
0.232355
0.238380
0.236169
0.237569
0.000547
0.000730
0.001240
0.228296
0.209025
0.196779
0.186802
0.169503
0.112149
0.001726
0.009796
0.014563
0.015569
0.070595
0.079828
0.092054
0.055697
0.001562
0.000107
0.019246
0.023062
0.040107
0.072520
0.089922
0.098876
0.110013
0.127191
0.238678
0.253598
0.257162
0.257048
0.254619
0.249691
0.245270
0.236238
0.001198
0.001130
0.003467
0.003346
0.001815
0.001920
0.002098
0.002203
0.002244
0.002185
0.002664
0.002609
0.002618
0.002143
0.002104
0.002211
0.002111
0.007230
0.000233
0.010721
0.068619
0.134904
0.146683
0.150280
0.150774
0.142412
0.088310
0.084521
0.085360
0.046469
0.007542
0.007206
0.006469
0.000536
0.000259
0.032982
0.039789
0.041894
0.044422
0.045666
0.046868
0.000001
0.128366
0.134878
0.195742
0.237892
0.191688
0.138452
0.124410
0.112348
0.099951
0.096154
0.011350
0.010607
0.000461
0.000059
0.002347
0.027078
0.031209
0.051398
0.072071
0.081551
0.081587
0.082725
0.080757
0.078854
0.030954
0.028312
0.016322
0.013151
0.001007
0.001048
0.002031
0.002197
0.002236
0.002196
0.018700
0.021058
0.022890
0.236017
0.248072
0.250318
0.252124
0.247472
0.229247
0.196301
0.176540
0.164833
0.125399
0.103761
0.091673
0.069924
0.063058
0.005712
0.032735
0.046371
0.050864
0.051162
0.051192
0.046082
0.042048
0.041653
0.032505
0.031542
0.019246
0.018693
0.068821
0.079405
0.090080
0.123990
0.127527
0.129412
0.128004
0.125063
0.109855
0.066457
0.045336
0.010558
0.007451
0.009070
0.007531
0.007417
0.000497
0.000485
0.001074
0.041479
0.042306
0.098622
0.110603
0.123111
0.135973
0.145172
0.198247
0.194637
0.187110
0.174200
0.110983
0.066795
0.052573
0.045048
0.030208
0.000419
0.000157
0.009252
0.011704
0.010607
0.011519
0.005195
0.004364
0.004706
0.004898
0.001622
0.003408
0.006155
0.006487
0.006852
0.009297
0.011789
0.013953
0.015594
0.035137
0.037542
0.039260
0.040054
0.040328
0.044334
0.038513
0.040402
0.040136
0.043896
0.043279
0.039111
0.037575
0.033931
0.030978
0.030056
0.049691
0.047434
0.043501
0.063249
0.002236
0.002232
0.002256
0.000195
0.000134
0.003844
0.101118
0.116281
0.126095
0.137130
0.205235
0.223096
0.231940
0.232544
0.189228
0.138905
0.165103
0.182085
0.219877
0.233604
0.269663
0.280473
0.277052
0.002472
0.434777
0.456809
0.461337
0.452734
0.432811
0.416520
0.010087
0.008873
0.007184
0.006311
0.000027
0.000212
0.000020
0.000012
0.000163
0.042153
0.041967
0.235625
0.244903
0.244663
0.245869
0.241727
0.231595
0.029996
0.027410
0.000351
0.000041
0.002036
0.164128
0.158385
0.131738
0.126849
0.123044
0.074841
0.052649
0.024717
0.020337
0.031580
0.035272
0.037266
0.038444
0.038848
0.039209
0.066157
0.067515
0.050568
0.050764
0.051107
0.051999
0.052764
0.053089
0.058853
0.060490
0.061886
0.063375
0.063636
0.063601
0.061409
0.059165
0.045201
0.003877
0.003130
0.002448
0.002361
0.002625
0.001777
0.001908
0.002062
0.032695
0.039580
0.048381
0.052211
0.074211
0.075236
0.075176
0.070662
0.070600
0.042220
0.028312
0.024826
0.003608
0.008614
0.000114
0.033619
0.036495
0.036767
0.031265
0.012267
0.011730
0.011657
0.011409
0.011111
0.011459
0.004388
0.066525
0.078020
0.085193
0.085108
0.083865
0.071471
0.072440
0.088828
0.090313
0.088937
0.084431
0.049456
0.103174
0.104909
0.099699
0.088952
0.082506
0.067941
0.022334
0.023637
0.028119
0.027061
0.026574
0.026207
0.025430
0.002540
0.002336
0.002224
0.002279
0.002342
0.002216
0.005518
0.001199
0.055721
0.058400
0.064844
0.065047
0.075817
0.088291
0.093371
0.094664
0.094933
0.094867
0.094233
0.093481
0.005964
0.000545
0.001011
0.013478
0.109013
0.112528
0.114096
0.114664
0.111974
0.112835
0.111178
0.109773
0.108543
0.107359
0.105964
0.090749
0.087769
0.083597
0.078484
0.020451
0.017065
0.000015
0.000122
0.000014
0.000004
0.000005
0.000021
0.000487
0.000004
0.000002
0.000004
0.000005
0.000006
0.000001
0.000001
0.000002
0.000001
0.000002
0.000002
0.000002
0.000001
0.000000
0.000000
0.000001
0.000000
0.000001
0.000001
0.000000
0.000000
0.000000
0.000000
0.000000
0.000000
0.000000
0.000000
0.000001
0.000001
0.000005
0.000000
0.000000
0.000000
0.000000
0.000000
0.000000
0.000000
0.000000
0.000000
0.000000
0.000000
0.000000
0.000000
0.000001
0.000001
0.000002
0.000002
0.000001
0.000001
0.000002
0.000003
0.000003
0.000000
0.000000
0.000000
0.000001
0.000001
0.000001
0.000001
0.000002
0.000002
0.000002
0.000004
0.000019
0.000034
0.000054
0.000000
0.002061
0.000001
0.000001
0.000001
0.000000
0.000000
0.000001
0.000001
0.000001
0.000000
0.000000
0.000001
0.000000
0.000000
0.000000
0.000000
0.000001
0.000004
0.000003
0.000001
0.000001
0.000001
0.000004
0.000303
0.000449
0.000623
0.000807
0.000864
0.000131
0.004688
0.033464
0.099384
0.109933
0.112174
0.137560
0.149876
0.151392
0.147192
0.117826
0.119885
0.034860
0.008067
0.000425
0.000442
0.061459
0.126287
0.155311
0.486095
0.550759
0.829264
0.952806
1.032682
1.114137
1.225788
1.297041
1.311681
1.318433
1.329913
0.001208
0.000041
0.000003
0.000004
0.000001
0.000001
0.000003
0.000001
0.000002
0.001171
1.365156
1.367929
1.371104
1.386144
1.392573
1.398379
1.413238
1.421259
0.123511
0.006034
0.005848
0.005940
0.005549
0.005529
0.000049
0.000001
0.000002
0.000001
0.000001
0.000000
0.000000
0.000000
0.000000
0.000000
0.000000
0.000000
0.000001
0.000001
0.000001
0.000000
0.000000
0.000000
0.000000
0.000000
0.000000
0.000000
0.000000
0.000002
0.000002
0.000000
0.000000
0.000005
0.000007
0.000005
0.000007
0.000009
0.000000
0.000000
0.000000
0.000000
0.000000
0.000000
0.000000
0.000000
0.000000
0.000000
0.000000
0.000000
0.000000
0.000000
0.000005
0.000067
0.000040
0.000049
0.000038
0.000369
0.000054
0.000000
0.000000
0.000000
0.000000
0.000000
0.000000
0.000000
0.000000
0.000000
0.000000
0.000000
0.000000
0.000000
0.000000
0.000000
0.000000
0.000000
0.000000
0.000000
0.000001
0.000001
0.000000
0.000001
0.000001
0.000001
0.000001
0.000002
0.000000
0.000000
0.000000
0.000000
0.000000
0.000000
0.000000
0.000000
0.000000
0.000000
0.000000
0.000000
0.000000
0.000000
0.000000
0.000028
0.000009
0.000000
0.000000
0.000000
0.000000
0.000000
0.000000
0.000000
0.000000
0.000000
0.000000
0.000000
0.000000
0.000000
0.000000
0.000000
0.000000
0.000000
0.000000
0.000000
0.002537
0.003138
0.003108
0.003288
0.000492
0.000000
0.000000
0.000000
0.000001
0.000001
0.000000
0.000000
0.000001
0.000001
0.000001
0.000005
1.255060
1.270036
1.278544
1.285706
1.290373
1.297312
1.306012
1.308874
0.000033
0.000000
0.000000
0.000000
0.000006
0.000003
0.000001
0.000000
0.000000
0.000000
0.000000
0.000000
0.000000
0.000000
0.000000
0.000000
0.000000
0.000000
0.000003
0.000001
0.000001
0.000001
0.000000
0.000000
0.000000
0.000000
0.000000
0.000000
0.000000
0.000002
0.000001
0.000001
0.000003
0.000003
0.000001
0.000100
0.000003
0.000000
0.000000
0.000000
0.000000
0.000000
0.000000
0.000000
0.000001
0.000000
0.000001
0.000001
0.000001
0.000002
0.000003
0.000003
0.000166
0.002273
0.002873
0.003484
1.465018
1.486017
1.489752
1.493310
1.500516
1.511554
0.002908
0.002350
0.000543
0.000001
0.000041
0.000117
0.000146
0.000088
0.000011
0.000011
0.000016
0.000007
0.000003
0.000008
0.000008
0.000004
0.000063
1.492034
1.492235
1.497081
1.499956
1.507256
1.503432
1.494644
1.487614
1.484409
1.483494
1.467991
0.082429
0.055982
0.006274
0.000489
0.000236
0.000058
0.000030
0.000028
0.000023
0.000009
0.000029
0.000014
0.011581
0.011164
0.000004
0.000010
0.000010
0.000600
0.000643
0.000523
0.000471
0.000430
0.000388
0.000293
0.000202
0.000020
0.000020
0.000011
0.000013
0.000013
0.000006
0.000004
0.000010
0.000003
0.000003
0.000004
0.000004
0.000004
0.000006
0.000005
0.000014
0.000022
0.002035
0.002041
0.001966
0.001893
0.001332
0.000161
0.000097
0.000029
0.000009
0.000008
0.000003
0.000003
0.000003
0.000003
0.000003
0.000002
0.000001
0.000002
0.000002
0.000003
0.000003
0.000003
0.000003
0.000003
0.000008
0.000012
0.000022
0.000027
0.000121
0.000204
0.000150
0.001412
0.001439
0.001497
0.001639
0.001801
0.002153
0.002116
0.002329
0.002699
0.002708
0.002833
0.002264
0.001835
0.000901
0.000948
0.000997
0.000997
0.001021
0.001050
0.001177
0.001210
0.001263
0.001597
0.005626
0.006338
0.006032
0.000015
0.000006
0.000013
0.000008
0.000007
0.000008
0.000003
0.000004
0.000003
0.000003
0.000005
0.000005
0.000017
0.000011
0.000029
0.000022
0.000030
0.000047
0.013728
0.016090
0.010048
0.010056
0.010038
0.010048
0.021492
0.021798
0.022282
0.021949
0.022070
0.022001
0.019821
0.018428
0.017779
0.016150
0.014960
0.014389
0.013160
0.012428
0.011405
0.002450
0.000168
0.000123
0.001567
0.001439
0.000158
0.000155
1.357450
1.356273
1.353203
1.350808
1.344637
1.331993
0.029649
0.028609
0.027760
0.013036
0.012406
0.000023
0.000016
0.000010
0.000013
0.000013
0.004853
0.004875
0.004929
0.005006
0.005092
0.000000
0.000001
0.000000
0.000000
0.000000
0.000000
0.000000
0.000000
0.000000
0.000001
0.005104
0.005144
0.005274
0.005977
0.005913
0.005394
0.004990
0.004868
0.004835
0.004857
0.005043
0.005032
0.005061
0.005222
0.005158
0.005165
0.004919
0.004816
0.003097
0.002212
0.000118
0.000104
0.000016
0.002615
0.002609
0.000008
0.000007
0.000006
0.000009
0.000019
0.000014
0.000043
0.000030
0.000147
0.006033
0.007385
0.013485
1.337615
1.367918
1.387374
1.406274
1.417442
1.421624
1.396557
1.399503
1.373863
1.336462
0.117057
0.032074
0.001687
0.000007
0.000004
0.000002
0.000003
0.000000
0.000000
0.000000
0.000000
0.000000
0.000000
0.000000
0.000000
0.000000
0.000000
0.000000
0.000001
0.000002
0.000001
0.000000
0.000000
0.000000
0.000000
0.000000
0.000000
0.000000
0.000000
0.000000
0.000000
0.000000
0.000000
0.000000
0.000000
0.000000
0.000000
0.000000
0.000000
0.000000
0.000000
0.000000
0.000000
0.000000
0.000000
0.000000
0.001588
0.006198
0.004812
0.000143
0.006881
1.088170
1.049563
1.016674
0.010574
0.884575
0.860498
0.821227
0.026831
0.015468
0.000015
0.000009
0.000115
0.000047
0.000056
0.000036
0.002182
0.000030
0.000031
0.000052
0.000021
0.000009
0.000008
0.000012
0.000004
0.000022
0.000024
0.000022
0.000024
0.000210
0.000038
0.000061
0.000000
0.000024
0.000025
0.782682
0.775620
0.600627
0.589802
0.072859
0.048381
0.019830
0.018630
0.000483
0.000002
0.000001
0.000001
0.000001
0.000000
0.000000
0.000001
0.000001
0.000000
0.000001
0.000001
0.000002
0.000004
0.000019
0.000004
0.000003
0.000002
0.000001
0.000001
0.000001
0.000001
0.000002
0.000000
0.000000
0.000000
0.000000
0.000001
0.000000
0.000001
0.000001
0.000000
0.000000
0.000000
0.000000
0.000002
0.000000
0.000000
0.000000
0.000002
0.000001
0.005323
0.005313
0.005496
0.005396
0.000000
0.000000
0.000000
0.000000
0.000000
0.000000
0.000000
0.000000
0.000001
0.000002
0.000002
0.000001
0.000000
0.000000
0.000000
0.000000
0.000001
0.000000
0.000000
0.000000
0.000000
0.000000
0.000000
0.000000
0.000000
0.000001
0.000000
0.000000
0.000001
0.000000
0.000000
0.000000
0.000000
0.000000
0.000000
0.000000
0.000000
0.000000
0.000000
0.000000
0.000000
0.000000
0.000001
0.000000
0.000000
0.000000
0.000000
0.000001
0.000000
0.000000
0.000000
0.000000
0.000000
0.000053
0.000054
0.000051
0.000051
0.000000
0.000009
0.000002
0.000002
0.000001
0.000000
0.000000
0.000000
0.000000
0.000000
0.000000
0.000000
0.000000
0.000000
0.000000
0.000000
0.000000
0.000000
0.000000
0.000000
0.000000
0.000000
0.000000
0.000000
0.000000
0.000000
0.000000
0.000001
0.000001
0.000000
0.000000
0.000010
0.000006
0.000003
0.000002
0.000000
0.000000
0.000001
0.000001
0.000000
0.000001
0.000000
0.000001
0.000001
0.016781
0.029557
0.030631
0.003477
0.000000
0.000000
0.000000
0.000000
0.000000
0.000000
0.000000
0.000000
0.000000
0.000000
0.000000
0.000000
0.000000
0.000000
0.000000
0.000000
0.000000
0.000000
0.000000
0.000000
0.000000
0.000000
0.000000
0.000000
0.000000
0.000000
0.000000
0.000000
0.000000
0.000000
0.000000
0.000000
0.000000
0.000000
0.000000
0.000000
0.000000
0.000000
0.000000
0.000000
0.000004
0.000004
0.000021
0.001925
0.001985
