0.000814
0.000773
0.000615
0.000444
0.000291
0.000000
0.000000
0.000001
0.000001
0.000000
0.000000
0.000000
0.000000
0.000001
0.000002
0.000002
0.000000
0.000000
0.000000
0.000000
0.000002
0.000002
0.000000
0.000000
0.000004
0.000003
0.000001
0.000001
0.000001
0.000000
0.000000
0.000000
0.000004
0.000001
0.000002
0.000001
0.000001
0.000002
0.000001
0.000001
0.000000
0.000002
0.000001
0.000001
0.000001
0.000000
0.000003
0.000002
0.000002
0.000001
0.000001
0.000003
0.000006
0.000003
0.000017
0.000005
0.000037
0.000037
0.000041
0.003178
0.003198
0.003146
0.002515
0.002060
0.002350
0.002161
0.001895
0.001906
0.002276
0.002929
0.013796
0.014349
0.028744
1.091509
1.028702
0.225417
0.148558
0.001105
0.000853
0.095271
0.112815
0.127696
0.116066
0.120512
0.262640
0.454076
1.949145
2.946205
4.040515
4.631965
5.190708
5.510941
5.803822
5.947311
6.013515
6.231050
6.236264
6.240155
6.240266
6.239958
6.234513
6.205786
6.181880
6.158403
6.057249
5.808476
5.533314
4.899902
4.401957
3.512577
3.132195
0.423205
0.062079
0.057188
0.035462
0.035667
0.036158
0.037737
0.038585
0.041913
2.236235
3.570006
4.027403
4.738112
5.473566
5.996355
6.138984
6.271563
6.338070
6.410699
6.410587
6.410967
6.412980
6.418327
6.424752
6.428425
6.418247
6.330342
6.271038
0.001710
0.000951
0.000172
0.000084
0.000046
0.000034
0.000027
0.000016
0.000015
0.000007
0.000008
0.000019
0.000029
0.000049
0.000100
0.000664
0.000751
0.000967
6.269826
6.276195
6.229183
6.198579
0.032843
0.031808
6.188084
6.250491
6.311300
6.378503
6.392675
6.415905
6.429798
6.437836
6.438489
6.440011
6.440372
6.439931
6.438296
6.514848
6.507077
6.216997
6.198368
6.180855
6.219750
6.248789
6.283825
6.337123
6.446322
6.501393
6.759721
6.764558
6.766180
6.809597
6.844426
6.891256
6.913846
6.923076
6.941690
7.081982
7.104170
7.131676
7.119361
7.029363
6.932045
6.844344
6.727805
6.644579
6.549212
6.387152
6.342458
6.736043
6.726104
6.773465
6.786982
7.029729
7.028625
7.072215
7.070094
6.982966
6.868035
6.752289
0.125297
6.915672
7.522945
7.576154
7.642880
7.723259
7.759374
7.492624
0.135304
0.200709
7.015653
6.884340
6.507823
6.443586
6.376020
6.144007
5.805946
5.404751
0.433515
0.405951
0.155692
0.006453
0.003800
0.021141
0.022499
0.030467
0.015499
0.000300
0.000107
0.000076
0.000085
0.000112
0.000151
0.000104
0.000149
0.000240
0.000372
0.000495
4.484708
4.621746
4.828885
4.962758
0.060443
5.644135
5.805099
5.926824
6.065209
6.115964
6.266475
6.311528
6.374893
6.489453
6.523285
6.465879
6.060552
5.761955
3.181290
0.294281
0.111112
0.098178
0.089095
0.042356
0.041994
0.042772
0.044208
0.044448
0.043344
0.017103
0.017358
0.017551
0.018763
3.007558
3.627097
4.130127
4.656226
5.197421
5.945574
6.775986
7.665869
8.037149
8.131455
8.164978
8.169066
8.174845
8.183305
8.176346
8.374727
8.384393
8.424974
8.392938
8.296920
0.193677
0.057748
7.958723
8.126355
8.213707
8.218282
8.205292
8.185729
8.057231
8.239088
8.314259
8.341943
8.368307
8.373693
8.401250
8.413658
8.411139
8.403110
8.390002
8.359455
8.341638
8.323645
8.313493
8.298088
8.288249
8.271653
8.229167
8.198787
8.046397
8.045615
8.183767
8.180657
8.163899
8.159518
8.115472
8.083349
8.038264
7.995733
7.755041
7.608664
0.090037
7.539717
7.730207
7.769665
7.747437
7.700425
7.656591
7.619413
7.299194
7.018546
0.032244
0.024647
0.019129
6.071690
5.506832
5.125610
4.823366
4.419836
0.019377
0.000660
0.000113
0.000069
0.000047
0.000021
0.000017
0.000009
0.000008
0.000011
0.000008
0.000008
0.000008
0.000010
0.000005
0.000008
0.000010
0.000010
0.000003
0.000004
0.000005
0.000005
0.000008
0.000005
0.000006
0.000009
0.000007
0.000007
0.000008
0.000010
0.000005
0.000009
0.000011
0.000011
0.000003
0.000003
0.000004
0.000003
0.000004
0.000004
0.000005
0.000008
0.000008
0.000004
0.000007
0.000007
0.000004
0.000005
0.000007
0.000008
0.000003
0.000004
0.000005
0.000005
0.000008
0.000006
0.000006
0.000021
0.000011
0.000011
0.000014
0.000017
0.000010
0.000018
0.000012
0.000013
0.000004
0.000004
0.000005
0.000005
0.000008
0.000005
0.000007
0.000003
0.000004
0.000003
0.000003
0.000002
0.000006
0.000005
0.000004
0.000012
0.000022
0.000002
0.000003
0.000005
0.000006
0.000006
0.000016
0.000015
0.000005
0.000008
0.000009
0.000009
0.000002
0.000003
0.000004
0.000003
0.000004
0.000005
0.000005
0.000008
0.000006
0.000006
0.000007
0.000008
0.000004
0.000007
0.000009
0.000008
0.000002
0.000003
0.000004
0.000003
0.000004
0.000005
0.000005
0.000008
0.000006
0.000006
0.000007
0.000008
0.000004
0.000007
0.000009
0.000009
0.000002
0.000003
0.000004
0.000004
0.000004
0.000005
0.000005
0.000015
0.000008
0.000007
0.000009
0.000010
0.000005
0.000007
0.000008
0.000008
0.000002
0.000003
0.000004
0.000004
0.000003
0.000004
0.000004
0.000008
0.000006
0.000006
0.000010
0.000011
0.000005
0.000007
0.000009
0.000008
0.000002
0.000003
0.000004
0.000003
0.000004
0.000004
0.000005
0.000007
0.000006
0.000006
0.000006
0.000008
0.000004
0.000007
0.000008
0.000008
0.000002
0.000003
0.000004
0.000004
0.000004
0.000005
0.000005
0.000013
0.000007
0.000007
0.000008
0.000010
0.000005
0.000007
0.000008
0.000008
0.000002
0.000003
0.000004
0.000004
0.000003
0.000004
0.000004
0.000007
0.000005
0.000006
0.000009
0.000011
0.000005
0.000007
0.000008
0.000008
0.000002
0.000003
0.000004
0.000003
0.000004
0.000005
0.000005
0.000007
0.000005
0.000005
0.000006
0.000007
0.000004
0.000006
0.000008
0.000008
0.000002
0.000003
0.000004
0.000004
0.000004
0.000005
0.000004
0.000007
0.000005
0.000005
0.000009
0.000010
0.000005
0.000007
0.000008
0.000008
0.000003
0.000004
0.000005
0.000004
0.000005
0.000006
0.000006
0.000005
0.000005
0.000004
0.000005
0.000007
0.000005
0.000002
0.000003
0.000003
0.000002
0.000002
0.000004
0.000003
0.000004
0.000005
0.000004
0.000005
0.000004
0.000004
0.000009
0.000010
0.000004
0.000007
0.000009
0.000011
0.000003
0.000003
0.000004
0.000003
0.000003
0.000003
0.000003
0.000004
0.000003
0.000002
0.000003
0.000005
0.000002
0.000003
0.000004
0.000009
0.000011
0.000013
0.000004
0.000005
0.000004
0.000006
0.000008
0.000003
0.000005
0.000006
0.000007
0.000008
0.000002
0.000003
0.000004
0.000004
0.000004
0.000005
0.000005
0.000010
0.000006
0.000006
0.000008
0.000009
0.000005
0.000006
0.000008
0.000008
0.000002
0.000003
0.000004
0.000004
0.000004
0.000004
0.000005
0.000005
0.000005
0.000005
0.000004
0.000006
0.000004
0.000002
0.000003
0.000003
0.000002
0.000002
0.000004
0.000003
0.000004
0.000005
0.000005
0.000007
0.000005
0.000006
0.000006
0.000012
0.000004
0.000006
0.000009
0.000008
0.000004
0.000003
0.000004
0.000003
0.000003
0.000003
0.000004
0.000005
0.000005
0.000005
0.000006
0.000012
0.000004
0.000006
0.000008
0.000008
0.000003
0.000003
0.000004
0.000003
0.000003
0.000003
0.000003
0.000004
0.000004
0.000005
0.000005
0.000005
0.000002
0.000003
0.000003
0.000004
0.000002
0.000003
0.000004
0.000003
0.000004
0.000005
0.000005
0.000006
0.000005
0.000005
0.000005
0.000007
0.000004
0.000006
0.000007
0.000007
0.000002
0.000003
0.000004
0.000004
0.000004
0.000005
0.000005
0.000007
0.000005
0.000006
0.000007
0.000008
0.000004
0.000006
0.000007
0.000008
0.000002
0.000004
0.000004
0.000004
0.000004
0.000005
0.000006
0.000006
0.000005
0.000005
0.000007
0.000008
0.000004
0.000006
0.000007
0.000007
0.000002
0.000004
0.000005
0.000004
0.000005
0.000006
0.000006
0.000006
0.000005
0.000004
0.000005
0.000006
0.000004
0.000005
0.000006
0.000006
0.000002
0.000003
0.000004
0.000003
0.000003
0.000003
0.000003
0.000003
0.000003
0.000004
0.000003
0.000003
0.000002
0.000001
0.000002
0.000002
0.000002
0.000002
0.000004
0.000003
0.000004
0.000005
0.000005
0.000006
0.000005
0.000005
0.000005
0.000006
0.000004
0.000006
0.000007
0.000007
0.000002
0.000003
0.000004
0.000004
0.000004
0.000004
0.000005
0.000006
0.000004
0.000005
0.000005
0.000006
0.000004
0.000006
0.000007
0.000007
0.000002
0.000003
0.000004
0.000004
0.000004
0.000004
0.000005
0.000005
0.000004
0.000005
0.000005
0.000006
0.000004
0.000005
0.000007
0.000007
0.000002
0.000003
0.000004
0.000004
0.000004
0.000004
0.000004
0.000005
0.000004
0.000005
0.000005
0.000006
0.000004
0.000005
0.000007
0.000007
0.000002
0.000003
0.000004
0.000004
0.000004
0.000004
0.000004
0.000005
0.000004
0.000004
0.000005
0.000006
0.000004
0.000005
0.000006
0.000007
0.000002
0.000003
0.000004
0.000004
0.000004
0.000004
0.000004
0.000004
0.000004
0.000004
0.000004
0.000005
0.000002
0.000002
0.000003
0.000003
0.000002
0.000002
0.000004
0.000003
0.000004
0.000005
0.000005
0.000005
0.000004
0.000004
0.000005
0.000006
0.000004
0.000005
0.000006
0.000007
0.000002
0.000004
0.000005
0.000004
0.000004
0.000005
0.000006
0.000005
0.000005
0.000004
0.000006
0.000006
0.000004
0.000005
0.000006
0.000006
0.000002
0.000003
0.000004
0.000004
0.000003
0.000004
0.000004
0.000006
0.000004
0.000005
0.000006
0.000007
0.000004
0.000005
0.000006
0.000007
0.000002
0.000003
0.000004
0.000004
0.000003
0.000004
0.000004
0.000006
0.000004
0.000004
0.000006
0.000007
0.000004
0.000005
0.000006
0.000007
0.000002
0.000003
0.000005
0.000004
0.000004
0.000005
0.000005
0.000005
0.000004
0.000004
0.000005
0.000006
0.000003
0.000005
0.000006
0.000006
0.000002
0.000003
0.000004
0.000003
0.000003
0.000004
0.000004
0.000005
0.000004
0.000004
0.000004
0.000005
0.000003
0.000005
0.000006
0.000006
0.000002
0.000003
0.000004
0.000003
0.000003
0.000004
0.000004
0.000004
0.000004
0.000003
0.000003
0.000004
0.000003
0.000002
0.000002
0.000002
0.000001
0.000002
0.000003
0.000003
0.000004
0.000004
0.000004
0.000004
0.000004
0.000004
0.000005
0.000007
0.000004
0.000006
0.000007
0.000007
0.000003
0.000003
0.000004
0.000005
0.000004
0.000005
0.000005
0.000005
0.000004
0.000004
0.000004
0.000005
0.000003
0.000005
0.000005
0.000006
0.000002
0.000003
0.000004
0.000003
0.000003
0.000004
0.000004
0.000005
0.000004
0.000004
0.000005
0.000006
0.000003
0.000005
0.000005
0.000006
0.000002
0.000003
0.000003
0.000003
0.000003
0.000004
0.000004
0.000004
0.000003
0.000003
0.000003
0.000004
0.000002
0.000002
0.000002
0.000002
0.000001
0.000002
0.000003
0.000002
0.000003
0.000005
0.000004
0.000004
0.000004
0.000004
0.000004
0.000005
0.000003
0.000004
0.000005
0.000006
0.000002
0.000003
0.000003
0.000003
0.000003
0.000004
0.000004
0.000004
0.000004
0.000004
0.000004
0.000005
0.000003
0.000004
0.000005
0.000006
0.000002
0.000003
0.000003
0.000003
0.000003
0.000004
0.000004
0.000004
0.000003
0.000004
0.000004
0.000004
0.000002
0.000002
0.000002
0.000003
0.000002
0.000002
0.000003
0.000002
0.000003
0.000004
0.000004
0.000004
0.000004
0.000004
0.000004
0.000005
0.000003
0.000004
0.000005
0.000005
0.000002
0.000002
0.000003
0.000003
0.000003
0.000004
0.000004
0.000004
0.000003
0.000003
0.000004
0.000005
0.000003
0.000004
0.000005
0.000005
0.000002
0.000003
0.000004
0.000004
0.000004
0.000005
0.000005
0.000004
0.000004
0.000003
0.000004
0.000005
0.000003
0.000004
0.000005
0.000005
0.000001
0.000002
0.000003
0.000003
0.000003
0.000004
0.000003
0.000004
0.000003
0.000003
0.000004
0.000005
0.000003
0.000004
0.000005
0.000005
0.000001
0.000003
0.000003
0.000003
0.000003
0.000004
0.000003
0.000004
0.000003
0.000003
0.000004
0.000005
0.000003
0.000004
0.000004
0.000005
0.000001
0.000002
0.000003
0.000003
0.000003
0.000004
0.000003
0.000004
0.000003
0.000003
0.000004
0.000004
0.000003
0.000004
0.000004
0.000005
0.000002
0.000003
0.000004
0.000003
0.000004
0.000005
0.000004
0.000003
0.000004
0.000003
0.000004
0.000004
0.000003
0.000004
0.000004
0.000005
0.000001
0.000002
0.000003
0.000002
0.000003
0.000003
0.000003
0.000004
0.000003
0.000003
0.000004
0.000005
0.000003
0.000004
0.000004
0.000005
0.000001
0.000002
0.000003
0.000002
0.000003
0.000004
0.000003
0.000003
0.000003
0.000003
0.000003
0.000004
0.000003
0.000003
0.000004
0.000005
0.000001
0.000002
0.000003
0.000002
0.000003
0.000004
0.000003
0.000003
0.000003
0.000003
0.000003
0.000004
0.000002
0.000003
0.000004
0.000005
0.000001
0.000002
0.000003
0.000002
0.000002
0.000003
0.000003
0.000004
0.000003
0.000002
0.000002
0.000003
0.000002
0.000003
0.000003
0.000004
0.000001
0.000003
0.000004
0.000003
0.000002
0.000003
0.000002
0.000003
0.000003
0.000003
0.000004
0.000005
0.000002
0.000003
0.000004
0.000004
0.000001
0.000002
0.000003
0.000002
0.000002
0.000003
0.000003
0.000003
0.000003
0.000003
0.000004
0.000003
0.000002
0.000002
0.000002
0.000002
0.000001
0.000002
0.000003
0.000002
0.000003
0.000004
0.000003
0.000003
0.000003
0.000003
0.000003
0.000004
0.000002
0.000003
0.000003
0.000004
0.000001
0.000002
0.000003
0.000002
0.000002
0.000003
0.000003
0.000003
0.000003
0.000003
0.000003
0.000004
0.000002
0.000003
0.000003
0.000004
0.000001
0.000002
0.000003
0.000002
0.000002
0.000003
0.000003
0.000003
0.000003
0.000003
0.000003
0.000004
0.000002
0.000003
0.000003
0.000004
0.000001
0.000002
0.000002
0.000002
0.000002
0.000004
0.000003
0.000003
0.000003
0.000003
0.000003
0.000003
0.000002
0.000003
0.000003
0.000004
0.000001
0.000002
0.000002
0.000002
0.000002
0.000003
0.000003
0.000003
0.000003
0.000002
0.000002
0.000003
0.000002
0.000002
0.000003
0.000004
0.000001
0.000003
0.000004
0.000002
0.000002
0.000003
0.000003
0.000003
0.000003
0.000003
0.000004
0.000006
0.000003
0.000003
0.000006
0.000012
0.000002
0.000003
0.000003
0.000002
0.000002
0.000004
0.000005
0.000006
0.000006
0.000005
0.000003
0.000004
0.000002
0.000003
0.000004
0.000006
0.000002
0.000002
0.000003
0.000002
0.000003
0.000004
0.000006
0.000009
0.000009
0.000008
0.000003
0.000006
0.000003
0.000003
0.000005
0.000008
0.000003
0.000002
0.000002
0.000002
0.000001
0.000001
0.000003
0.000009
0.000004
0.000003
0.000003
0.000004
0.000013
0.000015
0.000032
0.000076
0.000190
0.000316
0.006826
4.233086
4.102000
4.040384
3.673433
0.177428
3.416933
0.129313
0.010714
0.137273
4.665344
5.181512
5.577222
6.002239
6.165628
6.341163
6.575264
6.839454
0.009152
0.008289
6.916743
7.049721
7.267106
7.391006
7.538884
7.916722
8.154306
0.129498
8.510117
8.604938
8.655031
8.687178
8.696883
8.714405
8.696638
8.664762
8.758491
8.777705
8.710889
8.619076
8.549806
8.474383
8.317071
8.198031
8.040388
7.923372
7.439282
0.622026
6.275096
6.497269
6.789442
0.401532
7.479224
7.578373
7.624125
7.592943
7.595532
7.634486
7.636066
7.630436
7.476904
7.381242
7.407372
7.333811
0.027789
0.026645
6.979052
6.694287
6.222615
5.835307
5.514825
5.159495
2.676448
0.000396
0.000148
0.000048
0.000028
0.000013
0.000008
0.000007
0.000006
0.000021
0.000007
0.000005
0.000002
0.000003
0.000007
0.000005
0.000005
0.000004
0.000005
0.000004
0.000006
0.000004
0.000005
0.000010
0.000011
0.000011
0.000025
0.000039
0.000003
0.000004
0.000002
0.000001
0.000002
0.000003
0.000006
0.000007
0.000008
0.000007
0.000008
0.000008
0.000006
0.000007
0.000011
0.000010
0.000021
0.000006
0.000008
0.000012
0.000009
0.000018
0.000004
0.000008
0.000003
0.000004
0.000004
0.000003
0.000004
0.000010
0.000019
0.000008
0.001505
0.001545
0.004093
0.004043
0.000006
0.000021
0.000018
0.000017
0.000004
0.000003
0.000001
0.000004
0.000004
0.000003
0.000003
0.000004
0.000011
0.000008
0.000009
0.000006
0.000003
0.000002
0.000003
0.000006
0.000003
0.000008
0.000011
0.000049
0.000007
0.000009
0.000033
0.000003
0.000003
0.000003
0.000003
0.000003
0.000003
0.000005
0.000005
0.000005
0.000011
0.000008
0.000007
0.000002
0.000002
0.000004
0.000002
0.000002
0.000002
0.000001
0.000002
0.000004
0.000018
0.000051
0.000050
0.000046
0.000058
0.000004
0.000005
0.000011
0.000019
0.000033
0.000017
0.000028
0.000010
0.000026
0.000033
0.000036
0.000051
0.005587
0.011618
0.247102
4.891668
4.945097
5.035763
4.921421
4.767117
0.024145
0.019484
0.019400
0.016732
0.000270
0.000260
0.005469
0.005341
0.005019
0.005080
0.005329
0.005483
0.005923
0.005969
0.000074
0.000117
0.000170
0.000075
0.000035
0.000014
0.000013
0.000009
0.000004
0.000003
0.000007
0.000008
0.000049
0.000035
0.000030
0.000359
0.000361
0.000544
0.002938
0.109191
1.276552
5.321408
5.702263
6.191965
6.708910
7.293253
7.734617
8.181216
8.633090
8.683175
8.622610
8.626108
8.624151
8.621639
8.875508
8.863051
8.834488
8.769389
8.742608
8.728695
8.637495
8.501380
8.344556
8.434486
7.932542
6.969736
6.738900
0.100762
7.769805
8.110872
8.435260
8.816765
8.924518
9.006650
9.103838
9.240917
9.259913
9.270487
9.257237
0.079871
9.150527
9.229501
9.305978
9.366343
9.396768
9.403501
9.421265
9.442760
9.440840
9.353309
9.095744
9.121213
8.777747
8.396151
7.828478
0.049906
7.926697
7.926118
7.831748
7.447389
0.600085
0.657442
0.573337
8.490899
9.360220
9.622386
9.643336
9.641332
9.640385
9.628213
9.608730
9.538164
9.434262
9.342489
9.018361
0.300459
8.785559
9.102132
9.536698
9.579098
9.607634
9.607746
9.607945
9.608561
9.606264
9.594446
9.552708
9.497178
9.425549
9.217514
8.648706
7.930339
7.056482
6.109319
5.124080
4.283003
0.454171
0.078263
0.074715
0.048524
0.050744
0.058638
5.386875
6.348243
7.427598
8.509436
9.039532
9.311138
9.433819
0.000765
0.000643
0.000590
0.000234
0.000032
0.000013
0.000011
0.000011
0.000004
0.000030
0.000021
0.000017
0.000021
0.000015
0.000011
0.000013
0.000065
0.000059
0.000070
0.000170
0.000444
0.000574
0.000759
9.460402
9.551831
9.573215
9.590664
9.584819
9.522869
9.477853
9.363924
9.202452
9.069619
8.804687
8.455171
7.874553
7.067707
5.151168
5.516410
5.607008
0.086609
5.675820
6.375024
6.813054
7.182944
7.490137
7.754539
7.875300
8.185949
8.595331
8.852163
8.950789
9.054090
9.171076
9.260329
9.309296
9.348051
9.396032
9.440439
9.400661
9.291635
8.963839
8.532616
0.192079
8.885189
9.065129
8.781759
8.845678
8.914583
8.979005
9.096865
9.181262
9.261246
9.327221
9.398495
9.503787
9.563651
9.594033
9.606550
9.604552
9.595112
9.492046
9.404921
9.361292
9.322116
9.184493
9.092438
9.002479
8.936260
8.818941
8.569414
8.499853
7.905174
7.725679
0.004438
0.002884
0.002835
0.001468
0.000694
0.028253
0.000034
0.000042
0.000025
0.000015
0.000113
0.000047
0.000040
0.000049
0.000062
0.000037
0.000012
0.000010
0.000012
0.000051
0.000030
0.000013
0.000024
0.000052
0.000164
7.251805
7.311429
7.019830
0.152308
6.607143
6.704694
7.076786
7.304843
7.428718
0.000226
0.000073
0.035249
0.037694
0.000026
0.000076
0.000254
0.000266
0.000034
0.000042
0.000282
0.000319
0.000573
7.863148
7.943401
8.011743
8.048660
8.089846
8.077218
0.002884
0.003275
0.000086
0.000011
0.000008
0.000008
0.000011
0.000462
0.000141
0.000131
8.045390
8.025840
0.000026
0.000018
0.000014
0.000010
0.000011
0.000004
0.000004
0.000009
0.000020
0.000012
0.000004
0.000005
0.000001
0.000001
0.000007
0.000003
0.000001
0.000001
0.000001
0.000002
0.000005
0.000004
0.000001
0.000001
0.000003
0.000063
0.000054
0.000003
0.000003
0.000004
0.000036
0.000029
0.000030
0.000002
0.000001
0.000001
0.000001
0.000000
0.000001
0.000001
0.000002
0.000004
0.000003
0.000002
0.000003
0.000000
0.039140
0.038655
0.037692
0.037041
0.000010
0.000009
7.897202
7.896726
7.886353
7.870774
7.818779
7.791284
0.000011
0.000007
0.000007
0.000002
0.000001
0.000001
0.000004
0.000002
0.000002
0.000029
0.000002
0.000010
0.000013
0.000008
0.000012
0.000017
0.000029
7.756316
7.696722
7.613185
7.388140
0.000059
0.000048
0.000024
0.000009
0.000008
0.000006
0.000003
0.000001
0.000001
0.000001
0.000000
0.000001
0.000008
0.000015
0.000003
0.000001
0.000001
0.000001
0.000001
0.000000
0.000000
0.000000
0.000000
0.000000
0.000000
0.000001
0.000001
0.000001
0.000000
0.000002
0.000004
7.237026
7.037898
6.605459
6.329092
6.094420
5.909060
5.679443
5.410522
5.043214
3.751306
3.307980
2.439385
1.869794
0.009529
0.000099
0.000000
0.000000
0.000000
0.000000
0.000000
0.000000
0.000000
0.000000
0.000000
0.000000
0.868768
0.800942
0.583886
0.248844
0.135740
0.108667
0.100318
0.092992
0.054727
0.024982
0.021316
0.019713
0.015525
0.013933
0.000664
0.000652
0.000205
0.000000
0.000000
0.000000
0.000000
0.000000
0.000000
0.000000
0.000000
0.000053
0.000000
0.000000
0.000000
0.000000
0.000000
0.000000
0.000000
0.000000
0.000000
0.000000
0.000000
0.000000
0.001507
0.001355
0.000008
0.000013
0.000018
0.000021
0.000732
0.008343
0.010750
0.010169
0.018986
0.000002
0.000068
0.000031
0.000004
0.000000
0.000000
0.000000
0.000000
0.000000
0.000000
0.000000
0.000000
0.010007
0.009783
0.005640
0.010745
0.007974
0.006431
0.000484
0.000455
0.000410
0.000000
0.000000
0.000000
0.000000
0.000000
0.000000
0.000000
0.000000
0.000000
0.000000
0.000000
0.000000
