0.000000
0.000000
0.000000
0.000735
0.000799
0.000847
0.005283
0.005801
0.005781
0.005818
0.005862
0.006198
0.006383
0.006570
0.013051
0.013807
0.014232
0.005194
0.005388
0.005516
0.005692
0.067013
0.068764
0.655300
0.574926
0.506201
0.223745
0.026455
0.020324
0.017306
0.000090
0.000048
0.000711
0.000784
0.002221
0.002420
0.002637
0.002956
0.002984
0.000025
0.000027
0.000031
0.000050
0.000074
0.000086
0.000059
0.000109
0.000101
0.000126
0.032421
0.047023
0.270968
0.306434
0.456657
1.266626
1.998913
2.259940
2.642512
3.006567
3.410082
3.621822
4.001886
4.296820
4.448701
4.657482
4.887566
4.986418
5.042142
5.093184
5.505582
5.540946
5.915696
5.987836
6.011071
6.017785
6.019266
6.017746
6.017734
6.018034
6.020512
6.015184
6.006258
6.000230
5.999885
6.002990
6.003541
5.997842
5.995361
5.996595
5.996059
6.002308
6.013206
6.020924
6.020984
6.023854
6.026774
6.028147
6.022043
6.020298
6.019736
6.019194
6.019247
6.021132
6.023488
6.024405
6.023450
6.022198
6.021792
6.016661
6.014311
6.014872
6.000929
5.917145
5.867260
5.841245
5.813701
0.038559
0.039081
5.990458
5.995941
5.981886
5.969623
5.963639
5.958376
5.945900
5.922244
5.911688
5.906518
5.904865
5.898100
5.889751
6.232173
6.222960
6.216037
6.207642
6.186848
6.143830
6.090142
5.977688
5.847733
5.972292
5.989326
6.027724
6.049325
6.067512
6.132416
6.188913
6.198203
6.206203
6.223018
6.243798
6.252082
6.255311
6.258576
6.462417
6.463725
6.466608
6.474130
6.472119
6.457752
6.379122
6.350595
6.317152
6.135535
6.127879
6.111307
6.094023
6.045828
6.050345
6.049517
6.047162
6.046448
6.045970
6.045345
6.044680
6.044656
6.044819
6.045078
6.044444
6.041894
6.024219
5.824860
5.647054
0.201777
0.212169
5.806614
5.839717
5.865955
5.900229
5.947009
5.958961
5.961162
5.973910
5.987913
5.986215
5.992329
6.004652
6.020386
6.028581
6.040372
6.043291
6.044487
6.046289
6.049120
6.049213
6.048818
6.048688
6.048090
6.047825
6.048107
6.048571
6.048654
6.048711
6.047555
6.047204
6.045184
6.039672
6.035988
6.032303
0.004696
0.002470
0.000484
0.000229
0.000169
0.000115
0.000104
0.000015
0.000013
0.000017
0.000005
0.000004
0.000002
0.000004
0.000007
0.000017
0.000038
0.000067
0.000081
0.000129
0.000182
5.947261
6.026557
6.112354
6.242910
6.307769
6.322956
6.322698
6.323439
6.322351
6.321879
6.322390
6.345013
6.348650
6.351591
6.459105
6.463632
6.463809
6.455205
6.449350
6.429211
6.428140
6.430605
6.435069
6.435627
6.436775
6.437142
6.437192
6.437209
6.437185
6.584384
6.585294
6.577819
6.568654
6.563080
0.000540
0.000486
0.000500
0.000024
0.000016
0.000018
0.000020
0.000008
0.000003
0.000006
0.000002
0.000001
0.000004
0.000005
0.000002
0.000003
0.000002
0.000002
0.000006
0.000004
0.000006
0.000016
0.000011
0.000021
0.000072
0.000157
0.000290
6.335806
6.345210
6.356033
6.369917
6.377822
6.388677
6.396934
6.404484
6.411522
6.419966
6.440627
6.447292
6.457122
6.457644
6.408464
0.075180
0.074891
6.235274
6.292116
0.083393
6.187867
6.279310
6.354070
6.405108
6.441939
6.502737
6.510460
6.518693
6.532567
6.546666
6.562212
6.548509
6.553357
6.566134
6.572171
6.572239
6.591290
6.596562
6.606110
6.608657
6.606280
6.604383
6.603355
6.592095
6.593033
6.598992
6.523094
0.145144
6.002234
6.013045
0.204339
6.392907
6.525653
6.556681
6.583669
6.590130
6.591620
6.589540
6.589037
6.589460
6.590060
6.592075
6.592517
6.592738
6.592735
6.590018
6.983807
6.985320
6.987017
6.987361
6.987862
6.988217
6.989007
6.991491
6.992744
6.992446
6.985470
6.980267
6.977272
6.978422
6.982306
6.987082
6.987409
6.985853
6.980862
6.963973
6.952920
6.941809
6.934184
6.929203
6.918209
6.782707
6.543988
6.021366
0.477970
1.458537
4.691754
5.547572
5.799443
6.040319
6.186895
6.598369
6.694043
6.625666
0.000570
0.000288
0.000149
0.000077
0.000057
0.000078
0.000045
0.000019
0.000018
0.000032
0.000070
0.000101
0.000105
0.000182
0.000701
0.000965
6.724871
6.729228
6.734790
6.736354
6.731124
6.714663
6.626672
0.046170
0.000517
0.000199
0.000105
0.000068
0.000037
0.000023
0.000013
0.000007
0.000008
0.000017
0.000093
0.000118
0.000041
0.000005
0.000005
0.000006
0.000012
0.000009
0.000019
0.000023
0.000013
0.000005
0.000005
0.000006
0.000010
0.000065
0.000065
0.000227
0.000202
6.148523
6.060111
5.996851
0.038478
0.038783
0.028060
5.788476
5.859880
5.895490
6.081706
6.158022
6.320132
6.368951
6.391397
6.420043
6.457735
6.500282
6.540984
6.548675
6.553003
6.642800
6.680730
6.682010
6.688231
6.653856
6.598017
6.514283
6.583730
0.041556
0.000225
0.000057
0.000031
0.000016
0.000011
0.000024
0.000019
0.000024
0.000004
0.000003
0.000002
0.000002
0.000002
0.000002
0.000004
0.000011
0.000024
0.000003
0.000002
0.000002
0.000031
0.000026
0.000022
0.000031
0.000063
0.000067
0.000179
0.000793
0.000898
0.032125
6.581483
6.601321
6.653643
6.725991
6.876045
6.949972
6.988716
7.025125
7.045918
7.080101
7.135093
7.183666
7.225771
7.237023
7.241533
7.245967
7.247400
7.247125
7.247190
7.247679
7.247415
7.245894
7.236561
7.228769
7.224705
7.216970
7.210236
7.207336
7.211042
7.220716
7.224832
7.229562
7.231409
7.232962
7.235539
7.238177
7.236855
7.234410
7.235707
7.243968
7.243568
7.231511
7.133368
0.043703
0.043087
0.043027
0.039384
7.083061
7.154406
7.214445
7.225169
7.232053
7.240815
7.242088
7.244100
7.244383
7.244741
7.244243
7.245178
7.246112
7.247378
7.247468
7.242174
7.235427
7.206340
7.121559
7.006335
6.890899
6.644401
6.477390
6.251825
7.004575
7.116732
7.191166
7.204369
7.222746
7.237446
7.240108
7.242878
7.245428
7.246038
7.243954
7.237236
7.227602
7.223914
7.222922
7.216815
7.213422
7.196217
7.181753
7.308378
7.513317
7.438847
7.453083
7.455217
7.460531
7.468345
7.472612
7.474364
7.475240
7.477419
7.478105
7.481944
7.483666
7.483451
7.481199
7.481117
7.481634
7.484351
7.483973
7.482885
7.482988
7.483530
7.483416
7.482954
7.478096
7.476297
7.477978
7.479560
7.479934
7.479857
7.474155
7.463619
7.422602
7.389660
7.342137
7.182925
6.858671
5.890170
5.135850
4.447550
3.799483
0.026134
0.548256
0.433523
0.202853
0.186364
0.021190
0.019504
0.000155
0.000120
0.000058
0.000044
0.000042
0.000045
0.000051
0.000028
0.000049
0.000098
0.002849
0.002823
0.007114
0.000065
0.000086
0.000237
0.000436
0.000662
0.001075
0.004272
0.838555
2.305882
2.554299
2.795749
2.887488
0.080417
3.546271
0.003776
3.809145
4.209569
4.789188
5.251784
5.603984
6.235348
6.506389
6.664575
6.849214
7.094127
7.334208
7.402705
7.432355
7.483878
7.506425
7.508948
7.509545
7.506046
7.501332
7.505059
7.506318
7.503827
7.504023
7.504148
7.505992
7.481044
7.465488
7.445343
7.438503
7.392051
7.109279
6.854407
6.840598
6.837950
6.835026
6.831350
6.827577
6.824334
6.821646
6.814579
6.808120
6.799924
6.794228
6.787753
6.790309
6.792576
6.786165
6.779593
6.775440
6.763622
6.752362
6.750472
6.755281
6.759763
6.938926
6.949211
6.957273
6.952056
6.941224
6.938910
6.914410
6.871592
6.832963
6.754002
6.681742
0.033365
0.000487
0.000085
0.000058
0.000016
0.000003
0.000002
0.000001
0.000001
0.000001
0.000004
0.000001
0.000001
0.000001
0.000001
0.000000
0.000001
0.000000
0.000000
0.000000
0.000000
0.000001
0.000000
0.000000
0.000000
0.000001
0.000001
0.000000
0.000001
0.000000
0.000000
0.000000
0.000001
0.000000
0.000001
0.000004
0.000053
0.000000
0.000000
0.000001
0.000000
0.000000
0.000001
0.000001
0.000000
0.000000
0.000000
0.000000
0.000000
0.000000
0.000000
0.000000
0.000000
0.000001
0.000001
0.000004
0.000007
0.000011
0.000044
0.000062
0.000097
0.000161
6.297147
6.394623
6.455217
6.523820
6.591768
6.677955
0.101728
6.915635
6.946716
7.001709
7.014020
7.012830
6.981264
6.922276
0.007067
0.006330
0.005855
0.005923
0.006236
0.006353
0.006815
6.903094
6.979493
7.047821
7.063007
7.069289
7.071751
7.073857
7.073369
7.075977
7.392088
7.400714
7.409643
7.414711
7.506599
7.512154
7.674165
7.770823
7.774896
7.710753
7.644230
7.597076
7.074627
6.421029
3.512292
6.264353
6.879301
7.722558
7.988281
8.019676
8.049752
8.068474
8.080672
8.078668
8.077569
8.079953
8.080486
8.082085
8.084896
8.083730
8.082833
8.083203
8.088191
8.089610
8.089448
8.091763
8.093798
8.094470
8.097642
8.100748
8.101359
8.100331
8.098783
8.098520
8.099078
8.100160
8.093546
8.084301
8.066363
8.044856
8.023116
7.922954
7.550554
0.008371
0.008124
0.007053
0.006355
0.005021
6.831494
6.363352
0.001798
0.001303
0.000515
0.000225
0.000119
0.000090
0.000033
0.000027
0.000027
0.000025
0.000031
0.000055
0.000090
0.000204
0.000296
0.000754
0.012305
3.675458
4.381900
4.702400
5.101787
5.660114
0.093550
0.105394
0.001799
0.002431
0.001644
0.001566
0.035242
6.730205
7.591786
7.251243
0.143130
0.147432
0.153604
7.571326
7.628085
7.748261
7.860871
7.886616
7.903545
7.939841
7.974607
7.991996
8.038656
8.060164
8.067034
8.071518
8.074883
8.075564
8.075695
8.073805
8.072194
8.303666
8.306792
8.320089
8.328862
8.332244
8.337401
8.323075
8.318024
8.314941
8.313609
8.307719
8.233107
8.185814
8.151667
8.035173
7.721310
7.480736
0.241318
0.224993
0.310452
7.094057
7.315800
7.534977
7.825535
7.754735
7.718624
7.618270
7.748785
7.772276
7.732477
0.152363
0.155002
0.156856
7.645245
7.919865
8.016175
8.040992
8.051774
8.066769
8.068573
8.072143
8.076797
8.076149
8.075809
8.075728
8.074053
8.071271
8.063745
8.060162
8.060173
8.064558
8.221357
8.392521
8.405678
8.406032
8.409382
8.416306
8.422896
8.422368
8.421743
8.424443
8.427533
8.426337
8.426503
8.428016
8.428437
8.428698
8.426918
8.426401
8.427691
8.429907
8.432129
8.434134
8.438235
9.065045
9.129811
9.135486
9.135278
9.135983
9.137315
9.138708
9.138464
9.133868
9.132096
9.131453
9.134314
9.138001
9.139216
9.138742
9.133117
9.130296
9.128543
9.127846
9.130281
9.128777
9.113109
9.098684
9.090926
9.054576
8.983679
8.875633
0.053449
0.037125
8.776892
8.660297
8.419688
8.605264
8.615448
8.473296
8.342410
0.119907
8.763842
8.846462
0.105067
0.121499
8.768211
8.863458
8.891053
8.882923
8.841633
0.145622
0.142755
9.029286
0.413459
0.065120
0.047693
8.658624
8.739993
8.790150
8.805292
8.816561
8.742909
8.936550
9.032931
9.088065
9.128096
9.134286
9.137392
9.137480
9.137513
9.138136
9.138893
9.139281
9.139411
9.138763
9.135736
9.131722
9.128140
9.123112
9.110113
9.093377
0.017079
0.016730
0.015237
0.014906
0.014622
0.014526
8.815319
8.925827
9.039174
9.102131
9.110644
9.133513
9.138547
9.138850
9.138756
9.137322
9.136802
9.136644
9.134894
9.129103
9.114961
9.107204
9.075906
9.052312
9.019182
8.993201
8.883617
8.789355
8.630200
8.440162
0.066622
0.001213
0.000916
0.000767
0.000678
0.000674
0.000724
0.000874
0.001051
0.064624
0.160847
8.396079
8.500031
8.567631
8.672437
8.715540
8.727271
8.740463
8.750709
8.755954
8.757836
8.758542
8.760870
8.766280
8.771287
8.772262
8.772884
8.772409
8.771418
8.768150
8.759934
8.746497
8.729257
8.706463
8.511903
7.788736
6.847750
0.037600
0.037113
0.221635
4.887200
7.093621
8.100940
8.300771
8.463644
8.552411
8.627596
8.669375
8.690653
8.719619
8.738635
8.738710
8.729386
8.719117
8.707214
8.674126
8.561596
8.553316
8.524037
8.457069
8.380297
8.292186
7.404916
6.901000
6.468160
0.840595
6.020880
6.160390
6.744526
7.336669
7.745695
7.834873
7.826635
7.870683
7.905096
7.913609
7.914563
7.915910
7.914414
7.893827
7.856135
7.637779
7.599000
7.683775
0.033899
0.008272
0.004447
0.002649
0.001633
0.001292
0.001087
0.000930
0.000820
0.000772
0.000744
0.000729
0.000063
0.000044
0.000100
0.000100
0.000288
0.000400
0.000280
0.000020
0.000030
0.000076
0.000149
0.000889
0.001283
0.001859
7.545863
7.596473
7.607381
7.637969
7.627965
7.611945
7.562661
7.534739
7.476145
7.439117
0.000181
0.000068
0.000085
0.000084
0.000089
0.000130
0.000388
0.000023
0.000053
0.000275
0.000995
0.002894
0.003478
7.588050
7.604574
7.621767
7.621281
7.585328
7.496981
7.404283
7.319201
7.256947
7.203192
7.123442
7.014174
6.769749
6.074198
5.534228
4.748317
3.544721
2.990846
0.083771
0.068644
0.006946
0.045467
0.103897
0.766672
0.719893
0.700696
0.661394
0.397441
0.049095
0.172967
0.260141
0.381591
0.601409
0.706818
0.715498
0.706345
1.461285
1.652678
0.009147
2.335003
2.859377
3.475612
3.921944
4.346841
4.807559
5.352417
6.283388
6.544237
0.015559
0.019234
6.824112
7.086847
7.357912
7.569361
7.697004
0.004242
7.815868
7.929562
7.982567
8.023469
8.081550
8.102125
8.100254
8.113869
8.130759
8.138855
8.138576
8.156832
8.167638
8.153230
8.155919
8.160410
8.162298
8.180364
8.199236
0.032758
8.183697
8.201823
8.282597
8.302720
8.298757
0.001303
0.000881
0.000884
0.001486
0.001589
0.001611
0.002082
0.008903
8.290745
8.181340
7.551379
0.850589
8.134314
8.539915
8.542159
8.521218
8.513042
8.484800
8.468981
8.467749
8.473974
8.484018
8.482229
8.385981
8.283313
8.187242
8.117876
7.985971
7.864870
7.761825
7.688715
7.650250
7.628814
7.572040
7.435120
7.250488
7.114731
6.681830
6.270385
5.783669
5.326703
4.713852
2.560295
2.172292
1.250854
0.461197
0.410330
0.359391
0.023671
0.012674
0.005210
0.006193
0.000105
0.000080
0.000138
0.000057
0.000035
0.000029
0.000030
0.000036
0.000041
0.000052
0.000091
0.000106
0.000053
0.000035
0.000078
0.000089
0.000087
0.000088
0.000025
0.000036
0.000063
0.000019
0.000022
0.000033
0.000016
0.000017
0.000024
0.000018
0.000015
0.000024
0.000037
0.000059
0.000112
0.000115
0.000119
0.000123
0.000085
0.000102
0.000165
1.506977
3.127719
3.400068
0.005273
0.005739
0.006813
0.006912
0.007770
0.009298
0.014800
4.111517
4.587624
5.234652
5.930905
6.212469
6.594223
7.154278
7.680016
7.883069
8.064903
8.166144
8.209914
8.242486
8.285002
8.310258
8.335494
8.336874
8.336935
8.348849
8.392310
8.371889
8.193441
0.139800
8.067469
8.234553
8.362158
8.395874
8.388001
8.378279
8.372227
8.349555
8.302793
8.257796
8.206758
8.067494
8.038791
8.145864
8.159645
8.117350
8.043639
7.705648
7.582814
7.275684
7.062550
0.007500
0.011667
0.060856
0.052939
6.535356
6.490017
5.523567
2.357453
3.887251
4.368492
5.212331
6.902517
0.025540
7.833896
8.055880
8.326699
8.435182
8.510647
8.633157
8.689767
8.703965
8.720277
8.750557
8.742876
8.727175
8.688560
8.553916
8.399070
7.927108
7.929345
8.085793
8.100484
8.121329
8.141486
8.173404
8.219375
8.283192
8.320610
8.333048
8.340828
8.345712
8.346699
8.346176
8.345636
8.345009
8.344234
8.342275
8.340636
8.339803
8.327736
8.301294
8.288285
8.281729
8.278113
8.278154
8.265790
8.269240
8.285778
8.292963
8.298687
8.310958
8.332726
8.337365
8.344234
8.345682
8.344259
8.341824
8.339446
8.332213
8.329329
8.327640
8.328617
8.332414
8.335315
8.339567
8.345131
8.344679
8.344627
8.344120
8.344464
8.345322
8.346144
8.344656
8.342968
8.342499
8.343634
8.342481
8.342823
8.333020
8.326949
8.324797
8.323510
8.309076
8.296707
8.276823
8.199985
8.193140
8.190135
8.191478
8.189504
8.186367
8.263335
8.298455
8.303495
8.308973
8.315707
8.313637
8.290238
8.267308
8.255189
8.195214
0.051309
0.052621
8.125132
8.194605
8.238415
8.270252
8.293998
8.322966
8.340150
8.339328
8.340856
8.341130
8.342910
8.344754
8.346888
8.345995
8.342226
8.323638
8.309799
8.308100
8.309265
8.306655
8.295919
8.295228
8.303482
8.308965
8.314268
8.318164
8.325761
8.325414
8.323716
8.326692
8.330537
8.335386
8.340090
8.333480
8.312746
8.294023
8.019332
8.023514
8.029195
8.039934
8.047151
8.052806
8.050067
8.045203
8.038022
8.029378
8.024889
8.024755
8.020977
8.022509
8.024371
8.013345
8.006821
8.007578
8.010211
8.004406
8.001387
7.991365
7.988847
7.986772
7.974209
7.947011
7.930574
7.908755
7.903423
7.906234
7.896169
7.893493
7.849876
7.356551
6.946072
6.188592
5.282343
4.558489
2.340900
0.902674
1.213757
1.453298
3.212261
3.465891
4.205046
4.657350
0.005883
0.008145
0.011985
0.028142
0.035631
0.040605
5.814977
6.093012
6.351775
6.552702
6.663957
6.840525
7.157257
7.330811
7.446309
7.568575
7.712195
7.784965
7.871250
7.936635
7.951236
7.968428
7.982074
7.987561
7.993549
8.001084
8.011335
8.011187
8.007875
8.006477
8.008050
8.009430
8.008289
8.006575
8.010952
8.017656
8.031421
8.031479
8.033590
8.032671
8.025330
8.010588
7.997482
7.992242
7.987643
7.970096
7.958539
7.900054
7.760119
7.314249
7.057524
6.784568
6.458135
6.108455
5.269919
4.458613
1.811480
1.481847
1.209285
0.863649
0.645483
0.330426
0.489157
0.471104
0.473971
0.411805
0.381297
0.004894
0.004351
0.019280
0.019230
0.018035
0.045518
0.069586
0.073179
0.077249
0.080048
0.085579
0.092275
0.097649
1.356510
1.720437
2.852058
3.299414
3.901182
4.662486
5.332459
5.990016
6.242401
6.485151
6.748236
7.149493
7.282703
7.371232
7.465037
7.558367
7.704104
7.741300
7.782453
7.777941
7.731220
7.694480
7.599083
0.055222
7.512132
7.482023
7.453082
7.451658
7.489833
7.464981
7.466688
7.454141
7.473843
7.303933
0.125978
0.195411
6.799116
6.963866
7.131803
7.336082
7.624712
7.562963
7.505146
7.456388
7.330881
0.034218
0.033838
0.031645
7.361843
7.267199
7.186907
7.084961
7.724865
7.809383
7.861126
7.916297
7.928541
7.916386
7.904709
7.907721
7.901765
7.899100
7.902919
7.901562
7.823150
7.675230
7.473063
7.192940
0.230482
0.232493
7.070049
7.199595
7.392038
7.589002
7.624225
7.723893
7.791796
7.827858
7.841703
7.861213
7.892857
7.899014
7.922140
7.923626
7.931404
0.142890
7.784187
7.909551
7.988964
8.043023
8.049429
8.049932
8.051854
8.052738
8.045406
8.038980
8.034929
8.035360
8.038844
8.040709
8.041492
8.028419
7.978150
7.721420
7.684736
7.591168
7.510324
7.429742
0.018067
0.017850
0.017944
0.018229
0.018763
0.020379
7.560267
7.510028
7.470365
7.440418
7.322188
7.319360
0.032655
7.637983
7.716881
7.752257
7.764598
7.791471
7.799300
7.810251
7.812984
7.819096
7.820582
7.821702
7.822289
7.822467
7.822904
7.822351
7.818481
7.816670
7.816401
7.817289
7.821253
7.822888
7.822260
7.822446
7.823250
7.823566
7.823912
7.823943
7.823816
7.823143
7.817297
7.812544
7.797126
7.773707
7.749782
7.694240
7.649497
7.607785
7.548063
0.012323
0.010741
0.008915
0.008404
0.008017
0.008081
0.009070
0.014643
0.016227
0.000067
0.000024
0.000009
0.000006
0.000009
0.000021
0.000007
0.000010
0.000022
0.000029
0.000011
0.000010
0.000015
0.000011
0.000007
0.000012
0.000003
0.000004
0.000009
0.000009
0.000020
0.000028
0.000010
0.000010
0.000005
0.000005
0.000032
0.000024
0.000026
0.000035
0.000009
0.000006
0.000007
0.000013
0.000019
0.000034
0.000025
0.000023
0.000015
0.000009
0.000018
0.000014
0.000008
0.000007
0.000005
0.000008
0.000022
0.000008
0.000012
0.000027
0.000042
0.000035
0.000043
0.000084
0.000127
0.000193
0.000529
0.000632
7.552536
7.801245
7.962953
8.035080
8.048067
8.051791
8.052576
8.053383
8.053992
8.054289
8.054186
8.053699
8.053571
8.053987
8.054479
8.054552
8.054074
8.053664
8.053145
8.051778
8.051116
8.044899
8.034342
8.027220
8.032013
8.047439
8.053279
8.054212
8.054506
8.054482
8.054432
8.054020
8.054070
8.054385
8.054162
8.054091
8.053558
8.052762
8.051738
8.051541
8.052428
8.051593
8.051078
8.049884
8.050838
8.053714
8.054253
8.054038
8.054047
8.054038
8.054151
8.054278
8.054222
8.054170
8.054339
8.054515
8.054577
8.054595
8.054554
8.053227
8.037151
7.967761
7.937315
7.634485
7.629692
7.625902
7.628423
7.633762
7.634903
7.633579
7.632529
7.632798
7.632868
7.633116
7.634480
7.635092
7.635136
7.635026
7.635035
7.634945
7.635011
7.635203
7.635044
7.634890
7.634972
7.634896
7.634535
7.633576
7.633336
7.634282
7.635026
7.832742
7.836116
7.836794
7.836904
7.836689
7.836411
7.836549
7.836158
7.835995
7.835999
7.834435
7.833851
7.833543
7.832309
7.789965
7.595541
7.274356
6.556257
4.792841
6.311767
6.709951
7.026092
7.055450
7.110768
7.071789
7.070561
0.002061
0.001493
0.001600
0.000782
0.000787
0.000758
0.000969
0.001587
0.002608
0.003623
7.086642
7.111752
7.145637
7.189156
7.197530
7.199507
7.206713
7.211725
7.211941
7.204784
7.203826
7.200642
7.198537
7.195007
7.194167
7.196227
7.195202
7.196853
7.198022
7.199362
7.185866
7.176568
7.157111
7.080859
6.975982
6.901751
6.737709
6.887146
6.913097
0.083744
6.999372
7.117187
7.186209
7.200758
7.206332
7.208222
7.267762
7.281186
7.281015
7.279970
7.262925
7.247594
7.189963
7.126803
0.001075
0.000506
0.000332
0.000163
0.000115
0.000090
0.000086
0.000091
0.000152
0.000195
0.000253
0.000381
0.000736
7.043874
7.116386
7.208574
7.235281
7.235849
7.238725
7.235459
7.259008
7.197674
7.066215
7.021205
6.984373
6.962813
6.939620
6.916133
6.890208
6.705369
0.094696
6.937587
6.933519
6.920578
6.802374
6.766869
6.711381
0.201274
6.445647
6.627435
6.793718
6.835853
6.843681
6.846218
6.846184
6.846572
6.850997
6.852198
6.931798
6.973943
7.032538
7.042607
7.046699
7.044151
7.038055
7.033797
7.021038
7.007195
7.000004
6.997340
7.000917
7.003806
7.013281
7.029570
7.035885
7.037525
7.038595
7.039320
7.039384
7.039528
7.037990
7.037966
7.196278
7.224705
7.252552
7.266676
7.273089
7.276219
7.256665
7.250595
7.247501
7.246141
7.248560
7.254027
7.257203
7.254158
7.252944
7.253327
7.253660
7.254991
7.256240
7.256924
7.265275
7.264711
7.264576
7.263434
7.273953
7.267404
