0.000033
0.000001
0.000001
0.000000
0.000000
0.000000
0.000000
0.000000
0.000000
0.000000
0.000000
0.000000
0.000000
0.000000
0.000000
0.000000
0.000000
0.000000
0.000000
0.000000
0.000000
0.000000
0.000000
0.000000
0.000015
0.000014
0.001698
0.002308
0.002291
0.002313
0.002237
0.002168
0.002548
0.001900
0.001104
0.001037
0.001004
0.000879
0.000787
0.000730
0.000022
0.000020
0.001644
0.001862
0.001855
0.001946
0.002105
0.002184
0.002365
0.000006
0.000005
0.000004
0.000005
0.000017
0.000003
0.000003
0.000003
0.000038
0.000058
0.000009
0.000006
0.000002
0.000002
0.000001
0.000002
0.000001
0.000002
0.000014
0.000043
0.000003
0.000003
0.000006
0.000002
0.000002
0.000008
0.000016
0.000016
0.000012
0.000002
0.000001
0.000002
0.000002
0.000001
0.000001
0.000001
0.000011
0.000006
0.000004
0.000004
0.000003
0.000002
0.000003
0.000007
0.000012
0.000001
0.000003
0.000002
0.000005
0.002749
0.005855
0.006608
0.007286
0.007859
1.781204
1.467226
1.262958
1.097290
0.148215
0.076657
0.027583
0.015178
0.007818
0.005712
0.003949
0.003035
0.002704
0.000091
0.000058
0.000161
0.000142
0.000168
0.000025
0.000038
0.000028
0.001313
0.000048
0.000162
0.002598
0.018490
0.207688
0.348650
0.428188
0.514781
0.630011
0.921736
1.032242
1.124234
0.066168
0.001065
0.041409
0.053376
0.072803
0.088040
1.373636
1.412228
1.434718
1.468551
1.464062
1.452315
1.439637
1.436190
1.438696
1.424031
1.415559
1.393619
1.302217
1.120905
0.942812
0.837841
0.658216
0.542607
0.341809
0.215789
0.005246
0.074005
0.118616
0.204870
0.192777
0.180224
0.173386
0.007270
0.000352
0.000092
0.000183
0.000094
0.003084
0.000125
0.000197
0.007285
0.055216
0.076276
0.078815
0.079566
0.085123
0.087577
0.082250
0.053893
0.018060
0.018582
0.021486
0.008192
0.004334
0.000238
0.000303
0.000353
0.000447
0.003034
0.002232
0.002203
0.002090
0.002146
0.002081
0.002059
0.002073
0.002143
0.005628
0.006089
0.009597
0.011595
0.020178
0.800119
0.897498
1.036810
1.381825
1.554671
1.900151
2.140559
2.436515
3.185383
3.649410
3.981659
4.060589
4.077480
4.098504
4.140065
4.127463
4.102277
4.085070
4.077576
3.993999
3.941215
3.896559
3.824590
3.598292
3.425869
3.227881
2.964166
2.764663
2.578234
2.398460
2.173673
1.980797
1.809274
0.027704
0.003816
0.003024
0.002994
1.399212
1.260816
1.143507
1.034527
0.938645
0.855235
0.003432
0.000807
0.000926
0.000401
0.002772
0.628481
0.583463
0.541788
0.399730
0.343868
0.317768
0.018136
0.019844
0.018301
0.014035
0.000041
0.004222
0.004383
0.000011
0.000004
0.000008
0.000006
0.000008
0.000004
0.000004
0.000005
0.000009
0.000007
0.000009
0.000017
0.001966
0.001571
0.001507
0.001439
0.001624
0.000017
0.000006
0.000007
0.000011
0.000003
0.000004
0.000002
0.000001
0.000002
0.000002
0.000004
0.000013
0.000003
0.000001
0.000002
0.000005
0.000008
0.000013
0.000019
0.000005
0.000003
0.000004
0.000005
0.000003
0.000002
0.000002
0.000003
0.000007
0.000006
0.000010
0.000012
0.008842
0.015904
0.062965
0.113896
0.145517
0.174841
0.205936
0.190447
0.209392
0.195249
0.150379
0.126180
0.122346
0.005770
0.005316
0.000156
0.000013
0.000011
0.000011
0.000010
0.000008
0.000003
0.000001
0.000001
0.000002
0.000002
0.000713
0.000002
0.000002
0.000001
0.000001
0.000001
0.000002
0.000042
0.000055
0.000080
0.000083
0.000506
0.000654
0.000595
0.000538
0.000007
0.000004
0.000007
0.000019
0.000009
0.000002
0.000006
0.000008
0.000007
0.000016
0.000021
0.000020
0.000011
0.000017
0.000028
0.000065
0.006862
0.016115
0.016025
0.008811
0.008439
0.007354
0.006413
0.006859
0.000052
0.000194
0.041427
0.109417
0.138210
0.205792
0.356473
0.381555
0.398286
0.416395
0.473956
0.490971
0.497060
0.500198
0.498178
0.485380
0.467189
0.393903
0.425669
0.384237
0.350356
0.263460
0.239366
0.221207
0.141643
0.187274
0.154030
0.143821
0.083159
0.090095
0.086253
0.000281
0.000010
0.000009
0.000010
0.000007
0.000006
0.000008
0.000025
0.000024
0.001074
0.001036
0.001314
0.001207
0.000116
0.000426
0.000028
0.000021
0.000023
0.000073
0.000034
0.000034
0.000014
0.000022
0.000023
0.000095
0.000089
0.000129
0.001697
0.028251
0.028155
0.015536
0.015550
0.029766
0.034054
0.046060
0.059278
0.065144
0.064824
0.001026
0.001653
0.004342
0.003896
0.109700
0.111457
0.112093
0.112178
0.106759
0.108470
0.112058
0.124323
0.121909
0.214423
0.197742
0.188461
0.553130
0.712251
0.935970
1.461493
1.605928
1.744012
1.903492
2.081609
2.204526
2.332800
2.477592
2.541862
0.210264
0.185478
0.145229
0.129634
0.107771
0.017860
0.010348
0.002976
0.000634
0.001505
0.003809
0.015651
0.041800
0.054644
3.174217
3.561774
3.926779
0.004277
0.001471
0.000122
0.000034
0.000036
0.000016
0.000042
0.000065
0.000143
0.000148
0.000363
0.000870
0.016863
0.022464
4.590052
4.992804
5.427912
5.660767
5.817352
5.943004
6.105260
6.140618
6.161691
6.183410
6.171807
6.126315
6.036574
5.973159
5.723807
5.536944
4.947904
4.487018
4.048469
0.024599
0.001869
0.002046
0.002695
0.021883
3.345288
2.833301
0.764395
0.157141
0.039507
0.000141
0.000136
0.000046
0.000073
0.000089
0.000066
0.000181
0.000314
0.000387
0.000766
0.020281
0.048983
1.429281
3.694514
3.945370
4.335404
4.415797
4.587200
4.822531
5.001904
5.179545
5.312421
5.457966
5.462585
5.438605
5.468252
5.349760
4.936149
4.572779
0.016905
0.010552
0.005763
0.005010
0.003446
3.989888
3.667994
3.150527
2.706497
2.348250
2.054001
1.707242
1.502662
1.286007
1.129936
0.007364
0.000266
0.002348
0.003379
0.002768
0.002086
0.000321
0.002296
0.484334
0.436075
0.235041
0.187492
0.172966
0.120417
0.096680
0.011084
0.000461
0.000354
0.001466
0.001999
0.006249
0.251118
0.389094
0.393856
0.401508
0.421889
0.424635
0.417436
0.393792
0.372700
0.197220
0.172974
0.148817
0.092945
0.082772
0.015324
0.007125
0.005437
0.000473
0.002347
0.003545
0.177303
0.174440
0.183272
0.183643
0.187226
0.190036
0.191621
0.191885
0.192537
0.194327
0.194652
0.205234
0.211204
0.214109
0.212792
0.157074
0.076810
0.007623
0.003151
0.000579
0.000242
0.000126
0.000235
0.000022
0.000016
0.000010
0.000017
0.000024
0.000037
0.000145
0.000029
0.000068
0.000018
0.002244
0.000204
0.000244
0.000028
0.000025
0.000014
0.000052
0.000042
0.000038
0.000041
0.000020
0.000156
0.000053
0.002223
0.002095
0.001877
0.001757
0.001512
0.001421
0.001407
0.001316
0.001332
0.000022
0.000021
0.000014
0.000012
0.000103
0.014892
0.016169
0.016493
0.018526
0.068411
0.069883
0.070097
0.020830
0.020742
0.000022
0.000036
0.000050
0.000094
0.000106
0.047650
0.046798
0.046017
0.044778
0.040415
0.037236
0.001233
0.000132
0.000057
0.000040
0.000288
0.017249
0.016396
0.015415
0.014525
0.000312
0.000329
0.000296
0.000996
0.001142
0.006387
0.007093
0.007823
0.010926
0.011948
0.012123
0.012098
0.012051
0.011986
0.012036
0.012069
0.012236
0.005068
0.000828
0.011774
0.021562
0.026863
0.103363
0.110019
0.147080
0.151226
0.155386
0.030388
0.014425
0.006145
0.006816
0.005540
0.000060
0.000666
0.000238
0.000911
0.087358
0.384596
0.398499
0.421716
0.430724
0.443752
0.449026
0.455056
0.446193
0.027050
0.025838
0.026310
0.025103
0.024714
0.034860
0.036931
0.046284
0.038445
0.015087
0.024437
0.038131
0.475459
0.488024
0.494913
0.530140
0.525762
0.520535
0.496650
0.018250
0.005675
0.000534
0.000507
0.001117
0.001042
0.000494
0.004695
0.005195
0.024707
0.025746
0.374827
0.375830
0.381654
0.368218
0.337283
0.298302
0.286458
0.244252
0.212304
0.118528
0.110851
0.103673
0.014859
0.014729
0.011697
0.003748
0.002441
0.002336
0.000257
0.000167
0.000629
0.000627
0.000722
0.000460
0.000567
0.000704
0.000987
0.000948
0.001528
0.001327
0.002292
0.009645
0.046729
0.076014
0.176365
0.204433
0.225994
0.241487
0.248509
0.264628
0.016718
0.013032
0.002302
0.000780
0.382411
0.389770
0.386786
0.348130
0.304121
0.292724
0.261922
0.027661
0.025320
0.023840
0.000125
0.000998
0.001156
0.003851
0.042763
0.078311
0.182922
0.443878
0.446216
0.430206
0.414109
0.402264
0.382131
0.365332
0.007237
0.002363
0.001427
0.001317
0.000038
0.000030
0.000056
0.000050
0.000027
0.000010
0.000007
0.000005
0.000007
0.000006
0.000013
0.000011
0.000010
0.000023
0.000021
0.000033
0.000028
0.000029
0.000049
0.000022
0.000042
0.000027
0.000066
0.000092
0.000044
0.000269
0.000272
0.000345
0.000173
0.000156
0.000123
0.000175
0.000132
0.000252
0.000115
0.000179
0.000150
0.000147
0.000301
0.000400
0.000090
0.001402
0.001331
0.001323
0.001220
0.001186
0.001269
0.001223
0.001126
0.001154
0.000327
0.000520
0.000469
0.001162
0.002676
0.002842
0.008464
0.028631
0.046308
0.105397
0.161430
0.161398
0.240193
0.247621
0.284840
0.279962
0.292483
0.326126
0.341104
0.347122
0.011257
0.007395
0.006183
0.001554
0.000593
0.000460
0.000040
0.000042
0.001622
0.001782
0.007854
0.038826
0.058448
0.415637
0.430874
0.444844
0.002048
0.002377
0.002526
0.002592
0.002813
0.001414
0.002197
0.008652
0.087556
0.088942
0.098692
0.111403
0.110708
0.061647
0.051448
0.044327
0.024764
0.009859
0.011969
0.003056
0.142295
0.184706
0.237199
0.382849
0.480233
0.540782
0.650520
0.729829
0.813228
0.890224
0.983103
1.104473
1.191039
1.211356
1.226463
1.205181
0.004250
0.003934
0.003034
0.003238
0.005600
0.009877
0.350845
0.346492
0.350564
0.774392
0.733403
0.684655
0.647688
0.610470
0.534382
0.362631
0.207406
0.051509
0.043687
0.000040
0.000055
0.000061
0.000046
0.014016
0.013012
0.011280
0.010617
0.009963
0.008254
0.007106
0.006273
0.002976
0.000983
0.000992
0.000743
0.001328
0.001310
0.002830
0.002950
0.003177
0.030879
0.042029
0.045531
0.083824
0.171503
0.332100
0.464225
1.573931
1.767344
2.250456
2.567280
2.961581
3.619722
4.230425
4.880138
5.685831
6.771377
7.630783
7.686920
7.726016
7.695626
7.439333
7.149027
6.916096
5.906187
5.094650
4.045035
3.503622
0.170004
0.041784
0.008021
0.006545
0.001068
0.000502
0.000119
0.000067
0.000046
0.000054
0.000058
0.001365
0.001387
0.001121
0.001020
0.001047
0.001056
0.001024
0.000983
0.000976
0.000945
0.000926
0.000926
0.000981
0.000063
0.000081
0.000061
0.000043
0.000043
0.000025
0.000052
0.000032
0.000022
0.000031
0.000047
0.005664
0.005627
0.000145
0.000166
0.000204
0.000165
0.000234
0.000250
0.000479
0.203003
0.230766
0.512335
0.801832
1.344785
1.776366
2.173323
2.507406
3.082502
4.456150
5.232084
6.119644
6.989468
7.356546
7.733959
7.978542
8.227740
8.384115
8.483256
8.491077
8.498264
8.558895
8.575474
8.553222
8.377513
8.377240
8.377989
8.380242
8.344193
8.329259
8.323244
8.325035
8.337989
8.347984
8.363020
8.378592
8.381636
8.383493
8.389494
8.391646
8.378540
8.366959
8.350210
8.348730
8.338641
8.290295
0.001399
0.000586
0.000324
0.000111
0.000076
0.000019
0.000006
0.000004
0.000002
0.000004
0.000003
0.000002
0.000002
0.000002
0.000001
0.000002
0.000014
0.000002
0.000003
0.000004
0.000004
0.000003
0.000003
0.000003
0.000001
0.000001
0.000002
0.000003
0.000005
0.000014
0.000023
0.000036
0.000088
0.000156
0.000244
0.000592
8.341737
8.379484
8.396050
8.398273
8.405064
8.417543
8.412532
8.415079
8.422850
8.445298
8.455780
8.471503
8.470978
8.463789
8.420284
8.336034
8.277184
8.232416
8.206606
8.197617
8.204167
8.227368
8.252475
8.270808
8.263277
8.260501
8.265442
8.291830
8.298605
8.312498
8.338470
8.378211
8.398175
8.401935
8.423703
8.405044
8.390732
8.413152
8.450420
8.459115
8.443774
8.434105
8.358073
8.161198
8.136292
8.103944
8.085058
8.044828
7.983297
7.859010
7.750822
7.595105
7.405469
7.221729
7.064231
6.535469
6.059933
5.615720
5.264463
4.690273
3.697497
0.921196
0.366414
0.296804
0.269148
0.246183
0.220363
0.198779
0.152442
0.109751
0.081396
0.074198
0.019393
0.003802
0.000276
0.000054
0.000085
0.000057
0.000031
0.000020
0.000034
0.000044
0.000113
0.000029
0.000021
0.000023
0.000028
0.000031
0.000025
0.000026
0.000019
0.000021
0.000017
0.000023
0.000042
0.000054
0.000156
0.000082
0.000338
0.000413
0.000460
0.012674
0.015991
0.022452
0.064186
0.072988
0.112969
1.555091
2.098148
2.681683
3.867735
4.531970
5.297021
6.237980
7.069205
7.249424
7.450600
7.604173
7.897258
7.976085
8.017263
8.063658
8.121949
8.165618
8.185179
8.199500
8.221240
8.232670
8.234830
8.257629
8.255616
8.277650
8.174477
8.022938
8.042193
8.051798
8.070776
8.077936
8.100531
8.111637
8.087914
8.076824
8.056054
8.032717
8.019081
7.967651
0.137179
0.127589
7.799023
7.914590
8.029322
8.063881
8.088161
8.116747
8.164576
8.168110
8.366289
8.356192
8.348627
8.290482
8.290434
8.296859
8.303174
8.309265
8.406640
8.462902
8.521053
8.541588
8.549192
8.558257
8.556757
8.546150
8.528583
8.482697
8.399130
8.323684
8.258812
8.162521
8.040992
7.554498
7.434730
7.250757
7.012272
6.794362
6.737714
6.514575
6.362468
6.208767
5.878299
5.393390
4.907562
4.312921
2.299328
0.001917
0.001340
0.000925
0.001015
0.000546
0.000659
0.000712
0.064204
1.062607
1.378119
2.003238
4.587697
5.174245
0.000473
0.005578
0.007943
0.010269
0.012271
0.015512
0.021098
6.018655
6.960034
7.426215
7.519048
7.553483
7.595093
7.608644
7.628927
7.635029
7.597127
7.556239
7.472628
7.417602
7.375475
7.206341
6.999314
6.788231
6.520320
4.239594
0.048833
5.707327
5.895364
5.976920
5.949664
5.970423
5.983217
6.030097
6.110484
6.180634
6.237145
6.227308
6.329833
6.372480
6.449424
6.463985
6.489411
6.477606
6.477207
6.455246
6.299458
6.115076
5.857580
5.388665
3.977071
3.645757
2.589874
0.020770
1.926333
4.051786
4.561091
5.090948
5.639844
6.343744
7.154353
7.334735
7.454381
7.519455
7.568535
7.605579
7.656637
7.659153
7.656624
7.642115
7.627907
7.579890
7.546606
0.057859
7.694697
7.805333
7.879067
7.887956
7.897631
7.886583
7.863851
7.825209
7.837411
7.784872
7.669658
7.252195
6.876157
6.213606
5.389535
4.688055
4.091911
0.002381
0.004910
0.003344
0.001945
0.001231
3.297260
2.941304
2.593807
2.275283
2.015093
1.588008
1.236704
0.999820
0.821644
0.637941
0.483529
0.021919
0.001033
0.000578
0.000983
0.000574
0.000519
0.000258
0.009806
0.008876
0.008221
0.008397
0.008949
0.012231
0.017397
0.051932
0.054679
0.080692
0.134580
0.164905
0.275418
0.333753
0.360150
0.397168
0.002590
0.001795
0.002768
0.000241
0.000075
0.000082
0.000375
0.000489
0.000337
0.000836
0.002539
0.011604
0.121132
3.275566
3.806384
4.385403
5.105044
5.699298
6.390175
7.033882
7.203333
7.376713
7.561175
7.654384
7.683886
7.714740
7.751179
7.773396
7.788187
7.788979
7.782543
7.739111
7.496677
7.495013
7.494083
7.495063
7.529919
7.532837
7.529717
7.528349
7.528843
7.527864
7.528147
7.528298
7.528330
7.528036
7.527956
7.524372
7.520672
7.520296
7.494123
7.493808
7.493583
7.492821
7.492061
7.492363
7.492386
7.491706
7.491401
7.490098
7.488964
7.489133
7.491041
7.492001
7.493504
7.493906
7.493172
7.492676
7.492135
7.490357
7.486852
7.486320
7.485987
7.488637
7.523623
7.522713
7.255889
7.465557
7.502200
7.521995
7.535163
7.521630
0.002023
0.000805
0.000319
0.000179
0.000085
0.000045
0.000026
0.000013
0.000012
0.000012
0.000002
0.000001
0.000003
0.000001
0.000001
0.000001
0.000004
0.000002
0.000001
0.000001
0.000003
0.000004
0.000002
0.000002
0.000001
0.000001
0.000001
0.000001
0.000001
0.000001
0.000001
0.000001
0.000003
0.000009
0.000011
0.000046
0.000099
0.000163
0.000475
7.448501
7.503585
7.512883
7.509374
7.504086
7.502387
7.501073
7.505210
7.512852
7.516612
7.517449
7.512197
7.506412
7.502445
7.519530
7.521588
7.525636
7.527665
7.529228
7.531857
7.533105
7.536038
7.537078
7.536627
7.535957
7.520002
7.519828
7.519002
7.517356
7.513872
7.502670
7.496445
7.477455
7.460014
7.437251
7.375038
7.309626
0.037402
7.262517
7.296704
7.336643
7.382682
7.428942
7.458592
7.462155
7.466462
7.470773
7.472981
7.473973
7.474411
7.471512
7.470451
7.469104
7.474861
7.485028
7.500462
7.512113
7.516046
7.517319
7.517448
7.517710
7.518643
7.519041
7.517967
7.517584
7.517563
7.516939
7.501208
7.489104
7.474247
7.378742
7.302966
7.257222
7.222691
7.198234
7.126398
7.120593
7.134709
7.101838
7.044544
6.994078
6.956549
6.856773
6.777414
6.644335
6.510307
6.200664
6.012350
5.329399
6.545416
6.626300
6.639444
6.685550
6.738453
6.787975
6.863701
6.959477
6.979522
6.776295
6.701642
6.565141
6.296677
6.048428
5.796978
5.311406
4.842225
5.809625
6.022032
6.072941
6.201894
6.349171
6.413601
6.438147
6.544327
6.561471
6.585824
6.610061
6.594101
6.528145
6.423200
6.286914
5.788567
4.910001
4.111371
3.495888
3.075273
2.723369
2.418061
2.057556
1.739431
1.079290
0.777081
0.662815
0.433149
0.284484
0.236387
0.153577
0.055382
0.012273
0.000216
0.000307
0.000376
0.000261
0.000267
0.000501
0.000091
0.000050
0.000081
0.000089
0.000196
0.000134
0.010253
0.017819
0.268700
0.306967
1.613243
1.790762
1.955339
2.146011
2.555766
2.795188
3.235600
3.356531
3.475579
3.568933
0.000283
0.000162
0.001779
0.000292
0.000289
0.000424
0.000026
0.000018
0.000023
0.000045
0.000060
0.000131
3.593778
3.579340
3.531893
3.428375
3.326934
3.203025
3.063717
2.239252
0.000110
0.000960
0.000771
0.000616
0.000033
0.000107
0.000116
0.000821
1.727151
1.591036
1.412280
1.045960
0.750103
0.618007
0.530345
0.001850
0.000808
0.017132
0.027260
0.379710
