0.308637
0.012272
0.011915
0.011329
0.010610
0.009929
0.009565
0.000259
0.000318
0.000202
0.000005
0.000003
0.000002
0.000003
0.000002
0.000001
0.000002
0.000003
0.000002
0.000002
0.000002
0.000001
0.000001
0.000002
0.000002
0.000002
0.000004
0.000007
0.000450
0.000427
0.002536
0.003219
0.003470
0.003391
0.003658
0.003575
0.003068
0.002466
0.000213
0.000112
0.000007
0.000004
0.000002
0.000002
0.000005
0.000004
0.000031
0.000044
0.000057
0.000072
0.000320
0.000583
0.000616
0.000666
0.000373
0.000379
0.000370
0.000340
0.000263
0.000038
0.000038
0.000024
0.000002
0.000007
0.000007
0.000862
0.000430
0.001442
0.001873
0.002035
0.002376
0.002667
0.002727
0.002771
0.002774
0.002613
0.000203
0.000199
0.000209
0.000021
0.000019
0.000017
0.000014
0.000026
0.000004
0.000005
0.000005
0.000007
0.000004
0.000009
0.000013
0.001012
0.001148
0.001155
0.001239
0.001427
0.004355
0.005409
0.005342
0.004561
0.004600
0.004655
0.010251
0.010972
0.011321
0.011237
0.010378
0.012559
0.012703
0.000012
0.000014
0.000008
0.000004
0.000005
0.000003
0.000004
0.000008
0.000012
0.000006
0.000033
0.004655
0.057203
0.054312
0.050594
0.046109
0.040068
0.000180
0.001696
0.000110
0.000071
0.000066
0.000049
0.000054
0.000062
0.000053
0.000040
0.000048
0.000045
0.000370
0.000506
0.001246
0.005475
0.005819
0.006290
0.024520
0.026730
0.045743
0.089575
0.095385
0.103238
0.109099
0.115833
0.128880
0.136746
0.028262
0.000916
0.000040
0.000122
0.000961
0.002628
0.005829
0.006533
2.574131
2.927184
3.032075
3.214667
3.387700
3.525307
0.001182
0.001151
0.001355
0.001361
0.001369
0.001324
0.001253
0.000179
0.000006
0.000005
0.000006
0.000013
0.000009
0.000015
0.000013
0.000016
0.002445
0.003164
0.003275
0.003819
0.018749
0.018614
0.009171
0.019700
0.019179
0.012492
0.012156
0.011554
0.010824
0.010219
0.002884
0.002628
0.001697
0.001363
0.000029
0.000030
0.000035
0.000029
0.000016
0.000035
0.000180
0.000268
0.000226
0.004680
0.006555
0.007719
0.008961
0.023076
0.026641
0.026833
0.026282
0.026963
0.027341
0.032551
0.029735
0.050600
0.000019
0.000008
0.000010
0.000014
0.000010
0.000008
0.000011
0.000034
0.000020
0.000023
0.000027
0.000090
0.000076
0.000116
0.000121
0.000193
0.000284
0.001870
0.049123
0.026453
4.089946
4.474428
4.645320
4.831342
4.957922
5.160236
5.256521
5.483397
5.492469
5.487992
5.481810
5.441800
5.364650
0.007407
0.001649
0.000634
0.000598
0.000465
0.000504
0.000527
0.000812
0.008783
5.245548
5.148406
5.023305
4.644008
4.180583
3.728811
3.169676
2.701084
2.291920
1.930030
0.180536
0.012377
0.005564
0.004544
0.004180
0.003406
0.002862
0.000163
0.000113
0.000045
0.000028
0.000061
0.000060
0.000042
0.000033
0.000030
0.000044
0.000068
0.000065
0.000049
0.000070
0.000043
0.000066
0.000056
0.000715
0.000239
0.754798
0.740082
0.734029
0.657806
0.283200
0.264290
0.230124
0.011922
0.011491
0.010971
0.005664
0.010126
0.023108
0.062607
0.207571
0.235816
0.250480
0.273081
0.297136
0.333334
0.400409
0.458830
0.003175
0.004901
0.006219
0.021411
0.089608
2.970245
3.609198
4.426136
4.969530
5.120936
5.248890
5.397120
5.564861
5.630139
5.706411
5.739530
5.725975
5.722938
5.735993
5.739858
5.755206
5.775704
5.807036
5.821207
5.846807
5.888340
5.951942
6.059980
6.111642
6.168512
6.172599
6.176201
6.116437
6.043725
5.830855
5.588685
5.257388
4.982728
0.122469
0.264221
4.790345
5.212289
5.504875
5.719268
5.923980
6.012140
6.041097
6.056414
6.054288
6.025876
5.984462
5.859821
5.556937
0.003014
0.001547
0.000590
0.000295
0.000044
0.000015
0.000006
0.000003
0.000002
0.000001
0.000001
0.000001
0.000001
0.000001
0.000003
0.000002
0.000003
0.000002
0.000003
0.000002
0.000002
0.000001
0.000002
0.000002
0.000002
0.000002
0.000001
0.000002
0.000001
0.000002
0.000003
0.000006
0.000014
0.000017
0.000048
0.000090
0.000147
0.000870
0.001180
5.773278
5.919482
5.781986
5.883262
5.933758
5.943304
5.956282
5.964542
5.966351
5.956016
5.940062
5.928136
5.657861
5.447143
5.049392
4.673152
4.005287
3.635279
3.328407
2.939674
0.011287
0.000892
0.000399
0.000334
0.000344
0.000219
0.000393
0.008288
0.008899
0.009547
0.009823
0.000472
0.071988
0.356483
0.647561
1.151961
3.636274
4.435203
5.205296
5.211660
5.225358
5.094920
4.946434
4.855830
4.779183
4.695891
4.580821
4.574663
4.316669
3.919001
3.426095
0.362508
3.684496
0.070639
4.056769
0.023093
0.029790
0.011909
0.011118
0.012416
0.013057
0.013591
0.014373
0.016646
0.018347
0.019649
0.020346
0.021263
0.021629
0.020852
0.032318
4.451814
4.768034
4.878188
4.983415
4.990502
4.981536
4.944066
4.908426
4.771293
4.567259
4.191671
0.006772
0.004712
0.015962
0.014419
0.002835
0.533388
0.521114
2.994160
3.359076
3.579183
3.599141
4.252713
4.647407
5.051963
5.539459
5.800293
5.960582
6.013962
6.026155
6.034294
6.046440
6.020769
6.005407
5.976729
5.934802
5.904518
5.869472
5.841111
5.798671
5.761130
5.730700
5.582103
5.476727
5.379896
5.170315
4.857340
4.591836
4.352022
3.583438
2.557149
2.042346
1.602237
1.391586
1.010909
0.298162
0.253368
0.177657
0.058592
0.052012
0.022905
0.019347
0.013149
0.001792
0.001177
0.000665
0.000086
0.000083
0.000071
0.000027
0.000039
0.000029
0.000045
0.000026
0.000020
0.000040
0.000066
0.000093
0.001841
0.008658
0.008862
0.009356
0.009407
0.010818
0.010623
0.010369
0.009894
0.003420
0.002824
0.002868
0.000058
0.000953
0.018428
0.021943
0.022067
0.031718
0.031723
0.032984
0.033598
0.034078
0.031578
0.032699
0.006867
0.006635
0.001691
0.001839
0.000763
0.000092
0.000104
0.000016
0.000316
0.000346
0.000384
0.000450
0.000046
0.000050
0.000388
0.004758
0.021191
0.023882
0.043220
0.046162
0.050323
0.025320
0.012155
0.002223
0.000130
0.000098
0.000101
0.000197
0.000268
0.122619
0.131856
0.262064
0.336551
0.390574
1.391383
1.594897
2.002914
2.431131
3.026931
3.777741
4.584858
5.347775
6.304613
6.509076
6.521566
6.534186
6.538234
6.538336
6.532095
6.531878
6.529305
6.527262
6.527107
6.522229
6.520354
6.521137
6.521004
6.527407
6.805906
6.815900
6.816518
6.814415
6.811726
6.796498
6.833271
6.733640
6.539014
6.517646
6.467772
0.021602
0.028295
6.482092
6.363426
6.290623
6.096794
0.064378
0.066463
0.009704
0.013659
0.017935
0.019487
6.494462
6.599048
6.575678
6.566651
6.490534
6.323099
0.063180
0.260884
6.598962
6.829149
6.866183
6.851194
6.702295
6.472947
6.287234
0.121237
0.026210
6.115744
6.389935
6.585880
6.635815
6.659602
6.690743
6.717030
0.073560
0.067309
6.602039
0.178378
6.772632
7.031947
7.038353
0.125692
0.131474
0.044366
0.107627
7.441882
7.619733
7.704727
7.738142
7.758114
7.764814
7.808278
7.815127
7.817866
7.820205
7.819177
7.795480
7.795988
7.796212
8.017073
8.036104
8.042371
8.046053
8.047146
8.048192
8.048326
8.047830
8.047609
8.047368
8.045705
8.036702
8.023080
7.780896
7.808163
7.881551
7.944654
8.013016
8.029974
8.035694
8.029847
8.031053
8.036924
8.038366
8.037187
8.039191
8.045962
8.047789
8.048159
8.047872
8.409526
8.423794
8.427360
8.428416
8.428694
8.428069
8.425909
8.410836
0.000856
0.000643
0.000227
0.000191
0.000169
0.000152
0.000151
0.000151
0.000154
0.000173
0.000217
0.000367
0.000507
8.379312
8.393483
8.395553
8.406705
8.472936
8.471393
8.463389
8.412475
8.379475
8.328420
8.310233
8.285829
8.271026
8.254764
8.240690
8.227654
8.221675
8.215712
8.190463
8.137963
8.095461
0.002693
0.001294
0.001053
0.001042
0.000837
0.000306
0.000174
0.000082
0.000130
0.000020
0.000017
0.000020
0.000016
0.000009
0.000014
0.000012
0.000025
0.000039
0.000024
0.000046
0.000061
0.000135
0.000024
0.000028
0.000033
0.000068
0.000901
8.046053
8.054059
8.051247
8.042714
8.049280
8.060690
8.075438
8.078621
8.072410
8.069322
8.055535
8.023631
0.001150
0.000283
0.000151
0.000173
0.000329
0.000200
7.913083
7.842289
7.719726
7.601941
7.439868
7.244668
7.063141
6.855145
6.446373
5.329441
4.538187
3.904641
1.554627
1.023966
0.655509
0.572517
0.494152
0.361245
0.287208
0.117826
0.097191
0.071425
0.020210
0.018992
0.005910
0.005650
0.005291
0.002768
0.002722
0.002420
0.002173
0.001928
0.001275
0.001094
0.000087
0.000074
0.000043
0.000040
0.000014
0.000017
0.000219
0.000159
0.000013
0.000017
0.000017
0.000014
0.000011
0.000058
0.000401
0.000328
0.000288
0.000522
0.000442
0.000134
0.000165
0.000164
0.000187
0.000120
0.000118
0.000310
0.000339
0.007796
0.232394
0.271432
0.280234
0.310216
0.278585
0.227222
0.005523
0.000647
0.000246
0.000360
0.000536
0.157084
0.147442
0.134571
0.122094
0.081918
0.012027
0.010860
0.007219
0.007211
0.008565
0.019960
0.029018
0.029805
0.029585
0.030882
0.032421
0.031965
0.034865
0.035714
0.036627
0.036028
0.034964
0.034129
0.032607
0.031935
0.030370
0.035582
0.029610
0.000139
0.026967
0.115151
0.115617
0.002458
0.221854
0.232015
0.240374
0.230056
0.215184
0.201694
0.183943
0.171020
0.161927
0.153137
0.035295
0.003772
0.003156
0.000630
0.000350
0.000223
0.000090
0.000073
0.000073
0.000053
0.000048
0.000043
0.000043
0.000228
0.000100
0.000173
0.000247
0.000246
0.000171
0.000121
0.000109
0.000228
0.000103
0.000116
0.000066
0.000070
0.000078
0.000084
0.000020
0.000032
0.000037
0.000028
0.000010
0.000011
0.000093
0.000059
0.000686
0.000678
0.000753
0.000956
0.004759
0.006484
0.094209
0.089463
0.083258
0.079331
0.026108
0.021315
0.007436
0.006052
0.008027
0.005496
0.000145
0.000273
0.000169
0.000108
0.000094
0.000088
0.000004
0.000004
0.000004
0.000006
0.000004
0.000005
0.000005
0.000002
0.000002
0.000005
0.000005
0.000003
0.000002
0.000007
0.000006
0.000006
0.000001
0.000003
0.000005
0.000009
0.000005
0.000002
0.000002
0.000002
0.000001
0.000001
0.000002
0.000005
0.000004
0.000002
0.000003
0.000020
0.000012
0.000005
0.000004
0.000008
0.000007
0.000007
0.000011
0.000010
0.000023
0.000023
0.000013
0.000013
0.000008
0.000009
0.000003
0.000010
0.000003
0.000003
0.000006
0.000004
0.000003
0.000226
0.000174
0.000119
0.000103
0.000081
0.000014
0.000005
0.000003
0.000003
0.000002
0.000002
0.000004
0.000008
0.000001
0.000001
0.000004
0.000003
0.000004
0.000032
0.000034
0.000029
0.000049
0.000030
0.000001
0.000001
0.000001
0.000001
0.000004
0.000003
0.000003
0.000002
0.000001
0.000002
0.000003
0.000002
0.000003
0.000005
0.000004
0.000009
0.000003
0.000002
0.000002
0.000001
0.000001
0.000001
0.000001
0.000001
0.000001
0.000001
0.000002
0.000003
0.000003
0.000006
0.000007
0.000002
0.000002
0.000007
0.000006
0.000005
0.000025
0.001618
0.001512
0.000019
0.000014
0.000012
0.000011
0.000005
0.000004
0.000003
0.000003
0.000008
0.000006
0.000003
0.000008
0.000006
0.000021
0.000019
0.000005
0.000016
0.000007
0.000009
0.000003
0.000004
0.000004
0.000005
0.000001
0.000002
0.000001
0.000004
0.000004
0.000047
0.000067
0.000086
0.000101
0.000163
0.000059
0.000002
0.000002
0.000002
0.000005
0.002421
0.002424
0.000012
0.000007
0.000006
0.000001
0.000001
0.000001
0.000001
0.000001
0.000001
0.000253
0.000004
0.000004
0.000002
0.000001
0.000113
0.000030
0.000021
0.000017
0.000005
0.000003
0.000001
0.000001
0.000000
0.000001
0.000001
0.000001
0.000001
0.000003
0.000001
0.000074
0.000007
0.000011
0.000003
0.000002
0.000002
0.000001
0.000002
0.000022
0.000008
0.000002
0.000001
0.000003
0.000004
0.000005
0.000003
0.000002
0.000002
0.000001
0.000001
0.000004
0.000003
0.000002
0.000001
0.000002
0.000002
0.000002
0.000001
0.000001
0.000001
0.000001
0.000001
0.000002
0.000002
0.000001
0.000002
0.000005
0.000003
0.000005
0.000001
0.000000
0.000000
0.000000
0.000000
0.000001
0.000002
0.000024
0.000255
0.000092
0.000060
0.000025
0.000017
0.000012
0.000009
0.000009
0.000022
0.000015
0.000070
0.000064
0.000036
0.000040
0.000036
0.000040
0.000034
0.000003
0.000004
0.000006
0.000004
0.000020
0.000010
0.000006
0.000023
0.000015
0.000013
0.000009
0.000008
0.000011
0.000007
0.000009
0.000009
0.000016
0.000041
0.001245
0.001153
0.001190
0.001293
0.001728
0.003434
0.003478
0.011374
0.013371
0.040637
0.062085
0.069805
0.075861
0.223501
0.233155
0.237167
0.240871
0.246813
0.246414
0.246549
0.252778
0.250007
0.243839
0.234175
0.224901
0.212115
0.202852
0.179547
0.170145
0.160702
0.021803
0.004992
0.003772
0.003782
0.002038
0.001366
0.000026
0.000024
0.000023
0.000057
0.000127
0.000146
0.000580
0.000544
0.000480
0.029749
0.149191
0.151058
0.154532
0.159526
0.158148
0.155860
0.153576
0.149463
0.144587
0.140332
0.135530
0.130691
0.121745
0.106218
0.085425
0.083878
0.062421
0.052923
0.001672
0.000455
0.000104
0.000032
0.000027
0.000142
0.000050
0.000059
0.000059
0.077803
0.074784
0.001854
0.072980
0.076675
0.079821
0.083038
0.083883
0.080994
0.077570
0.070381
0.065857
0.000168
0.000178
0.000084
0.000193
0.000138
0.000139
0.000288
0.000320
0.000449
0.000594
0.027486
0.063336
0.063916
0.094847
0.104421
0.097286
0.007618
0.027001
0.028061
0.036504
0.037852
0.037888
0.035715
0.011585
0.010970
0.013701
0.004278
0.004517
0.004576
0.005192
0.005668
0.006670
0.006557
0.006651
0.006567
0.006501
0.006481
0.006453
0.006278
0.006177
0.006081
0.005958
0.005892
0.005854
0.005876
0.005580
0.005228
0.004918
0.004509
0.000482
0.000595
0.000230
0.000831
0.029707
0.030121
0.030818
0.032144
0.036553
0.036770
0.037737
0.038199
0.038601
0.046149
0.046994
0.048609
0.088374
0.092627
0.093863
0.093586
0.093429
0.000905
0.000675
0.000458
0.000408
0.000416
0.000395
0.000344
0.000032
0.000028
0.000022
0.000048
0.000048
0.001683
0.001950
0.003366
0.003779
0.004405
0.004336
0.004449
0.004720
0.004950
0.006303
0.007238
0.006371
0.006631
0.008530
0.003141
0.003599
0.003863
0.004009
0.004037
0.004060
0.004136
0.004063
0.003921
0.005836
0.000647
0.004228
0.001925
0.015466
0.021484
0.036009
0.039595
0.202463
0.214518
0.230234
0.240452
0.274029
0.278052
0.277378
0.271281
0.264262
0.075457
0.060183
0.012433
0.000757
0.000500
0.000022
0.000040
0.000129
0.000489
0.000544
0.000456
0.003013
0.166658
0.175714
0.178504
0.163129
0.146758
0.146603
0.162658
0.166297
0.171127
0.163148
0.136035
0.134121
0.140105
0.137517
0.139638
0.137967
0.134997
0.133522
0.103589
0.105640
0.099581
0.122200
0.149035
0.174794
0.252922
0.274060
0.294632
0.302841
0.002434
0.448092
0.475947
0.513571
0.565798
0.576931
0.589550
0.582162
0.042255
0.000472
0.000540
0.000217
0.000189
0.000124
0.000066
0.000075
0.000060
0.000092
0.000113
0.000195
0.000141
0.000405
0.075448
0.075775
0.076068
0.000059
0.000042
0.000087
0.000076
0.000082
0.000082
0.000109
0.000548
0.000473
0.000870
0.000038
0.000042
0.000029
0.000044
0.000042
0.000036
0.000048
0.000041
0.000132
0.000115
0.000097
0.000133
0.000211
0.004115
0.104434
0.199154
0.413908
1.117625
1.354080
1.600344
1.904059
2.269172
2.773386
3.624855
6.507630
7.529484
7.970595
8.500062
8.907563
8.978377
9.001897
9.004955
9.006511
9.006328
9.006470
8.972016
0.002604
0.001312
0.000821
0.000267
0.000098
0.000063
0.000014
0.000007
0.000005
0.000004
0.000003
0.000004
0.000004
0.000009
0.000013
0.000036
0.000063
0.000139
0.000242
0.000549
8.836156
8.894328
8.952161
8.936760
8.716308
8.712331
8.708654
8.707540
8.696854
8.655042
8.478512
8.285141
7.631014
3.521146
5.728544
6.334490
6.931243
0.001313
0.000704
0.000368
0.000325
0.000289
0.000086
0.000084
0.000070
0.000117
0.000159
0.000301
0.000617
0.001005
0.001577
7.552902
7.958433
8.147762
8.279146
8.408975
8.503166
8.589652
8.654295
8.667434
8.688204
8.704936
8.714025
8.723120
8.731981
8.731392
8.729080
8.746583
8.734252
8.732507
8.730654
8.721697
8.744453
8.747440
8.747284
8.749499
8.756536
8.734180
8.704430
0.000472
0.000334
0.000222
8.669508
8.640971
7.504773
7.472037
7.426843
7.359285
7.087461
6.819474
6.815216
0.088662
0.088681
0.086192
6.818952
7.452439
7.845257
8.044743
8.061244
0.005209
0.003578
0.002467
0.001939
0.001896
0.005543
0.004445
0.004333
7.977796
7.989774
7.996399
7.987194
7.978729
7.946287
7.912351
0.002289
0.001731
0.001013
0.001073
7.852250
7.814971
7.774738
7.626058
7.620871
7.619212
0.000671
0.000566
0.004692
0.004764
0.006036
0.007610
7.940310
8.027394
7.942857
8.013404
8.018405
8.017855
8.008733
7.718649
7.712940
7.776864
7.767825
7.758082
7.748160
7.705432
7.576297
7.470005
7.356092
0.008086
0.007023
0.006355
0.097121
0.003382
6.691984
6.618499
6.355097
6.154014
5.970499
5.745829
5.636596
0.001226
0.001497
0.001167
0.001009
0.001409
0.002953
0.017729
5.619353
0.088811
5.493477
5.630791
5.594528
5.535462
0.029049
0.024869
5.290331
0.074083
5.160010
5.008838
0.349085
4.510569
4.638976
4.827760
5.030086
5.194798
0.032309
0.000336
0.000472
0.000330
0.000128
0.000054
0.000031
0.000032
0.000043
0.000012
0.000009
0.000011
0.000026
0.000037
0.000052
0.000061
0.000516
0.000644
0.001052
0.001183
0.000326
0.000621
0.001042
0.002762
5.931125
6.203967
6.642267
7.364681
7.489188
7.541385
7.603400
7.693942
7.854428
7.949889
8.025962
8.069056
8.076506
8.057798
0.025064
8.017465
8.036233
8.032132
8.012678
7.996594
7.974606
7.958398
7.941520
0.001322
0.001199
7.884894
7.830746
7.764502
7.691405
7.622374
7.590183
7.571961
7.558010
7.531364
7.439724
7.075613
6.903372
0.097937
6.653887
6.671328
6.666430
6.682233
6.732125
6.765344
6.730275
6.697712
6.646101
6.511808
6.247688
6.027709
5.781544
5.408965
5.157085
4.932371
4.695130
4.407123
4.060421
3.686308
3.348531
2.922047
2.564513
0.231960
1.452517
1.377423
0.008651
0.006010
0.004062
0.003246
0.003050
0.003705
0.002349
0.001167
0.002185
0.001307
0.000233
0.000268
0.000280
0.000456
1.232122
1.208025
1.191041
1.111945
0.389287
0.009250
0.008458
0.007602
0.006469
0.000387
0.000379
0.000594
0.000489
0.000107
0.000229
0.006128
0.951537
0.961115
0.967907
0.942900
0.020682
0.020609
0.395941
0.393687
0.965350
0.993947
0.986073
0.924184
0.879910
0.810100
0.751041
0.674468
0.597681
0.580596
0.418095
0.401266
0.381540
0.350405
0.333627
0.036932
0.020321
0.011953
0.009249
0.003552
0.003737
0.004079
0.004637
0.004165
0.004188
0.002865
0.003011
0.003363
0.003079
0.000075
0.000083
0.000454
0.000984
0.005883
0.014314
0.234415
0.250486
0.281756
0.283555
0.289114
0.295012
0.304039
0.328388
0.348086
0.344186
0.335088
0.312335
0.301481
0.268331
0.072884
0.049324
0.046449
0.044476
0.037881
0.034375
0.000395
0.000035
0.000068
0.000084
0.006920
0.007110
0.007156
0.009900
0.134897
0.135181
0.132814
0.134440
0.134181
0.131340
0.127573
0.123129
0.122600
0.037377
0.007855
0.129131
0.134616
0.135747
0.136489
0.134628
0.131092
0.113079
0.107181
0.084133
0.081183
0.039146
0.000234
0.000217
0.000489
0.000268
0.000201
0.000506
0.003879
0.004134
0.020783
0.021712
0.084162
0.090369
0.097775
0.098851
0.099777
0.010191
0.000526
0.000875
0.000921
0.000881
0.000756
0.000710
0.000735
0.000403
0.000782
0.000694
0.001449
0.059853
0.072012
0.071412
0.070915
0.069320
0.072214
0.060170
0.053603
0.046709
0.042285
0.026043
0.000682
0.000525
0.000650
0.000478
0.000112
0.005391
0.026562
0.029328
0.032493
0.031322
0.031726
0.031165
0.000845
0.000368
0.000560
0.007256
0.007633
0.007694
0.050917
0.068791
0.128778
0.142871
0.159558
0.161718
0.156654
0.138867
0.137450
0.129663
0.015791
0.000388
0.000247
0.000160
0.000251
0.000264
0.002530
0.002616
0.000070
0.000075
0.000831
0.246997
0.260714
0.266175
0.258005
0.031547
0.106491
0.104975
0.102289
0.100161
0.096429
0.093116
0.089463
0.079318
0.065430
0.029723
0.015142
0.011161
0.001249
0.001199
0.000383
0.000228
0.000166
0.003549
0.003582
0.003597
0.003547
0.003363
0.003342
0.003320
0.000126
0.000216
0.000215
0.000224
0.000343
0.000387
0.061925
0.064706
0.061740
0.058451
0.001423
0.000688
0.000822
0.001162
0.000019
0.000025
0.000029
0.000026
0.000033
0.000036
0.000269
0.000331
0.000898
0.041101
0.074694
0.076580
0.079202
0.080673
0.081046
0.082369
0.084083
0.083861
0.082372
0.086341
0.086491
0.086915
0.082691
0.085306
0.085458
0.084243
0.084094
0.081950
0.075312
0.072728
0.073517
0.070825
0.066746
0.010693
0.008339
0.003407
0.003426
0.000111
0.000124
0.000009
0.000010
0.000021
0.000033
0.000006
0.000025
0.000021
0.000010
0.000008
0.000006
0.000074
0.000064
0.000061
0.000030
0.000039
0.000141
0.000122
0.000752
0.001252
0.066417
0.059690
0.035431
0.032261
0.029794
0.028084
0.026614
0.000356
0.000145
0.000016
0.000013
0.000012
0.000017
0.000012
0.000031
0.000050
0.000016
0.000007
0.000014
0.000010
0.000009
0.000003
0.000002
0.000002
0.000003
0.000002
0.000017
0.000006
0.000005
0.000261
0.000269
0.000281
0.000306
0.000330
0.000838
0.004860
0.004633
0.006548
0.006012
0.006034
0.004412
0.003707
0.004552
0.004248
0.002270
0.002475
0.002536
0.000016
0.000199
0.000195
0.000200
0.000214
0.000223
0.000230
0.000206
0.000217
0.000165
0.003157
0.003128
0.002170
0.002249
0.009825
0.012026
0.021685
0.036160
0.036983
0.038674
0.053085
0.164867
0.186783
0.201110
0.215274
0.219257
0.221047
0.218488
0.214621
0.086315
0.086049
0.086698
0.085602
0.015458
0.015423
0.015472
0.005515
0.000133
0.000032
0.000033
0.000016
0.000010
0.000009
0.000016
0.000054
0.000132
0.000157
0.000224
0.000422
0.000546
0.006165
0.006222
0.006201
0.005949
0.002351
0.010425
0.040204
0.051997
0.109359
0.120712
0.128325
0.248943
0.264138
0.271442
0.283994
0.291116
0.299197
0.268840
0.255344
0.237502
0.214878
0.194894
0.179524
0.167995
0.154828
0.008052
0.007977
0.007913
0.007777
0.007776
0.005603
0.005685
0.005522
0.005345
0.005231
0.005111
0.005071
0.005269
0.006012
0.042356
0.092337
0.094497
0.095444
0.090006
0.088742
0.085915
0.060843
0.055391
0.016257
0.007534
0.000050
0.000013
0.000110
0.000139
0.000795
0.017122
0.027582
0.060636
0.063481
0.114937
0.119766
0.130872
0.145645
0.153669
0.138320
0.026065
0.025531
0.000161
0.000054
0.000026
0.000050
0.000045
0.083437
0.085042
0.086801
0.087792
0.084469
0.075140
0.072599
0.061242
0.000028
0.000008
0.005040
0.004902
0.014661
0.062223
0.070171
0.076608
0.095726
0.101503
0.107363
0.109259
0.110910
0.111538
0.108104
0.107463
0.106380
0.104534
0.101125
0.095304
0.074406
0.071457
0.044171
0.038889
0.037936
0.000007
0.037894
0.038278
0.034987
0.033020
0.000011
0.014143
0.001397
0.017183
0.033087
0.036384
0.045332
0.053113
0.056880
0.099867
0.110192
0.120252
0.133434
0.165922
0.158190
0.149157
0.140938
0.138091
0.131357
0.123360
0.117595
0.092054
0.086618
0.005105
0.004454
0.004374
0.004089
0.003921
0.003834
0.003766
0.005955
0.006586
0.004252
0.004845
0.005614
0.011403
0.013250
0.016819
0.017452
0.017115
0.017021
0.017525
0.015822
0.014224
0.000212
0.005850
0.006741
0.009681
0.054488
0.071420
0.097056
0.137785
0.144032
0.147934
0.159321
0.167395
0.162569
0.158433
0.144316
0.137746
0.023959
0.048918
0.049332
0.000873
0.000749
0.000419
0.000247
0.000018
0.000024
0.000007
0.000006
0.000004
0.000002
0.000003
0.000005
0.000010
0.000016
0.000001
0.000002
0.000003
0.000008
0.000009
0.000031
0.000006
0.000007
0.000010
0.000013
0.000019
0.000011
0.000006
0.000003
0.000002
0.000015
0.000016
0.000009
0.001820
0.020429
0.061610
0.062468
0.053428
0.055152
0.060056
0.063265
0.064617
0.068375
0.070017
0.069701
0.066901
0.063311
0.062686
0.054983
0.045053
0.041611
0.016013
0.003735
0.004976
0.005361
0.005740
0.006442
0.006765
0.000286
0.000110
0.000112
0.000445
0.000034
0.006321
0.006405
0.006539
0.006679
0.000032
0.000392
0.001189
0.036774
0.043737
0.063497
0.074593
0.078670
0.096225
0.096819
0.096726
0.075280
0.075270
0.074900
0.063988
0.020516
0.020449
0.021335
0.019208
0.019265
0.019186
0.019148
0.000692
0.000546
0.000063
0.000115
0.000148
0.014637
0.013247
0.012352
0.008704
0.013235
0.038757
0.091709
0.112525
0.143821
0.190801
0.211590
0.195927
0.184158
0.169714
0.152567
0.118800
0.092880
0.066184
0.060447
0.042738
0.028226
0.000688
0.000258
0.001551
0.001493
0.003295
0.004772
0.010826
0.011374
0.041295
0.043723
0.046288
0.052463
0.053975
0.075300
0.074703
0.001720
0.015182
0.019504
0.015858
0.015647
0.000070
0.000014
0.000020
0.000009
0.000011
0.000309
0.000130
0.000109
0.000326
0.012996
0.143982
0.158176
0.166584
0.176240
0.178736
0.201412
0.206270
0.220120
0.221811
0.218946
0.215505
0.207318
0.193276
0.186974
0.174940
0.060781
0.058416
0.008553
0.146959
0.147404
0.144602
0.143829
0.140833
0.134583
0.129019
0.006093
0.004970
0.004206
0.003902
0.003728
0.002277
0.001179
0.003411
0.003430
0.003410
0.003520
0.003784
0.002737
0.000002
0.000001
0.000027
0.000018
0.000002
0.000001
0.000001
0.000001
0.000001
0.000021
0.000011
0.000002
0.000004
0.000003
0.000003
0.000002
0.000011
0.000008
0.000012
0.000006
0.000006
0.000008
0.000011
0.000030
0.000030
0.000036
0.000050
0.000030
0.004417
0.005333
0.006352
0.006509
0.006147
0.006077
0.006043
0.006006
0.005957
0.005637
0.001770
0.000699
0.000025
0.000001
0.000001
0.000002
0.000001
0.000000
0.000854
0.001546
0.002440
0.053977
0.054254
0.059545
0.070707
0.071501
0.006048
0.002341
0.002407
0.000027
0.000002
0.000002
0.000002
0.000002
0.000002
0.000010
0.000006
0.000004
0.000010
0.000002
0.000001
0.000001
0.000002
0.000001
0.000002
0.000003
0.000005
0.000002
0.000002
0.000010
0.000019
0.002438
0.002778
0.016939
0.027439
0.103713
0.104757
0.104166
0.103710
0.098378
0.035582
0.033548
0.027228
0.016582
0.010973
0.005358
0.003683
0.000023
0.000001
0.000001
0.000001
0.000001
0.000001
0.000000
0.000000
0.000001
0.000001
0.000001
0.000000
0.000000
0.000086
0.000037
0.000002
0.000000
0.000001
0.000001
0.000001
0.000000
0.000002
0.000013
0.000010
0.000134
0.000137
0.000167
0.000005
0.000002
0.000001
0.000000
0.000002
0.000000
0.000001
0.000001
0.000000
0.000002
0.000001
0.000000
0.000000
0.000000
0.000000
0.000000
0.000000
0.000001
0.000000
0.000000
0.000023
0.000026
0.000028
0.000027
0.000027
0.000018
0.000000
0.000000
0.000000
0.000000
0.000000
0.000066
0.000009
0.000023
0.000000
0.000428
0.000429
0.000442
0.000467
0.000472
0.000468
0.000479
0.000476
0.000645
0.000046
0.000000
0.000000
0.000000
0.000000
0.000000
0.000000
0.000021
0.000031
0.001181
0.001054
0.001320
0.001495
0.087633
0.085420
0.083374
0.076935
0.070961
0.018520
0.017262
0.015843
0.012169
0.011901
0.006852
0.000063
0.000010
0.004319
0.004324
0.004510
0.005803
0.006595
0.018466
0.025983
0.028866
0.031952
0.029457
0.031038
0.036169
0.036362
0.028152
0.021391
0.021682
0.020975
0.021023
0.027282
0.027722
0.023193
0.005188
0.003765
0.000000
0.000000
0.000000
0.000000
0.000000
0.005577
0.005587
0.006363
0.006544
0.006689
