0.051348
0.002296
0.000134
0.000106
0.000098
0.000104
0.000090
0.000282
0.006362
0.005726
0.006142
0.000319
0.000422
0.000737
0.018864
0.019961
6.229844
7.340200
8.179983
8.506972
8.785899
9.129117
9.264594
9.373338
9.486615
9.533890
9.555991
9.566013
9.565997
9.566096
9.566237
9.566674
9.570675
9.750701
9.743951
9.731682
9.602953
9.490462
8.965411
8.596716
8.328695
8.158407
7.661347
6.915746
6.219400
5.373092
1.015891
0.404223
0.663020
7.483510
8.061516
8.855798
9.222715
9.411944
9.475361
9.553069
9.598082
9.639605
9.653035
9.674956
9.669104
9.651025
9.639270
9.564874
9.545057
9.524537
9.443039
9.208378
8.627990
7.845959
7.710373
8.741446
8.842723
9.026666
9.082536
9.081483
8.818136
8.645485
8.374651
8.080922
7.458912
6.959222
6.572843
0.018618
0.009085
0.182251
0.291158
1.102457
6.652964
7.153188
7.783507
8.843083
9.308697
9.403477
9.403185
9.388969
9.357626
9.353713
9.353992
9.359381
9.367523
9.369537
9.371650
9.517983
9.804735
9.880984
9.990126
9.997594
9.999507
9.998865
9.998382
9.997170
9.985689
9.748804
9.327123
0.092446
8.134417
6.649886
7.748928
8.362436
9.006600
9.747750
9.908024
9.997726
9.992578
9.986843
9.975065
9.968962
9.954994
9.916191
9.181033
9.169319
9.170588
9.166089
9.113571
9.078733
9.021154
8.910478
8.595574
8.313353
7.245438
7.292407
7.501684
0.444217
0.465938
8.381650
8.776868
8.888952
8.986542
9.030848
9.076605
9.111081
9.144370
9.147013
9.145954
9.146013
9.148686
9.188433
9.129236
8.884626
8.719507
8.755840
8.793208
8.798897
9.104863
9.114628
9.108187
9.108593
9.112503
9.100610
9.067198
9.027180
8.929259
8.923926
8.922257
8.924480
8.931500
8.939450
8.944890
9.133956
9.180427
9.187666
0.006783
0.004075
0.003399
0.002096
0.000575
0.000823
0.000836
0.001697
0.002270
9.075382
9.123083
9.100792
9.055481
9.033484
8.998225
8.771993
8.496299
8.487079
8.510478
8.515770
8.658397
8.654939
8.646754
8.644310
8.629132
8.608876
8.526673
8.441370
7.648584
6.450139
0.078654
0.040132
0.027035
0.443588
0.366284
5.467983
5.667770
0.076399
6.033999
6.618518
6.869157
0.609177
8.156123
8.500262
8.564459
8.626332
8.634209
8.618871
8.521683
8.417497
8.215008
7.254877
0.683896
0.061869
0.156059
5.866467
6.297014
0.057366
6.320179
6.508823
0.173309
0.178453
7.104677
7.235271
7.330371
7.284666
7.218988
7.117609
6.891969
6.745299
6.285014
0.016591
0.011116
0.009069
0.007657
0.006063
0.003608
0.001325
0.000742
0.003659
0.003359
0.003358
0.003387
0.003443
0.003760
0.003974
0.005126
5.841664
5.744961
5.678611
5.167027
5.925001
6.090102
6.276681
6.485820
6.588898
6.624863
6.606012
6.569345
6.480931
6.241445
6.011163
5.848895
5.675375
5.564646
0.003191
0.002042
0.001261
0.000864
0.000783
0.000353
0.000106
0.000041
0.000039
0.000059
0.000051
0.000020
0.000071
0.000066
0.000262
0.000403
0.000282
0.000199
0.000219
0.002410
4.761031
4.450502
4.164970
3.693611
3.321613
2.783200
1.002078
0.007082
0.013596
0.067343
0.066751
0.068322
0.072135
0.075150
0.052672
0.056648
0.053790
0.054338
0.107372
0.498845
1.547122
1.757259
2.857174
3.360564
4.158247
4.804821
5.350310
5.856918
6.211079
6.697697
7.003245
7.137801
7.137664
7.124767
7.111756
7.118051
7.121286
7.134731
7.141581
7.147671
7.154710
7.157887
7.157932
7.234468
7.253849
7.271199
7.295416
7.307560
7.314258
7.312280
0.001717
0.001710
0.000520
0.000346
7.313310
7.201898
7.194191
7.061619
7.053411
7.018562
6.808841
0.008070
0.004777
0.003321
0.002402
0.002179
0.001766
0.001097
0.000217
0.000035
0.000012
0.000021
0.000017
0.000004
0.000005
0.000003
0.000003
0.000004
0.000004
0.000009
0.000002
0.000002
0.000004
0.000018
0.000025
0.002712
0.003617
6.203871
5.920185
5.364310
4.637857
3.687726
2.528392
0.731984
0.349744
0.235312
0.126296
0.077803
0.000001
0.000255
0.000327
0.000346
0.000346
0.000296
0.000267
0.000246
0.000247
0.000004
0.000004
0.000006
0.000002
0.000001
0.000001
0.000001
0.000001
0.000000
0.000002
0.000001
0.000001
0.000003
0.000003
0.000010
0.000012
0.000012
0.000930
0.001170
0.001274
0.001417
0.001444
0.001485
0.001562
0.001663
0.001784
0.002158
0.002296
0.009015
