0.035715
0.000456
0.000217
0.000197
0.000189
0.000122
0.000104
0.040069
0.440789
0.415805
0.384809
0.019840
0.042685
0.042721
0.041499
0.041192
0.000245
0.000326
0.106139
0.106977
0.105854
0.204804
0.205682
0.086888
0.148432
0.147252
0.117419
0.000081
0.000060
0.000016
0.000006
0.000004
0.000006
0.000003
0.000011
0.000011
0.000078
0.000076
0.000019
0.000019
0.000017
0.000010
0.000010
0.000007
0.000012
0.000011
0.000013
0.000006
0.000024
0.000042
0.000206
0.003259
0.003230
0.000460
0.001831
0.001847
0.001896
0.001284
0.001377
0.001224
0.001456
0.001472
0.001535
0.210228
0.224757
0.211932
0.213499
0.217267
0.215414
0.219081
1.285938
1.300567
1.308329
1.337714
1.352028
1.338129
1.336367
1.023725
0.728210
0.048234
0.000091
0.000042
0.000044
0.000051
0.000046
0.000026
0.000025
0.000024
0.000023
0.000003
0.000013
0.000005
0.000007
0.000028
0.000026
0.000019
0.000030
0.000035
0.000047
0.000051
0.000125
0.000022
0.000015
0.000010
0.000013
0.000011
0.000051
0.000044
0.000019
0.000044
0.001009
0.001135
0.000070
0.000091
0.000035
0.000059
0.000045
0.000052
0.000049
0.000019
0.000037
0.000041
0.000118
0.000110
0.000194
0.000094
0.000088
0.000082
0.000084
0.000052
0.000018
0.000029
0.000036
0.000045
0.000125
0.000103
0.000042
0.000051
0.000089
0.000158
0.000347
0.000440
0.000465
0.000185
0.000340
0.000667
0.001005
0.004992
0.004976
0.010019
1.388726
1.498266
1.606687
1.732425
1.673967
1.637976
0.005375
0.001918
0.001615
0.000919
0.000766
0.000600
0.000559
0.000855
0.036772
0.038212
0.063212
0.791579
0.844646
1.912162
2.716616
2.947997
0.022052
0.011648
0.011679
0.012511
0.009706
0.004451
0.006819
0.032980
3.135120
3.205769
3.179656
2.999767
2.857016
2.677842
2.524663
2.363806
1.772854
0.089075
0.408229
1.658354
2.207999
2.856926
3.274061
3.742638
4.285454
4.560701
4.687545
5.100240
5.137382
0.302659
0.108790
4.664355
4.711539
4.773684
4.610413
4.261763
3.889211
1.340471
1.181388
0.000130
0.000054
0.000025
0.000009
0.000006
0.000006
0.000002
0.000002
0.000003
0.000005
0.000005
0.000005
0.000008
0.448490
0.355387
0.217086
0.050003
0.048473
0.047538
0.003613
0.003191
0.002808
0.002741
0.002611
0.002540
0.002260
0.002367
0.002648
0.007039
0.007859
0.005572
0.000038
0.000011
0.000047
0.000052
0.000054
0.000128
0.000374
0.000045
0.000038
0.000034
0.000029
0.000060
0.000049
0.000066
0.000071
0.000039
0.000048
0.000085
0.000180
0.000274
0.000480
0.083227
0.437478
0.616465
0.946950
2.755421
3.210921
3.569482
4.093915
4.523885
4.484185
4.754612
0.168391
6.227505
7.029765
7.944552
8.589745
8.914650
9.359800
9.734356
9.852015
9.870394
9.897033
9.909932
9.916676
9.920253
9.924890
9.925964
9.926134
9.926751
9.928129
9.928698
9.928533
9.927457
9.921950
0.000835
0.000099
0.000055
0.000034
0.000019
0.000011
0.000002
0.000001
0.000001
0.000000
0.000000
0.000000
0.000000
0.000000
0.000000
0.000000
0.000000
0.000000
0.000000
0.000000
0.000000
0.000000
0.000000
0.000000
0.000001
0.000001
0.000001
0.000001
0.000001
0.000000
0.000000
0.000000
0.000000
0.000000
0.000001
0.000000
0.000000
0.000000
0.000000
0.000000
0.000001
0.000001
0.000002
0.000004
0.000027
0.000035
0.000092
0.000141
9.427785
9.456635
9.481301
9.504663
9.524803
9.545298
9.565764
9.586608
9.606947
9.627157
9.647582
9.668144
9.688598
9.708990
9.729537
9.750307
9.770408
9.790840
9.811445
9.832088
9.852251
9.872819
9.893742
9.910072
9.103494
9.106796
9.107242
9.107281
9.107291
9.107296
9.107268
9.106832
9.106814
9.107205
9.106959
9.104631
9.092466
9.045097
0.000146
0.000056
0.000029
0.000022
0.000016
0.000002
0.000001
0.000000
0.000000
0.000000
0.000000
0.000000
0.000000
0.000000
0.000000
0.000000
0.000000
0.000000
0.000000
0.000000
0.000000
0.000000
0.000000
0.000000
0.000000
0.000000
0.000000
0.000000
0.000000
0.000000
0.000000
0.000000
0.000000
0.000000
0.000000
0.000000
0.000000
0.000000
0.000000
0.000000
0.000000
0.000000
0.000000
0.000000
0.000000
0.000000
0.000000
0.000000
0.000000
0.000000
0.000000
0.000000
0.000000
0.000000
0.000003
0.000003
0.000001
0.000002
0.000004
0.000007
0.000073
0.000119
0.000345
0.000396
0.000569
7.404536
7.424389
7.443417
7.462762
7.480210
7.498484
7.518128
7.538338
7.558416
7.577857
7.596639
7.615495
7.634502
7.653521
7.672337
7.691240
7.710021
7.729028
7.747660
7.766566
7.785487
7.804364
7.823770
7.842894
7.861632
7.880723
8.731916
8.823503
8.838904
7.697580
7.716495
7.735297
7.753619
7.772560
7.792065
7.811148
7.829975
7.848732
7.852688
7.852743
7.852705
7.852356
7.852189
7.852385
7.852644
7.852644
7.852765
7.852762
7.852751
7.852726
7.852528
7.852242
7.852335
7.852756
7.852804
7.852819
7.852802
7.852749
7.852307
7.852311
7.852766
7.852778
7.852785
7.852755
7.852627
7.850967
7.844618
7.743908
0.339594
0.189111
0.186582
0.237114
5.901533
6.138491
6.184205
6.198697
6.170772
6.182856
5.963017
5.643163
5.646887
5.649558
5.640361
5.627730
5.626341
5.610901
5.598743
5.597061
5.593989
5.585495
5.557813
5.445959
0.222466
5.162356
0.169365
4.807444
5.068893
5.348639
5.461063
5.514628
5.564903
5.661421
5.511167
5.510685
5.486385
0.000124
0.000091
0.000086
0.000082
0.000004
0.000003
0.000003
0.000017
0.000052
0.000017
0.000012
0.000018
0.000311
0.000040
0.000040
0.000050
0.000084
0.000003
0.000003
0.000012
0.000004
0.000052
0.000056
0.000017
0.000009
0.000009
0.000002
0.000004
0.000008
0.000014
0.000027
0.000033
0.000179
0.014896
0.014538
0.000000
