0.007443
0.004943
0.004841
0.004921
0.004773
0.004569
0.004374
0.000131
0.000075
0.000056
0.000001
0.000000
0.000001
0.000000
0.000000
0.000000
0.000000
0.000000
0.000001
0.000001
0.000001
0.000000
0.000001
0.000000
0.000001
0.000002
0.000000
0.000000
0.000000
0.000000
0.000000
0.000001
0.000001
0.000006
0.000014
0.000016
0.000017
0.000013
0.000002
0.000005
0.000006
0.000006
0.000009
0.000004
0.000006
0.000010
0.000082
0.000948
0.007221
0.008141
0.009112
0.010010
1.501681
0.648572
0.030464
0.002534
0.010461
0.011311
0.151653
0.152526
0.144103
0.098041
0.094769
0.063219
0.060552
0.004821
0.016032
0.030677
0.088014
0.097626
0.114008
0.234291
0.264125
0.336196
0.402803
1.036606
1.185036
2.157549
2.484924
2.797875
3.331991
3.816274
4.165815
4.253830
4.296695
4.321860
4.332642
4.331806
4.278541
4.272774
4.269621
4.264908
4.262534
4.272094
4.286294
4.289528
4.289826
4.292125
4.301631
4.298150
4.285468
4.242301
4.152801
4.023024
3.789732
3.661820
3.554698
3.215056
2.693488
0.083601
0.068735
0.125149
1.958109
1.822352
2.895510
3.505482
3.851629
3.976186
4.097112
4.124160
4.123482
4.130284
4.147851
4.175985
4.173532
4.148667
4.139113
4.127940
4.084881
4.032510
3.989026
3.857577
3.763971
3.662697
3.542608
3.440244
3.354515
3.277116
3.221772
3.150420
3.004412
2.937742
2.795933
2.613294
0.047583
0.040268
0.031405
0.000213
0.000050
0.000062
0.027238
2.322884
2.286490
2.269740
2.245680
2.189388
0.090116
2.151716
2.271178
2.334843
2.444564
2.630188
2.744692
2.796999
2.826816
2.758554
2.718087
2.663516
2.589396
2.546829
2.487853
2.466420
2.457715
2.450591
2.460706
2.462467
2.422743
2.349792
2.257006
2.163355
2.093300
1.986368
1.915443
1.838679
0.063237
0.017461
0.009146
0.008686
1.487764
1.502106
1.524176
1.506871
1.420203
1.369290
1.216629
1.150391
0.321068
0.767090
1.321539
0.009005
0.023080
2.205563
2.482409
2.672974
2.876688
3.142511
3.604111
3.845536
3.975223
4.162683
4.332303
4.431340
4.526389
4.507404
4.408418
4.321878
4.236230
4.095351
3.985759
0.159790
4.122912
4.254134
4.353398
4.436379
4.537950
4.490237
4.415378
4.204833
4.018796
3.889174
3.701632
0.029234
2.641543
3.127302
3.268585
3.415329
3.241818
3.611754
3.798280
3.956769
4.007210
4.047422
4.062752
4.075404
4.087150
4.006817
3.973985
3.926735
3.919641
3.908060
3.952226
3.970265
4.005052
4.067179
4.130131
4.076672
4.116363
4.075498
4.063975
4.024726
3.919151
3.911461
3.810422
3.682946
0.167092
1.425710
2.790374
3.048258
3.368149
3.590732
3.803833
4.076414
4.299355
4.568076
4.799773
5.028738
5.230633
5.372099
5.408273
5.463203
5.485839
5.505686
5.528199
5.544987
5.679264
5.401411
5.414300
5.410893
5.390815
5.332467
5.289285
5.251287
5.228682
5.221111
5.231452
5.248951
5.206764
5.173584
5.143021
5.098222
4.842971
4.426916
4.067326
3.739768
3.411866
0.173144
0.045241
0.227481
3.090929
3.262414
0.013532
0.014825
0.018372
0.057098
3.930185
4.123210
4.294238
4.469525
4.581307
4.705802
4.673259
4.580859
4.502986
4.312735
4.094144
3.921089
3.776061
3.580777
3.436495
3.316710
3.159789
3.045749
2.923106
2.801404
2.691578
0.000015
2.495881
2.415117
0.170066
2.045833
0.031210
0.000374
0.000355
0.000150
0.000123
0.000156
0.000156
0.000276
0.000297
0.000499
0.000695
0.003026
0.037076
2.374795
2.484527
2.586856
2.856136
3.058394
3.261044
3.490622
3.714267
4.072690
4.250020
4.445514
4.561125
4.657727
4.715821
4.831129
4.997832
5.092424
5.135279
5.160543
5.196721
5.179264
5.229715
5.274498
5.311189
5.315523
5.311069
5.306560
5.308731
5.316326
5.319600
5.324706
5.323940
5.325016
5.331155
5.319871
5.313136
5.436461
5.395358
5.354500
5.345850
5.302648
5.253104
0.085044
5.279560
5.386406
5.430039
5.413802
0.005268
0.006260
0.005724
5.383075
5.307816
5.373360
5.319423
5.274788
5.170175
5.043085
0.000015
0.000014
0.000013
0.000012
0.000013
0.000013
4.855913
4.738447
4.587897
4.451344
4.333105
4.204304
4.081900
3.983976
3.880381
3.697335
3.561519
3.448157
3.336132
3.217609
3.155249
3.090108
3.011941
2.898908
2.677295
0.347708
0.252131
0.161903
0.096074
0.012126
0.011583
0.009222
0.052714
0.140371
0.208620
2.646748
2.790807
2.890522
3.041900
3.193678
3.231254
3.490091
3.598352
3.780404
3.960340
4.046056
4.136885
4.270408
4.423953
4.476146
4.498474
4.508177
4.492593
4.409084
4.330732
4.040075
3.622617
3.294966
2.954008
2.658202
2.377714
2.089315
1.922418
1.764759
1.619976
0.155061
0.141850
0.049833
0.018008
0.002000
0.000937
0.000595
0.007060
0.030561
0.117866
1.079431
1.090766
1.091361
1.055704
0.993241
0.935885
0.889153
0.812628
0.020447
0.010525
0.010315
0.008016
0.011868
0.018698
0.036238
0.051644
0.614700
0.629458
0.533880
0.479300
0.430462
0.253782
0.231448
0.008324
0.160027
0.177595
0.181154
0.166310
0.062986
0.039570
0.049564
0.048263
0.043660
0.019850
0.023688
0.022682
0.023232
0.039947
0.039842
0.040510
0.041183
0.042348
0.042397
0.042931
0.012257
0.001960
0.000926
0.003194
0.037418
0.323763
0.486701
0.565296
0.687834
0.852683
0.954363
1.057815
1.172374
1.250205
1.352453
1.448876
1.530381
1.570422
1.568657
0.000219
0.000205
0.000100
0.000082
0.002500
0.002291
0.030648
1.522765
1.544405
1.584899
1.586513
1.596397
1.596355
1.580459
1.572982
1.558518
1.509328
1.483781
0.008690
0.009033
0.009090
0.042596
1.462775
1.455906
1.424678
1.393985
1.249301
1.211137
1.174785
1.127796
0.280205
0.000230
0.000164
0.000189
0.000135
0.000077
0.000089
0.000099
0.000123
0.000382
0.000688
0.023473
0.023169
0.026384
0.061421
0.080778
1.335420
1.392514
1.435988
0.074864
0.074802
0.052011
0.004598
0.007410
1.859319
1.998153
2.126204
2.271999
2.403338
2.535711
2.695008
2.867433
3.020103
3.079289
3.129322
3.177701
3.218232
3.271921
3.314308
3.379422
3.437009
3.491423
3.567742
3.606913
3.676427
3.822062
4.041311
4.186129
4.349355
4.603476
4.769816
4.757798
4.739144
4.674355
4.400999
2.983450
4.911340
5.481040
5.691264
5.784787
5.993500
6.075678
6.041852
5.884480
5.622414
0.008149
0.006118
0.005493
0.000673
0.000490
0.000404
0.000375
0.000866
0.004762
4.139201
3.858686
3.459194
3.187700
2.909223
2.724036
1.976486
1.812989
2.002408
2.052205
2.192084
2.373156
2.427462
2.501911
2.594390
2.652648
2.815680
2.931797
3.066160
3.252635
0.017625
3.459232
3.493857
3.553322
3.489187
3.789589
3.745857
3.700950
0.007754
0.003692
0.002258
2.553852
4.011627
4.277046
4.623738
4.841635
5.066632
5.040604
5.014992
4.982252
4.945928
4.908874
4.875938
4.763589
4.579254
4.305931
4.029090
3.803828
3.479350
0.250987
2.543682
2.450230
0.143440
1.336826
0.023562
0.007287
0.007228
0.007007
0.007310
0.007343
0.018723
0.019600
0.033627
0.081987
2.935960
3.236698
3.511023
3.853254
4.131698
4.513898
4.744754
4.985946
5.295656
5.489505
5.586698
5.728431
5.918051
6.119320
6.243087
6.290233
6.312135
6.313575
6.349747
6.371379
6.355206
6.304234
6.249479
6.187018
6.152885
6.114653
6.074474
6.233736
6.203175
6.080067
5.944769
5.816403
5.626674
5.359205
0.001305
0.001812
0.001965
0.001527
0.001841
5.201385
5.015498
4.742654
4.487913
4.244530
0.018780
0.024765
0.028835
3.880123
3.775282
3.675275
3.552676
3.317517
0.375144
0.019181
0.020712
0.220780
4.414855
4.763075
4.812004
0.011140
0.016526
0.096676
5.323885
5.601836
5.812664
5.968018
6.087959
6.255453
6.384348
6.467809
6.530186
6.579724
6.621400
6.663271
6.649746
6.622833
6.618219
6.630870
6.645432
6.617955
6.579367
6.588417
6.605236
6.629768
6.659158
6.687535
6.692148
6.654601
6.656949
6.604388
6.555156
6.519954
6.501291
6.488448
6.500406
6.508667
6.509117
6.533981
6.544240
6.580051
6.650225
6.689216
6.672268
6.637471
6.483880
6.384237
6.286797
0.000002
0.000001
0.000001
0.000000
0.000000
0.000000
0.000000
0.000000
0.000000
0.000000
0.000000
0.000000
0.000000
0.000000
0.000000
0.000000
0.000000
0.000000
0.000000
0.000000
0.000000
0.000000
0.000000
0.000000
0.000000
0.000000
0.000000
0.000000
0.000000
0.000000
0.000000
0.000000
0.000000
0.000000
0.000000
0.000000
0.000000
0.000000
0.000000
0.000000
0.000000
0.000000
6.229260
6.181770
6.181571
6.224866
6.240349
6.280384
6.329625
0.053734
0.057387
6.673919
6.817754
6.947541
7.034941
7.143244
7.366195
7.358421
7.334324
7.326302
7.312251
7.301690
7.298609
7.299991
7.315922
7.336386
7.350260
7.371999
7.400471
7.420483
7.430867
7.444310
7.448295
7.449961
7.451422
7.450758
7.450820
7.451237
7.452349
7.458425
7.752406
7.753368
7.752133
7.753452
7.760026
7.765393
7.774941
7.775382
7.773730
7.766358
7.763957
7.762607
7.755142
7.626693
6.970040
6.327390
5.193050
0.122811
0.093086
4.259239
4.328925
4.477799
0.070651
5.267861
5.664112
5.982832
6.352382
6.789672
7.252852
7.408942
7.541440
7.651034
7.660743
7.622333
7.574434
7.490131
7.416960
7.366096
7.286450
7.214703
7.111901
6.798003
6.743658
6.707918
6.545947
6.389309
6.164644
6.001304
5.919553
5.741063
5.919528
5.896403
5.848244
5.366309
5.539661
5.786580
6.010423
6.212442
6.398421
6.536011
6.636886
7.074518
7.190339
7.237623
7.311035
7.315654
7.317346
7.315615
7.309309
7.304706
7.301118
7.297990
7.301942
7.305162
7.310804
7.619052
7.629916
7.627844
7.627691
7.617400
7.604603
7.601193
7.600222
7.607813
7.619453
7.637179
7.666984
7.686813
7.692522
7.692424
7.692131
7.687436
7.660998
7.638752
0.000006
0.000005
0.000002
0.000008
0.000008
0.000003
0.000001
0.000002
0.000002
0.000004
0.000008
0.000007
0.000029
0.000021
0.000020
0.000037
0.123317
7.498276
7.635046
7.691546
7.692930
7.689207
7.682802
7.681206
7.671380
7.649020
7.630812
7.614516
7.573875
7.531522
7.476995
7.417131
7.248003
6.897042
6.677349
0.011794
0.004299
0.000830
0.000380
0.000198
0.000084
0.000093
0.000078
0.000146
0.000070
0.000036
0.000017
0.000013
0.000017
0.000019
0.000022
0.000029
0.000111
0.000058
0.000011
0.000011
0.000019
0.000005
0.000005
0.000017
0.000031
0.000023
0.000026
0.000125
0.000022
0.000010
0.000011
0.000014
0.000017
0.000031
0.000012
0.000010
0.000012
0.000016
0.000011
0.000008
0.000008
0.000004
0.000005
0.000009
0.000008
0.000013
0.000020
0.000022
0.000008
0.000015
0.000059
6.147820
5.355950
4.781008
0.002894
0.001825
0.001627
0.001157
0.000390
0.000384
0.000255
0.030780
4.096205
3.662051
3.277696
0.008875
0.007801
0.000019
0.000013
0.000008
0.000009
0.000052
0.000027
0.000021
0.000009
0.000009
0.000014
0.000016
0.000048
0.000047
0.000013
0.000026
0.000026
0.000032
0.000366
0.000365
0.000828
0.000023
0.000017
0.000020
0.000019
0.000023
0.000011
0.000025
0.000052
0.000025
0.000031
0.000068
0.000094
0.016805
0.037241
0.967908
1.891785
2.636958
3.765137
4.337206
5.177346
5.784657
0.044388
5.859546
6.003200
6.106557
6.264669
6.456330
6.599826
6.729963
6.796539
6.873736
6.849122
6.838216
6.844227
6.862007
6.892472
6.949334
6.978473
7.028398
7.058369
7.065704
7.068312
7.064155
7.062768
7.062008
7.063114
7.066361
7.196522
7.202547
7.202376
7.202074
7.200173
7.187093
0.000002
0.000001
0.000001
0.000000
0.000000
0.000000
0.000000
0.000000
0.000000
0.000000
0.000000
0.000000
0.000000
0.000000
0.000000
0.000000
0.000000
0.000000
0.000000
0.000000
0.000000
0.000001
7.169772
7.101818
7.057486
7.021745
6.953428
6.900029
6.863577
6.819666
6.797349
6.782511
6.786160
6.722520
6.684147
6.663950
6.634226
6.580567
6.522531
6.262129
5.990904
5.444765
5.000489
4.487437
3.787177
3.176133
2.733461
2.367564
1.973032
1.696321
1.537140
1.255109
1.097824
0.979099
0.889026
0.809344
0.674255
0.603222
0.553787
0.500627
0.447274
0.392414
0.356184
0.323126
0.295024
0.002804
0.045211
0.047701
0.089425
0.089577
0.087819
0.090147
0.097957
0.097264
0.098491
0.097383
0.096705
0.091267
0.088359
0.059349
0.060594
0.032447
0.031588
0.001171
0.129788
0.121813
0.072991
0.020192
0.018993
0.014430
0.007536
0.007709
0.007793
0.008253
0.008337
0.017673
0.027332
0.051634
0.090162
0.094312
0.099856
0.103086
0.113284
0.159282
0.161217
0.206127
0.204916
0.207575
0.206684
0.002731
0.001323
0.000010
0.000014
0.000007
0.000150
0.000063
0.000022
0.000026
0.000078
0.000117
0.000089
0.000056
0.141057
0.142203
0.137051
0.113229
0.110771
0.118577
0.111822
0.108752
0.108501
0.140493
0.148894
0.141043
0.140552
0.094100
0.184700
0.195773
0.199585
0.206496
0.210718
0.213722
0.204107
0.217300
0.188461
0.183147
0.058520
0.042877
0.015374
0.004715
0.000012
0.000014
0.000011
0.000023
0.000068
0.000048
0.000050
0.000085
0.000023
0.000017
0.000021
0.000026
0.000034
0.000044
0.000022
0.000009
0.000186
0.000018
0.000032
0.000036
0.000030
0.000013
0.000017
0.000015
0.000015
0.000015
0.000012
0.000013
0.000019
0.000024
0.000024
0.000017
0.000017
0.000018
0.000033
0.000049
0.005133
0.005186
0.005162
0.013116
0.013316
0.013241
0.015030
0.014514
0.006903
0.007075
0.007543
0.008295
0.009883
0.009713
0.008250
0.000036
0.000020
0.000021
0.000022
0.000013
0.000014
0.003157
0.013112
0.042927
0.000036
0.258983
0.275555
0.333934
0.352943
0.374967
0.394931
0.413252
0.138258
0.145342
0.144379
0.132972
0.034466
0.000909
0.000067
0.000020
0.000015
0.000004
0.000009
0.000008
0.000008
0.000009
0.000006
0.000004
0.000004
0.000004
0.000005
0.000002
0.000004
0.000031
0.000015
0.000013
0.000010
0.000013
0.000010
0.000009
0.000005
0.000005
0.000027
0.000037
0.000093
0.000052
0.000044
0.000022
0.000007
0.000006
0.000012
0.000026
0.000009
0.000002
0.000003
0.000004
0.000009
0.000006
0.000022
0.000051
0.000076
0.000084
0.000075
0.000064
0.000178
0.000193
0.062381
0.071844
0.551792
0.582139
0.577822
0.004639
0.028520
0.000129
0.000114
0.000106
0.000099
0.026172
0.026166
0.026962
0.030545
0.174198
0.705964
0.734543
0.041576
0.024938
0.005664
0.003843
0.004661
0.000015
0.000016
0.000034
0.000048
0.001226
0.000751
0.000016
0.000009
0.000010
0.000243
0.000282
0.000287
0.638177
0.683891
0.727031
0.755810
0.768576
0.734671
0.670080
0.614335
0.548930
0.488782
0.004741
0.000038
0.000020
0.000016
0.000015
0.000018
0.000008
0.000205
0.000056
0.000059
0.000086
0.000018
0.000019
0.000130
0.002429
0.000167
0.000168
0.000006
0.000007
0.000007
0.000005
0.000005
0.000007
0.000005
0.000005
0.000004
0.000005
0.000007
0.000011
0.000026
0.000030
0.000017
0.000015
0.000036
0.000008
0.000011
0.000008
0.000007
0.000010
0.000007
0.000069
0.000063
0.000178
0.000170
0.000125
0.000340
0.046432
0.187994
0.182764
0.173728
0.163799
0.140614
0.100369
0.006857
0.003062
0.002897
0.001845
0.000117
0.000003
0.000006
0.000007
0.000005
0.000003
0.000003
0.000002
0.000006
0.000005
0.000005
0.000002
0.000002
0.000002
0.000003
0.000006
0.000004
0.000004
0.000003
0.000004
0.000006
0.000011
0.000002
0.000001
0.000001
0.000019
0.000019
0.000019
0.000002
0.000001
0.000001
0.000002
0.000001
0.000004
0.000003
0.000002
0.000002
0.000003
0.000002
0.000003
0.000004
0.000004
0.000003
0.000002
0.000003
0.000003
0.000003
0.000004
0.000006
0.000006
0.000003
0.000004
0.000005
0.000008
0.000010
0.000008
0.000008
0.000015
0.000021
0.000131
0.000132
0.000286
0.027447
0.040245
0.064117
0.150668
0.153561
0.145706
0.155845
0.164532
0.297649
0.292726
0.291225
0.289374
0.288485
0.283401
0.262837
0.242107
0.247609
0.234830
0.215643
0.204634
0.170215
0.001513
0.000412
0.000106
0.000074
0.001113
0.013084
0.042767
0.048000
0.111893
0.118223
0.139272
0.131232
0.041309
0.038143
0.028396
0.027462
0.017248
0.009986
0.011801
0.011519
0.011115
0.010577
0.010234
0.009242
0.007103
0.022174
0.046461
0.049900
0.055750
0.072938
0.080261
0.087435
0.105683
0.113980
0.125861
0.143078
0.142760
0.140863
0.140352
0.093592
0.055155
0.012242
0.003215
0.000050
0.000052
0.000058
0.000043
0.000027
0.001990
0.004545
0.027939
0.006734
0.000561
0.000383
0.000740
0.354229
0.405331
0.440773
0.437180
0.028825
0.001181
0.000649
0.000028
0.000025
0.000032
0.000052
0.000053
0.001105
0.001351
0.030050
0.551456
0.659981
0.650081
0.626110
0.044039
0.018452
0.002631
0.001852
0.152235
0.354784
0.376094
0.384552
0.396380
0.396044
0.090224
0.000208
0.000090
0.000078
0.000154
0.000119
0.091877
0.089808
0.085937
0.079417
0.074292
0.069658
0.071239
0.004515
0.007405
0.475948
0.692126
0.813034
0.853909
0.033245
0.025128
0.002516
0.000345
0.004418
0.008082
0.014393
0.016862
0.927534
0.895830
0.880690
0.872661
0.808333
0.740933
0.012935
0.010334
0.004623
0.003573
0.000216
0.000455
0.489123
0.448536
0.412200
0.377094
0.339193
0.296490
0.269333
0.212195
0.186165
0.170212
0.076683
0.036674
0.036772
0.035785
0.035411
0.034902
0.034360
0.016522
0.016287
0.015967
0.015976
0.015743
0.015752
0.015570
0.008026
0.008037
0.008021
0.008025
0.008074
0.008105
0.008148
0.008190
0.008889
0.008966
0.009025
0.009087
0.009942
0.017502
0.017080
0.017189
0.008766
0.015459
0.040520
0.052883
0.086911
0.093790
0.103956
0.124554
0.129406
0.165660
0.197081
0.183639
0.145271
0.125792
0.084063
0.078533
0.055808
0.047528
0.043098
0.001029
0.000965
0.000275
0.000029
0.000032
0.000081
0.000017
0.000015
0.000010
0.000008
0.000004
0.000004
0.000019
0.000017
0.000016
0.000008
0.000005
0.000006
0.000010
0.000017
0.000005
0.000007
0.000034
0.000033
0.000013
0.000090
0.000100
0.000071
0.000076
0.000070
0.000126
0.037051
0.042258
0.052941
0.052738
0.057728
0.060944
0.067277
0.069328
0.065342
0.000186
0.000617
0.000689
0.000056
0.000057
0.000027
0.000061
0.000341
0.000463
0.002083
0.002330
0.002647
0.002836
0.002938
0.003099
0.003275
0.004071
0.004198
0.004321
0.000120
0.000118
0.000046
0.000038
0.000015
0.000041
0.000083
0.000141
0.000062
0.000079
0.000072
0.000213
0.000986
0.036285
0.039919
0.042089
0.153166
0.169384
0.213445
0.248484
0.263721
0.286517
0.314048
0.352861
0.396851
0.441372
0.471491
0.526552
0.602135
0.675710
0.006241
0.002008
0.001865
0.001808
0.001853
0.001596
0.002183
0.981761
1.060465
1.133921
1.212975
1.286849
1.361636
1.425599
1.490460
1.586170
0.011298
0.000190
0.000159
0.000120
0.001512
0.007597
0.009000
0.009576
0.019695
0.018807
0.026421
1.730122
1.865323
2.052570
2.126653
2.173698
2.235310
1.978896
0.779059
2.099467
2.445093
0.000154
0.000403
0.000410
0.000248
0.000039
0.001608
0.000557
0.000096
0.000054
0.000317
0.000302
2.470154
2.469161
2.468353
2.468257
0.000691
0.000356
2.486830
2.505492
2.549475
2.553670
2.554470
2.540152
2.501936
2.457168
2.424270
0.216059
0.001317
0.000041
0.000101
0.000124
0.000128
0.000204
0.000593
0.000972
0.003020
0.009987
0.004164
0.004850
3.126075
3.203673
3.258820
3.304935
3.328638
3.255707
3.113638
2.981748
2.877912
2.660346
2.484185
2.287213
2.130318
1.895282
0.002715
1.307546
1.195748
1.100315
1.006387
0.840029
0.767110
0.015847
0.176760
0.236685
0.249357
0.761631
0.937102
1.002925
1.228997
1.380434
1.536964
1.609962
1.734760
1.866764
1.885716
1.900762
0.024288
0.017824
0.017957
0.000737
0.001691
0.003291
0.014572
2.187379
2.327716
2.482585
2.666414
2.850292
3.005851
3.140299
3.281960
3.341558
3.360690
3.367768
3.419563
3.315308
2.952297
2.832276
2.644709
2.156424
1.871179
0.106500
0.060782
1.158315
1.178755
1.127040
1.082480
0.001617
0.195228
1.352369
1.645427
1.979190
2.457226
2.824326
3.120889
3.598509
4.067263
4.495661
4.814862
5.210121
5.572726
5.739837
5.953171
6.080043
6.249947
0.010477
0.010290
6.218966
6.279649
6.131009
6.087835
5.979708
0.057674
5.354953
5.131982
0.017011
0.014505
0.007066
0.007301
0.011593
5.250672
5.295411
5.326328
5.369431
5.363860
5.255025
5.129529
5.056145
0.052990
6.113777
6.350222
6.624521
6.976980
7.118535
7.280087
7.475244
7.631321
7.759204
7.922606
8.078489
8.150224
8.214341
8.269742
8.299467
8.316071
8.330970
8.327428
8.312019
8.296130
7.990347
7.911769
7.820258
0.023537
0.019061
0.010683
0.009866
0.009158
7.682554
7.686503
7.651851
6.984396
6.284384
5.874775
0.645857
0.551801
0.101839
0.014132
0.044021
6.482253
6.709351
7.028620
7.362485
7.479248
0.060785
7.497587
7.618213
7.711920
7.856070
7.889581
7.922884
7.955608
7.972131
7.994488
8.035219
8.066882
8.074716
8.078880
8.073529
8.013944
7.940675
7.809261
7.713491
7.495405
7.860040
8.052199
8.015637
8.004987
7.994418
7.980537
7.877199
7.768904
7.645352
0.123782
7.780147
7.859839
7.905888
7.938426
7.928658
7.855678
7.666291
7.041570
6.588287
6.190441
5.330125
4.225807
0.001553
0.000803
0.000260
0.000165
0.000763
0.000404
0.000303
0.000315
0.000378
0.000425
0.000831
0.001267
0.360852
5.447970
6.022848
6.426006
6.722749
6.934349
7.135430
7.239102
7.302521
7.374721
7.435800
7.458003
7.476122
7.489926
7.507669
7.508393
7.529735
7.542237
7.549664
7.575525
7.622175
7.657102
7.666195
7.665698
7.666524
7.667611
7.669469
7.669487
7.670210
7.670683
7.672739
7.672130
7.700881
7.705641
7.708208
7.709813
7.711433
7.714337
7.713508
7.711378
7.711811
7.711100
7.712129
7.711141
7.710861
7.711157
7.712953
7.726870
7.726792
7.724152
7.719242
7.714350
7.696649
7.724494
7.704119
7.699810
7.695774
7.694962
7.697059
7.695747
7.697826
7.694425
7.678898
7.682829
7.686271
7.757125
7.765726
7.773201
7.773461
7.755213
7.738309
7.693745
7.705193
7.671803
7.602646
7.147844
6.628033
5.899046
5.353679
0.010396
4.884683
4.532059
3.854182
3.215503
2.865513
2.332567
0.308248
0.186511
0.025898
0.022760
0.005811
0.001420
0.001210
0.000012
0.000040
0.000149
0.000259
0.000681
0.063379
0.065761
