0.027273
0.020157
0.015909
0.015680
0.015276
0.015218
0.015054
0.014976
0.014833
0.014710
0.014285
0.013982
0.013429
0.012847
0.012344
0.012131
0.011833
0.011626
0.011312
0.011134
0.010867
0.010719
0.010627
0.009920
0.007868
0.006925
0.006640
0.006489
0.005499
0.004660
0.002868
0.003044
0.008004
0.008176
0.007792
0.007480
0.007382
0.007416
0.007320
0.007022
0.006973
0.006911
0.000058
0.000047
0.000032
0.000029
0.000034
0.000036
0.000460
0.002175
0.002238
0.002129
0.005678
0.004605
0.003991
0.004059
0.004315
0.004246
0.005615
0.006282
0.005933
0.004761
0.010649
0.011446
0.012409
0.012468
0.012570
0.012708
0.012751
0.012739
0.012741
0.012827
0.012905
0.012948
0.012901
0.012280
0.011765
0.011128
0.009707
0.008527
0.007788
0.006871
0.002563
0.000196
0.000174
0.000162
0.003691
0.003869
0.007664
0.008461
0.009054
0.009658
0.009522
0.008701
0.008132
0.010426
0.016498
0.017149
0.017552
0.017990
0.017363
0.017201
0.015991
0.015990
0.015966
0.015882
0.015877
0.015874
0.015874
0.015880
0.015876
0.015879
0.015881
0.015881
0.015880
0.015880
0.015876
0.015875
0.015880
0.015880
0.015879
0.015873
0.015871
0.015876
0.015881
0.015879
0.015878
0.015886
0.015884
0.015887
0.015886
0.015884
0.015881
0.015882
0.015885
0.015884
0.015885
0.015888
0.016026
0.016028
0.016019
0.016010
0.016010
0.016365
0.016440
0.016397
0.016413
0.016224
0.016323
0.000000
0.000000
0.000000
0.000000
0.000000
0.016107
0.016728
0.018812
0.019176
0.019279
0.019432
0.019569
0.019609
0.017796
0.017885
0.017968
0.018044
0.017778
0.016306
0.015888
0.015879
0.015834
0.015822
0.015823
0.015797
0.015718
0.015407
0.007411
0.006875
0.007063
0.007501
0.007525
0.007728
0.007750
0.007888
0.008270
0.008817
0.010302
0.012196
0.040602
0.044275
0.054322
0.098265
0.106188
0.112934
0.151568
0.003946
0.247252
0.016878
0.016698
0.014421
0.000903
0.000270
0.000244
0.000228
0.000128
0.001605
0.003283
0.004927
0.006576
0.007141
0.007248
0.007369
0.008099
0.009043
0.010882
0.012646
0.015920
0.014882
0.013915
0.010470
0.012078
0.006341
0.006481
0.006472
0.006682
0.000005
0.000001
0.000006
0.000004
0.000162
0.000173
0.344348
0.396334
0.538338
6.779582
7.039881
7.158659
0.000003
0.000002
0.000002
0.000002
0.000003
0.000000
0.000000
0.000000
0.000005
0.000003
0.000004
0.000000
0.000000
0.000001
0.000001
0.000000
0.000000
0.000003
0.000002
0.000001
0.000002
0.000001
0.000000
0.000002
0.000001
0.000000
0.000001
0.000000
0.000000
0.000001
0.000001
0.000002
0.000002
0.000000
0.000000
0.000001
0.000001
0.000001
0.000003
0.000001
0.000000
0.000001
0.000004
0.000003
0.000003
0.000003
0.000001
0.000002
0.000005
0.000010
0.000008
0.000003
0.000005
0.000003
0.000005
0.000005
0.000004
0.000004
0.000008
0.000037
0.000028
0.000033
0.000073
0.000169
0.000277
0.001648
0.001930
0.005499
0.008211
0.011977
7.669885
8.221785
8.261611
8.284816
8.298812
8.302463
8.597693
8.598565
8.598890
8.598883
8.598848
8.599017
8.599191
8.599579
8.600931
8.603708
8.806485
8.800369
8.795448
8.742415
0.048881
0.048766
8.692537
8.754740
8.827367
8.871009
8.916814
8.934925
8.946005
8.954261
8.959468
8.963810
8.964371
8.963245
8.961033
8.959136
8.959021
8.961789
8.963514
8.964315
8.964524
8.964364
8.964286
8.964480
8.964569
8.964159
8.964136
8.964487
8.964608
8.964854
8.964743
8.964596
8.964488
8.964247
8.964452
8.964279
8.964372
8.964930
8.964904
8.964913
9.185861
9.186697
9.186863
9.186869
9.186474
9.185927
9.182947
9.181274
9.181859
9.182055
9.177653
9.174517
9.176178
9.182218
9.186011
9.186799
9.186231
9.185695
9.185908
9.186585
9.186882
9.186349
9.186466
9.187108
9.187118
9.187101
9.187069
9.187031
9.186644
9.186671
9.187077
9.187084
9.187002
9.186514
9.180304
9.113039
0.053983
0.053969
0.053983
0.054013
9.008793
9.036613
0.001137
0.000510
0.000679
0.000403
0.000303
0.000146
0.000120
0.000067
0.000081
0.000748
0.000729
0.000029
0.000034
0.000012
0.000013
0.000018
0.000044
0.001305
0.001321
0.001132
0.001379
8.935271
8.970542
8.977564
8.988041
8.991676
9.005132
9.017858
9.015024
9.011436
8.994772
8.914559
0.021560
0.013792
0.000764
0.000496
0.000341
0.000103
0.000052
0.000054
0.000071
0.000072
0.000071
0.000014
0.000006
0.000005
0.000006
0.000003
0.000002
0.000006
0.000011
0.000013
0.000023
0.000027
0.000003
0.000003
0.000004
0.000008
0.000009
0.000015
0.000030
0.000078
0.000144
0.000286
0.000771
8.451616
8.467517
9.210481
9.215272
9.107062
9.097240
9.081133
9.072573
9.067335
9.053599
0.000648
0.000340
0.000227
0.000147
0.000155
0.000183
0.000192
0.001797
0.000267
0.000040
0.000079
0.000139
0.001036
0.000039
0.000180
0.000161
0.000021
0.000015
0.000010
0.000010
0.000005
0.000005
0.000043
0.000018
0.000009
0.000004
0.000005
0.000008
0.000013
0.000029
0.000063
0.000063
0.000056
0.000032
0.000007
0.000003
0.000010
0.000004
0.000010
0.000012
0.000003
0.000007
0.000010
0.000002
0.000002
0.000010
0.000024
0.000080
0.000004
0.000003
0.000005
0.000001
0.000002
0.000002
0.000001
0.000002
0.000002
0.000001
0.000001
0.000001
0.000007
0.000013
0.000010
0.000010
0.000007
0.000020
0.000035
0.000027
0.000081
0.000070
0.000003
0.000011
0.000005
0.000002
0.000001
0.000001
0.000001
0.000002
0.000004
0.000007
0.000012
0.000057
0.000097
0.000177
0.000292
9.121478
9.147055
9.159753
9.159580
9.159054
9.158213
9.157473
9.156730
9.154704
9.147111
9.020282
9.020838
9.016420
9.038025
9.039837
9.036412
9.035506
9.036382
9.028448
8.906008
8.823559
8.691864
8.405767
0.080301
0.004199
0.002863
0.001896
0.000702
0.000136
0.000061
0.000016
0.000009
0.000004
0.000005
0.000003
0.000002
0.000004
0.000014
0.000005
0.000012
0.000016
0.018888
0.018332
0.015256
0.013308
0.013291
7.431428
6.662001
6.468217
0.122151
0.000251
0.299895
0.298519
2.680772
4.433042
5.179693
5.487608
5.829198
6.278700
6.294919
6.122432
5.827016
4.730503
4.241023
3.322394
0.580165
0.222299
0.161172
0.118081
0.114332
0.100058
0.098799
0.074975
0.074240
0.074051
0.000007
0.000004
0.000002
0.000003
0.000002
0.000001
0.000007
0.000024
0.000005
0.000011
0.000004
0.000004
0.000005
0.000012
0.000012
0.000012
0.000005
0.000006
0.000007
0.000051
0.000034
0.009254
0.009272
0.009202
0.009170
0.009161
0.009166
0.009162
0.009163
0.009231
0.009169
0.009161
0.009149
0.009140
0.009128
0.009125
0.009129
0.009144
0.009161
0.009157
0.009075
0.008933
0.008886
0.008822
0.008611
0.007794
0.006899
0.006764
0.006743
0.006793
0.006659
0.006523
0.005010
0.003095
0.001950
0.007529
0.008612
0.008673
0.008810
0.009003
0.009150
0.009163
0.009163
0.009213
0.009159
0.009158
0.009162
0.009162
0.009164
0.009157
0.009144
0.009128
0.008951
0.001717
0.002017
0.002188
0.002302
0.002431
0.002664
0.004174
0.005923
0.007595
0.008392
0.009004
0.009090
0.009117
0.009143
0.009138
0.009154
0.009158
0.009161
0.009163
0.009164
0.009159
0.009160
0.009160
0.009159
0.009159
0.009159
0.009159
0.009159
0.009155
0.009155
0.009156
0.009157
0.009159
0.009161
0.009161
0.009159
0.009158
0.009158
0.009153
0.009152
0.009147
0.009145
0.009147
0.009370
0.009187
0.009152
0.009147
0.009151
0.009154
0.009159
0.009160
0.009159
0.009156
0.009156
0.009150
0.009151
0.009159
0.009166
0.009165
0.009163
0.009161
0.009160
0.009160
0.009166
0.009165
0.009165
0.009168
0.011541
0.011649
0.011654
0.011664
0.011609
0.011492
0.011430
0.011330
0.011059
0.009314
0.009309
0.009292
0.009247
0.009229
0.011144
0.011462
0.011372
0.011346
0.011296
0.011091
0.010950
0.010784
0.010638
0.000883
0.000903
0.013702
0.014219
0.014285
0.014329
0.014319
0.014115
0.009100
0.009120
0.009126
0.009133
0.009147
0.009140
0.009133
0.009047
0.009029
0.009014
0.009014
0.009023
0.009019
0.008951
0.008656
0.006455
0.002020
0.004587
0.006084
0.006891
0.008007
0.008807
0.009032
0.009078
0.009112
0.009147
0.009153
0.009156
0.009157
0.009158
0.009157
0.009158
0.009159
0.009159
0.009159
0.009159
0.009159
0.009158
0.009173
0.009172
0.009173
0.009175
0.009175
0.009173
0.009174
0.009176
0.009179
0.009180
0.009174
0.009174
0.009156
0.009154
0.009143
0.009139
0.009142
0.009136
0.009132
0.009125
0.009127
0.009113
0.008992
0.008882
0.008771
0.008569
0.008527
0.008490
0.008466
0.008455
0.008465
0.008377
0.008422
0.008492
0.008554
0.008671
0.009094
0.009116
0.009113
0.009131
0.009134
0.009130
0.009131
0.009148
0.009149
0.009152
0.009146
0.009146
0.009145
0.009147
0.009152
0.009155
0.009155
0.009156
0.009156
0.009156
0.009157
0.009366
0.009237
0.009289
0.009164
0.009159
0.009159
0.009159
0.009159
0.009159
0.009159
0.009159
0.009159
0.009159
0.009158
0.009157
0.009155
0.009136
0.009093
0.009043
0.000567
0.000566
0.000777
0.000856
0.000970
0.001875
0.002004
0.002157
0.002362
0.002591
0.002827
0.003091
0.003623
0.005034
0.005243
0.005337
0.005801
0.006059
0.006002
0.005782
0.005561
0.005187
0.004160
0.000000
0.000031
0.000045
0.001147
