0.000009
0.000007
0.000005
0.000005
0.000004
0.000000
0.000000
0.000000
0.000000
0.000000
0.000000
0.000000
0.000000
0.000000
0.000000
0.000000
0.002556
0.005164
0.005230
0.005305
0.002628
0.002567
0.002546
0.002521
0.001902
0.000092
0.000061
0.000026
0.000017
0.000015
0.000007
0.000003
0.000191
0.000162
0.000153
0.000148
0.000140
0.000141
0.000131
0.000123
0.000006
0.000001
0.000002
0.000012
0.000017
0.000477
0.000505
1.411783
1.281190
1.019765
0.134070
0.081280
0.071508
0.044821
0.027495
0.008155
0.000017
0.000023
0.000020
0.000070
0.000003
0.000005
0.000005
0.000009
0.000016
0.000005
0.000006
0.000006
0.000007
0.000007
0.000022
0.000019
0.000005
0.000012
0.000012
0.000010
0.000016
0.000013
0.000009
0.000021
0.000027
0.000022
0.000026
0.000013
0.000008
0.000008
0.007685
0.010666
0.022995
0.019972
0.010766
0.008771
0.008339
0.008102
0.008081
0.007797
0.007660
0.005470
0.000323
0.036437
0.296827
0.320135
0.348195
0.487953
0.467498
0.415605
0.011490
0.032107
0.030656
0.018879
0.014457
0.012517
0.011899
0.004478
0.004581
0.001318
0.000051
0.000060
0.000062
0.000038
0.000044
0.000052
0.001503
0.018823
0.021207
0.025045
0.004197
0.000023
0.000078
0.000053
0.000053
0.000064
0.002509
0.008192
0.016599
0.079418
0.222682
0.268560
0.263125
0.252802
0.253885
0.238197
0.227440
0.041117
0.021732
0.019671
0.002055
0.001859
0.001542
0.001464
0.001241
0.000115
0.000025
0.000007
0.000011
0.000095
0.003933
0.005098
0.004869
0.004449
0.004407
0.007042
0.006510
0.004829
0.000033
0.000156
0.000036
0.000041
0.003449
0.003623
0.003487
0.003446
0.000121
0.024730
0.029739
0.195637
0.205464
0.210534
0.219542
0.195352
0.049738
0.034778
0.020851
0.002798
0.000946
0.000504
0.000490
0.000493
0.000445
0.000799
0.000822
0.109836
0.109723
0.110398
0.112431
0.113548
0.116208
0.118719
0.115189
0.110941
0.106526
0.004814
0.003396
0.000577
0.000595
0.000583
0.000600
0.001100
0.001527
0.001239
0.005130
0.005155
0.056470
0.062524
0.073572
0.082257
0.083424
0.083986
0.079692
0.007323
0.006695
0.006251
0.005651
0.005326
0.005919
0.003323
0.003144
0.003102
0.003078
0.002968
0.003107
0.000056
0.000022
0.000090
0.002397
0.004879
0.005758
0.073954
0.083360
0.118725
0.123594
0.131604
0.135344
0.135786
0.132865
0.127954
0.105262
0.099947
0.093694
0.010907
0.005822
0.059939
0.059896
0.060854
0.058889
0.058194
0.053799
0.053532
0.062568
0.062405
0.060501
0.049159
0.002043
0.001739
0.001182
0.000663
0.002665
0.000759
0.002206
0.002880
0.081704
0.083147
0.084661
0.085062
0.086857
0.087007
0.088198
0.088560
0.089600
0.088539
0.088445
0.089129
0.089244
0.075436
0.001723
0.087068
0.089655
0.091077
0.096319
0.103421
0.106256
0.102796
0.015125
0.014151
0.001515
0.011907
0.030314
0.033203
0.152202
0.164923
0.144461
0.033837
0.030822
0.029753
0.009967
0.010527
0.006584
0.006642
0.000461
0.000294
0.000059
0.014305
0.018136
0.024239
0.028229
0.216524
0.226733
0.250928
0.261046
0.246120
0.228021
0.220867
0.177803
0.157034
0.124828
0.060327
0.004712
0.000021
0.000027
0.004478
0.004408
0.007088
0.007959
0.009516
0.019306
0.024786
0.025275
0.082620
0.105339
0.104675
0.069705
0.065316
0.066234
0.051438
0.050200
0.049777
0.049789
0.043225
0.001628
0.000309
0.000354
0.010807
0.111905
0.115802
0.121720
0.123138
0.125434
0.125847
0.124338
0.121546
0.106090
0.104128
0.098753
0.089470
0.000265
0.001366
0.005944
0.011864
0.011619
0.000513
0.000067
0.000090
0.004926
0.004767
0.114985
0.132886
0.152984
0.172448
0.278101
0.008943
0.281448
0.239790
0.210960
0.198416
0.164809
0.144716
0.085855
0.070735
0.010982
0.000549
0.000324
0.000120
0.000041
0.000039
0.000027
0.000037
0.000084
0.000602
0.000206
0.000167
0.000105
0.000698
0.005831
0.006210
0.007276
0.012076
0.038834
0.060370
0.061159
0.115966
0.125078
0.097924
0.083643
0.077142
0.064615
0.053230
0.045263
0.038787
0.034442
0.001037
0.001050
0.005623
0.006134
0.006438
0.006606
0.006640
0.006253
0.006144
0.000457
0.000418
0.016185
0.016293
0.016050
0.016120
0.000425
0.019929
0.047740
0.139511
0.179164
0.190951
0.203873
0.181003
0.171493
0.159948
0.150128
0.144269
0.112001
0.103283
0.087922
0.085218
0.016510
0.001785
0.000095
0.000146
0.001015
0.000378
0.042253
0.042362
0.041234
0.014028
0.012505
0.011330
0.004253
0.004060
0.001027
0.000046
0.000716
0.001026
0.000987
0.000819
0.005571
0.009801
0.013295
0.059759
0.165625
0.186454
0.181600
0.150363
0.140635
0.134944
0.127361
0.087419
0.033045
0.000961
0.000850
0.000526
0.000844
0.002168
0.005350
0.084213
0.092779
0.140008
0.132415
0.122889
0.110118
0.063908
0.048629
0.041697
0.008377
0.000761
0.000730
0.000698
0.000107
0.000077
0.000224
0.000226
0.000234
0.000254
0.000252
0.001585
0.002728
0.003648
0.003834
0.003600
0.000339
0.000093
0.000011
0.000016
0.000022
0.000021
0.000251
0.009173
0.009006
0.009362
0.010625
0.008101
0.004160
0.003756
0.003593
0.000003
0.000003
0.000004
0.000006
0.000008
0.000003
0.000003
0.000002
0.000001
0.000002
0.000004
0.000009
0.000014
0.000006
0.000007
0.000007
0.000021
0.000037
0.000053
0.000010
0.000016
0.000005
0.000003
0.000003
0.000001
0.000010
0.000010
0.000007
0.000004
0.000004
0.000003
0.000017
0.000015
0.000004
0.000003
0.000001
0.000001
0.000001
0.000001
0.000001
0.000003
0.000003
0.000005
0.000002
0.000005
0.000004
0.000005
0.000005
0.000004
0.000009
0.000013
0.000009
0.000015
0.000013
0.000015
0.000011
0.000015
0.000036
0.000014
0.000016
0.000038
0.000041
0.000076
0.004042
0.004096
0.004027
0.000502
0.002675
0.000668
0.005965
0.007275
0.055149
0.057231
0.061015
0.068997
0.073559
0.157499
0.172513
0.201390
0.211704
0.172303
0.145388
0.123928
0.111534
0.011182
0.011018
0.002712
0.002967
0.003084
0.000012
0.000018
0.001863
0.009388
0.009678
0.010020
0.010556
0.010769
0.010758
0.010969
0.010588
0.000486
0.001713
0.001892
0.025039
0.030698
0.026578
0.009114
0.008819
0.009433
0.013087
0.013668
0.014288
0.022024
0.036232
0.044084
0.047520
0.049868
0.053730
0.056566
0.003737
0.001693
0.000516
0.000551
0.000578
0.000638
0.090500
0.098845
0.108416
0.102021
0.204388
0.225272
0.243449
0.258864
0.222224
0.205626
0.189062
0.158433
0.049020
0.050126
0.034239
0.031332
0.020906
0.019678
0.006183
0.004843
0.005053
0.005558
0.005647
0.005007
0.000073
0.000059
0.000013
0.000032
0.000021
0.000022
0.000016
0.000098
0.000071
0.000041
0.002602
0.002557
0.002179
0.001304
0.000546
0.000574
0.000241
0.000681
0.007254
0.010804
0.011775
0.016500
0.028539
0.029455
0.030049
0.033139
0.034175
0.029932
0.029735
0.022652
0.008955
0.004680
0.004865
0.000113
0.001198
0.002634
0.051360
0.061201
0.080300
0.086745
0.091595
0.092628
0.089246
0.136110
0.140113
0.154907
0.161863
0.177396
0.179906
0.188334
0.188730
0.115981
0.076257
0.075530
0.072739
0.066203
0.058572
0.001986
0.010611
0.009280
0.008792
0.012134
0.012581
0.010824
0.011173
0.016811
0.032885
0.045293
0.137702
0.160017
0.209093
0.219271
0.245091
0.269087
0.250759
0.241597
0.218733
0.208412
0.165568
0.144042
0.130687
0.016473
0.010195
0.005019
0.004863
0.018077
0.018536
0.098798
0.110675
0.110727
0.106495
0.052396
0.054681
0.054717
0.017475
0.017445
0.000008
0.000007
0.000012
0.000031
0.024613
0.059242
0.101722
0.105945
0.110393
0.116549
0.119870
0.109131
0.098618
0.021268
0.022733
0.043355
0.032391
0.025600
0.032567
0.031721
0.027518
0.000009
0.000010
0.000003
0.000026
0.000028
0.000096
0.001581
0.001472
0.010381
0.009894
0.013277
0.011693
0.000062
0.000007
0.000007
0.000006
0.000011
0.000010
0.000118
0.000305
0.021387
0.035894
0.061907
0.058665
0.060993
0.060960
0.066639
0.081291
0.136001
0.143653
0.108609
0.039148
0.035076
0.034760
0.023212
0.006260
0.006433
0.006225
0.005325
0.005606
0.004767
0.001971
0.001839
0.002311
0.002393
0.002381
0.002488
0.002761
0.000002
0.001697
0.001590
0.005147
0.004891
0.005304
0.005325
0.005715
0.009497
0.092798
0.107825
0.122895
0.128550
0.139151
0.188902
0.212331
0.201238
0.183839
0.173499
0.166690
0.058595
0.059191
0.057588
0.050436
0.047309
0.072395
0.077458
0.121337
0.124564
0.130361
0.138778
0.140771
0.143318
0.141511
0.138860
0.136254
0.000158
0.000164
0.000214
0.008563
0.021792
0.166683
0.183793
0.192671
0.208286
0.180649
0.164498
0.144512
0.129014
0.021783
0.021464
0.028923
0.021505
0.015821
0.012616
0.014735
0.059977
0.061345
0.114861
0.119698
0.000204
0.001157
0.000672
0.000045
0.000037
0.000954
0.001590
0.198256
0.209466
0.209123
0.219073
0.212994
0.023771
0.221560
0.008757
0.004850
0.004821
0.004829
0.004839
0.004902
0.004906
0.004944
0.004859
0.004812
0.004237
0.000492
0.000468
0.001841
0.001336
0.000890
0.000389
0.001683
0.001690
0.001755
0.001843
0.001862
0.002740
0.002828
0.007601
0.012874
0.013913
0.040676
0.043256
0.188253
0.205365
0.221201
0.239261
0.250789
0.290189
0.331186
0.329774
0.323230
0.288739
0.157222
0.133683
0.120969
0.006358
0.002030
0.000334
0.000352
0.000376
0.000414
0.000418
0.000430
0.000486
0.003561
0.004437
0.006545
0.025380
0.136050
0.132910
0.133072
0.100648
0.058982
0.059567
0.059220
0.036000
0.000403
0.000093
0.000060
0.000058
0.000023
0.000046
0.000044
0.000086
0.000288
0.000572
0.000216
0.000224
0.000074
0.000344
0.176904
0.182982
0.194804
0.295886
0.311449
0.334366
0.326987
0.292440
0.004323
0.003306
0.002512
0.001666
0.000544
0.004453
0.004656
0.004629
0.004686
0.003999
0.003900
0.008521
0.008163
0.008122
0.008094
0.008118
0.008137
0.007539
0.000302
0.000251
0.000193
0.163971
0.151138
0.122589
0.107857
0.104040
0.074258
0.074079
0.053268
0.051465
0.006784
0.006737
0.006758
0.061468
0.064712
0.009740
0.010023
0.010097
0.010182
0.009669
0.009958
0.013250
0.012647
0.012662
0.012417
0.012044
0.011026
0.090946
0.104700
0.135783
0.142739
0.159382
0.210404
0.218615
0.225270
0.229294
0.210302
0.230852
0.235052
0.217105
0.068326
0.067371
0.009506
0.004939
0.017062
0.016181
0.031346
0.157662
0.164726
0.198585
0.204364
0.188673
0.001263
0.000300
0.014668
0.014382
0.193630
0.202634
0.211032
0.435811
0.466037
0.366899
0.623667
0.671539
0.762505
0.809218
0.854394
0.872877
0.883945
0.921100
0.000139
0.000084
0.000363
0.000367
0.942237
0.855047
0.057776
0.051924
0.004744
0.000121
0.000015
0.000008
0.000106
0.000124
0.000050
0.000124
0.000082
0.000114
0.017571
0.104489
0.103794
0.118276
0.135590
0.601015
0.565854
0.549224
0.535047
0.519994
0.460939
0.116072
0.079336
0.053071
0.026292
0.021005
0.007766
0.008362
0.007850
0.007951
0.010954
0.019325
0.017708
0.269820
0.280080
0.248412
0.137356
0.127834
0.033460
0.000157
0.000113
0.000042
0.000036
0.000027
0.000111
0.000122
0.000082
0.000132
0.000146
0.000159
0.021219
0.067091
0.072890
0.079204
0.030727
0.009863
0.009237
0.002928
0.002866
0.002868
0.002909
0.003000
0.002830
0.000381
0.021085
0.000426
0.005372
0.048536
0.053927
0.220180
0.227454
0.236074
0.297984
0.272088
0.121021
0.060023
0.001935
0.001652
0.001646
0.001883
0.002190
0.002207
0.002186
0.002176
0.002210
0.002279
0.002365
0.002441
0.002572
0.008665
0.008655
0.008332
0.008155
0.007265
0.000283
0.000282
0.003236
0.003353
0.003442
0.003482
0.003503
0.003816
0.003605
0.003427
0.003193
0.000279
0.000450
0.002713
0.003200
0.003872
0.004577
0.005254
0.005310
0.007004
0.006829
0.006952
0.010399
0.000146
0.000150
0.000065
0.000063
0.000067
0.000059
0.000064
0.000159
0.010040
0.010367
0.011060
0.011725
0.012247
0.012623
0.024890
0.029240
0.029328
0.028982
0.029555
0.017618
0.000623
0.000074
0.000080
0.000033
0.005779
0.005882
0.005737
0.000177
0.000212
0.000227
0.008586
0.027476
0.008878
0.009356
0.008382
0.008598
0.008657
0.008509
0.005958
0.005923
0.005934
0.006117
0.006147
0.006191
0.000150
0.000143
0.000020
0.000021
0.000036
0.000056
0.000044
0.000109
0.000076
0.000110
0.000082
0.000130
0.000204
0.000264
0.003725
0.062509
0.071766
0.084909
0.153730
0.176368
0.195965
0.202710
0.202244
0.187768
0.171978
0.070244
0.069391
0.038450
0.005538
0.011662
0.001452
0.000988
0.005677
0.062767
0.071687
0.104376
0.298707
0.330511
0.339483
0.310752
0.267736
0.112132
0.049649
0.015808
0.011764
0.010976
0.010880
0.004290
0.004634
0.000434
0.007084
0.011617
0.030248
0.033669
0.402533
0.417138
0.376804
0.381866
0.368328
0.340177
0.015576
0.000616
0.026616
0.030793
0.020165
0.001171
0.000067
0.000055
0.000691
0.016468
0.050793
0.067345
0.070783
0.081365
0.083666
0.098110
0.332058
0.361321
0.318464
0.283477
0.265552
0.172443
0.002658
0.003043
0.066072
0.070916
0.027035
0.001289
0.028011
0.039919
0.000208
0.000172
0.000210
0.000182
0.000166
0.000143
0.000254
0.000368
0.000565
0.024938
0.131802
0.141124
0.140001
0.007652
0.042633
0.091148
0.125522
0.203759
0.241744
0.397387
0.471530
0.583568
0.668296
0.015044
0.023840
1.419787
1.545501
1.620938
1.654752
1.737538
0.013873
0.006658
1.980333
2.053314
2.147777
2.199066
2.203741
2.101221
1.884813
1.492800
1.439030
0.063889
0.082421
0.082641
0.000227
0.000191
0.000156
0.000174
0.003044
0.004397
0.008046
0.009101
0.016536
0.032318
0.100656
0.117062
0.461047
3.961292
4.705325
5.549919
6.636036
7.185734
7.352425
7.390080
7.422539
7.456826
7.510972
7.519520
7.495072
7.436294
7.263061
0.001759
7.056250
6.879153
6.667194
6.270172
6.173232
6.184076
6.655590
6.724344
6.757319
6.743951
0.049097
6.907253
6.719223
6.555648
6.489618
0.103713
6.663975
6.819084
7.081457
7.248992
7.474583
7.555972
7.653421
7.780996
7.909094
8.036085
8.316298
8.332387
8.377713
8.442343
8.447589
8.344860
8.347501
8.358961
8.364197
8.339397
8.329149
8.320809
8.321882
8.325674
8.324721
8.322756
8.305880
8.306056
8.306488
8.306089
8.305178
0.000910
0.000768
0.000826
8.284960
8.282035
8.276049
8.270071
8.273012
8.271866
8.271437
8.152517
7.336078
5.006845
0.139644
0.001039
0.000659
0.000278
0.000124
0.000096
0.000051
0.000028
0.000010
0.000008
0.000008
0.000019
0.000023
0.000059
0.000087
0.000142
0.108133
5.018535
5.277763
0.393720
0.029067
0.030911
0.116134
6.164561
7.074084
7.437525
7.400780
7.362667
6.936800
6.938324
6.524872
7.547976
7.853443
7.975577
8.065753
8.078209
8.077934
8.077703
8.077893
8.071806
8.010833
7.732642
7.732239
7.729038
7.727813
7.725046
7.700326
7.635753
7.518297
7.138279
6.607590
2.255450
5.916771
7.212895
7.574144
7.852630
7.855655
7.856834
7.911426
7.914236
7.914190
7.899761
7.892615
7.855185
7.850227
7.915385
7.727052
7.805684
7.804367
8.052472
8.016485
7.934121
7.911166
7.563713
7.276011
7.025287
6.794999
0.175948
6.419364
6.532108
6.703230
6.937735
7.623286
7.792368
8.019243
8.206586
8.372058
8.441025
8.476187
8.480757
8.476083
8.474882
8.476694
8.476717
8.478347
8.468324
8.468515
8.468513
8.468538
8.468516
8.468623
8.469714
8.471359
8.868895
8.965780
9.030579
9.040289
9.042185
9.032814
9.031104
9.028931
9.028354
9.028830
9.028449
9.029567
9.030020
9.032181
9.195919
9.274034
9.287861
9.268696
9.254230
9.238346
9.203778
9.163611
0.000549
0.000260
0.000159
0.000112
0.000059
0.000053
0.000064
0.000063
0.000091
0.000017
0.000025
0.000069
0.000093
0.000414
0.000816
0.001022
0.010486
9.078144
8.991043
8.771065
8.785851
8.797121
8.809753
8.843734
8.876352
8.863475
8.827815
8.818567
8.793768
8.880349
8.877500
8.875060
0.118648
0.123177
8.909265
8.975528
9.072396
9.091681
9.114461
9.114690
9.116061
9.120398
9.121417
9.123695
9.128277
9.137058
9.139997
9.143294
9.148704
9.159632
9.157390
9.157120
9.159807
9.168521
9.167621
9.166860
9.158648
9.155264
9.137958
9.023378
0.013242
0.013628
0.014487
8.844827
8.867319
8.920919
8.951668
8.993376
9.012506
9.006200
9.002188
8.999865
8.999093
8.992011
8.960013
8.911986
8.878723
8.768224
0.129902
0.117759
8.700600
8.996143
9.085013
9.023203
9.050126
0.743960
8.009117
8.301812
8.566457
0.156028
8.779616
8.991825
9.011571
9.031957
9.039300
9.040328
9.034466
9.029242
9.017748
8.993862
8.905874
0.006619
0.000573
0.000274
0.000240
0.000158
0.000223
0.000022
0.000011
0.000010
0.000011
0.000020
0.000140
0.000004
0.000004
0.000005
0.000015
0.000004
0.000002
0.000002
0.000005
0.000003
0.000002
0.000002
0.000002
0.000006
0.000007
0.000014
0.000007
0.000008
0.000009
0.000011
0.000039
0.000041
0.000064
0.000200
0.000167
0.000217
0.000417
8.526291
8.574685
8.598945
8.763135
8.887044
8.949435
9.087187
9.151056
9.207570
9.235931
9.165274
9.082103
8.974074
8.773146
8.638540
0.060496
8.348042
8.284207
0.065944
0.068790
0.078378
8.553996
8.709632
8.888671
9.017323
9.080629
9.024414
9.072025
9.082343
9.093489
9.097585
9.092664
9.086174
9.078267
9.051782
9.042732
9.037716
9.012787
9.051726
9.079250
0.026558
0.027097
0.025352
0.005037
0.005408
9.084592
9.173640
9.204155
9.211363
9.215806
9.213350
9.210849
9.205680
9.197886
9.189727
9.184640
9.184743
9.186051
9.179952
9.173458
9.168759
9.138970
0.001281
0.000594
0.000415
0.000306
0.000151
0.000064
0.000082
0.000079
0.000144
0.000014
0.000012
0.000039
0.000057
0.000094
0.000064
0.000081
0.000727
9.076328
8.959900
8.855621
8.657644
8.444026
8.312967
7.927919
7.423288
6.627592
6.233613
5.312252
4.465935
0.002042
0.001023
0.000903
0.001603
0.001920
0.002312
0.245764
3.421376
4.743803
5.140183
6.529134
7.055963
7.271380
7.552870
7.870133
8.329885
8.488483
0.001144
0.000457
0.000185
0.000068
0.000049
0.000043
0.000033
0.000018
0.000093
0.000197
0.000211
0.001332
8.628503
8.686638
8.762920
8.816622
8.860551
8.883789
8.921365
8.991165
9.054688
9.216482
9.283458
9.308077
9.308358
9.316648
9.321108
9.333110
9.382793
9.391485
9.394595
9.396065
9.395930
9.366215
9.333070
9.277921
9.223148
8.997710
0.147873
0.243085
8.637705
8.930106
9.062033
9.157614
9.248094
9.264615
9.253089
9.230920
0.001460
0.001001
0.000864
0.000419
0.000057
0.000046
0.000043
0.000019
0.000014
0.000008
0.000011
0.000024
0.000032
0.000051
0.000345
0.000708
0.000874
9.163766
8.995049
9.004609
8.961170
9.057606
9.133156
9.150962
8.978419
8.973498
8.974881
8.945713
8.911824
8.890067
8.874513
8.864307
0.000245
0.000192
0.000288
0.000424
0.000061
0.000042
0.000021
0.000013
0.000008
0.000005
0.000012
0.000087
0.000072
0.000078
0.000140
0.000047
0.000018
0.000029
0.000084
0.000500
0.001203
0.002622
8.876714
8.820855
8.822980
8.387339
7.627356
3.412293
5.950338
6.475038
6.878156
7.216098
7.458856
7.675155
0.000282
0.000347
0.000046
0.000017
0.000015
0.000015
0.000009
0.000008
0.000008
0.000012
0.000010
0.000030
0.000026
0.000003
0.000005
0.000006
0.000004
0.000004
0.000005
0.000005
0.000005
0.000005
0.000012
0.000034
0.000190
0.000148
0.000117
0.000049
0.000090
0.000042
0.000052
0.000046
0.000038
0.000046
0.000048
0.000019
0.000029
0.000038
0.000038
0.000015
0.000021
0.000033
0.000054
0.000055
0.000044
0.000040
0.000059
0.000076
0.000096
0.000131
0.000635
0.004217
8.156832
8.621693
8.874092
8.959615
9.010844
9.070160
0.000067
0.000028
0.000012
0.000008
0.000021
0.000011
0.000020
0.000012
0.000014
0.000186
0.000099
0.000113
0.000027
0.000006
0.000026
0.000026
0.000010
0.000010
0.000019
0.000020
0.000024
0.000035
0.000019
0.000033
0.000055
0.000102
0.000390
0.000618
0.002894
0.003652
9.353944
9.463057
9.546790
9.600116
9.629437
9.637268
9.640459
9.640405
9.640888
9.640960
9.640383
9.638264
9.635799
9.634051
9.973964
9.956163
9.944439
9.671849
9.654963
9.599150
9.341564
9.111099
9.109802
9.108296
9.108083
9.108316
9.109142
9.110179
9.110204
9.110431
9.110219
9.109732
9.109893
9.110430
9.110453
9.109773
9.109699
9.110379
9.109932
9.109690
9.110009
9.110164
9.110184
9.110256
9.110564
9.110875
9.112037
9.395137
9.410252
9.419648
9.430138
9.429395
9.427998
9.426261
9.418629
9.405029
9.387053
9.295544
9.189647
9.032035
8.846216
8.276168
7.699682
7.151043
0.021958
6.489098
1.207098
7.711908
8.315257
8.542276
9.126322
9.398366
9.416385
9.433141
9.437986
9.439017
9.439960
9.436069
9.420021
9.393320
9.447115
9.378289
9.211002
9.219859
9.220638
9.221428
9.221427
9.221413
9.221310
9.221188
9.220786
9.220584
9.220755
9.220708
9.211115
9.195932
9.185744
9.181003
9.178198
9.179906
9.186968
9.199975
9.200334
9.189817
9.182905
9.180146
9.178921
9.163329
9.154152
9.139436
9.120096
9.057789
8.909126
8.922277
8.932073
8.938965
8.944213
8.948601
9.259885
9.325078
9.354618
9.355221
9.350677
9.346547
9.347242
9.349458
9.354163
9.361438
9.363667
9.367216
9.365848
9.349769
9.298644
9.029121
9.023599
9.015327
9.010737
9.003279
9.000801
9.002233
9.004951
8.972443
8.948132
8.923882
8.913036
8.904446
8.701896
8.265803
7.829690
7.377140
6.771245
6.312729
5.885776
5.112185
3.968905
0.392076
0.040674
6.507776
7.063340
7.629445
8.363249
8.521308
8.679768
8.906623
8.938516
8.978405
9.003872
9.017121
9.021596
9.024393
9.026144
9.024717
9.022353
9.019914
9.019271
9.022443
9.023639
9.022643
9.017005
8.989393
9.108940
9.188565
9.201046
9.035147
8.686479
7.707070
7.781088
7.781772
8.141783
8.494093
8.695575
8.815177
8.822947
8.838187
8.831054
8.827584
8.827779
8.826085
8.820380
8.822736
8.831163
8.838384
8.841452
8.843723
8.844573
8.814499
8.757323
8.729748
8.721052
8.726069
8.737348
8.765856
8.820986
8.846889
8.849777
8.845205
8.835961
8.829325
8.787485
8.751529
8.683592
8.592447
8.440346
7.883148
7.468189
6.855511
6.206778
5.787621
5.551142
0.076878
4.890618
4.867736
4.869940
5.076563
5.154641
5.835937
6.051033
6.279643
6.595235
7.040787
7.248428
7.443595
7.621621
7.790116
7.951619
8.014871
8.034633
8.051143
8.060042
8.069633
8.071445
8.076156
8.077059
8.080956
8.078535
8.073828
8.065358
8.044239
8.004573
7.978644
7.950837
7.964862
8.258121
8.363751
8.396789
8.481075
8.527836
8.532490
0.003837
0.001636
0.000829
0.000373
0.000065
0.000047
0.000029
0.000018
0.000016
0.000016
0.000285
0.000304
0.000234
8.280920
8.254912
8.211548
8.172279
8.137528
8.120976
8.148069
8.188255
8.252859
8.305569
8.346201
8.384614
8.404251
8.280480
8.071445
7.561903
7.701984
7.751643
7.937238
7.988865
8.032489
7.965199
7.850548
7.613417
7.350515
0.111613
0.001671
0.000391
0.000523
0.000443
0.000438
0.000511
0.000509
0.000542
0.000818
0.000021
0.000017
0.000018
0.000015
0.000014
0.000023
0.000128
0.000141
0.000242
0.000647
0.000774
0.001246
7.751123
8.069412
8.322504
8.383378
8.329653
8.283322
8.259341
8.214648
0.002920
0.000907
0.000518
0.000416
0.000334
0.000234
0.000255
0.000358
0.000736
0.001212
0.002169
0.003217
8.206694
8.245606
8.272538
8.284562
8.309119
0.002965
0.002362
0.000534
0.000614
0.001009
0.001042
8.332290
8.344918
8.338585
8.343397
8.333037
8.286665
8.245603
8.235523
8.129633
8.054547
7.995998
7.967857
7.914212
7.860322
7.847375
7.856043
7.876286
0.057543
8.062121
8.119316
8.199181
8.269035
8.324333
7.937590
7.939564
0.000404
0.000374
0.000516
0.000535
0.000472
0.000344
0.000519
7.964893
7.966854
7.968237
7.974044
7.980541
7.993433
8.014326
8.006073
7.996151
7.985618
7.987292
7.965752
0.001173
0.000687
0.000589
0.000426
0.000472
0.000533
0.000729
0.000786
7.821375
7.821617
7.794754
7.719464
0.072297
7.669898
7.693816
7.724621
7.747954
0.000842
0.000530
0.000221
0.000032
0.000028
0.000026
0.000007
0.000005
0.000008
0.000006
0.000002
0.000005
0.000034
0.000073
0.000204
0.000136
0.000151
0.000188
0.000240
0.000298
0.000738
0.000036
0.000060
0.000082
0.000058
0.000079
0.000632
0.003813
7.795204
7.823776
7.825313
7.826660
7.817592
7.773625
7.674864
7.585776
7.496977
7.347262
7.182749
7.025898
6.663061
5.571653
2.301550
0.126628
0.005554
0.000000
0.000006
0.000001
0.000001
0.000001
0.000000
0.000000
0.000000
0.000000
0.000000
0.000000
0.000000
0.000000
0.000000
0.000000
0.000006
0.000002
0.000001
0.000001
0.000000
0.000000
0.000000
0.000003
0.000121
