1.403300
0.043435
0.032293
0.016363
0.010564
0.000029
0.000031
0.001839
0.005595
0.005658
0.007946
0.008531
0.012904
0.013696
0.014270
0.001331
0.001305
0.001362
0.001369
0.013783
0.014506
0.018191
0.020591
0.021867
0.022785
0.023601
0.025352
0.026107
0.026352
0.031440
0.031373
0.030956
0.029884
0.026641
0.026531
0.000111
0.025960
0.028663
0.028369
0.027609
0.027786
0.034153
0.032721
0.028658
0.028822
0.028621
0.028598
0.028628
0.028661
0.028838
0.004221
0.002574
0.000947
0.000204
0.000191
0.039537
0.067539
0.106352
0.188774
0.196530
0.194739
0.191015
0.187706
0.170368
0.156710
0.056940
0.047032
0.045511
0.040682
0.040240
0.039374
0.029184
0.029469
0.029375
0.000068
0.000126
0.000090
0.000037
0.000095
0.000091
0.000033
0.000027
0.000033
0.000043
0.000001
0.000002
0.000002
0.001775
0.001701
0.000073
0.000092
0.000066
0.000035
0.000038
0.000032
0.000025
0.000032
0.000029
0.000053
0.000001
0.000132
0.035115
0.035020
0.036177
0.036530
0.041078
0.043593
0.000826
0.000044
0.000017
0.000076
0.000061
0.000063
0.000057
0.000007
0.000002
0.000002
0.000002
0.000009
0.000015
0.000009
0.000009
0.000021
0.000016
0.000006
0.000003
0.000002
0.000003
0.000003
0.000006
0.000028
0.000004
0.000002
0.000002
0.000004
0.000003
0.000010
0.000011
0.000010
0.000031
0.000048
0.000087
0.000070
0.000014
0.000023
0.000031
0.000016
0.000666
0.000763
0.000935
0.000905
0.001004
0.001040
0.001107
0.001159
0.000030
0.000042
0.000040
0.000029
0.000013
0.000024
0.000020
0.000017
0.000025
0.000039
0.000020
0.000043
0.000035
0.000019
0.000018
0.000357
0.000240
0.000240
0.033967
0.034455
0.039298
0.042645
0.044013
0.045306
0.053022
0.071655
0.077842
0.082475
0.087292
0.101201
0.102993
0.103822
0.105221
0.129961
0.142542
0.140087
0.140421
0.135116
0.156899
0.157985
0.000527
0.000060
0.000007
0.000018
0.000002
0.000225
0.000232
0.000002
0.000001
0.000001
0.000004
0.000002
0.000003
0.000003
0.000004
0.004542
0.004750
0.005467
0.005733
0.000092
0.031376
0.029828
0.029155
0.028340
0.029584
0.020818
0.020799
0.020769
0.020757
0.020940
0.012476
0.013471
0.019195
0.020477
0.020682
0.020777
0.020806
0.025270
0.026669
0.056270
0.197707
0.202274
0.225399
0.227568
0.222736
0.070320
0.020329
0.017132
0.014680
0.018742
0.020212
0.020468
0.020763
0.020752
0.020746
0.020744
0.020744
0.020767
0.020779
0.020783
0.019909
0.019038
0.018998
0.019017
0.019313
0.019385
0.019540
0.020451
0.020596
0.020813
0.020815
0.021163
0.024215
0.185132
0.208880
0.225271
0.230997
0.301147
0.302530
0.296276
0.288862
0.273402
0.250344
0.106108
0.098636
0.043473
0.020823
0.020780
0.020789
0.020783
0.020787
0.020863
0.000002
0.000002
0.000001
0.000001
0.020866
0.020998
0.020806
0.020828
0.020815
0.022340
0.022018
0.020822
0.020850
0.020868
0.000031
0.021234
0.020931
0.020844
0.022058
0.021997
0.022016
0.000002
0.000003
0.000004
0.000002
0.000003
0.000001
0.000001
0.000001
0.000001
0.000001
0.000002
0.000002
0.000003
0.000003
0.000006
0.000005
0.000005
0.000006
0.000005
0.000040
0.000043
0.000006
0.000003
0.000003
0.000003
0.000004
0.000007
0.000007
0.000021
0.000021
0.000021
0.000025
0.000011
0.000010
0.022342
0.020906
0.020863
0.021158
0.028065
0.028616
0.029208
0.029150
0.029439
0.195515
0.286202
0.263620
0.258816
0.250684
0.195127
0.146113
0.086275
0.065217
0.049746
0.000019
0.000015
0.000012
0.000010
0.000012
0.000012
0.000008
0.000004
0.000007
0.000017
0.000029
0.081377
0.086741
1.197354
1.472860
1.800359
2.360048
2.495440
2.692216
2.699208
0.012238
0.012055
0.011468
0.000150
0.008872
0.009700
0.010503
2.570372
2.550579
2.530963
0.461266
2.428659
2.519681
2.593092
2.549884
2.354818
2.090107
0.012209
0.011414
0.010249
0.010415
0.010040
0.009685
0.009562
0.009558
0.000173
0.001574
0.002098
0.007066
0.776532
0.750999
0.624135
0.114495
0.000161
0.000461
0.000409
0.000607
0.000665
0.000276
0.000158
0.000201
0.000169
0.000158
0.000222
0.000594
0.000990
0.063637
1.226533
2.191038
2.743163
3.070189
3.478735
4.158552
4.602067
5.096602
5.728587
0.045092
0.046972
6.495833
7.274870
7.685711
7.849326
7.953972
8.051956
8.134413
8.204749
8.249112
8.288832
8.282710
8.225592
8.094496
7.938103
7.794055
7.284747
6.590431
0.220006
0.122026
0.110105
0.104616
0.000299
0.000130
0.000092
0.000052
0.000059
0.000040
0.000028
0.000012
0.000013
0.000006
0.000007
0.000008
0.000009
0.000007
0.000008
0.000013
0.000017
0.000033
0.000058
0.000192
0.000252
0.000299
0.015519
0.015437
5.436400
5.929121
6.835806
7.335654
7.726952
8.041481
8.093492
8.123667
8.832670
8.840317
8.846236
8.846675
8.845295
8.831961
8.803231
8.766689
8.714689
8.716002
8.825020
8.845134
8.848126
8.848267
8.848274
8.848192
8.848105
8.847997
8.847696
8.847763
8.848134
8.848137
8.847988
8.847658
8.850343
8.850388
8.849516
8.847533
8.848068
8.848058
8.848006
8.847346
8.847271
8.847932
8.847683
8.847512
8.847811
8.848013
8.847477
8.847210
8.847060
8.847291
8.847345
8.845826
8.845319
8.846587
8.848433
8.850367
8.968212
8.979179
8.989123
9.005972
9.020601
9.025471
9.028825
9.034516
9.039363
9.040209
9.037667
8.993798
8.975312
8.942221
0.009439
0.009093
0.009248
0.009353
0.013069
8.945440
9.186082
9.188449
9.190857
9.196398
9.199732
9.193030
9.051388
9.050599
9.047249
9.046479
9.045929
9.044181
9.043999
9.044868
9.043627
9.040868
9.040755
9.041635
9.044449
9.045269
9.047227
9.047976
9.047967
9.047903
9.047595
9.044246
9.009142
8.939557
8.927762
8.921850
8.919449
8.919883
8.920735
8.920259
8.915621
8.938748
8.973032
8.994743
9.018384
9.031440
9.042984
9.046166
9.047849
9.047581
9.045622
9.043092
9.032053
9.024459
9.012172
8.982902
8.937997
8.574736
1.105447
0.050198
0.868007
7.268783
8.184331
8.247196
8.320951
8.357058
8.383196
8.396657
8.423156
8.470691
8.491690
8.622616
8.723689
8.638491
8.785142
8.575797
8.468586
8.296320
0.079618
8.103477
8.027846
0.170514
0.165076
0.151927
7.629546
7.746002
0.188109
7.584882
7.765120
6.832223
6.035606
0.827685
0.002667
0.002232
0.002380
0.002682
0.003096
0.003874
0.006205
0.806725
7.132026
7.004734
0.088215
0.071924
0.071207
0.071888
0.068583
0.008582
0.071187
0.075635
0.082246
0.091298
0.206803
0.228746
8.677876
8.968033
9.175857
9.234410
9.256134
9.077909
8.929561
8.928843
8.926761
8.911506
8.876326
8.875900
8.875287
8.875053
8.873621
8.861472
8.853138
8.852095
8.620579
8.655134
8.708526
8.722161
8.723838
8.758296
8.621337
8.624622
8.625560
8.627134
8.729341
8.732678
8.730212
8.624799
8.624548
8.624734
8.625687
8.626682
8.626695
8.626728
8.626614
8.747317
8.786634
8.810469
8.815132
8.815217
8.814455
8.812730
8.807743
8.796136
8.786306
8.777689
8.772754
8.756175
8.758161
8.967343
9.036682
9.099007
9.102249
9.100000
9.098461
9.096499
9.090850
9.037947
8.988272
8.803988
8.485343
8.153416
6.848602
5.519387
0.551667
0.054038
0.040987
0.019643
0.001213
0.000146
0.000147
0.000146
0.000069
0.000092
0.000156
0.000165
0.000292
0.000532
0.000471
2.887957
2.837423
2.831542
2.623195
2.341567
2.307920
0.310018
2.688743
3.227739
0.002725
0.020461
3.417243
0.131602
5.110484
5.949254
6.719233
6.872368
6.929126
7.149385
6.791227
6.471273
6.653290
7.534780
7.761670
8.224663
8.437682
8.497287
8.496454
8.483165
8.480804
8.483898
8.495667
8.501062
8.506474
8.504801
8.499944
8.499048
8.506894
0.000082
0.000047
0.000040
0.000036
0.000047
0.000049
0.000487
0.000516
8.509414
8.513657
8.521190
8.523850
8.524240
8.525026
8.530357
8.523699
8.522308
8.474122
8.507831
8.478490
8.363227
8.081312
7.893773
7.727517
7.327991
6.784121
6.351770
6.005257
5.714806
5.389451
5.114925
4.820232
4.317617
3.778588
3.334645
2.890514
2.543639
2.273027
1.872195
1.690297
0.011632
0.008360
0.007122
0.001112
0.000436
0.000318
0.000351
0.000211
0.000128
0.000267
0.000064
0.000052
0.003927
0.003924
0.004063
0.005691
1.049623
0.971965
0.762412
0.574539
0.295387
0.200500
0.166794
0.121351
0.113947
0.091038
0.080467
0.020778
0.007950
0.007784
0.010401
0.009931
0.010403
0.017013
0.017662
0.008125
0.000094
0.000082
0.000257
0.000235
0.000200
0.000223
0.000205
0.006433
0.006737
0.007477
0.007312
0.007509
0.048936
0.059285
0.066521
0.065149
0.093547
0.157989
0.160129
0.171970
0.166097
0.001166
0.000889
0.000200
0.000144
0.000287
0.000384
0.000305
0.011327
0.337977
0.345377
0.343776
0.335407
0.330239
0.322893
0.316525
0.303967
0.291136
0.195939
0.125941
0.058830
0.032645
0.019603
0.010414
0.010592
0.010359
0.008102
0.022951
0.023276
0.023647
0.023791
0.023843
0.024201
0.024104
0.023863
0.023494
0.021757
0.020115
0.022783
0.022722
0.023410
0.027683
0.027580
0.027207
0.013340
0.030625
0.032560
0.032438
0.023411
0.023580
0.023545
0.023480
0.023435
0.023235
0.022881
0.022102
0.020800
0.019130
0.017507
0.015818
0.012730
0.010601
0.002452
0.002446
0.002460
0.023152
0.023356
0.023645
0.023721
0.023743
0.023769
0.001168
0.018250
0.036904
0.043000
0.076544
0.081869
0.084669
0.091207
0.093177
0.144637
0.027097
0.024886
0.024965
0.025257
0.025629
0.025382
0.024897
0.023924
0.023706
0.023703
0.023693
0.023537
0.023351
0.023726
0.023473
0.002232
0.002180
0.145024
0.148789
0.149195
0.145386
0.126320
0.110270
0.095613
0.094531
0.071929
0.020730
0.018433
0.014474
0.012349
0.001705
0.001693
0.001782
0.001899
0.022952
0.023921
0.024011
0.000030
0.000034
0.023458
0.023431
0.023189
0.023061
0.022598
0.021765
0.019092
0.017752
0.016385
0.014693
0.003525
0.018321
0.019451
0.020016
0.018799
0.002404
0.015881
0.018482
0.024174
0.024185
0.024097
0.024054
0.024040
0.024055
0.024052
0.024037
0.024052
0.024162
0.024098
0.023924
0.022863
0.021994
0.021286
0.020786
0.019128
0.000046
0.000225
0.000129
0.000011
0.000011
0.008094
0.008097
0.008208
0.010905
0.012453
0.015472
0.019071
0.022588
0.025242
0.025982
0.026179
0.025817
0.025615
0.025535
0.025421
0.025247
0.025046
0.021265
0.020334
0.018580
0.011974
0.017818
0.020051
0.022765
0.023888
0.023886
0.023834
0.023841
0.023877
0.023922
0.023935
0.023751
0.023731
0.023726
0.023922
0.023905
0.024338
0.026691
0.041381
0.069477
0.077349
0.083644
0.103316
0.106807
0.108577
0.110266
0.114424
0.027162
0.024558
0.023736
0.023741
0.023745
0.023759
0.023912
0.023947
0.023817
0.023788
0.023813
0.023871
0.023891
0.023730
0.023731
0.023766
0.023800
0.023716
0.023792
0.023753
0.024936
0.025654
0.360433
0.374779
0.352818
0.306054
0.296266
0.282591
0.214008
0.072560
0.008930
0.022574
0.022743
0.023660
0.023717
0.023722
0.023710
0.023763
0.024112
0.023875
0.023769
0.023760
0.023771
0.023784
0.023762
0.023769
0.023738
0.023740
0.023688
0.023338
0.024100
0.002456
0.002863
0.014412
0.016387
0.017853
0.243322
0.245009
0.246765
0.191168
0.109753
0.070986
0.055269
0.043221
0.034589
0.034399
0.023691
0.023747
0.023772
0.024663
0.024680
0.024749
0.024808
0.024935
0.024909
0.025219
0.025228
0.024850
0.024585
0.024350
0.022766
0.021707
0.030125
0.032997
0.019718
0.031070
0.037109
0.058030
0.100131
0.130602
0.144156
0.000009
0.000000
