0.000000
0.000000
0.000000
0.000000
0.000000
0.000000
0.000000
0.000000
0.000000
0.000251
0.000253
0.000255
0.000261
0.000277
0.000303
0.024413
0.022471
0.015844
0.008612
0.004352
0.003915
0.003488
0.000732
0.000738
0.000761
0.000780
0.000788
0.000783
0.000004
0.000003
0.000043
0.000035
0.000413
0.000467
0.000506
0.000527
0.000535
0.000601
0.000029
0.001040
0.001097
0.001107
0.007720
0.007403
0.007391
0.014113
0.015264
0.014423
0.006492
0.001537
0.000046
0.000045
0.000001
0.000000
0.000000
0.000001
0.000000
0.000000
0.000000
0.000000
0.000000
0.000000
0.000000
0.000000
0.000001
0.000002
0.000004
0.000011
0.000031
0.000143
0.000852
0.002732
0.008752
0.008464
0.008497
0.008455
0.008598
0.009089
0.009148
0.009109
0.008992
0.002116
0.000005
0.000009
0.000008
0.000007
0.000007
0.000008
0.000001
0.000001
0.000001
0.000001
0.000002
0.000008
0.000002
0.000023
0.000004
0.000001
0.000001
0.000001
0.000001
0.000000
0.000001
0.000001
0.000001
0.000005
0.000003
0.000004
0.000004
0.000004
0.000001
0.000000
0.000000
0.000000
0.000001
0.000000
0.000060
0.000059
0.000060
0.000003
0.000002
0.000001
0.000001
0.000000
0.000000
0.000000
0.000001
0.000001
0.000001
0.000001
0.000003
0.000001
0.000001
0.000001
0.000001
0.000005
0.000001
0.000001
0.000001
0.000001
0.000012
0.000007
0.000012
0.000003
0.000002
0.000002
0.000002
0.000001
0.000001
0.001770
0.001775
0.002297
0.005582
0.016928
0.018178
0.019197
0.000207
0.006173
0.035373
0.035134
0.034221
0.006341
0.005914
0.004676
0.003521
0.000202
0.000200
0.000190
0.000003
0.000001
0.000002
0.000004
0.000004
0.000012
0.000007
0.000002
0.000008
0.000169
0.000178
0.000043
0.000029
0.000019
0.001187
0.001226
0.001236
0.001276
0.008233
0.009408
0.010895
0.011946
0.011773
0.011739
0.011207
0.011368
0.011617
0.011990
0.012133
0.008929
0.010273
0.012278
0.014591
0.034036
0.050709
0.118208
0.121187
0.123734
0.123091
0.031655
0.028847
0.021133
0.017350
0.002442
0.000055
0.000029
0.000041
0.000041
0.000032
0.000013
0.000006
0.000019
0.010151
0.010028
0.039043
0.080074
0.116149
0.251561
0.405325
0.638567
0.869614
0.967826
1.679049
3.097458
3.789871
4.233671
4.956952
5.584505
6.119543
6.813867
7.078454
7.287415
7.457595
7.589971
7.661588
7.738802
7.881497
0.000515
0.000360
0.000111
0.000090
0.000039
0.000038
0.000017
0.000040
0.000016
0.000041
0.000019
0.000046
0.000023
0.000043
0.000019
0.000043
0.000021
0.000048
0.000022
0.000053
0.000025
0.000061
0.000029
0.000071
0.000036
0.000090
0.000039
0.000090
0.000068
0.000160
0.000060
0.000158
0.000179
0.000503
0.000660
0.002432
0.002693
8.099033
7.992035
8.027849
8.058000
8.154503
8.197036
8.219786
8.277782
8.328180
8.390441
8.484555
8.502455
8.576600
8.824085
8.937033
8.966278
8.972556
8.976793
9.137581
9.143495
9.155994
9.170366
9.184622
9.185485
9.187726
9.188030
9.187866
9.187826
9.188150
9.187692
9.185860
9.185823
9.187360
9.186458
9.183275
9.182705
9.183709
9.180253
9.179387
9.182288
9.182539
9.178711
9.177357
9.180348
9.187031
9.178142
9.170399
9.157421
9.147972
9.148046
9.156618
9.164223
9.164905
9.169239
9.179110
9.180049
9.177643
9.178941
9.183284
9.176725
9.161072
9.154409
9.153593
9.095255
9.042996
9.016608
8.980326
8.913858
8.886763
8.858450
8.759090
8.565180
0.076293
0.076428
0.065125
0.063085
0.060416
0.061325
0.061628
7.773403
7.826985
7.895376
8.001057
8.055377
8.129216
8.252170
8.343792
8.423923
8.496812
8.604347
8.639276
8.687710
8.812499
8.877563
8.915913
9.129370
9.293007
9.330396
9.360444
9.365148
9.374940
9.232021
9.083054
9.220484
0.082338
9.306265
9.385974
9.401260
9.411598
9.435157
9.538222
9.844929
9.974208
9.988291
9.990923
9.992259
9.988414
9.984447
9.982219
9.976521
9.964275
9.947570
9.934524
9.915223
9.881706
9.861209
9.751152
9.503612
9.222506
8.939227
8.682803
8.517892
8.376125
0.018065
8.371240
8.224301
8.087968
7.915440
0.167410
0.068931
0.132414
0.082238
0.085512
0.010486
0.004395
7.686565
7.787971
7.801627
0.011783
7.639509
7.511517
7.123074
6.863792
0.706843
0.183843
0.043072
7.408769
7.867599
8.196993
8.519946
8.953201
9.379544
9.763350
9.926705
9.966553
9.981559
9.997979
9.999303
9.996240
9.993661
9.991289
9.990423
9.992766
9.995439
9.994385
9.975096
9.956521
9.871679
9.544355
9.031988
0.130516
0.115595
0.116166
0.054337
0.054472
0.059424
0.053798
8.555030
8.151869
3.558268
6.426720
6.867456
7.559604
8.118502
8.351603
8.460528
8.557088
8.778228
9.105483
9.281643
9.456598
9.483804
9.485757
9.534095
9.542402
9.552034
9.568907
9.600265
9.616349
9.646107
9.661575
9.661268
9.660164
9.659550
9.658970
9.655232
9.648973
9.645023
9.636019
9.630054
9.627569
9.615187
9.607134
9.603625
9.610142
9.606310
9.610067
9.619770
9.648769
9.646040
9.643908
9.646145
9.651248
9.648372
9.642952
9.636859
9.570555
9.493123
9.413085
0.067368
9.261443
9.290074
9.342038
9.395779
9.489607
9.573603
9.650521
9.656324
9.651949
9.652927
9.659230
9.659801
9.659709
9.659708
9.659383
9.656611
9.652849
9.645867
9.598002
9.419658
9.487769
9.554338
9.618633
9.618547
9.612438
9.434246
9.440078
9.445695
9.449303
9.451132
9.451186
9.450549
9.449867
9.449129
9.447071
9.430657
9.374565
8.461604
8.281367
8.068407
8.022621
7.961241
0.188003
0.005982
0.003036
0.000853
0.000505
0.000389
0.000304
0.001475
0.001674
0.001743
0.001750
0.001789
0.001751
0.001712
0.001739
0.001764
0.001759
0.001750
0.001741
0.001696
0.001727
0.001773
0.001849
0.001996
0.002092
0.002179
0.000094
0.000143
0.001885
5.097391
0.101709
0.002493
0.002488
0.000000
0.000000
0.000000
0.000000
0.000000
0.000000
0.000000
0.000000
0.000000
0.000000
0.000000
0.000000
0.000000
0.000000
0.000000
0.000000
0.000000
0.000000
0.000000
0.000000
0.000000
0.000000
0.000000
0.000000
0.000000
0.000000
0.000000
0.000000
0.000000
