0.001325
0.000963
0.000742
0.001333
0.001266
0.001171
0.001363
0.001358
0.001328
0.003455
0.001407
0.002973
0.005516
0.006440
0.010393
0.011074
0.012209
0.012984
0.013849
0.012212
0.012531
0.012584
0.017962
0.019478
0.005340
0.005236
0.005192
0.000001
0.000001
0.000001
0.000001
0.000002
0.000003
0.000005
0.000011
0.000025
0.005633
0.005601
0.005452
0.006539
0.005783
0.010724
0.010507
0.000580
0.000507
0.000501
0.001351
0.001503
0.001586
0.019877
0.022387
0.066297
0.511069
0.337219
0.168934
0.010315
0.001774
0.000108
0.000107
0.000344
0.000034
0.000066
0.000067
0.000059
0.000062
0.000055
0.000046
0.000837
0.000785
0.000824
0.000811
0.000689
0.000201
0.016286
0.070962
0.072531
0.074763
0.076241
0.085405
0.031006
0.021916
0.010304
0.009674
0.000075
0.000038
0.000031
0.000032
0.000017
0.000012
0.000019
0.000025
0.000016
0.000074
0.000018
0.000019
0.000347
0.000425
0.000476
0.000585
0.000547
0.000580
0.000926
0.001082
0.000826
0.000868
0.000734
0.000756
0.000828
0.005501
0.005597
0.005968
0.005931
0.004337
0.004213
0.012509
0.013499
0.016046
0.039806
0.061096
0.099693
0.580259
0.815041
0.918085
1.095416
1.161918
1.194079
1.178638
0.035932
0.028765
0.006613
0.003357
0.013178
0.014711
0.015990
0.017530
0.019983
0.022696
0.022678
0.022468
0.032780
0.032704
0.038130
0.042671
0.304559
0.288674
0.225991
0.235187
0.380845
0.157097
0.373689
0.391584
0.415475
0.367642
0.319617
0.004453
0.301353
0.296037
0.266514
0.239310
0.227892
0.216689
0.183053
0.164090
0.091855
0.049398
0.031831
0.024736
0.017056
0.015935
0.015160
0.001746
0.001245
0.001099
0.000730
0.001225
0.001319
0.001644
0.002919
0.007054
0.009356
0.008802
0.008950
0.009208
0.012388
0.013960
0.014928
0.015362
0.015879
0.014605
0.021031
0.031356
0.036910
0.038497
0.039353
0.040485
0.041192
0.042033
0.041985
0.044376
0.023327
0.017166
0.017751
0.018065
0.017865
0.013170
0.017711
0.021154
0.024986
0.024958
0.025321
0.032894
0.016877
0.028026
0.000433
0.000353
0.001316
0.001155
0.001161
0.001118
0.001146
0.001170
0.001105
0.001098
0.004003
0.003877
0.004002
0.004280
0.003771
0.003516
0.000089
0.015466
0.011633
0.214230
0.262472
0.326386
0.382100
0.552495
0.613777
0.821850
1.092617
1.237199
1.411957
1.615181
1.851673
1.942604
2.049022
2.210887
2.238808
2.255072
2.218315
2.159145
0.000000
1.963327
1.682708
1.438366
1.243960
1.022803
0.019860
0.010791
0.006721
0.005054
0.000005
0.000003
0.000001
0.000001
0.000001
0.000001
0.000001
0.000000
0.000000
0.000001
0.000001
0.000000
0.000000
0.000000
0.000001
0.000001
0.000006
0.007131
0.007675
0.000001
0.000001
0.000001
0.000001
0.000000
0.000000
0.000000
0.000001
0.000001
0.000000
0.000000
0.000001
0.000002
0.000002
0.000003
0.000005
0.000001
0.000001
0.000001
0.000005
0.000001
0.000018
0.000001
0.000001
0.000002
0.000002
0.000001
0.000001
0.000001
0.000000
0.000001
0.000000
0.000001
0.000002
0.000001
0.000004
0.000000
0.000001
0.000000
0.000001
0.000003
0.000004
0.000003
0.000001
0.000001
0.000000
0.000000
0.000000
0.000000
0.000000
0.000000
0.000003
0.000001
0.000001
0.000001
0.000001
0.000001
0.000001
0.000001
0.000000
0.000001
0.000001
0.000001
0.000000
0.000000
0.000005
0.000001
0.000001
0.000002
0.000001
0.000001
0.000002
0.000002
0.000001
0.000001
0.000001
0.000001
0.000001
0.000002
0.000000
0.000000
0.000000
0.000000
0.000001
0.000002
0.000001
0.000000
0.000001
0.000001
0.000000
0.000000
0.000000
0.000000
0.000000
0.000001
0.000001
0.000001
0.000001
0.000001
0.000000
0.000000
0.000000
0.000000
0.000000
0.000000
0.000000
0.000000
0.000000
0.000001
0.000000
0.000000
0.000000
0.000001
0.000000
0.000000
0.000000
0.000000
0.000000
0.000000
0.000000
0.000000
0.000000
0.000000
0.000000
0.000000
0.000000
0.000000
0.000000
0.000000
0.000000
0.000000
0.000000
0.000001
0.000000
0.000001
0.000000
0.000000
0.000000
0.000000
0.000000
0.000000
0.000000
0.000000
0.000000
0.000000
0.000000
0.000001
0.000000
0.000000
0.000000
0.000000
0.000000
0.000000
0.000000
0.000000
0.000001
0.000001
0.000000
0.000001
0.000001
0.000001
0.000000
0.000001
0.000000
0.000001
0.000001
0.000001
0.000000
0.000000
0.000000
0.000000
0.000001
0.000001
0.000000
0.000000
0.000000
0.000000
0.000000
0.000000
0.000001
0.000002
0.000003
0.000001
0.000001
0.000001
0.000001
0.000001
0.000000
0.000000
0.000001
0.000001
0.000001
0.000000
0.000000
0.000001
0.000002
0.000002
0.000004
0.000009
0.000794
0.011763
0.012649
0.018102
0.017663
0.001160
0.007058
0.000003
0.000002
0.000003
0.000003
0.000013
0.000008
0.000003
0.000003
0.017113
0.366209
0.329656
0.201985
0.157069
0.132700
0.121233
0.064828
0.034253
0.024228
0.000124
0.000004
0.000001
0.000002
0.000004
0.000006
0.000006
0.000006
0.000003
0.000003
0.000005
0.000007
0.000008
0.000012
0.000005
0.000008
0.000254
0.013910
0.023412
0.033489
0.046273
0.062630
0.070094
0.070666
0.069765
0.072386
0.072983
0.071153
0.046078
0.046422
0.045042
0.045219
0.019854
0.014404
0.013889
0.001654
0.002009
0.029754
0.054167
0.066814
0.004482
0.000305
0.000333
0.000153
0.000087
0.000065
0.000023
0.000034
0.000033
0.000506
0.000091
0.000088
0.000059
0.000099
0.000184
0.000181
0.001078
0.011615
0.011935
0.012208
0.012266
0.012351
0.015718
0.015806
0.015924
0.016676
0.017037
0.017243
0.019979
0.050493
0.060159
0.063537
0.064746
0.055041
0.030721
0.000281
0.027604
0.036464
0.342480
0.367025
0.391457
0.415697
0.449853
0.472424
0.513011
0.528879
0.512210
0.548891
0.477949
0.461361
0.448655
0.446557
0.002467
0.364217
0.003861
0.011547
0.481935
0.522402
0.591523
0.622631
0.019343
0.000106
0.000081
0.000106
0.000076
0.000542
0.001138
0.001325
0.001441
0.002435
0.003248
0.003409
0.003705
0.004824
0.002746
0.001756
0.002378
0.000714
0.024500
0.026393
0.020371
1.527535
1.722650
1.934037
2.221067
2.751572
3.151014
3.753710
4.391479
5.348238
6.241400
7.040747
7.338639
7.910345
8.257898
8.275925
8.304428
8.335178
8.373136
8.420216
8.452073
8.539003
8.571079
8.605838
8.826547
8.894343
8.897509
8.911530
8.942519
8.967246
8.982190
8.984929
8.986196
8.983094
8.964363
8.949561
8.940898
8.856236
8.742098
8.505267
8.428941
8.034129
0.126039
0.122465
0.101450
0.091474
0.086005
0.085700
7.592039
7.467791
7.586404
7.638410
7.698616
7.796389
7.896640
0.008928
0.008771
0.011856
8.009473
8.247685
8.548480
8.735855
8.793291
8.853973
8.880951
8.891380
8.898058
8.900336
8.901067
8.901557
8.901664
8.901671
8.902033
8.901939
8.900895
8.896943
8.373313
8.361953
8.341340
8.308852
8.279254
8.255116
8.187265
8.106812
8.030728
7.960893
7.491951
6.735505
0.674069
0.263591
0.074635
0.070710
0.065242
0.059306
0.502131
6.166262
6.980690
7.240001
7.341266
7.459580
7.565461
7.697755
7.930759
7.962922
7.967569
7.971462
7.978427
7.995522
8.007064
0.000376
0.000178
0.000136
0.000071
0.000044
0.000035
0.000036
0.000041
0.000092
0.000146
0.000276
0.000361
7.870001
7.945060
7.973161
0.019650
0.018051
0.018266
0.015107
7.980132
8.042387
8.076115
8.104033
8.138733
8.188338
8.253020
8.267131
8.267495
8.231434
0.000853
0.000378
0.000151
0.000055
0.000039
0.000010
0.000005
0.000002
0.000001
0.000001
0.000001
0.000001
0.000001
0.000002
0.000017
0.000018
0.000002
0.000001
0.000000
0.000002
0.000001
0.000001
0.000003
0.000002
0.000003
0.000012
0.000048
0.000065
0.000096
0.000183
8.465188
8.546811
8.537371
8.530684
8.248256
8.023013
7.975165
7.924306
7.864741
7.799257
7.777032
7.704828
7.592279
7.339725
7.156101
0.155411
0.095369
0.090616
0.078853
0.068237
0.062215
0.059057
0.049833
0.003275
0.003437
0.003534
0.004026
0.000103
0.000192
0.000225
0.000032
0.000035
0.000029
0.000036
0.022176
6.649787
6.810361
7.013584
7.297780
7.421862
7.698368
7.753949
7.750176
7.750324
7.691833
7.695301
7.701180
7.885621
7.922026
7.950681
7.982405
7.992403
7.990322
7.989548
7.988519
7.984222
7.976707
8.528120
8.493286
8.466782
8.180359
8.168776
8.158561
8.144088
8.133228
8.109758
8.022683
7.840507
7.656694
7.504524
7.314943
0.173650
8.185557
8.203651
8.205887
8.207446
8.208075
8.208258
8.208513
8.208771
8.209548
8.210584
8.211789
8.212095
8.214255
8.223313
8.236473
8.238687
8.238358
7.796379
6.803458
5.486029
0.227434
0.179083
5.063784
6.417394
6.911294
7.271319
7.838303
7.883916
7.901516
7.925454
7.933897
7.938755
7.946241
7.955373
7.958386
7.955996
7.948073
0.048354
0.043149
0.037353
0.035638
0.031838
7.773539
7.849074
7.887744
7.847216
7.787845
7.763405
7.705962
7.658597
7.588046
7.568368
7.528376
0.015468
0.013723
0.010946
0.012183
7.511247
7.520947
7.537321
7.560406
0.001159
0.004536
0.005581
0.005763
7.570881
7.561556
7.504235
7.345016
6.999184
6.682324
0.017657
6.517655
6.436645
6.373008
0.000328
0.000149
0.000149
0.000159
0.000313
0.000025
0.000013
0.000016
0.000016
0.000016
0.000065
0.000088
0.000240
0.001285
6.317734
6.269512
6.237137
6.221716
6.211314
6.207585
6.205827
6.132141
6.066185
5.990519
5.936494
0.044053
0.030164
0.000240
0.014190
0.012574
0.000292
0.000339
0.000346
0.000292
0.000563
0.010867
6.087615
6.102151
5.995801
5.268615
4.751135
4.083574
3.659200
0.082908
0.085846
0.079094
0.075737
0.073575
0.071976
0.070928
0.072644
2.893910
0.072594
0.069323
0.069521
0.072191
2.268320
1.649966
1.396641
1.157587
1.069057
0.880663
0.772300
0.528884
0.427568
0.380595
0.034836
0.010324
0.001235
0.002018
0.014662
0.171996
0.149353
0.070541
0.059576
0.046423
0.043394
0.041409
0.043502
0.029775
0.027922
0.018496
0.017940
0.017619
0.017286
0.008589
0.008429
0.008257
0.006049
0.005983
0.005904
0.005799
0.006200
0.004888
0.004634
0.004215
0.003367
0.003274
0.036118
0.037054
0.036834
0.035616
0.035738
0.036828
0.036279
0.001357
0.036672
0.036803
0.031791
0.030797
0.006850
0.000073
0.000077
0.000046
0.000151
0.003696
0.003508
0.003506
0.003590
0.003772
0.007084
0.007386
0.007712
0.008402
0.007788
0.006889
0.000673
0.000624
0.017652
0.019673
0.023018
0.055009
0.119029
0.146305
0.156595
0.163761
0.171456
0.172777
0.162578
0.137556
0.123326
0.110780
0.089701
0.075812
0.075681
0.075577
0.072360
0.074203
0.074413
0.074749
0.074956
0.075651
0.076059
0.076552
0.076987
0.077481
0.077882
0.078199
0.000691
0.001127
0.109350
0.109674
0.108926
0.108623
0.004682
0.093224
0.098234
0.099706
0.098808
0.086773
0.084749
0.081720
0.078938
0.077448
0.000123
0.000090
0.000060
0.000067
0.000069
0.000053
0.000025
0.002780
0.002920
0.002458
0.001994
0.000890
0.004679
0.004753
0.004786
0.004882
0.004989
0.004995
0.004989
0.004960
0.004965
0.004954
0.004962
0.004961
0.004986
0.005029
0.005056
0.005077
0.076981
0.078525
0.087585
0.090274
0.090519
0.091306
0.090994
0.089694
0.094514
0.093896
0.093437
0.092005
0.090842
0.012150
0.011798
0.004345
0.003863
0.003402
0.000110
0.000087
0.000075
0.000075
0.000083
0.000005
0.000007
0.000008
0.000002
0.000001
0.000003
0.000002
0.000003
0.000008
0.000012
0.000017
0.001050
0.001051
0.000999
0.000962
0.000909
0.000823
0.000835
0.000810
0.000812
0.000838
0.000900
0.000977
0.001137
0.001197
0.001229
0.001262
0.001302
0.001296
0.001164
0.000114
0.000106
0.000014
0.000003
0.000004
0.000018
0.000014
0.000007
0.000008
0.000002
0.000002
0.000002
0.000002
0.000003
0.000005
0.000008
0.000401
0.000501
0.000629
0.000648
0.000855
0.001044
0.008825
0.011414
0.012309
0.001183
0.001213
0.004845
0.004983
0.005031
0.005037
0.005040
0.005035
0.005034
0.004988
0.004445
0.086602
0.085777
0.081025
0.082313
0.081772
0.080383
0.079148
0.073092
0.066479
0.059895
0.025302
0.015171
0.014533
0.001326
0.000331
0.000286
0.000232
0.000759
0.001024
0.001271
0.001253
0.001317
0.001269
0.001267
0.004346
0.004057
0.003766
0.003725
0.002813
0.001703
0.003959
0.003960
0.003034
0.002946
0.002552
0.000355
0.000367
0.000394
0.000433
0.004701
0.004984
0.005024
0.005033
0.005038
0.005043
0.005044
0.005057
0.005249
