0.004804
0.000207
0.000191
0.000000
0.000054
0.000083
0.000088
0.000138
0.000166
0.000135
0.000001
0.000004
0.000003
0.000003
0.000001
0.000002
0.003164
0.004880
0.005208
0.011628
0.025689
0.230921
0.238336
0.665530
0.870174
1.280793
3.365965
3.894098
4.435750
4.801728
5.046645
5.165442
5.217339
5.283148
5.331683
5.338220
5.351541
5.365425
5.376706
5.387520
5.404227
5.421421
5.435988
5.481402
5.477996
5.470010
5.464283
5.611545
5.566408
0.002496
0.002246
5.530493
5.509434
5.472141
5.343847
4.985661
5.062025
5.268127
5.388578
5.487235
5.548159
5.557451
5.562500
5.563811
5.566229
5.567156
5.569620
5.571442
5.571024
5.570029
5.570619
5.569664
5.570265
5.751815
5.751782
5.752333
5.750754
5.750759
5.904794
5.917384
5.951124
5.956967
5.954148
5.951677
5.949517
5.951109
5.953348
0.000103
0.000010
0.000008
0.000006
0.000005
0.000007
0.000009
0.000010
0.000018
0.000086
0.000039
0.000019
0.000047
0.000015
0.000016
0.000005
0.000035
0.000025
0.000093
0.000092
0.000206
0.000417
0.000613
0.005411
6.029336
6.034259
6.042886
6.053399
6.064639
6.082268
6.087963
6.096297
6.097546
6.099863
6.094234
6.064850
6.046519
6.032042
6.018873
5.992023
6.287835
6.358478
6.393582
6.398515
6.398717
6.398752
6.398631
6.398398
6.398255
6.593493
6.593684
6.597238
6.596532
6.600553
6.610862
6.615666
6.618811
6.621548
6.623013
6.624205
6.622883
6.620050
6.616879
6.609676
6.608774
6.605833
6.598394
6.590134
6.589128
6.590845
6.592892
6.595172
6.601199
6.610233
6.619110
6.623658
6.624667
6.624684
6.624638
6.624677
6.624750
6.624737
6.624570
6.623030
6.620030
6.608807
6.593646
6.328805
0.001713
0.000819
0.000465
0.000270
0.000257
0.000239
0.000238
0.000230
0.000229
0.000230
0.000231
0.000239
0.000251
0.000277
0.000335
0.000435
0.000833
0.001275
6.120816
6.155964
6.320127
6.337359
6.349544
6.351761
6.352354
6.537533
6.603422
6.595945
6.437321
6.437272
6.436819
6.433352
6.428475
6.406865
6.342550
6.190122
6.062268
5.518288
4.764635
3.591589
0.115491
0.000985
0.000828
0.000747
0.000650
0.000803
0.000855
0.001625
0.034290
0.001931
4.103959
5.052459
0.063489
5.114080
0.420778
0.111549
0.031773
4.537867
0.731393
4.164051
0.127408
4.379139
4.856584
5.162871
5.521241
5.653208
5.823304
5.879007
5.924350
5.882559
5.874333
5.862920
5.824048
5.596930
5.407305
4.913448
5.701466
6.066471
6.294903
6.363001
6.449319
6.451767
6.453176
6.456752
6.456104
6.455443
6.455862
6.454184
6.453879
6.454356
6.452811
6.498045
6.506666
6.407066
6.389233
6.317698
6.375859
6.382037
6.377701
6.397411
6.424933
6.417721
6.415289
6.417487
6.429536
6.434142
6.417792
6.402209
6.600942
6.475837
6.255515
0.098387
0.055360
6.107656
0.090967
5.948583
0.032736
0.046146
0.083040
6.072940
6.265965
6.512716
6.661286
6.654756
6.673733
6.677862
6.623790
6.592051
6.553395
0.008560
6.582819
6.521936
0.015516
0.002412
0.001724
0.001183
0.001038
0.000955
0.001020
0.001129
0.001270
0.011051
0.008012
6.365719
6.551599
6.619393
6.620427
6.621463
6.623231
6.626753
6.629009
6.624862
6.613953
6.610328
0.000400
0.000299
0.000192
0.000693
0.000528
0.000436
0.002079
0.002757
6.648251
6.661823
6.660406
6.650531
6.642736
6.634236
6.633746
6.606958
6.562722
6.544866
0.050994
6.511125
6.568102
6.696333
6.716085
6.918548
6.979152
7.014165
7.016227
7.018565
7.019017
7.019712
7.007396
6.963015
6.889286
6.889880
6.888287
6.887199
6.887245
6.887118
6.887013
6.887263
6.887770
6.888095
6.888473
6.949423
7.452462
7.455264
7.451396
7.449606
7.441444
7.423855
7.415191
0.006034
0.002475
0.002509
0.002631
7.422646
7.437605
7.454062
7.471236
7.516871
7.644847
7.675343
7.699612
7.710143
7.712353
7.712580
7.712524
7.709113
7.707056
7.704063
7.702039
7.685879
7.594097
7.479334
7.467602
7.423167
7.380058
7.356825
7.326834
7.293268
7.269565
7.235648
7.237688
7.248098
7.152948
7.106007
6.924867
6.504341
6.087092
5.714428
0.923422
0.753225
3.367676
3.816307
4.469787
4.964144
5.534817
6.063856
6.438444
6.533513
6.607543
6.612943
5.712731
4.928660
4.220173
3.678482
3.164911
2.804228
2.240714
0.023434
1.634729
1.378268
1.167868
0.791928
0.084525
0.054208
0.045788
0.006283
0.012891
0.022622
0.023853
0.023934
0.000000
0.034080
0.598880
0.625199
0.700437
0.732041
0.775433
0.797957
0.825285
0.815026
0.068509
0.997930
1.090064
1.002315
0.905787
0.000742
0.003198
0.579725
0.510979
0.044818
0.016985
0.001352
0.002991
0.099806
0.098318
0.101570
0.009501
0.393190
0.418140
0.558328
0.585440
0.571386
0.605699
0.660690
0.638583
0.610785
0.584071
0.002517
0.439154
0.308724
0.191949
0.083312
0.059688
0.058132
0.004021
0.000159
0.000762
0.000080
0.000107
0.000125
0.002743
0.003164
0.004321
0.004462
0.004552
0.004501
0.000642
0.555014
0.581279
0.602003
0.608447
0.665415
0.690209
0.681276
0.670470
0.654549
0.528531
0.498294
0.192321
0.168196
0.000992
0.000585
0.003226
0.006140
0.054796
0.066190
0.064315
0.073296
0.074999
0.000812
0.034238
0.098659
0.113636
1.515129
1.710763
1.893858
2.134514
2.428795
2.754640
3.218971
3.694774
4.224283
4.898985
5.739109
6.879606
7.301704
7.410269
7.428606
7.438764
7.440711
7.441556
7.439878
7.424970
7.412259
7.409439
7.408134
7.406101
7.394680
7.310727
7.188927
7.439290
7.435386
7.398443
7.346217
7.221511
7.141100
6.943785
0.019033
0.017191
6.859881
6.858250
0.001112
0.000922
0.000325
0.000282
0.000195
0.000230
0.000222
0.001159
6.833586
6.837089
6.835364
0.002986
0.003813
0.004680
6.878199
6.884337
6.888895
7.017501
7.048225
0.002950
0.000397
0.000201
0.000095
0.000051
0.000021
0.000011
0.000008
0.000006
0.000006
0.000006
0.000009
0.000026
0.000059
0.000093
0.000187
0.000495
6.937930
7.106626
0.001252
0.000705
0.000149
0.000075
0.000029
0.000013
0.000009
0.000008
0.000028
0.000015
0.000007
0.000010
0.000130
0.000862
0.000051
0.000038
0.000036
0.000101
0.000029
0.000038
0.000042
0.000050
0.000026
0.000029
0.000071
0.000445
0.000746
7.114586
7.134777
7.145123
7.159856
7.174289
7.183604
7.196735
7.201562
7.204933
7.122444
7.119363
7.112264
7.106775
7.085113
6.943958
6.669882
6.430498
0.111672
0.085237
0.000228
0.000152
0.000105
0.003985
0.003415
0.030943
0.028948
0.027356
0.136593
5.128807
4.871375
0.146717
4.905507
0.098703
0.111002
0.008572
0.122656
0.162427
0.293081
6.097996
6.800319
7.000712
7.101014
7.164354
7.189722
7.212091
7.234186
7.238685
7.244642
7.317384
7.318480
7.310395
7.304681
7.297765
7.241098
7.195576
6.997866
6.987823
6.926976
6.915538
6.993951
6.966844
6.785360
0.000867
0.000582
0.000489
0.000155
0.000153
6.481474
6.156522
5.867575
5.557694
4.758967
4.128814
3.525210
0.197516
0.175948
0.064466
2.207791
0.003375
0.000615
0.000537
0.000259
0.000109
0.000092
0.000154
0.000119
0.000113
0.000122
0.006659
0.011326
0.027549
0.053440
0.138471
0.302328
2.227529
2.373170
0.005944
0.000060
0.000052
0.000064
0.000107
0.000197
0.000452
0.000672
0.013826
0.016647
0.149590
4.006963
4.800617
6.003856
6.709961
7.331372
7.586149
7.742554
7.758541
7.766409
7.768578
7.768954
7.769091
7.768826
7.767460
7.766074
7.766734
7.768197
7.765887
7.761204
7.760304
7.762159
7.763243
7.765332
7.768038
7.768308
7.768248
7.767769
7.767743
7.768069
7.767409
7.756379
7.751470
7.750873
7.750399
7.746189
7.739991
7.734748
7.729857
7.695971
7.673242
7.659374
7.650946
7.603657
7.550053
7.492875
7.345624
7.243855
0.044509
7.161023
7.137764
7.095927
7.067523
0.096434
7.346896
7.393590
7.446237
7.513039
7.515135
7.514356
7.515799
7.517075
7.519320
7.518588
7.518309
7.518865
7.521147
7.523316
7.523738
7.525499
7.527383
7.527962
7.524920
7.518628
7.504706
7.492827
7.490358
7.493171
7.500496
7.510358
7.512583
7.510486
7.511427
7.489323
7.488942
7.489005
7.490552
7.493308
7.498255
7.497911
7.496855
7.494331
7.488200
7.485900
7.487126
7.477744
7.386899
7.314263
7.293921
7.159300
7.166662
7.179704
7.168428
7.247849
7.249791
7.232064
7.224084
7.224456
7.099075
0.023824
6.978683
6.968009
6.979822
6.997765
7.173514
7.169396
7.178354
7.173896
7.185419
7.200528
7.218067
7.220498
7.190939
7.100309
7.437485
7.581787
7.660406
7.705896
7.697722
7.691031
7.685553
7.685964
7.684984
7.654979
7.635682
7.627398
7.617199
7.500736
7.460674
7.354160
7.244467
7.052271
6.708862
6.449173
0.064835
6.080687
6.015823
6.039376
0.012795
0.180246
6.303442
6.422482
6.509181
6.629023
6.708424
6.706564
6.670189
6.531815
6.088797
5.120896
4.352605
3.676486
3.086199
2.523146
2.055764
0.012301
0.000933
0.000753
0.000377
0.000185
0.000091
0.000102
0.000147
0.000108
0.407820
0.363197
0.194478
0.142687
0.035989
0.002258
0.001523
0.037413
0.042391
0.040920
0.039248
0.037915
0.035946
0.033221
0.032420
0.031051
0.029654
0.028619
0.028326
0.027819
0.027364
0.025577
0.024899
0.008773
0.005388
0.003056
0.002958
0.002562
0.000980
0.004852
0.005342
0.000096
0.000058
0.000052
0.000059
0.000090
0.000139
0.000152
0.000209
0.011770
0.013857
0.019915
0.015431
0.018911
0.019644
0.020008
0.020400
0.020239
0.007938
0.007123
0.006714
0.005567
0.004449
0.001692
0.000038
0.000049
0.001736
0.001674
0.001607
0.001598
0.001845
0.002138
0.002082
0.002253
0.009914
0.027523
0.031684
0.034823
0.053117
0.056285
0.061311
0.041533
0.051950
0.048549
0.045226
0.037387
0.002408
0.001746
0.001086
0.000141
0.000168
0.000033
0.000026
0.000008
0.000008
0.000012
0.000026
0.000020
0.000012
0.000013
0.000014
0.000012
0.000017
0.000022
0.000029
0.000031
0.000054
0.000033
0.000017
0.000025
0.000066
0.000122
0.000176
0.000313
0.003156
0.013765
0.020241
0.025249
0.026381
0.028977
0.030891
0.030647
0.031846
0.032012
0.032471
0.032590
0.033301
0.032822
0.002229
0.000979
0.000140
0.000031
0.000017
0.000015
0.000314
0.015149
0.015169
0.014930
0.014909
0.000011
0.000006
0.000007
0.000005
0.000008
0.000004
0.000004
0.000008
0.000008
0.000021
0.000004
0.000004
0.000008
0.000011
0.000013
0.000012
0.000020
0.000015
0.000006
0.000008
0.000015
0.000011
0.000012
0.000035
0.000038
0.000009
0.000006
0.000006
0.000007
0.000005
0.000005
0.000004
0.000006
0.000004
0.000002
0.000005
0.000004
0.000005
0.000003
0.000005
0.000003
0.000004
0.000003
0.000005
0.000005
0.000004
0.000009
0.000006
0.000005
0.000008
0.000007
0.000008
0.000009
0.000011
0.000011
0.000013
0.000023
0.000020
0.000039
0.000032
0.000060
0.000049
0.000042
0.000035
0.000044
0.000040
0.000018
0.000015
0.000014
0.000020
0.000024
0.000026
0.000021
0.012858
0.026994
0.027808
0.027495
0.027392
0.027034
0.026439
0.011346
0.010533
0.010393
0.010158
0.009451
0.009260
0.008320
0.012299
0.011555
0.011117
0.010842
0.001228
0.000957
0.000698
0.000589
0.016225
0.020922
0.095158
0.091678
0.643118
0.958999
1.234685
1.672801
1.776311
1.895409
0.113792
0.158157
0.187099
0.192487
0.200985
0.206907
0.247554
0.000011
0.000011
0.000010
0.000021
0.000020
0.000011
0.000013
0.000020
0.000015
0.000008
0.000007
0.000008
0.000003
0.000003
0.000015
0.000015
0.000016
0.000015
0.000006
0.000007
0.000008
0.000007
0.000011
0.000024
0.000055
0.000049
0.000025
0.000019
0.000018
0.000011
0.000028
0.000023
0.000034
0.000038
0.000028
0.000085
0.000093
0.000090
0.000088
0.000103
0.000214
0.000723
0.006875
0.011980
0.323499
3.119426
3.597473
3.921965
4.342536
4.870304
5.233781
5.630063
5.995576
6.146359
6.274324
6.417112
6.448384
6.523363
6.616777
6.774680
6.852552
6.924948
0.017841
7.101745
7.215440
7.304549
7.368831
7.409787
7.409113
7.377133
7.309407
7.110599
6.755159
5.856370
4.890175
4.185611
3.582925
3.080832
2.649045
0.047507
0.039659
0.035046
0.004240
0.000299
0.000232
0.004768
0.004273
0.003707
0.003650
0.003666
0.003570
0.003570
0.003550
0.003526
0.003484
0.005482
0.004967
0.000702
0.001025
1.453710
1.323817
1.206338
1.021902
0.866431
0.055906
0.051637
0.047903
0.046877
0.033553
0.012002
0.003997
0.002949
0.002560
0.004309
0.003302
0.000150
0.000105
0.004080
0.051842
0.056571
0.057248
0.072391
0.115570
0.108852
0.417543
0.453554
0.486996
0.203226
0.006121
0.020626
0.020483
0.020074
0.020074
0.019987
0.019800
0.019303
0.019019
0.017898
0.004405
0.000221
0.000195
0.000125
0.000133
0.000032
0.000029
0.000130
0.000161
0.000193
0.005102
0.005249
0.005597
0.000031
0.000027
0.000058
0.003752
0.004642
0.118122
0.133492
0.141184
0.149550
0.164395
0.198434
0.233298
0.401142
0.419834
0.441267
0.455831
0.460715
0.472022
0.458349
0.431866
0.426485
0.404769
0.378457
0.340798
0.316740
0.010070
0.003127
0.045134
0.051167
0.049396
0.046634
0.039377
0.033479
0.029934
0.012275
0.008134
0.003309
0.003959
0.002952
0.003030
0.002999
0.002955
0.002800
0.011781
0.012290
0.012804
0.013906
0.014994
0.016385
0.017962
0.018700
0.011952
0.011959
0.011563
0.011744
0.011497
0.011459
0.002991
0.002917
0.002951
0.003074
0.003177
0.003434
0.004934
0.004771
0.014282
0.014507
0.014770
0.014646
0.010808
0.071790
0.086699
0.085692
0.084780
0.083446
0.080550
0.077120
0.014962
0.000100
0.000072
0.000079
0.000076
0.001013
0.030070
0.030392
0.069834
0.110674
0.137457
0.143362
0.142431
0.143417
0.143435
0.142420
0.138453
0.132727
0.000597
0.000622
0.000341
0.000165
0.000269
0.107848
0.105208
0.000542
0.061226
0.073090
0.076039
0.069464
0.090092
0.097988
0.106781
0.118412
0.144252
0.149623
0.159460
0.007418
0.000408
0.000251
0.000231
0.007714
0.146335
0.163203
0.175737
0.214608
0.228182
0.218932
0.064308
0.062535
0.014158
0.013730
0.016311
0.023466
0.068090
0.099534
0.100177
0.605352
0.703596
0.814876
0.902120
0.996779
1.098230
1.318935
0.001205
0.007552
0.001748
0.000035
0.000047
0.000029
0.000028
0.000030
0.000041
0.000037
0.000042
0.000062
0.000066
0.000054
0.000151
0.000275
0.000413
0.000976
0.000558
0.006451
0.039029
1.963287
2.301576
0.004579
3.612605
4.382501
5.254681
6.455206
8.005267
8.055233
8.124532
8.228971
8.305355
8.359517
8.389285
8.435744
8.453768
8.455528
8.456697
8.455272
8.447707
8.400458
8.268637
8.186246
8.086547
8.007315
7.942925
7.884571
7.822045
7.689725
7.633446
7.584033
7.552277
7.511083
7.462445
7.424935
7.387350
7.100923
7.089909
7.178732
7.196158
7.203902
7.382347
7.393243
7.378939
7.372213
7.378930
7.419446
7.443884
7.475806
7.535162
7.588598
7.597850
7.614200
0.005995
0.002694
0.000546
0.000290
0.000098
0.000096
0.000093
0.000087
0.000064
0.000017
0.000028
0.000019
0.000036
0.000219
0.000139
0.000038
0.000018
0.000017
0.000045
0.000167
0.000151
0.000034
0.000040
0.000087
0.000192
0.000048
0.000024
0.000019
0.000011
0.000012
0.000008
0.000007
0.000008
0.000018
0.000017
0.000019
0.000008
0.000009
0.000008
0.000022
0.000009
0.000007
0.000025
0.000022
0.000023
0.000014
0.000014
0.000021
0.000005
0.000034
0.000259
0.000063
0.000054
0.000013
0.000012
0.000004
0.000002
0.000002
0.000001
0.000001
0.000001
0.000004
0.000001
0.000002
0.000003
0.000002
0.000002
0.000005
0.000004
0.000002
0.000002
0.000006
0.000015
0.000002
0.000001
0.000002
0.000002
0.000002
0.000004
0.000003
0.000002
0.000002
0.000002
0.000003
0.000005
0.000005
0.000004
0.000007
0.000002
0.000002
0.000002
0.000001
0.000002
0.000001
0.000002
0.000002
0.000002
0.000002
0.000000
0.000000
0.000001
0.000000
0.000000
0.000000
0.000001
0.000001
0.000002
0.000003
0.000004
0.000001
0.000002
0.000004
0.000003
0.000003
0.000003
0.000003
0.000002
0.000006
0.000001
0.000001
0.000002
0.000000
0.000000
0.000003
0.000001
0.000000
0.000000
0.000000
0.000000
0.000000
0.000000
0.000000
0.000000
0.000000
0.000000
0.000000
0.000000
0.000000
0.000002
0.000001
0.000001
0.000001
0.000000
0.000000
0.000000
0.000000
0.000000
0.000000
0.000000
0.000000
0.000000
0.000000
0.000000
0.000000
0.000000
0.000000
0.000000
0.000002
0.000000
0.000001
0.000000
0.000000
0.000000
0.000000
0.000000
0.000000
0.000000
0.000000
0.000000
0.000000
0.000000
0.000000
0.000000
0.000000
0.000000
0.000000
0.000000
0.000000
0.000000
0.000000
0.000000
0.000000
0.000000
0.000000
0.000000
0.000000
0.000000
0.000000
0.000000
0.000000
0.000000
0.000000
0.000000
0.000000
0.000000
0.000000
0.000000
0.000001
7.503646
7.512440
7.527181
7.541543
7.546645
7.548900
7.548050
7.493291
7.241746
7.005260
6.760996
6.473847
5.645181
5.044538
4.634570
4.048589
3.617382
0.000001
0.000001
0.000000
0.000000
0.000000
0.000000
0.000000
0.000000
0.000000
0.000000
0.000000
0.000000
0.000000
0.000000
0.000000
0.000000
0.000000
0.000000
0.000000
0.000000
0.000000
0.000000
0.000000
0.000000
0.000000
0.000000
0.000000
0.000000
0.000000
0.000000
0.000000
0.000000
0.000000
0.000000
0.000000
0.000000
0.000000
0.000000
0.000000
0.000000
0.000000
0.000000
0.000000
0.000000
0.000000
0.000000
0.000000
0.000000
0.000000
0.000000
0.000000
0.000000
0.000000
0.000000
0.000000
0.000000
0.000000
0.000000
0.000000
0.000000
0.000000
0.000000
0.000000
0.000000
0.000000
0.000000
0.000000
0.000000
0.000000
0.000000
0.000000
0.000000
0.000000
0.000000
0.000000
0.000000
0.000000
0.000000
0.022658
0.020973
0.019414
0.043800
0.000001
0.000001
0.000001
0.000000
0.000000
0.000000
0.000000
0.000000
0.000000
2.939659
2.847629
2.547380
2.298029
0.004045
0.002406
0.002752
0.001962
1.722307
1.608845
1.073562
0.938083
0.001118
0.058951
0.053211
0.014888
0.002833
0.000000
0.000000
0.000000
0.000000
0.000000
0.000000
0.010578
0.075640
0.345320
0.373508
0.392151
0.456537
0.480518
0.493157
0.574938
0.705618
0.990524
2.569141
3.032887
3.466914
4.000942
4.586938
5.448066
6.113770
0.000003
0.000004
0.000009
0.000000
0.000000
0.000000
0.000000
0.000000
0.000000
0.000000
0.000000
0.000000
0.000000
0.000000
0.000000
0.000000
0.000000
0.000000
0.000000
0.000000
0.000000
0.000000
0.000000
0.000000
0.000000
0.000000
0.000000
0.000000
0.000000
0.000000
0.000000
0.000000
0.000000
0.000000
0.000000
0.000000
0.000000
0.000000
0.000000
0.000000
0.000000
0.000000
0.000000
0.000000
0.000000
0.000000
0.000000
0.000000
0.000000
0.000000
0.000000
0.000000
0.000000
0.000000
0.000000
0.000000
0.000000
0.000000
0.000000
0.000000
0.000000
0.000000
0.000000
0.000000
0.000000
0.000000
0.000000
0.000000
0.000000
0.000000
0.000000
0.000000
0.000000
0.000000
0.000000
0.000000
0.000000
0.000000
0.000000
0.000000
0.000000
0.000000
0.000000
6.397553
6.603213
6.651066
6.649095
6.656688
6.651929
6.572321
6.498486
6.304531
6.228387
0.007329
0.000018
0.000002
0.000002
0.000001
0.000000
0.000000
0.000000
0.000000
0.000000
0.000000
0.000000
0.000000
0.000000
0.000000
0.000000
0.000000
0.000000
0.000000
0.000000
0.000000
0.000000
0.001347
0.000366
0.000262
0.000056
0.000025
0.000019
0.000021
0.000039
0.000037
0.000043
0.000085
0.000022
0.000009
0.000008
0.000012
0.000013
0.000028
0.000056
0.000069
0.000027
0.000008
0.000009
0.000023
0.000006
0.000004
0.000006
0.000003
0.000050
0.000031
0.000010
0.000009
0.000008
0.000004
0.000020
0.000008
0.000007
0.000008
0.000002
0.000004
0.000002
0.000004
0.000007
0.000007
0.000008
0.000021
0.000027
0.000019
0.000005
0.000002
0.000003
0.000005
0.000006
0.000010
0.000000
0.000000
0.000000
0.000000
0.000000
0.000001
0.000001
0.000000
0.000000
0.000000
0.000000
0.000000
0.000000
0.000022
0.000011
0.000003
0.000004
0.000021
0.000002
0.000002
0.000006
0.000007
0.000018
0.000021
0.000028
0.000000
0.000000
0.000000
0.000000
0.000001
0.000001
0.000001
0.000000
0.000000
0.000000
0.000000
0.000000
0.000000
0.000003
0.000001
0.000002
0.000003
0.000005
0.000007
0.000008
0.000006
0.000006
0.000000
0.000000
0.000000
0.000000
0.000000
0.000000
0.000002
0.000006
0.000019
6.050513
5.980516
5.924179
5.685129
5.422653
0.088212
0.076568
0.068028
0.003415
0.005161
0.000000
0.000008
0.000069
0.000232
4.065992
3.823625
3.245632
0.000043
0.000016
0.000009
0.000007
0.000007
0.000010
0.000003
0.000004
0.000080
0.024347
0.000075
0.036970
2.157295
0.030788
0.000146
0.000068
0.000048
0.000027
0.000021
0.000025
0.000060
0.000570
0.000507
0.000464
0.011600
0.000330
0.000274
0.000003
0.000003
0.000005
0.004579
0.004615
0.004641
0.004637
0.004924
0.000036
0.000000
0.000000
0.000001
0.000001
0.000000
0.000001
0.000003
0.000041
0.000030
0.000003
0.000002
0.000003
0.000015
0.000014
0.000004
0.000006
0.000004
0.000003
0.000002
0.000001
0.000001
0.000001
0.000000
0.000001
0.000001
0.000001
0.000001
0.000003
0.000003
0.000001
0.000003
0.000000
0.000000
0.000000
0.000000
0.000000
0.000000
0.000000
0.000001
0.000001
0.000003
0.000003
0.000037
0.000039
0.000047
0.000050
0.000001
0.000001
0.000000
0.000000
0.000000
0.000000
0.000001
0.000000
0.000000
0.000000
0.000001
0.000001
0.000009
0.000009
0.000002
0.000002
0.000008
0.000002
0.000001
0.000002
0.000002
0.000001
0.000000
0.000000
0.000001
0.000001
0.000002
0.000000
0.000000
0.000000
0.000001
0.000056
0.000079
0.000096
0.008197
