0.000474
0.000131
0.000112
0.000104
0.000088
0.000000
0.000000
0.000000
0.000004
0.000006
0.000008
0.000000
0.000000
0.000002
0.000003
0.000000
0.000005
0.002045
0.002017
0.001771
0.001658
0.001535
0.000002
0.000002
0.000002
0.001260
0.001205
0.001038
0.000059
0.000037
0.000001
0.000000
0.000000
0.000000
0.000009
0.003860
0.003963
0.005811
0.005496
0.000266
0.000241
0.000232
0.000200
0.000199
0.000204
0.000192
0.000145
0.000012
0.000010
0.000011
0.000049
0.000046
0.000048
0.000036
0.000037
0.000009
0.000008
0.000004
0.000004
0.000002
0.000001
0.000033
0.000343
0.002265
0.003446
0.003957
0.005707
0.006845
0.007261
1.477727
1.292178
0.098793
0.005391
0.111193
0.111332
0.108090
0.094823
0.088217
0.083551
0.081442
0.077189
0.073404
0.003356
0.003170
0.003049
0.000074
0.000036
0.000022
0.000026
0.000031
0.000049
0.000029
0.000044
0.000143
0.000100
0.000097
0.000130
0.002518
0.020189
0.022933
0.104416
0.113586
0.124072
0.137070
0.121853
0.031876
0.031150
0.019992
0.017611
0.000989
0.000595
0.000402
0.000059
0.000074
0.000062
0.000033
0.000001
0.000001
0.000002
0.000002
0.000001
0.000001
0.000001
0.000000
0.000001
0.000001
0.000003
0.000003
0.000004
0.000004
0.000031
0.000025
0.000033
0.000031
0.000038
0.000029
0.000030
0.000033
0.000037
0.000060
0.000103
0.000000
0.000000
0.000000
0.000001
0.000001
0.000001
0.000000
0.000002
0.000002
0.000004
0.000003
0.000002
0.000002
0.000002
0.000002
0.000001
0.000001
0.000001
0.000001
0.000003
0.000002
0.000003
0.000003
0.000004
0.000005
0.000021
0.000031
0.000027
0.000003
0.000002
0.000124
0.003840
0.002038
0.000002
0.000002
0.000001
0.000002
0.000003
0.000003
0.000002
0.000002
0.000002
0.000002
0.000003
0.000002
0.000115
0.000158
0.000004
0.000010
0.000005
0.000007
0.000015
0.000003
0.000003
0.000003
0.000006
0.000005
0.000005
0.000009
0.000006
0.000005
0.000006
0.000007
0.000022
0.000019
0.000016
0.000062
0.000020
0.000035
0.000011
0.000009
0.000006
0.000016
0.000015
0.000005
0.000009
0.000006
0.000006
0.000007
0.000008
0.000008
0.000053
0.000037
0.000026
0.000013
0.000009
0.000012
0.000011
0.000011
0.000028
0.000024
0.000016
0.000040
0.005800
0.005762
0.005675
0.005618
0.005696
0.005483
0.004679
0.004471
0.004235
0.003503
0.003165
0.003024
0.002754
0.000212
0.000125
0.000040
0.000030
0.000115
0.000054
0.000015
0.000022
0.000054
0.000039
0.000043
0.000103
0.000248
0.000170
0.000166
0.000068
0.000126
0.000158
0.000044
0.005929
0.005756
0.029738
0.029998
0.028135
0.068937
0.076658
0.088000
0.114428
0.122554
0.099160
0.089301
0.134183
0.136854
0.149481
0.167563
0.173899
0.207347
0.199128
0.191862
0.184176
0.057319
0.053300
0.053335
0.000065
0.000101
0.000146
0.000117
0.000040
0.000052
0.000140
0.000137
0.000129
0.000135
0.000125
0.000226
0.000058
0.000058
0.000080
0.000117
0.000137
0.000111
0.130832
0.208853
0.212898
0.217331
0.226678
0.231396
0.227416
0.225249
0.226150
0.230681
0.226174
0.217845
0.209990
0.103667
0.094620
0.086304
0.077553
0.073903
0.065472
0.009144
0.006538
0.002888
0.002691
0.000255
0.000292
0.024035
0.021014
0.015993
0.007817
0.007729
0.001351
0.000019
0.000016
0.000016
0.000010
0.000013
0.000012
0.000010
0.000015
0.000016
0.000055
0.000068
0.000011
0.000008
0.000006
0.000005
0.000005
0.000010
0.000014
0.000016
0.000011
0.000016
0.000009
0.000008
0.000011
0.000018
0.000498
0.042320
0.042540
0.043398
0.043673
0.043154
0.043828
0.039625
0.035032
0.032386
0.029319
0.005925
0.005614
0.005507
0.005532
0.005563
0.005582
0.005776
0.001183
0.001183
0.001255
0.001245
0.001262
0.001220
0.001148
0.001000
0.000974
0.000978
0.001099
0.000128
0.000122
0.000079
0.000018
0.000016
0.000029
0.000045
0.000088
0.000110
0.000094
0.000040
0.000019
0.000043
0.000319
0.000301
0.009205
0.011832
0.019811
0.025519
0.040624
0.054899
0.116614
0.167228
0.228933
0.346051
0.411660
0.452784
0.036167
0.035321
0.035244
0.033894
0.033006
0.001161
0.000053
0.000051
0.000073
0.000110
0.000061
0.000925
0.001146
0.000737
0.029095
1.062814
1.178415
1.308848
1.562878
1.766762
2.037261
2.349649
2.533234
2.631800
2.762680
2.941508
3.094961
3.213606
3.325945
3.460411
3.591917
0.001329
0.002525
3.573781
3.492803
3.322691
3.147999
0.004298
2.877838
2.643187
2.376344
1.115147
0.010091
0.000889
0.000399
0.000207
0.000181
0.000102
0.000117
0.000173
0.000071
0.000074
0.000150
0.000160
0.011405
0.011544
0.012846
0.012944
0.019186
0.042564
0.064751
0.075360
0.200809
0.269986
0.532280
0.910389
1.613572
3.145157
3.623133
4.128255
4.725855
5.349978
6.217065
6.963104
7.562336
7.980202
8.315386
8.587503
8.613636
8.684983
8.715753
8.720268
8.712592
8.718941
8.726990
8.759644
8.762172
8.734137
8.719327
8.714030
8.648911
8.556726
8.543731
8.455438
8.190977
7.884826
7.528782
7.233428
0.057774
0.027388
0.027225
0.025558
0.065047
6.021675
6.096453
7.026373
7.444588
7.602720
7.746580
7.891417
8.084168
8.405760
8.578756
8.745514
8.733005
8.726860
8.494731
7.167896
5.764425
4.739320
2.823146
2.186365
1.398852
1.060401
0.408427
0.362183
0.003072
0.008251
0.007900
0.007581
0.006535
0.000996
0.000252
0.000190
0.000060
0.000058
0.000062
0.000226
0.000185
0.010093
0.010566
0.010766
0.034197
0.078160
0.080911
0.106601
0.104311
0.269311
0.322370
0.361132
0.520130
0.582556
0.647378
0.006815
1.104156
0.000442
0.000141
0.000113
0.000096
0.000029
0.000031
0.000042
0.000057
0.000072
0.000021
0.000017
0.000025
0.000045
0.000059
0.000096
0.000027
0.000025
0.000020
0.000040
0.000058
0.000108
0.000120
0.000106
0.000137
0.000102
0.000115
0.004186
0.004450
0.005721
0.007824
0.008843
0.011168
3.636600
4.282801
5.032917
5.835256
6.790866
7.299153
7.729298
7.933076
8.157758
8.374555
8.408572
8.412051
8.414451
8.276083
8.045304
7.875763
7.698083
7.538595
7.191373
6.761949
6.423969
0.023382
6.085753
5.770799
0.885547
0.888710
0.000704
0.000772
0.000413
0.000304
0.000257
0.000132
0.000135
0.000075
0.000057
0.000076
0.000032
0.000032
0.000029
0.000030
0.000038
0.000036
0.000055
0.000042
0.000040
0.000026
0.000052
0.000044
0.000081
0.000073
0.000259
0.000032
0.000233
0.000160
0.000078
0.000048
0.000039
0.000053
0.000073
0.000101
0.000132
0.000158
0.000173
0.000263
0.000444
0.020080
6.523328
6.934371
7.296365
7.671108
8.115402
8.353995
8.546335
8.626207
8.729001
8.755221
8.749228
8.714873
8.713677
8.701662
8.685709
8.652542
8.609757
8.570461
8.455235
8.231419
7.917635
7.198032
6.448748
0.315942
0.044395
0.042408
0.041057
0.070552
0.156788
4.420672
0.043707
0.888240
0.138038
0.077314
4.174859
5.101286
5.797728
6.655286
7.284270
7.490042
7.813125
7.974421
8.156633
8.349084
8.510609
8.576546
8.666359
8.807592
8.797520
8.779359
8.762201
8.866793
8.822803
8.785612
8.751691
0.002686
0.001534
0.000574
0.000104
0.000058
0.000032
0.000024
0.000021
0.000019
0.000004
0.000004
0.000012
0.000016
0.000034
0.000149
0.000161
0.000183
0.000389
0.000651
0.001526
8.608998
8.544272
8.463629
8.072795
7.801897
7.654078
7.481055
7.269031
6.802364
6.553437
6.146355
5.684693
0.096279
0.091718
4.983505
5.651869
5.569330
5.556637
5.622418
5.672335
5.751559
5.878563
5.989772
6.117532
0.038617
6.349702
6.514457
6.717407
6.834195
6.991741
7.038376
6.842600
6.730720
6.666373
6.571659
6.472463
6.409407
6.384879
6.329629
5.984726
5.617761
5.243898
4.818869
4.313689
3.734992
3.361172
1.460910
1.347872
1.945316
1.922057
0.027451
0.001782
0.000416
0.000308
0.000248
0.000182
0.000212
0.000328
0.031007
0.342833
3.764733
4.042980
4.270560
4.521380
4.746940
4.955762
0.017938
0.002952
0.007815
0.010443
5.330475
5.510417
5.680862
5.890927
5.943846
6.193932
6.233428
6.245433
6.281388
0.059674
0.055832
0.038178
0.041254
6.923251
7.166188
7.330228
7.533965
7.550910
7.593706
7.598941
7.643615
7.558664
7.247644
6.442886
7.347745
7.549565
7.499946
7.474551
7.505723
7.377818
7.280817
7.151519
0.065148
6.949839
0.122828
0.025870
0.059711
0.083818
6.152654
6.332188
0.030257
6.737710
6.956892
7.108895
7.232643
7.377775
7.527540
7.769836
8.018173
8.095500
0.000088
0.000077
0.000047
0.000059
0.000187
0.000176
0.000176
0.000538
0.001217
8.170866
8.219151
8.241101
8.197322
8.112554
0.037310
0.130480
8.098759
8.231371
8.424404
8.500962
8.581621
8.465355
8.345422
8.257631
8.198556
8.152366
8.103022
8.101661
8.103650
8.094594
8.027665
7.981570
7.926999
7.879870
7.839513
7.680717
7.347548
7.232782
7.094771
6.876153
6.701346
0.012289
0.128399
5.768835
6.421723
6.967849
7.309009
7.710682
8.039409
8.273772
8.288881
8.298063
8.253261
8.193289
8.082735
8.008379
7.947881
7.842438
7.766308
7.729377
7.646644
7.362007
0.047216
7.047210
6.892923
6.671914
6.526460
6.350510
6.129128
5.593337
4.033384
3.275934
2.341197
1.877858
1.403062
0.728338
0.584279
0.362849
0.264796
0.252927
0.238028
0.224513
0.186616
0.168549
0.102231
0.080030
0.033753
0.033857
0.015323
0.009683
0.009526
0.000016
0.000014
0.000006
0.000003
0.000019
0.000020
0.000022
0.000010
0.000018
0.000008
0.000006
0.000005
0.000078
0.000018
0.000017
0.000011
0.000006
0.000009
0.000003
0.000007
0.000641
0.000614
0.000625
0.000632
0.000636
0.000650
0.000637
0.000567
0.000069
0.000010
0.000005
0.000004
0.000003
0.000004
0.000004
0.000001
0.000001
0.000001
0.000194
0.000002
0.000002
0.000000
0.000000
0.000000
0.000001
0.000001
0.000001
0.000003
0.000003
0.000001
0.000001
0.000001
0.000001
0.000003
0.000001
0.000001
0.000001
0.000001
0.000001
0.000001
0.000001
0.000001
0.000001
0.000001
0.000001
0.000001
0.000001
0.000000
0.000001
0.000031
0.000000
0.000000
0.000000
0.000000
0.000000
0.000000
0.000000
0.000000
0.000000
0.000001
0.000000
0.000001
0.008897
0.010092
0.008900
0.007472
0.012418
0.000002
0.000002
0.000001
0.000001
0.000002
0.000001
0.000001
0.000001
0.000000
0.000000
0.000000
0.000000
0.000000
0.000000
0.000000
0.000000
0.000000
0.000000
0.000000
0.000000
0.000000
0.000000
0.000000
0.000000
0.000000
0.000000
0.000000
0.000000
0.000000
0.000000
0.000000
0.000000
0.000000
0.000000
0.000000
0.000000
0.000000
0.000000
0.000000
0.000000
0.000000
0.000000
0.000000
0.000000
0.000000
0.000000
0.000000
0.000000
0.000000
0.000001
0.000000
0.000000
0.000000
0.000000
0.000000
0.000000
0.000001
0.000004
0.000072
0.000001
0.000000
0.000000
0.000000
0.000000
0.000000
0.000000
0.000000
0.000000
0.000000
0.000000
0.000000
0.000000
0.000000
0.000000
0.000000
0.000000
0.000000
0.000000
0.000000
0.000000
0.000000
0.000000
0.000000
0.000000
0.000000
0.015100
0.088168
0.121259
0.000104
0.000017
0.000027
0.000027
0.000037
0.000110
0.000242
0.000247
0.000522
0.141380
0.122604
0.119829
0.118615
0.113129
0.097608
0.003036
0.000028
0.000033
0.000028
0.002994
0.002996
0.000004
0.000004
0.000041
0.000024
0.000019
0.000014
0.000009
0.000002
0.000002
0.000003
0.000003
0.000007
0.002986
0.007333
0.007392
0.007366
0.007141
0.007738
0.010042
0.010370
0.010729
0.011271
0.011835
0.012923
0.013378
0.007872
0.008308
0.008477
0.013490
0.013570
0.013504
0.011575
0.011467
0.011043
0.000701
0.001308
0.001723
0.001901
0.002622
0.002908
0.002981
0.002983
0.003021
0.003119
0.004973
0.004972
0.005044
0.008877
0.011106
0.009669
0.009978
0.013232
0.010746
0.007774
0.007576
0.006814
0.006385
0.000477
0.000005
0.000002
0.000002
0.000001
0.000001
0.000001
0.000001
0.000001
0.000000
0.000000
0.000000
0.000001
0.000001
0.000000
0.000000
0.000000
0.000000
0.000000
0.000001
0.000000
0.000000
0.000000
0.000000
0.000000
0.000000
0.000000
0.000000
0.000000
0.000004
0.000003
0.000001
0.000001
0.000000
0.000000
0.000000
0.000000
0.000000
0.000000
0.000000
0.000000
0.000000
0.000000
0.000000
0.000000
0.000000
0.000002
0.000000
0.000000
0.000000
0.000000
0.000000
0.000000
0.000000
0.000000
0.000000
0.000000
0.000000
0.000000
0.000000
0.000000
0.000000
0.000000
0.000000
0.000000
0.000000
0.000000
0.000000
0.000000
0.000000
0.000000
0.000000
0.000000
0.000000
0.000000
0.000000
0.000000
0.000000
0.000000
0.000000
0.000000
0.000000
0.000000
0.000000
0.000174
0.017305
0.003374
0.000090
0.000031
0.000000
0.000000
0.000000
0.000000
0.000000
0.000000
0.000000
0.000021
0.000005
0.000004
0.000003
0.000001
0.000035
0.000168
0.000215
0.000088
0.001789
0.001551
0.000000
0.000000
0.000000
0.000000
0.000000
0.000000
0.000000
0.000000
0.000000
0.000002
0.000003
0.000005
0.016676
