0.020291
0.001445
0.000010
0.000006
0.000005
0.000005
0.000005
0.000001
0.000001
0.000002
0.000002
0.000504
0.000071
0.000191
0.000020
0.000070
0.000144
0.000136
0.000163
0.008178
0.009229
0.009260
0.008993
0.107272
0.104100
0.110986
0.093433
0.106631
0.065756
0.060911
0.057248
0.042186
0.040861
0.032563
0.046371
0.049141
0.062563
0.676048
0.832153
0.862497
0.889530
0.902252
0.851472
0.783100
0.042031
0.001184
0.001981
0.004222
0.731989
0.710975
0.693212
0.647096
0.609127
0.572962
0.282423
0.247450
0.011480
0.001262
0.001500
0.001730
0.001261
0.000895
0.005412
0.005607
0.017754
0.023553
0.005887
0.007496
0.008688
0.007800
0.007332
0.007874
0.004168
0.365570
0.381264
0.402092
0.394603
0.390709
0.364555
0.340097
0.253016
0.198208
0.025284
0.023827
0.019303
0.054062
0.053332
0.041640
0.063104
0.062281
0.049968
0.048765
0.047424
0.035195
0.017033
0.004103
0.003388
0.002418
0.003133
0.011268
0.030825
0.045625
0.079147
0.090001
0.104894
0.302317
0.329386
0.344841
0.365778
0.383401
0.384425
0.369757
0.351411
0.325085
0.311618
0.280955
0.270580
0.022496
0.000220
0.000126
0.000101
0.000115
0.000126
0.030838
0.031246
0.012119
0.017593
0.017616
0.014491
0.033535
0.032758
0.001439
0.000157
0.000140
0.000156
0.000113
0.002755
0.003381
0.027273
0.049839
0.067155
0.066799
0.066733
0.069660
0.071654
0.074836
0.056572
0.008796
0.000193
0.000284
0.000252
0.000548
0.000524
0.000415
0.008464
0.025731
0.070127
0.085688
0.143187
0.165700
0.554381
0.647084
0.737515
0.950326
1.106443
0.923308
0.846775
0.658743
0.528544
0.151614
0.123805
0.048126
0.013055
0.038769
0.040354
0.041464
0.043723
0.044391
0.043386
0.043030
0.042573
0.049713
0.048037
0.044411
0.041671
0.038451
0.052244
0.156495
0.169672
0.183258
0.599321
0.862213
1.072407
1.266192
1.580908
2.279715
4.451920
5.503505
6.576310
7.996131
8.063219
8.051835
8.035056
7.143931
6.351299
5.633500
4.691546
2.595381
0.826188
0.564102
0.435597
0.176515
0.103234
0.068147
3.847591
4.508607
5.152552
5.986633
6.993017
7.401920
7.693215
7.221469
6.617814
6.640193
0.525826
6.585981
6.959039
7.194995
7.532072
7.577210
7.582738
7.264962
7.683957
0.068212
7.891955
8.137111
8.488408
8.713534
8.767638
8.730228
8.686252
8.645088
8.551475
8.172869
8.168117
8.169445
8.188834
8.215794
8.216669
8.218280
8.217427
8.209451
8.204612
8.204840
8.209206
8.204011
8.200496
8.202061
8.209045
8.212079
8.217805
8.223347
8.224345
8.220785
8.221527
8.226490
8.229058
8.229159
8.227569
8.210535
8.172049
7.969170
7.691900
7.442419
0.200754
7.583616
7.834176
7.957264
8.224022
8.393692
8.521095
8.611906
8.671098
8.688595
8.731876
8.814688
8.889395
8.922265
8.953299
8.980336
8.989050
8.887347
8.758615
8.357958
8.344033
8.339752
8.318325
8.300000
8.296047
8.295423
8.294007
8.285597
8.281907
8.280393
8.273451
8.270676
8.268568
8.539103
8.547125
8.550842
8.920456
8.912036
8.748343
8.640697
8.490239
8.118549
7.909533
7.353810
0.077390
6.721327
6.586841
6.346588
6.078315
0.055200
0.858788
8.327173
8.593435
8.841307
9.056029
9.110865
9.116685
9.139084
9.165476
9.168216
9.134324
9.071870
9.023791
8.871114
8.579492
8.357771
7.713054
7.202923
6.653460
6.062953
0.124646
5.152288
4.971349
0.219808
0.067746
0.070524
0.010748
0.016243
5.617122
6.044051
6.410360
6.586615
6.725095
6.843003
6.827006
6.844075
6.890726
6.948054
6.997523
6.926745
7.030878
7.012364
7.068759
7.115491
7.175922
0.001074
0.000739
0.000701
0.000270
0.000105
0.000172
0.000092
0.000175
0.000173
0.000229
0.001211
7.208126
7.305411
7.411789
7.514437
7.577900
7.657501
7.798652
7.904552
7.876060
7.859209
7.922885
7.933547
7.917713
7.882251
7.859363
7.853804
7.828750
7.772088
7.738857
7.642577
0.000531
0.000231
0.000152
0.000015
0.000014
0.000014
0.000024
0.000113
0.000042
0.000022
0.000018
0.000003
0.000004
0.000009
0.000019
0.000021
0.000016
0.000014
0.000016
0.000013
0.000012
0.000010
0.000016
0.000005
0.000004
0.000011
0.000012
0.000023
0.000161
0.000181
0.000397
0.000109
0.000182
0.000009
0.000014
0.000018
0.000119
0.000121
0.000031
0.000034
0.000017
0.000019
0.000021
0.000024
0.000026
0.000048
0.000020
0.000065
0.000378
0.000278
0.000018
0.000013
0.000012
0.000012
0.000006
0.000005
0.000006
0.000007
0.000003
0.000014
0.000014
0.000015
0.000019
0.000056
0.000107
0.000323
7.591939
7.568326
7.385547
7.358085
7.330087
7.311702
7.194963
7.109791
6.958195
6.714791
6.541545
0.002820
0.002152
0.000639
0.000330
0.000225
0.000870
0.000813
0.000386
0.000310
0.000044
0.000038
0.000006
0.000011
0.000011
0.000014
0.000059
0.000053
0.000019
0.000004
0.000005
0.000008
0.000027
0.000030
0.000025
0.000016
0.000397
0.000259
0.000231
0.000268
0.000312
0.000396
0.000371
0.000406
0.000015
0.000003
0.000006
0.000005
0.000003
0.000004
0.000004
0.000010
0.000003
0.000021
0.000019
0.000021
0.000015
0.000021
0.000211
6.246964
6.121186
5.775255
5.429975
4.874550
4.246040
3.713119
3.307118
2.494246
0.423450
0.139794
0.008308
0.358962
0.333681
0.267995
0.172126
0.050972
0.006021
