0.000000
0.000000
0.000000
0.000000
0.000000
0.000000
0.000000
0.000000
0.000000
0.000000
0.000000
0.000000
0.000000
0.000042
0.000028
0.001323
0.007342
0.007305
0.001941
0.001938
0.001849
0.001678
0.001495
0.001250
0.000001
0.000000
0.000000
0.000000
0.000000
0.000000
0.000001
0.000001
0.000001
0.000000
0.000000
0.000000
0.000000
0.000000
0.000001
0.000000
0.000000
0.000000
0.000000
0.000000
0.000000
0.000000
0.000000
0.000000
0.000000
0.000000
0.000000
0.000000
0.000000
0.000000
0.000000
0.000000
0.000001
0.000001
0.000003
0.000002
0.000002
0.000000
0.000000
0.000000
0.000000
0.000000
0.000000
0.000000
0.000000
0.000000
0.000001
0.000001
0.000002
0.000002
0.000003
0.000005
0.000010
0.000000
0.000000
0.000000
0.000001
0.000000
0.000000
0.000000
0.000000
0.000000
0.000001
0.000001
0.000001
0.000001
0.000019
0.000013
0.000002
0.000001
0.000001
0.000001
0.000002
0.000005
0.000003
0.000003
0.000005
0.000003
0.000003
0.000001
0.000002
0.000002
0.000002
0.000004
0.000003
0.000010
0.000048
0.000006
0.000005
0.000005
0.000004
0.000001
0.000001
0.000001
0.000001
0.000003
0.000005
0.000004
0.000004
0.000001
0.000004
0.000004
0.000002
0.000000
0.000000
0.000001
0.000000
0.000001
0.000002
0.000002
0.000001
0.000000
0.000001
0.000001
0.000000
0.000000
0.000001
0.000000
0.000001
0.000001
0.000001
0.000001
0.000002
0.000001
0.000002
0.000002
0.000000
0.000000
0.000001
0.000001
0.000001
0.000000
0.000000
0.001438
0.012782
1.404272
0.000633
0.000474
0.000435
0.813368
0.319283
0.287146
0.002457
0.011969
0.012302
0.012376
0.177598
0.178010
0.001907
0.002399
0.001913
0.001928
0.001848
0.000055
0.000054
0.000013
0.003950
0.000028
0.000010
0.000007
0.005185
0.004819
0.006344
0.006619
0.006690
0.006881
0.006823
0.006332
0.005445
0.002375
0.002139
0.000166
0.004046
0.003989
0.005363
0.010939
0.011885
0.012999
0.361512
0.392488
0.410241
0.452191
0.483821
0.492998
0.519826
0.579014
0.576403
0.529173
0.486216
0.438802
0.030645
0.021913
0.000690
0.000045
0.000036
0.000057
0.000074
0.000022
0.000061
0.000062
0.000075
0.000072
0.000030
0.000024
0.000026
0.000060
0.001573
0.001793
0.006107
0.006670
0.006508
0.000033
0.000007
0.000010
0.000012
0.000029
0.000012
0.000049
0.000065
0.000280
0.000375
0.000156
0.000047
0.000083
0.000220
0.003775
0.004029
0.009606
0.098639
0.160468
0.237012
0.375442
0.395232
0.485211
0.510361
1.072961
1.053436
0.000190
0.000298
0.000354
0.000355
0.000406
0.000405
0.000419
0.001387
1.032418
1.014642
1.011425
1.003707
0.985182
0.953460
0.915960
0.005626
0.358928
0.343234
0.279692
0.010843
0.000630
0.000319
0.000274
0.000301
0.000423
0.000746
0.129861
0.137038
0.132122
0.116696
0.001440
0.013366
0.025065
0.212516
0.232367
0.244282
0.321805
0.327713
0.481544
0.559849
0.567142
0.001729
0.001689
0.003511
0.573156
0.582976
0.575829
0.578520
0.567706
0.521125
0.494570
0.368615
0.071062
0.061260
0.000822
0.018658
0.106040
0.141294
0.161468
0.175014
0.235207
0.257277
0.245544
0.250161
0.260615
0.264574
0.259163
0.250651
0.154106
0.152880
0.127358
0.122785
0.123203
0.119226
0.026216
0.025634
0.006146
0.005016
0.008166
0.000714
0.000699
0.003122
0.008392
0.014650
0.016975
0.021717
0.133741
0.137975
0.144659
0.157789
0.160235
0.155161
0.137449
0.269272
0.285524
0.285602
0.271050
0.283019
0.287509
0.273900
0.246442
0.240627
0.230781
0.000192
0.000366
0.000562
0.000622
0.003917
0.009733
0.031202
0.121487
0.212467
0.379974
0.830116
0.937310
1.661345
1.850218
2.115958
2.397555
2.758901
3.207402
3.859333
4.503602
0.014378
5.586179
6.605445
7.907687
9.037498
9.143917
9.298437
9.321794
9.336260
9.337628
9.340371
9.342628
9.345247
9.352285
9.363925
9.373239
9.378969
9.387273
9.390623
9.396428
9.397015
9.399212
9.399100
9.398326
9.397030
9.391149
9.391003
9.391043
9.390634
9.390607
9.390910
9.390934
9.391065
9.391320
9.408692
9.410993
9.409706
9.409378
9.404601
9.401996
9.402815
9.403799
9.401462
9.400915
9.401003
9.400080
9.386912
9.388938
9.389998
9.390187
9.399461
9.548281
9.555317
9.556155
9.556741
9.555952
9.553209
9.551839
9.553533
9.555017
9.539304
9.531243
9.530535
9.535340
9.544388
9.553350
9.562387
9.561040
9.731604
9.815267
9.923861
9.943853
9.967822
9.970346
9.972810
9.976745
9.977370
9.981874
9.983546
9.978151
9.968527
9.962845
0.000257
0.000134
0.000038
0.000023
0.000009
0.000006
0.000004
0.000001
0.000001
0.000001
0.000001
0.000002
0.000003
0.000004
0.000000
0.000000
0.000000
0.000000
0.000000
0.000001
0.000003
0.000000
0.000000
0.000001
0.000002
0.000003
0.000005
0.000016
0.000035
0.000056
0.000100
0.000308
9.813229
9.927823
9.966991
9.982812
9.985479
9.985038
9.985878
9.985619
9.984233
9.984067
9.986703
9.982988
9.982373
9.984943
9.987200
9.987722
9.987091
9.987025
9.987168
9.987311
9.986676
9.985481
9.983702
9.971687
9.960147
9.957894
9.944982
9.850127
9.722140
9.525883
9.254011
8.444368
7.733210
6.964512
5.819978
5.066522
4.317963
0.022112
0.003432
0.003045
0.000737
0.000308
0.000207
0.000114
0.000053
0.000038
0.000033
0.000039
0.000027
0.000031
0.000072
0.000126
0.000184
0.000326
2.435457
2.030927
1.199510
0.010903
0.010189
0.508379
0.702766
1.220030
2.907350
3.552392
3.606428
3.647889
3.576475
3.513724
0.012831
3.060148
2.799132
2.585447
1.952938
1.720311
1.531993
0.002412
0.049976
0.246550
0.781524
0.575503
0.232507
0.119998
0.301160
1.623454
1.944564
2.346244
3.150703
4.112580
5.032413
6.224064
6.977580
7.624381
7.799981
7.967790
8.021068
0.001113
0.000751
0.000368
0.000431
0.000038
0.000088
0.000096
0.000022
0.000061
0.000056
0.000060
0.000088
0.000138
0.000205
0.000562
0.002090
8.010251
8.041878
8.061131
8.078826
8.092334
8.109307
8.144674
8.177763
8.167019
0.000168
0.000156
0.000065
0.000067
0.000042
0.000172
0.000147
0.000130
0.000129
0.000164
0.000251
0.000654
0.000877
0.001894
0.002846
0.011143
8.436088
8.551431
8.576734
8.513559
8.153675
8.109023
8.091649
8.078613
8.038314
8.021301
8.012814
8.061610
8.056721
8.051466
8.037584
8.014105
7.975793
0.121972
0.117679
0.118137
8.139267
8.235945
8.263812
8.298649
8.321471
0.005695
0.003526
0.001319
0.001267
0.001177
0.001209
8.311796
8.312451
8.312854
8.311380
0.005704
0.003892
0.003615
8.281186
8.289936
8.294582
8.321480
8.324191
8.316526
0.004077
0.004335
0.004677
0.005121
8.454372
8.475210
8.465884
8.414487
0.030802
8.324743
8.362151
8.361156
8.349315
0.002386
0.001161
0.000793
0.000291
0.000102
0.000033
0.000014
0.000010
0.000009
0.000011
0.000025
0.000074
0.000064
0.000013
0.000004
0.000006
0.000005
0.000010
0.000009
8.109527
8.105408
8.112555
8.109629
8.098412
0.002932
0.002568
0.000195
0.000104
0.000055
0.000040
0.000030
0.000052
0.000047
0.000041
0.000026
0.000028
0.000018
0.000024
0.000023
0.000032
0.000023
0.000021
0.000024
0.000045
0.000050
0.000058
0.000245
0.000746
8.016067
8.033795
8.047683
8.059946
8.064515
8.069288
8.091693
8.059926
7.304628
7.267377
7.253541
0.053692
7.208949
7.256505
7.403173
7.415569
7.420073
7.411170
7.407908
7.379508
7.367311
7.346581
7.292437
7.228384
7.144523
6.971764
6.794589
6.478871
5.865081
5.074838
2.748673
2.108145
1.336012
0.500048
0.229105
0.143589
0.133418
0.125208
0.107320
0.102199
0.095845
0.085670
0.076937
0.047451
0.042718
0.019725
0.018051
0.005777
0.003155
0.000047
0.000089
0.000002
0.000001
0.000001
0.000001
0.000000
0.000000
0.000001
0.000002
0.000002
0.000002
0.000004
0.000005
0.000007
0.000006
0.000757
0.000760
0.000772
0.000891
0.007229
0.007454
0.007131
0.006590
0.006054
0.005446
