0.000000
0.000000
0.000000
0.000000
0.000000
0.000000
0.000000
0.000000
0.001916
0.001906
0.001895
0.002352
0.001873
0.001646
0.001478
0.001285
0.001175
0.000637
0.000487
0.000360
0.000257
0.000843
0.001200
0.000002
0.000006
0.002402
0.002676
0.003062
0.003424
0.004544
0.004847
1.566136
0.733914
0.006542
0.006176
0.000633
0.000561
0.000012
0.000007
0.000143
0.000139
0.000131
0.000009
0.000011
0.000008
0.000005
0.000007
0.000019
0.000006
0.000002
0.000004
0.000006
0.000012
0.000013
0.000010
0.000017
0.000188
0.000214
0.000755
0.000808
0.012153
0.009722
0.008091
0.007774
0.012063
0.012447
0.005568
0.005366
0.005246
0.004850
0.004505
0.001894
0.001891
0.001881
0.001856
0.001904
0.001892
0.001940
0.002018
0.001971
0.000251
0.000173
0.000203
0.000253
0.000024
0.000008
0.000010
0.000014
0.000010
0.000004
0.000011
0.000007
0.000008
0.000009
0.000014
0.000008
0.000007
0.000016
0.000017
0.000021
0.000012
0.000010
0.000009
0.000008
0.000009
0.000011
0.000019
0.000023
0.000034
0.000035
0.000058
0.000074
0.000000
0.000000
0.000000
0.000000
0.000000
0.000000
0.000000
0.000000
0.000000
0.000000
0.000000
0.000000
0.001248
0.012416
0.025423
0.026760
0.028567
0.064080
0.122195
0.164263
0.206282
0.424102
0.524841
1.096571
1.471768
0.001478
0.013700
2.882863
3.253987
4.052358
4.835186
5.532958
6.629531
7.483609
7.845506
0.000000
0.000000
0.000000
0.000000
0.000000
0.000000
0.000000
0.000000
0.000000
0.000000
0.000000
0.000000
0.000000
0.000000
0.000000
0.000000
0.000000
0.000000
0.000000
0.000000
0.000000
0.000000
0.000000
0.000000
0.000000
0.000000
0.000000
0.000000
0.000000
0.000000
0.000000
0.000000
0.000000
0.000000
0.000000
0.000000
0.000000
0.000000
0.000000
0.000000
0.000000
0.000000
0.000000
0.000000
0.000000
0.000000
0.000000
0.000000
0.000000
0.000000
0.000000
0.000000
0.000000
0.000000
0.000000
0.000000
0.000000
0.000000
0.000000
0.000000
0.000000
0.000000
0.000000
0.000000
0.000000
0.000000
0.000000
0.000000
0.000000
0.000000
8.044950
8.193221
8.236352
8.077068
7.459980
6.958968
5.818676
5.039871
2.786896
2.267765
0.917873
0.775246
0.457277
0.169110
0.052312
0.000590
0.001982
0.000000
0.000000
0.000000
0.000000
0.000000
0.000000
0.000000
0.000000
0.000000
0.000000
0.000000
0.000000
0.000000
0.000000
0.000000
0.000000
0.000000
0.000000
0.000000
0.000000
0.000000
0.000000
0.000000
0.000000
0.000000
0.000000
0.000000
0.000000
0.000000
0.000000
0.000000
0.000000
0.000000
0.000000
0.000000
0.000000
0.000000
0.000000
0.000000
0.000000
0.000000
0.000000
0.000000
0.000000
0.000000
0.000000
0.000000
0.000000
0.000000
0.000000
0.000000
0.000000
0.000000
0.000000
0.000000
0.000000
0.000000
0.000000
0.000000
0.000000
0.000515
0.000689
0.000488
0.000003
0.000000
0.000000
0.000000
0.000000
0.000000
0.000000
0.000000
0.000000
0.000000
0.000000
0.000000
0.000000
0.000000
0.000000
0.000000
0.000000
0.000000
0.000000
0.000000
0.000000
0.000000
0.000000
0.000000
0.000000
0.000000
0.000000
0.000000
0.000000
0.000000
0.000000
0.000000
0.000000
0.000000
0.000000
0.000000
0.000000
0.000000
0.000000
0.000000
0.000002
0.000001
0.000004
0.000003
0.000002
0.000000
0.000000
0.000000
0.000000
0.000000
0.000000
0.000000
0.000000
0.000000
0.000000
0.000000
0.000000
0.000000
0.000000
0.000000
0.000000
0.000000
0.000000
0.000000
0.000000
0.000000
0.000000
0.000000
0.000000
0.000000
0.000001
0.000002
0.000002
0.000002
0.000004
0.000007
0.000001
0.000000
0.000000
0.000000
0.000000
0.000000
0.000000
0.000000
0.000000
0.000000
0.000000
0.000000
0.000001
0.000000
0.000000
0.000000
0.000000
0.000000
0.000000
0.000000
0.000000
0.000001
0.000000
0.000000
0.000000
0.000000
0.000000
0.000000
0.000000
0.000000
0.000000
0.000000
0.000000
0.000000
0.000000
0.000000
0.000000
0.000000
0.000000
0.000000
0.000000
0.000000
0.000000
0.000000
0.000000
0.000000
0.000000
0.000000
0.000000
0.000000
0.000000
0.000000
0.000001
0.000000
0.000000
0.000001
0.000001
0.000001
0.000002
0.000000
0.000000
0.000000
0.000001
0.000001
0.000001
0.000001
0.000001
0.000001
0.000000
0.000000
0.000000
0.000000
0.000000
0.000000
0.000000
0.000000
0.000000
0.000000
0.000000
0.000000
0.000019
0.000364
0.000190
0.000197
0.000192
0.000205
0.000226
0.000228
0.000186
0.000273
0.000000
0.000000
0.000002
0.000000
0.000004
0.000001
0.000001
0.000001
0.000001
0.000000
0.000000
0.000000
0.000000
0.000001
0.000001
0.000000
0.000001
0.000001
0.000002
0.000001
0.000001
0.000000
0.000002
0.000002
0.000001
0.000001
0.000002
0.000000
0.000001
0.000001
0.000000
0.000000
0.000000
0.000000
0.000000
0.000000
0.000000
0.000000
0.000000
0.000000
0.000000
0.000000
0.000000
0.000000
0.000001
0.000001
0.000004
0.000003
0.000003
0.000007
0.000005
0.000003
0.000004
0.000004
0.000010
0.000001
0.000002
0.000001
0.000003
0.000002
0.000006
0.000005
0.000003
0.000004
0.000005
0.000005
0.000000
0.000004
0.000000
0.000000
0.000000
0.000000
0.000000
0.000000
0.000000
0.000000
0.000000
0.000000
0.000000
0.000000
0.000000
0.000000
0.000000
0.000000
0.000000
0.000000
0.000002
0.000003
0.000009
0.000007
0.000029
0.000002
0.000001
0.000000
0.000000
0.000000
0.000000
0.000000
0.000000
0.000000
0.000001
0.000001
0.000001
0.000001
0.000001
0.000001
0.000001
0.000002
0.000003
0.000003
0.000005
0.000000
0.000000
0.000000
0.000000
0.000000
0.000000
0.000000
0.000000
0.000000
0.000000
0.000000
0.000000
0.000000
0.000000
0.000000
0.000000
0.000000
0.000000
0.000000
0.000000
0.000000
0.002090
0.008552
0.014896
0.240267
0.463916
2.778769
3.784421
4.341736
5.178559
6.169131
7.209759
7.814382
8.567330
9.011408
9.075852
9.041736
8.725801
8.047889
7.359280
0.583182
0.023890
0.000000
0.000000
0.000000
0.000000
0.000000
0.000000
0.000000
0.000000
0.000000
0.000000
0.000000
0.000000
0.000000
0.000000
0.000000
0.004195
0.001884
0.001616
0.001404
0.001354
0.001281
0.001167
0.000879
0.000755
0.000000
0.000000
0.000000
0.000000
0.000000
0.000000
0.000027
0.000017
0.000014
0.000021
0.000046
0.000077
0.000041
0.000048
0.000024
0.000036
0.000028
0.000044
0.000029
0.000052
0.000038
0.000032
0.000055
0.000055
0.000030
0.000067
0.000000
0.000000
0.000000
0.000000
0.000000
0.000000
0.000000
0.000000
0.000000
0.000000
0.000000
0.000000
0.000065
0.000070
0.000091
0.000396
0.000455
0.000315
0.000442
0.000627
0.000057
0.000041
0.000044
0.000061
0.000001
0.000002
0.000000
0.000000
0.000000
0.000334
0.000529
0.343919
0.330320
0.247865
0.023191
0.003635
0.000000
0.000000
0.000000
0.000000
0.000000
0.000000
0.000000
0.000000
0.000000
0.000003
0.000000
0.000000
0.000000
0.000000
0.000000
0.000000
0.000000
0.000000
0.000000
0.000000
0.000000
0.000000
0.000000
0.000000
0.000000
0.000001
0.000001
5.942176
6.159628
6.320919
0.000000
0.011053
0.030700
0.030307
0.000001
0.000001
0.000000
0.000000
0.000000
0.000000
0.000000
0.000000
0.000000
0.000000
0.000000
0.000000
0.000000
0.000000
0.000000
0.000000
0.000000
0.000001
0.000002
0.000006
0.000005
0.000014
0.000023
0.000025
0.121397
6.869137
7.388807
7.692001
8.000776
8.251729
8.475513
8.594452
0.000264
8.661401
8.735725
8.685595
8.383789
7.735062
0.078509
0.000009
0.000004
0.000003
0.000003
0.000003
0.000001
0.000001
0.000001
0.000000
0.000000
0.000000
0.000000
0.000000
0.000000
0.000000
0.000000
0.000001
0.000001
0.000000
0.000000
0.000000
0.000000
0.000000
0.000000
0.000000
0.000000
0.000000
0.000000
0.000000
4.781139
0.000000
0.000000
0.000000
0.000000
0.000000
0.000000
0.000001
0.000000
0.000002
0.000000
0.000000
0.000000
0.000000
0.000000
0.000000
0.014953
0.046093
0.033441
0.031898
0.275194
5.726722
6.307636
0.061678
0.009305
0.008866
0.008604
0.000001
0.000000
0.000001
0.000000
0.000000
0.000000
0.000000
0.000000
0.000000
0.000002
0.009451
0.009576
6.820845
7.511300
8.189531
8.869984
0.000002
0.000001
0.000001
0.000001
0.000000
0.000000
0.000001
0.000018
0.000018
0.000004
0.000005
0.000001
0.000000
0.000000
0.000000
0.000000
0.000000
0.000000
0.000000
0.000001
0.000001
0.000001
0.000001
0.000001
0.000000
0.000000
0.000001
0.000001
0.000000
0.000000
0.000003
0.000003
0.000003
0.000000
0.000002
0.000002
0.000000
0.000001
0.000000
0.000001
0.000004
0.000001
0.000001
0.000000
0.000000
0.000000
0.000000
0.000000
0.000000
0.000000
0.000000
0.000000
0.000000
0.000001
0.000000
0.000000
0.000002
0.000002
0.000001
0.000001
0.000001
0.000000
0.000000
0.000001
0.000002
0.000001
0.000001
0.000001
0.000001
0.000001
0.000006
0.000015
0.000002
0.000003
0.000003
0.000000
0.000000
0.000001
0.000001
0.000000
0.000001
0.000000
0.000000
0.000001
0.000002
0.000001
0.000002
0.000002
0.000005
0.000007
0.000003
0.000002
0.000007
0.000002
0.000002
0.000002
0.000006
0.000011
0.000003
0.000003
0.000011
0.000020
0.000149
0.000045
0.000033
0.000004
0.000003
0.000002
0.000002
0.000003
0.000003
0.000026
0.000018
0.000015
0.000007
0.000007
0.000007
0.000003
0.000006
0.000004
0.000005
0.000003
0.000005
0.000001
0.000001
0.000001
0.000002
0.000004
0.000012
0.000102
0.000059
0.000107
0.000108
0.000116
0.000134
0.000166
9.266444
9.332666
9.308190
9.294759
9.291511
9.297791
0.000091
0.000053
0.000040
0.000037
0.000004
0.000003
0.000004
0.000005
0.000003
0.000001
0.000001
0.000001
0.000001
0.000000
0.000001
0.000001
0.000003
0.000003
0.000008
0.000006
0.000002
0.000001
0.000002
0.000002
0.000002
0.000001
0.000002
0.000003
0.000002
0.000002
0.000002
0.000065
0.000061
0.000017
0.000009
0.000008
0.000004
0.000004
0.000006
0.000015
0.000007
0.001673
0.000978
0.000517
0.000169
0.000109
0.000088
0.000068
0.000084
0.000116
0.000189
0.000634
0.000744
0.000824
0.001168
0.001568
0.002424
0.008116
9.475908
9.328918
0.003075
0.001323
0.001020
0.000301
0.000119
0.000039
0.000016
0.000007
0.000006
0.000008
0.000009
0.000027
0.000128
0.000130
0.000091
0.000137
0.000236
0.002731
0.002012
0.002597
9.343179
9.385258
9.424437
9.463483
9.513864
9.555940
9.586989
9.626780
9.632778
9.617023
9.480566
9.366720
9.112202
8.174453
8.349017
0.195580
8.232316
8.799654
9.171667
9.323022
9.506241
9.584986
9.627256
9.646336
9.647134
9.642923
9.634385
9.629330
9.625996
9.628609
9.644926
9.646336
9.649209
9.639274
9.639459
9.643457
9.647305
9.666555
9.666671
9.666272
9.665960
9.663289
9.655946
9.647263
9.646802
9.642355
9.632883
9.599210
9.562535
9.461259
0.000798
0.000437
0.000281
0.000089
0.000056
0.000028
0.000021
0.000008
0.000002
0.000003
0.000001
0.000001
0.000002
0.000002
0.000002
0.000006
0.000004
0.000007
0.000010
0.000033
0.000088
0.000118
0.000328
0.000649
0.001949
8.944478
8.962700
8.891328
8.836297
8.804365
8.736585
8.734761
8.730525
8.724701
8.720056
8.720115
8.751196
8.757228
8.758574
8.758712
8.753377
8.745020
0.001617
0.001606
0.002728
0.002846
8.803190
8.803474
8.795806
8.728489
8.728168
8.721234
8.704101
8.692631
8.686300
8.687773
8.694661
8.690902
8.688011
8.687314
8.680962
8.648687
8.429806
8.245016
0.435371
0.150832
7.047617
0.676531
0.032605
0.027653
7.296436
8.138579
8.389523
8.480601
8.542064
8.600305
8.804898
8.825470
8.835334
8.823519
8.649594
8.665717
8.683009
8.665895
8.592991
8.476133
8.260064
0.149449
8.167688
8.181975
8.094597
0.031522
0.034074
7.879373
8.455558
8.537789
8.600446
8.604799
8.643609
8.607219
8.582918
8.542417
8.447663
8.114994
0.497160
8.988499
9.037831
9.039267
9.041209
9.046867
9.050504
9.050642
9.050800
9.050739
9.050471
9.050204
9.048928
9.039441
9.005691
8.971134
8.900744
0.039521
8.753521
8.768816
8.785869
8.806983
8.827386
8.816282
8.798413
8.791210
8.778256
8.767922
8.743873
8.570918
8.513427
8.453864
8.422799
8.359984
8.292571
7.950134
7.835212
7.698306
7.606605
7.524972
7.417516
7.298706
7.204225
7.148859
7.062593
6.640881
6.497120
6.246101
5.857570
5.247104
4.840470
3.552532
2.908481
1.615131
0.940169
0.109882
0.069070
0.005644
0.001290
0.000376
0.000082
0.000145
0.004998
0.034925
