0.000000
0.000000
0.000000
0.000000
0.000000
0.000000
0.000000
0.000000
0.000000
0.000000
0.000000
0.000000
0.000000
0.000000
0.000000
0.000000
0.000000
0.000000
0.000000
0.001055
0.001055
0.001055
0.001055
0.001055
0.000000
0.000000
0.000000
0.000000
0.000000
0.000000
0.000000
0.000000
0.000000
0.000000
0.000000
0.000000
0.000000
0.000000
0.000000
0.000000
0.000000
0.000000
0.000000
0.000000
0.000000
0.000000
0.000000
0.000000
0.000000
0.000000
0.000000
0.000000
0.000000
0.000000
0.000000
0.000000
0.000000
0.000000
0.000000
0.000000
0.000000
0.000000
0.000000
0.000000
0.000000
0.000000
0.000000
0.000000
0.000000
0.000000
0.000000
0.000000
0.000000
0.000000
0.000000
0.000000
0.000000
0.000000
0.000000
0.000000
0.000000
0.000000
0.000000
0.000000
0.000000
0.000000
0.000000
0.000000
0.000000
0.000000
0.000000
0.000000
0.000000
0.000000
0.000000
0.000000
0.000000
0.000000
0.000000
0.000000
0.000000
0.001055
0.001055
0.001055
0.001055
0.001055
0.001055
0.000000
0.000000
0.000000
0.000000
0.000000
0.000000
0.000000
0.000000
0.000000
0.000000
0.000000
0.000000
0.000000
0.000000
0.000000
0.000000
0.000000
0.000000
0.000000
0.000000
0.001055
0.001055
0.001055
0.000000
0.000000
0.000000
0.000000
0.000000
0.000000
0.000000
0.000000
0.000000
0.000000
0.000000
0.000000
0.000000
0.000000
0.000000
0.000000
0.000000
0.000000
0.000000
0.000000
0.000000
0.000000
0.000000
0.000000
0.000000
0.000000
0.001058
0.001058
0.001058
0.001058
0.001058
0.001059
0.001059
0.000000
0.000000
0.000000
0.000000
0.000000
0.000000
0.000000
0.000000
0.000000
0.000000
0.000000
0.000000
0.000000
0.000000
0.000000
0.000000
0.000000
0.000000
0.000000
0.000000
0.000000
0.000000
0.000000
0.000000
0.000000
0.000000
0.000000
0.000000
0.000000
0.000000
0.000000
0.000000
0.000000
0.000001
0.000002
0.000001
0.000000
0.000000
0.000000
0.000000
0.000000
0.000001
0.000000
0.000000
0.000000
0.000000
0.000000
0.000000
0.000000
0.000003
0.000002
0.000004
0.000036
0.000038
0.000116
0.000000
0.000000
0.001056
0.001065
0.001068
0.001120
0.000000
0.000000
0.000000
0.000000
0.000000
0.000000
0.000000
0.000000
0.000000
0.000000
0.000001
0.000004
0.000004
0.000011
0.000013
0.000020
0.000016
0.000000
0.000000
0.000000
0.000000
0.000000
0.000000
0.000000
0.000000
0.000000
0.000000
0.000000
0.000000
0.000000
0.000000
0.000000
0.000000
0.000000
0.000000
0.000000
0.000000
0.000000
0.000000
0.000000
0.000000
0.000000
0.000000
0.000000
0.000000
0.000000
6.459174
6.776407
6.779252
6.784129
0.000000
0.000002
0.000001
0.000001
0.000001
0.000001
0.000000
0.000000
0.000000
0.000002
0.000000
0.000000
0.000000
0.000000
0.000000
0.000000
0.000000
0.000000
0.000000
0.000000
0.000000
0.000000
0.000000
0.000000
0.000000
0.000000
0.000000
0.000000
0.000000
0.000000
0.000000
0.000000
0.000000
0.000000
0.000000
0.000000
0.000000
0.000000
0.000000
0.000000
0.000000
0.000000
0.000000
0.000000
0.000000
0.000000
0.000001
0.000000
0.000000
0.000000
0.000000
0.000000
0.000000
0.000000
0.000000
0.000001
0.000001
0.000000
0.000000
0.000000
0.000000
0.000000
0.000000
0.000000
0.000000
0.000000
0.000000
0.000000
0.000000
0.000000
0.000000
0.000000
0.000000
0.000000
0.000000
0.000001
0.000000
0.000000
0.000000
0.000000
0.000000
0.000000
0.000000
0.000000
0.000000
0.000000
0.000000
0.000000
0.000000
0.000000
0.000000
0.000000
0.000000
0.000000
0.000000
0.000000
0.000000
0.000000
0.000000
0.000000
0.000000
0.000000
0.000000
0.000000
0.000000
0.000000
0.000000
0.000001
0.000000
0.000001
0.000002
0.000003
0.000003
0.000007
0.000002
0.000005
0.000008
0.000036
0.000035
0.000044
0.000131
0.000008
0.000002
0.000002
0.000003
0.000002
0.000001
0.000001
0.000000
0.000000
0.000001
0.000002
0.000001
0.000001
0.000000
0.000002
0.000003
0.000002
0.000002
0.000004
0.000006
0.000001
0.000000
0.000000
0.000000
0.000000
0.000001
0.000001
0.000004
0.000007
0.000006
0.000002
0.000002
0.000003
0.000000
0.000001
0.000000
0.000000
0.000000
0.000000
0.000000
0.000000
0.000000
0.000000
0.000000
0.000000
0.000000
0.000000
0.000000
0.000000
0.000000
0.000000
0.000000
0.000000
0.000000
0.000000
0.000000
0.000001
0.000009
0.000002
0.000001
0.000000
0.000000
0.000000
0.000000
0.000001
0.000001
0.000000
0.000000
0.000000
0.000001
0.000000
0.000000
0.000000
0.000000
0.000000
0.000000
0.000000
0.000001
0.000001
0.000000
0.000000
0.000000
0.000000
0.000000
0.000001
0.000001
0.000001
0.000001
0.000000
0.000000
0.000000
0.000000
0.000000
0.000001
0.000001
0.000004
0.000004
0.000001
0.000001
0.000002
0.000000
0.000000
0.000020
0.000006
0.000003
0.000001
0.000001
0.000001
0.000013
0.000003
0.000003
0.000002
0.000003
0.000003
0.000003
0.000034
0.000124
0.000002
0.000002
0.000003
0.000001
0.000003
0.000004
0.000004
0.000001
0.000002
0.000028
0.000006
0.000004
0.000008
0.000004
0.000004
0.000002
0.000002
0.000003
0.000003
0.000007
0.000009
0.000004
0.000011
0.000040
0.000023
0.000024
0.000055
0.000038
0.000011
0.000013
0.000023
0.000021
0.000005
0.000006
0.000005
0.000008
0.000011
0.000009
0.000071
0.000047
0.000036
0.000032
0.000176
0.007691
0.007696
0.010182
0.009951
0.011017
0.012392
7.553025
7.708486
7.713603
7.707007
7.696155
7.686193
8.233811
8.254312
8.290280
8.333432
8.375725
8.383717
8.389055
8.388601
8.387245
8.379256
8.369030
8.364416
8.360051
8.337626
8.352831
8.368122
8.376201
8.384188
8.373849
8.368635
8.361988
0.001141
0.001085
0.001119
0.001091
0.001083
0.001100
0.001085
0.001068
0.001061
0.001058
0.001058
0.001058
0.001058
0.001071
0.001319
0.001070
0.001065
0.001063
0.001069
0.001074
0.001076
0.001065
0.001069
0.001090
0.001073
0.001073
0.001061
0.001070
0.001064
0.001083
0.001075
0.001092
0.001148
0.001179
0.001162
0.001098
0.001155
0.001087
0.001109
0.001081
0.001070
0.001067
0.001075
0.001081
0.001076
0.001088
0.001080
0.001471
0.001407
0.001670
0.001772
0.005299
0.006172
0.007481
0.011090
0.015248
0.030407
9.753359
9.885903
9.932496
9.960524
9.985076
9.998925
9.999395
9.998215
9.997590
9.998294
9.999342
9.999668
9.999897
9.999960
9.999875
9.999673
9.999638
9.999306
9.999242
9.999734
9.999956
9.999938
9.999481
9.999095
9.999335
9.999732
9.999761
9.997814
9.997252
9.998719
9.999842
9.999787
9.999671
9.999706
9.999713
9.999449
9.999559
9.999644
9.999652
9.999692
9.999360
9.999109
9.998246
9.998122
9.998044
9.998814
9.998245
9.989705
9.987591
9.989618
9.999166
9.999743
9.999497
9.994676
9.993410
9.995579
9.999097
9.999474
9.998652
9.998684
9.999545
9.999596
9.999192
9.999117
9.998515
9.998279
9.998022
9.998139
9.998438
9.998505
9.999129
9.999258
9.999316
9.999630
9.998679
9.991774
9.894605
9.658068
9.268388
0.452909
9.425474
9.613095
9.961319
9.995554
9.996245
9.989548
9.951655
9.843688
8.723376
8.719206
8.706149
8.703562
8.702639
8.699034
8.698553
8.698486
8.699087
8.699107
8.698691
8.698691
8.699060
8.698557
8.698133
8.698045
8.698598
8.699121
8.698857
8.698764
8.699042
8.698933
8.698346
8.698148
8.697367
8.697505
8.698728
8.698878
8.699075
8.699150
8.699189
8.699206
8.698575
8.697047
8.695859
8.696345
8.698466
8.698978
8.698975
8.698370
8.698392
8.698333
8.698205
8.698245
8.697645
8.697137
8.697357
8.697138
8.697445
8.698110
8.696058
8.694459
8.692616
8.686315
8.601048
0.999579
7.297997
0.289531
8.475060
8.664036
8.695724
8.695884
8.691791
8.688475
8.674484
8.663494
8.664398
8.661440
8.661804
8.659541
8.670811
8.691722
8.690263
8.693333
8.707573
8.720612
8.711495
8.703693
8.692863
8.687554
8.675345
8.660574
7.930568
7.924449
7.917275
7.918746
7.922556
8.129949
