0.000482
0.000002
0.000491
0.001031
0.001043
0.001032
0.000960
0.000320
0.000308
0.000296
0.000310
0.000007
0.000014
0.002258
0.004886
0.005278
0.005719
0.005999
0.006353
0.006393
0.006304
0.000226
0.000234
0.000002
0.000001
0.000001
0.000003
0.000012
0.000010
0.000016
0.008142
0.008224
0.008511
1.283656
1.090688
0.772460
0.053024
0.025759
0.001593
0.000066
0.000046
0.000047
0.002398
0.002635
0.002566
0.002771
0.002232
0.000775
0.001484
0.003918
0.003984
0.004141
0.004296
0.004424
0.004398
0.004282
0.000007
0.000004
0.000005
0.000007
0.000005
0.000005
0.000007
0.000012
0.000011
0.000021
0.000013
0.000013
0.000013
0.003441
0.010726
0.009702
0.013418
0.017947
0.015910
0.000972
0.000067
0.000029
0.000034
0.000032
0.000030
0.000185
0.000454
0.000460
0.000446
0.004159
0.006815
0.006908
0.014559
0.015904
0.017033
0.019167
0.043366
0.087414
0.722096
0.762460
0.089817
1.056490
1.296984
1.545101
0.006889
0.006821
0.005655
0.005571
0.005588
0.005734
0.005617
0.000623
0.000620
0.000639
0.012549
0.012876
0.010137
0.001363
0.000140
0.000141
0.000162
0.000255
0.000466
0.000780
0.001121
0.052442
2.732108
2.992468
3.337450
3.947729
4.452102
5.178468
5.842434
6.338441
6.522546
0.036282
0.022112
0.047509
6.768769
7.079291
7.206285
7.319923
7.318617
7.600953
7.602062
7.787003
8.059048
8.075872
8.076436
7.980390
7.939701
8.140684
8.172448
8.177624
8.182156
8.185471
8.185616
8.182719
8.182211
8.182450
8.182466
8.182177
8.182395
8.182360
8.180851
8.176802
8.175222
8.171370
8.167259
8.166930
8.169981
8.170520
8.173304
8.177071
8.184247
8.181591
8.177065
8.174218
8.162998
8.132563
8.119579
8.106874
8.102344
8.079069
7.957318
0.118159
0.120906
0.121873
7.996681
8.012398
8.017938
8.027318
8.033557
8.035035
8.035910
8.037264
8.040162
8.041631
8.041852
8.044369
8.051181
8.053909
8.053922
8.054014
8.054852
8.054408
8.053864
8.052536
8.052348
8.052275
8.052135
8.394452
8.396436
8.544354
8.546038
8.548127
8.548902
8.542874
8.537802
8.534928
8.532473
8.531519
8.531222
8.528852
8.525499
8.523551
8.558327
8.684477
8.723987
8.734349
8.733062
8.730785
8.728529
8.724195
8.712550
8.690853
8.672913
8.659882
8.632493
8.591264
8.590528
8.589485
8.589065
8.588708
8.584694
8.575058
8.558090
8.506458
8.353937
8.179535
7.675849
7.054130
6.483201
6.076687
5.731943
0.023097
0.016876
0.000272
0.000040
0.000007
0.000003
0.000004
0.000004
0.000003
0.000003
0.000009
0.000002
0.000001
0.000002
0.000004
0.000015
0.000004
0.000003
0.000004
0.000003
0.000006
0.000005
0.000009
0.000009
0.000002
0.000002
0.000002
0.000001
0.000004
0.000003
0.000003
0.000018
0.000013
0.000005
0.000013
0.000010
0.000004
0.000002
0.000004
0.000003
0.000002
0.000002
0.000001
0.000002
0.000002
0.000002
0.000002
0.000002
0.000003
0.000007
0.000007
0.000001
0.000003
0.000003
0.000002
0.000006
0.000002
0.000002
0.000007
0.000007
0.000009
0.000011
0.000061
0.000001
0.000000
0.000001
0.000001
0.000000
0.000001
0.000000
0.000001
0.000001
0.000000
0.000001
0.000001
0.000001
0.000001
0.000001
0.000001
0.000001
0.000001
0.000000
0.000002
0.000002
0.000001
0.000001
0.000001
0.000001
0.000001
0.000004
0.000001
0.000008
0.000005
0.000002
0.000001
0.000001
0.000000
0.000001
0.000001
0.000001
0.000002
0.000002
0.015837
0.015883
0.020860
0.017870
0.018739
0.245162
0.603284
6.601319
7.134080
7.329328
7.454137
7.486260
7.238009
6.304521
5.679649
5.137174
4.747076
4.423976
4.138489
3.899920
0.003673
0.018399
0.017329
0.016651
3.725542
3.553876
3.333450
3.059546
0.004100
0.002700
0.010047
0.008901
0.008138
0.000400
0.002736
0.002579
0.002055
0.001988
0.001981
0.001939
0.002069
0.002336
2.700801
2.421829
2.166262
1.947367
1.755283
1.492108
1.223955
0.860565
0.003576
0.001546
0.000160
0.000061
0.000043
0.000046
0.000041
0.000013
0.000010
0.000012
0.000021
0.000025
0.000031
0.000042
0.000047
0.000798
0.458349
0.424268
0.384519
0.357164
0.069573
0.000319
0.000019
0.000023
0.000015
0.000016
0.000013
0.000019
0.000011
0.000026
0.000025
0.000037
0.000091
0.000034
0.000040
0.006272
0.019012
0.017591
0.015985
0.014933
0.013798
0.013291
0.012204
0.003126
0.002279
0.002112
0.000103
0.000042
0.000031
0.000034
0.000034
0.000059
0.000034
0.000024
0.000018
0.000037
0.000350
0.000379
0.000694
0.000707
0.000263
0.000290
0.000030
0.054980
0.006697
0.003154
0.002882
0.002834
0.008224
0.007454
0.007565
0.000046
0.000057
0.000108
0.001085
0.002328
0.135587
0.476059
0.541434
0.622421
0.757659
0.861128
0.979512
1.111501
1.244806
1.272501
1.291977
1.242201
0.005323
1.340657
1.407398
1.351315
1.084691
0.013087
0.003038
0.001482
0.000610
0.000769
0.503647
0.458006
0.003902
0.219237
0.217801
0.223660
0.232113
0.186283
0.054230
0.051339
0.033626
0.019032
0.002049
0.044650
0.045799
0.145617
0.155311
0.008223
0.000232
0.000222
0.000242
0.000214
0.000381
0.000508
0.000533
0.003273
1.078525
1.173986
1.291834
1.442522
1.569533
1.730194
1.801218
2.273802
2.526752
2.816788
3.178046
3.655410
0.003547
0.003748
4.297192
4.882857
5.627801
6.299811
7.216051
7.841803
8.473325
8.641773
8.845188
8.928073
8.980392
8.999114
9.006226
9.009717
9.010364
9.010501
9.010599
9.009100
9.002709
8.999932
8.997380
8.998596
9.000481
8.999494
8.996282
8.995295
9.007430
9.014520
9.020637
9.025366
9.030883
9.035433
9.031460
9.133933
9.147672
9.606785
9.607155
9.605261
9.593663
9.560606
9.544947
9.538241
9.495160
9.467950
9.442205
9.410779
9.404739
9.414313
9.434023
9.447538
9.469892
9.494322
9.518890
9.531670
9.543691
9.555953
9.578374
9.583000
9.587820
9.589186
9.329832
9.328923
9.329885
9.334637
9.336284
9.336439
9.337490
9.337952
9.338647
9.338464
9.338449
9.338623
9.338733
9.338819
9.338518
9.338234
9.337714
9.337449
9.336564
9.332593
9.310002
9.286582
9.273861
9.260098
9.254267
9.256808
9.261818
9.260383
9.262760
9.262634
9.273923
9.289074
9.295626
9.293361
9.288574
9.282662
9.258959
9.210141
9.160161
9.117352
9.017048
8.830915
8.680143
8.427521
7.726227
7.396976
6.998197
6.367243
5.565346
4.989788
4.449159
0.166458
0.114265
0.001015
0.001025
0.000468
0.000413
0.017914
3.532449
3.308118
0.051473
0.018791
0.007337
2.907207
2.708462
2.532774
2.356430
2.132183
0.080254
0.093491
1.687869
1.607430
1.529073
1.420346
0.606646
0.558505
0.522219
0.462700
0.295535
0.278941
0.166914
0.140015
0.081757
0.086622
0.053901
0.033598
0.000637
0.068286
0.076763
0.085614
0.108756
1.439711
0.243208
2.117526
2.397315
2.504780
2.646890
2.776084
2.920403
3.173799
3.457116
3.707974
4.020113
0.575910
0.567084
0.564335
0.543553
0.535024
0.006702
0.520803
0.500177
0.407189
0.328571
0.271280
0.226771
0.011305
0.011326
0.009981
0.000261
0.000130
0.013991
0.040569
0.033917
0.037481
0.036223
0.036371
0.024661
0.024949
0.024903
0.038746
0.029197
0.031337
0.031201
0.040478
0.032048
0.031565
0.031932
0.031670
0.111157
0.116747
0.116342
0.108615
0.106096
0.094727
0.092606
0.091745
0.052366
0.025693
0.014916
0.013723
0.000573
0.000532
0.000010
0.000007
0.000005
0.000006
0.000005
0.000007
0.000007
0.000005
0.000006
0.000008
0.000005
0.000005
0.000005
0.000005
0.000004
0.000005
0.000004
0.000005
0.000003
0.000004
0.000004
0.000018
0.000015
0.000010
0.000006
0.000007
0.000008
0.000016
0.000013
0.000014
0.026952
0.026765
0.027800
0.050246
0.050988
0.051744
0.052848
0.052609
0.065718
0.058568
0.057771
0.054932
0.026155
0.112695
0.124869
0.154707
0.167147
0.177097
0.187775
0.197215
0.207847
0.217434
0.230478
0.199475
0.014579
0.000020
0.000014
0.000012
0.000010
0.000015
0.000010
0.000012
0.000015
0.000015
0.000032
0.000060
0.000033
0.000015
0.000031
0.000022
0.000015
0.000015
0.000016
0.000033
0.000043
0.000072
0.000097
0.000137
0.000364
0.001370
0.023403
0.027249
4.831292
5.308633
5.544102
5.701759
5.936598
6.151572
6.382916
6.703014
7.116751
7.700813
8.307950
9.029487
9.180590
9.258455
9.295079
9.311823
9.300980
9.228129
9.172813
9.131703
9.111384
9.098849
9.091045
9.087126
9.074317
9.061136
9.044487
9.043842
9.044542
9.044561
9.043314
9.037765
9.026510
9.013183
9.006234
8.993304
8.974412
8.964081
8.943503
8.908830
8.888803
8.886008
8.885495
8.895381
8.902004
8.907837
8.915879
8.943846
8.977570
9.006435
9.027488
9.027053
9.026739
9.029618
9.032313
9.045902
9.039116
9.043864
9.045234
9.044096
9.044476
9.046230
9.045927
9.044556
9.044334
9.044538
9.045072
9.046205
9.046671
9.046631
9.046813
9.047030
9.046958
9.046510
9.045965
9.045974
9.045046
9.037923
9.025804
8.798093
8.798559
8.797585
8.797695
8.798323
8.797823
8.797824
8.798384
8.798087
8.795589
8.790538
8.854723
8.823589
8.771487
8.240655
7.896978
7.363123
6.816263
6.319364
0.896283
0.409268
0.032408
0.028457
0.023619
0.010458
0.027913
0.027196
4.698030
4.994318
5.311266
5.600388
6.126251
6.423305
6.842577
7.188673
7.323461
7.384744
7.315863
7.361655
7.368192
7.375672
7.464562
7.479574
7.511496
7.532123
7.537008
7.449305
7.447373
7.421609
7.421096
7.421690
7.400137
0.018672
0.018602
0.000499
0.000348
0.000327
0.000155
0.000143
0.000155
0.000142
0.000003
0.000004
0.000005
0.000005
0.000006
0.000004
0.000013
0.000012
0.000012
0.000003
0.000001
0.000002
0.000018
0.000020
0.000004
0.000008
0.000033
0.000005
0.000004
0.000001
0.000002
0.000004
0.000005
0.000009
0.000001
0.000002
0.000004
0.000002
0.000002
0.000005
0.000006
0.000002
0.000002
0.000003
0.000002
0.000004
0.000005
0.000009
0.000024
0.000045
0.000046
0.000097
7.218612
7.224974
7.232197
7.239532
7.245527
7.245478
7.244062
7.238527
7.231511
7.224257
7.219333
7.210738
7.144905
7.079479
6.954265
0.002819
0.000791
0.000386
0.000209
0.000174
0.000033
0.000024
0.000010
0.000015
0.000014
0.000018
0.000022
0.000029
0.000006
0.000006
0.000008
0.000012
0.000040
0.000064
6.472355
6.033227
5.497622
1.182407
0.000132
0.000185
0.000106
0.000088
0.000116
0.000039
0.000033
0.000024
0.000017
0.000004
0.000003
0.000002
0.000003
0.000004
0.000009
0.000012
0.000004
0.000006
0.000004
0.000001
0.000001
0.000001
0.000001
0.000001
0.000001
0.000001
0.000001
0.000001
0.000001
0.000001
0.000001
0.000003
0.000001
0.000004
0.000014
0.000017
0.000634
0.000038
0.000008
0.000009
0.000005
0.000009
0.000003
0.000001
0.000001
0.000002
0.000002
0.000001
0.000002
0.000001
0.000002
0.000004
0.000004
0.000003
0.000002
0.000018
0.000023
0.000025
0.000027
0.000031
0.000031
0.000005
0.000004
0.000006
0.000023
0.000028
0.000032
0.000033
0.000033
0.000029
0.000023
0.000018
0.000016
0.000020
0.000011
0.000002
0.000002
0.000001
0.000001
0.000001
0.000001
0.000002
0.000001
0.000000
0.000000
0.000000
0.000000
0.000000
0.000000
0.000000
0.000000
0.000001
0.002163
0.001084
0.001072
0.001022
0.400375
0.128228
0.018735
0.005440
0.004882
0.000005
0.000004
0.000000
0.000000
0.000000
0.000000
0.000000
0.000000
0.000000
0.000000
0.000000
0.000000
0.000000
0.000000
0.000000
0.000000
0.000000
0.000000
0.000000
0.000000
0.000000
0.000000
0.000000
0.000000
0.000000
0.000000
0.000000
0.000000
0.000000
0.000000
0.000000
0.000000
0.000000
0.000000
0.000000
0.000000
0.000000
0.000000
0.000000
0.000000
0.000000
0.000000
0.000001
0.000000
0.000000
0.000000
0.000000
0.000000
0.000000
0.000003
0.000010
0.000008
0.000007
0.000011
0.000015
0.000016
0.005314
0.005183
0.005212
0.003913
0.002802
0.004432
0.004382
0.000297
0.000313
0.000026
0.000023
0.000000
0.000000
0.000000
0.000001
0.000002
0.000158
0.000183
0.000119
0.000059
0.000060
0.000320
0.000438
0.000461
0.000466
0.000466
0.000451
0.000442
0.000436
0.000434
0.000431
0.000435
0.000446
0.000467
0.000468
0.000470
0.000633
0.000658
0.000673
0.000582
0.000528
0.000490
0.000490
0.000197
0.000010
0.000003
0.000004
0.000001
0.000000
0.000000
0.000000
0.000000
0.000001
0.000002
0.000002
0.000002
0.000003
0.000000
0.000002
0.000001
0.000000
0.000000
0.000000
0.000000
0.000000
0.000000
0.000001
0.000001
0.000002
0.000003
0.000083
0.000110
0.000136
0.000000
0.000000
0.000000
