0.000000
0.000000
0.000000
0.000000
0.000000
0.000106
0.000002
0.000000
0.000000
0.000000
0.000000
0.000000
0.000001
0.000016
0.000015
0.000014
0.000013
0.000338
0.000345
0.013200
0.015006
0.015613
0.013454
0.012595
0.012110
0.000001
0.000001
0.000002
0.000001
0.000001
0.000481
0.012616
0.014225
0.016689
0.018193
0.018899
0.021058
0.023214
0.000071
0.000069
0.000295
0.010755
0.030672
0.058788
0.087672
2.063757
1.944179
1.781395
1.552895
0.016878
0.015536
0.014579
0.007923
0.009918
0.013781
0.036730
0.044585
0.054278
0.078657
0.086475
0.123378
0.312435
0.348816
0.460785
0.613022
1.187098
1.915259
2.510942
3.564651
4.367077
5.298245
6.051807
6.234117
6.363009
6.685478
6.788740
6.855927
6.855183
6.870644
6.900843
6.921823
6.926064
6.958525
7.218808
0.000618
0.000228
0.000146
0.000052
0.000041
0.000019
0.000013
0.000011
0.000010
0.000004
0.000005
0.000001
0.000001
0.000002
0.000003
0.000006
0.000011
0.000017
0.000072
0.000110
0.000639
0.004345
7.877316
7.908850
7.956908
7.993122
0.001410
0.000449
0.000398
0.001041
0.000265
8.043720
8.099796
8.173122
8.198984
8.211247
8.212045
8.214224
8.211017
8.210149
8.209519
8.209449
8.214772
8.204226
8.147213
8.012118
7.646803
7.181146
0.049486
0.041721
0.002895
0.002849
6.518688
6.245843
5.794128
5.482517
5.326155
5.184253
4.422253
4.094738
5.616631
6.028565
6.225908
6.462230
6.837802
7.043923
7.281520
7.498358
7.816814
8.144994
8.425312
8.650191
8.756875
8.863178
8.938727
8.937093
8.936184
8.942986
8.952597
9.064491
9.050477
9.040695
8.794932
8.759411
8.640771
8.623010
8.591401
8.354944
8.354962
8.353211
8.352002
8.351789
8.352919
8.352046
8.351768
8.352003
8.352764
8.348520
8.340807
8.253805
8.205376
8.064952
7.927715
7.833375
7.769611
7.709424
7.488209
7.236691
6.542429
4.628881
5.908627
6.468866
6.104042
0.013310
0.003374
0.003550
0.003889
6.131324
6.912584
7.481968
8.017797
8.280527
8.495763
8.681270
8.863554
8.900153
8.944535
9.008387
9.117763
8.940469
8.962415
8.985820
8.999287
9.001212
9.002434
9.002726
9.005341
9.007096
9.008017
9.008112
9.008560
9.009836
9.009806
9.009732
9.009368
9.009156
9.009253
9.009545
9.009900
9.246710
9.246023
9.245993
9.247520
9.245310
9.243027
9.242486
9.235643
9.225628
9.221938
9.224031
9.269176
9.284395
9.295338
9.302593
9.298580
9.293871
9.277057
9.271694
9.266249
9.263529
9.261516
9.260544
9.263464
9.259410
9.247104
9.247511
9.248246
9.248682
9.248954
9.245129
9.242934
9.243656
9.246003
9.250628
9.226660
9.199607
9.203107
9.196484
9.203744
9.201854
9.200529
9.200925
9.202937
9.202988
9.202084
9.200866
9.200940
9.200834
9.199546
9.199436
9.200528
9.197256
9.193201
9.190029
9.183415
9.170160
9.156792
9.110527
9.067386
8.901107
8.583025
8.354853
8.015472
7.814588
7.376989
0.009301
0.008052
0.007200
0.006085
0.006233
0.006317
0.006458
7.081914
7.100595
7.140470
7.003250
7.288516
7.344113
0.189764
7.845249
7.946429
8.028642
8.204595
8.651455
8.742188
8.854676
8.896366
8.910590
8.915664
8.928899
8.945065
8.946090
9.076476
9.141377
9.160412
9.169137
9.178177
9.189352
9.200793
9.202204
9.198820
9.195374
9.187051
9.181985
9.172116
9.110561
9.038141
8.828024
8.494720
8.062941
7.976159
7.866121
7.363878
0.657889
7.461778
7.860319
0.101226
8.618124
8.631574
8.638219
8.663524
8.718598
8.660241
0.002793
0.001495
0.000874
0.000428
0.000191
0.000079
0.000025
0.000010
0.000008
0.000006
0.000007
0.000024
0.000017
0.000025
0.000051
0.000367
0.000096
0.000221
0.000297
0.000532
8.592059
8.606504
8.619090
8.833186
0.086441
8.570459
8.568088
8.464609
8.511084
8.536115
8.504956
8.538614
8.601234
8.650003
8.704322
8.733192
8.798808
8.820243
8.828047
8.852408
8.844086
8.838375
8.834871
8.833127
8.829415
8.824674
8.823937
8.804631
8.784687
8.758868
8.751237
8.745551
8.742137
8.736617
8.704334
8.683980
8.676750
8.671222
8.658655
8.638043
8.614599
8.569026
8.464777
8.332700
8.050627
7.732213
7.446641
7.180467
6.573744
6.135531
5.614273
5.076049
3.763269
3.102742
2.315805
1.465149
0.789888
0.698026
0.523878
0.308707
0.074429
0.069239
0.010223
0.000090
0.000003
0.000004
0.000003
0.000002
0.000002
0.000002
0.000002
0.000006
0.000007
0.000002
0.000005
0.000006
0.000003
0.000004
0.000510
0.000600
0.000601
0.000361
0.000793
0.001046
0.001060
0.001035
0.000988
0.000971
0.000040
0.000044
0.000030
0.000005
0.000002
0.000002
0.000002
0.000001
0.000002
0.000002
0.000002
0.000002
0.000002
0.000216
0.000245
0.000265
0.000270
0.000298
0.000445
0.000322
0.000314
0.000305
0.000001
0.000002
0.000006
0.000007
0.000303
0.000353
0.000407
