0.000000
0.000000
0.000008
0.007842
1.409601
1.179088
0.002370
0.001254
0.000944
0.000696
0.001937
0.049043
0.044587
0.043321
0.042044
0.039280
0.037103
0.000098
0.000065
0.000056
0.000031
0.000017
0.000020
0.000015
0.000026
0.000019
0.000014
0.000056
0.000054
0.000046
0.000076
0.000086
0.000109
0.000026
0.000049
0.000126
0.006744
0.013337
0.016914
0.022042
0.025732
0.031255
0.040710
0.040986
0.000023
0.000047
0.000103
0.000044
0.000055
0.000063
0.000038
0.000020
0.000030
0.000052
0.000121
0.000297
0.017257
0.016981
0.093676
0.118945
0.122985
0.151378
0.153483
0.147628
0.142529
0.126849
0.105882
0.030889
0.001293
0.000058
0.002548
0.065356
0.070662
0.079348
0.084350
0.098954
0.029458
0.000058
0.000068
0.030980
0.037530
0.038574
0.102084
0.110351
0.041944
0.043128
0.000423
0.236903
0.413845
0.413194
0.418517
0.407811
0.413465
0.412127
0.406256
0.381525
0.371898
0.357430
0.341443
0.307529
0.035056
0.036457
0.004465
0.004475
0.007285
0.000337
0.002947
0.036203
0.037745
0.001419
0.001494
0.002544
0.002916
0.031469
0.032557
0.034485
0.036735
0.045103
0.083270
0.091027
0.097004
0.086071
0.087377
0.045859
0.011473
0.115329
0.180151
0.242049
0.271470
0.537337
0.626886
0.636292
0.530712
0.016064
0.013648
0.007060
0.006338
0.000066
0.000123
0.001359
0.006098
0.006310
0.306444
0.330269
0.349089
0.375069
0.421664
0.447646
0.459623
0.471724
0.506851
0.532045
0.553214
0.546306
0.503513
0.394917
0.389544
0.373970
0.367537
0.219751
0.212083
0.144150
0.097481
0.089992
0.000392
0.000382
0.000434
0.000080
0.000041
0.000301
0.000267
0.000044
0.000023
0.000019
0.000011
0.000033
0.000034
0.000050
0.000142
0.000136
0.000596
0.002978
0.003753
0.006565
0.008079
0.019369
0.021387
0.023080
0.022815
0.002028
0.001410
0.001372
0.001229
0.000568
0.000245
0.000330
0.000220
0.000036
0.000061
0.000163
0.000224
0.000308
0.000429
0.000142
0.000147
0.000066
0.000070
0.000801
0.003196
0.004457
0.011342
0.033250
0.165633
0.331194
0.408029
0.449237
0.797064
0.953588
0.970378
1.179510
1.289193
1.427300
1.603088
1.789615
2.066829
2.388847
2.682898
2.976881
3.459803
3.871223
4.322410
4.896694
5.262176
5.285985
5.280623
0.001068
0.000835
0.220809
0.221511
0.222149
0.227488
0.242086
0.263372
0.257989
0.254650
0.283418
0.283751
0.287312
0.311742
5.752909
5.813303
5.916273
5.971920
5.973292
6.028265
6.014522
6.043103
6.094064
6.160707
6.263852
6.262576
6.119317
6.149311
6.172531
6.192444
6.275411
6.275293
6.177155
5.921212
5.757014
0.267115
0.264746
0.266428
0.262533
0.033845
6.065441
6.102958
6.059285
6.086390
0.003608
0.000028
0.000005
0.000003
0.000002
0.000001
0.000001
0.000001
0.000000
0.000000
0.000000
0.000000
0.000000
0.000000
0.000000
0.000000
0.000000
0.000000
0.000001
0.000001
0.000000
0.000000
0.000000
0.000000
0.000000
0.000000
0.000000
0.000000
0.000000
0.000000
0.000000
0.000000
0.000000
0.000000
0.000000
0.000000
0.000000
0.000000
0.000000
0.000000
0.000000
0.000000
0.000000
0.000000
0.000000
0.000000
0.000000
0.000000
0.000000
0.000000
0.000000
0.000000
0.000000
0.000000
0.000000
0.000000
0.000000
0.000000
0.000000
0.000000
0.000000
0.000000
0.000000
0.000000
0.000000
0.000000
0.000000
0.000000
0.000000
0.000000
0.000000
0.000000
0.000000
0.000000
0.000000
0.000000
0.000000
0.000000
0.000000
0.000000
0.000000
0.000000
0.000000
0.000000
0.000000
0.000000
0.000000
0.000000
0.000000
0.000001
0.000001
0.000001
0.000000
0.000000
0.000000
0.000000
0.000000
0.000000
0.000001
0.000001
0.000000
0.000000
0.000000
0.000000
0.000000
0.000000
0.000000
0.000000
0.000000
0.000000
0.000000
0.000000
0.000000
0.000000
0.000000
0.000000
0.000000
0.000000
0.000000
0.000000
0.000000
0.000000
0.000000
0.000000
0.000000
0.000000
0.000000
0.000000
0.000000
0.000000
0.000000
0.000000
0.000001
0.000001
0.000000
0.000002
0.000025
0.000026
0.006588
0.019740
0.022333
0.018797
6.553048
6.653786
6.791370
6.941340
7.162610
7.482547
7.763299
8.004302
8.270750
8.648279
9.149246
9.388058
9.573461
9.580829
9.601024
9.652999
9.711613
9.730402
9.733740
9.734339
9.734635
9.734147
9.733541
9.731779
9.730460
9.727768
9.727819
9.730296
9.718615
9.706031
9.701667
9.703102
9.701527
9.703334
9.713201
9.722253
9.724798
9.733227
9.734119
9.734868
9.733344
9.732790
9.733450
9.735034
9.735172
9.735281
9.735211
9.734960
9.734963
9.735252
9.735334
9.735333
9.735328
9.735364
9.734971
9.725847
9.720821
9.711713
9.689184
9.636926
9.613366
9.536304
9.420382
9.301572
9.194916
9.023615
8.816872
8.700991
8.449341
8.096484
7.725817
7.416519
7.080091
0.116090
0.336299
0.275988
6.946896
6.556681
0.613542
8.199902
9.111884
9.403628
9.763149
9.849593
9.903602
9.947537
9.965189
9.970216
9.972641
9.972113
9.971730
9.972153
9.969229
9.961205
9.953836
9.949243
9.946317
9.947992
9.947096
9.946343
9.945291
9.919088
9.852185
9.409306
8.949293
8.861966
8.648660
8.648765
8.648250
8.648242
8.649467
8.649034
8.648620
8.648346
8.642652
8.638285
8.638784
8.641588
8.644811
8.641937
8.641027
8.642440
8.665773
8.668275
8.646927
8.648679
8.648891
8.646677
8.642610
8.608995
8.578819
8.451043
8.287173
7.729284
7.237871
0.998226
7.827630
7.889894
7.970714
8.435692
8.612606
8.646927
8.644827
9.040893
9.040650
9.008714
8.980409
8.953460
8.943738
8.691805
8.693210
8.690948
8.690652
8.690886
8.690912
8.690010
8.688164
8.680437
8.673316
8.670696
8.667642
8.666669
8.650663
8.580803
8.571782
8.551317
8.493673
8.383134
8.285158
8.216521
8.145680
7.980131
7.884320
7.790320
7.709254
7.654294
7.536489
7.454424
7.396755
7.287892
6.973789
6.724681
6.508591
5.784969
4.822654
3.723408
3.094715
1.963487
1.014607
0.516402
0.001302
0.037175
0.012526
0.000066
0.000035
0.000029
0.000026
0.000034
0.000039
0.123765
0.123772
0.105260
0.097335
0.087994
0.030315
0.000818
0.000769
0.000782
0.004814
0.003141
0.003426
0.021173
0.062227
0.083356
0.149990
0.203897
0.207931
0.208997
0.209520
0.203536
0.194122
0.186361
0.180871
0.168771
0.097017
0.086998
0.040442
0.029690
0.012524
0.006366
0.004472
0.000018
0.029247
0.025992
0.023895
0.022035
0.018943
0.016335
0.013844
0.008389
0.005104
0.000008
0.000007
0.000021
0.000046
0.006090
