0.030320
0.027406
0.005547
0.000244
0.000000
0.000000
0.000000
0.000000
0.000000
0.000000
0.000000
0.000000
0.000000
0.000000
0.000000
0.000000
0.000000
0.000000
0.000000
0.000000
0.000000
0.000000
0.000000
0.000000
0.000000
0.000000
0.000000
0.000000
0.000000
0.000000
0.000000
0.000000
0.000000
0.000000
0.000000
0.000000
0.000000
0.000000
0.000000
0.000000
0.000000
0.000000
0.000000
0.000000
0.000000
0.000000
0.000000
0.000000
0.000000
0.000000
0.000000
0.000000
0.000000
0.000000
0.000000
0.000000
0.000000
0.000000
0.000000
0.000000
0.000000
0.000000
0.000000
0.000000
0.000000
0.000000
0.000000
0.000000
0.000000
0.000000
0.000000
0.000000
0.000052
0.000046
0.000048
0.000024
0.000007
0.000003
0.000002
0.000002
0.000002
0.000003
0.000004
0.000004
0.000010
0.000010
0.000084
0.000059
0.000046
0.000000
0.000000
0.000000
0.000000
0.000000
0.000000
0.000000
0.000000
0.000000
0.000000
0.000000
0.000000
0.000000
0.000000
0.000000
0.000000
0.000000
0.000000
0.000000
0.000000
0.000000
0.000000
0.000000
0.000000
0.000000
0.000000
0.000000
0.000000
0.000000
0.000000
0.000000
0.000000
0.000000
0.000000
0.000000
0.000000
0.000000
0.000000
0.000000
0.000000
0.000000
0.000000
0.000000
0.000000
0.000000
0.000000
0.000000
0.000000
0.000000
0.000000
0.000000
0.000000
0.000000
0.000000
0.000000
0.000000
0.000000
0.000000
0.000000
0.000000
0.000000
0.000000
0.000000
0.000000
0.000000
0.000000
0.000000
0.000000
0.000000
0.000000
0.000000
0.000000
0.000000
0.000000
0.000000
0.000000
0.000001
0.000002
0.000000
0.000000
0.000000
0.000000
0.000000
0.000000
0.000000
0.000000
0.000000
0.000000
0.000000
0.000001
0.000001
0.000003
0.000003
0.000000
0.000000
0.000000
0.000000
0.000000
0.000001
0.000028
0.000000
0.000000
0.000000
0.000001
0.000000
0.000000
0.000001
0.000000
0.000000
0.000000
0.000000
0.000000
0.000000
0.000000
0.000000
0.000000
0.000000
0.000000
0.000000
0.000000
0.000000
0.000000
0.000000
0.000000
0.000000
0.000000
0.000000
0.000000
0.000000
0.000000
0.000000
0.000000
0.000000
0.000000
0.000000
0.000000
0.000000
0.000000
0.000000
0.000000
0.000000
0.000000
0.000000
0.000000
0.000000
0.000000
0.000000
0.000000
0.000000
0.000000
0.000000
0.000000
0.000000
0.000000
0.000000
0.000000
0.000000
0.000000
0.000000
0.000000
0.000000
0.000000
0.000000
0.000000
0.000000
0.000000
0.000000
0.000000
0.000000
0.000000
0.000000
0.000000
0.000000
0.000001
0.000001
0.000001
0.000000
0.000000
0.000000
0.000055
0.000027
0.000001
0.000001
0.000000
0.000001
0.000001
0.000011
0.000013
0.000595
0.000903
0.000327
0.000678
0.000479
0.000462
0.000402
0.000346
0.000022
0.000001
0.000000
0.000000
0.000000
0.000000
0.000000
0.000000
0.000000
0.000000
0.000000
0.000000
0.000000
0.000000
0.000000
0.000000
0.000000
0.000000
0.000000
0.000000
0.000000
0.000001
0.000001
0.000001
0.000001
0.000000
0.000000
0.000000
0.000000
0.000000
0.000000
0.000000
0.000000
0.000001
0.000002
0.000000
0.000000
0.000000
0.000000
0.000000
0.000000
0.000000
0.000000
0.000000
0.000000
0.000000
0.000000
0.000000
0.000000
0.000000
0.000000
0.000000
0.000016
0.000837
0.000681
0.000669
0.000632
0.000662
0.000552
0.000550
0.000040
0.000011
0.000012
0.000008
0.000000
0.000000
0.000000
0.000000
0.000000
0.000000
0.000000
0.000000
0.000000
0.000000
0.000000
0.000000
0.000000
0.000000
0.000000
0.000000
0.000000
0.000000
0.000000
0.000000
0.000000
0.000000
0.000000
0.000000
0.007519
0.011760
0.008900
0.001082
0.000000
0.000000
0.000000
0.000006
0.000008
0.000000
0.000000
0.000000
0.000000
0.000000
0.000000
0.000000
0.000000
0.000000
0.000000
0.000000
0.000000
0.000000
0.000000
0.000000
0.000000
0.000000
0.000000
0.000000
0.000000
0.000000
0.000000
0.000000
0.000000
0.000000
0.000000
0.000000
0.000000
0.000000
0.000000
0.000000
0.000000
0.000000
0.000000
0.000000
0.000000
0.000000
0.000000
0.000000
0.000000
0.000000
0.000000
0.000000
0.000000
0.000000
0.000000
0.000000
0.000000
0.000000
0.000000
0.000000
0.000000
0.000000
0.000000
0.000000
0.000000
0.000000
0.000000
0.000000
0.000000
0.000000
0.000000
0.000087
0.000065
0.001103
0.008412
0.016889
0.017233
1.311414
1.255137
1.057539
0.004986
0.715393
0.615747
0.507650
0.452268
0.026058
0.021428
0.014239
0.010627
0.009504
0.000000
0.000000
0.000000
0.000000
0.000000
0.000000
0.000000
0.000000
0.000000
0.000000
0.000000
0.000000
0.000000
0.000000
0.000000
0.000000
0.000000
0.000000
0.000000
0.000000
0.000000
0.000000
0.000000
0.000000
0.000000
0.000000
0.000000
0.000000
0.000000
0.000000
0.000000
0.000000
0.000000
0.000405
0.000270
0.000000
0.000000
0.000000
0.000000
0.000000
0.000000
0.000554
0.015495
0.015854
0.016082
0.016692
0.016235
0.015315
0.014002
0.000023
0.000018
0.003093
0.005291
0.005616
0.006199
0.006544
0.030695
0.040387
0.046594
0.051572
0.088250
0.109948
0.116210
0.138386
0.147549
0.151881
0.155218
0.156294
0.152834
0.000000
0.000000
0.000000
0.000000
0.000657
0.149125
0.143645
0.138865
0.132375
0.121944
0.018511
0.013879
0.011191
0.010111
0.006175
0.008085
0.009047
0.009402
0.009335
0.001442
0.001366
0.001366
0.001223
0.001126
0.000000
0.000000
0.000000
0.000000
0.000000
0.000000
0.000000
0.000000
0.000000
0.000000
0.000000
0.000000
0.000000
0.000000
0.000000
0.000000
0.000000
0.000000
0.000000
0.000000
0.000000
0.000000
0.000000
0.000000
0.000000
0.000000
0.000000
0.000000
0.000000
0.000000
0.000000
0.000000
0.000000
0.000000
0.000006
0.000002
0.000009
0.000010
0.000000
0.000000
0.000000
0.000000
0.000000
0.000024
0.000018
0.000018
0.000737
0.000726
0.000161
0.000007
0.000006
0.000030
0.000036
0.000038
0.000008
0.000004
0.000004
0.000017
0.000017
0.001603
0.001620
0.001563
0.001588
0.001583
0.001554
0.001613
0.001468
0.001276
0.001131
0.000000
0.000000
0.000000
0.000000
0.000000
0.000000
0.000000
0.000000
0.000000
0.000000
0.000000
0.000000
0.000000
0.000000
0.000000
0.000000
0.000000
0.000000
0.000000
0.000000
0.000000
0.000000
0.000000
0.000000
0.000000
0.000000
0.000000
0.000000
0.000000
0.000000
0.000031
0.000040
0.000000
0.000000
0.000000
0.000000
0.000000
0.000000
0.000000
0.000000
0.000000
0.000000
0.000000
0.000000
0.000000
0.000000
0.000000
0.000000
0.000000
0.000000
0.000000
0.000000
0.000000
0.000000
0.000000
0.000000
0.000000
0.000000
0.000000
0.000000
0.000000
0.000000
0.000000
0.000838
0.000875
0.000939
0.000996
0.001029
0.001002
0.000019
0.000007
0.000004
0.000003
0.000021
0.000007
0.000009
0.000023
0.000033
0.000042
0.000052
0.000000
0.000000
0.000000
0.000000
0.000000
0.000000
0.000000
0.000000
0.000000
0.000000
0.000000
0.000229
0.000172
0.000012
0.000009
0.000009
0.000007
0.000008
0.000007
0.000007
0.000000
0.000000
0.000000
0.000000
0.000000
0.000000
0.000000
0.000000
0.000000
0.000000
0.000000
0.000000
0.000000
0.000000
0.000000
0.000000
0.000000
0.000000
0.000000
0.000000
0.000000
0.000000
0.000000
0.000000
0.000000
0.000000
0.000000
0.000000
0.000000
0.000000
0.000000
0.000000
0.000000
0.000000
0.000000
0.000000
0.000000
0.000000
0.000000
0.000000
0.000000
0.000000
0.000000
0.000000
0.000000
0.000000
0.000000
0.000000
0.000000
0.000000
0.000000
0.000000
0.000000
0.000000
0.000000
0.000001
0.000000
0.000000
0.000000
0.000000
0.000000
0.000000
0.000000
0.000001
0.000000
0.000000
0.000000
0.000000
0.000000
0.000000
0.000000
0.000001
0.000000
0.000000
0.000000
0.000000
0.000000
0.000000
0.000000
0.000001
0.000000
0.000000
0.000000
0.000000
0.000000
0.000000
0.000001
0.000001
0.000001
0.000001
0.000000
0.000000
0.000000
0.000000
0.000001
0.000002
0.000001
0.000001
0.000001
0.000000
0.000000
0.000000
0.000001
0.000002
0.000001
0.000001
0.000001
0.000001
0.000000
0.000000
0.000002
0.000003
0.000001
0.000001
0.000001
0.000001
0.000001
0.000002
0.000006
0.000003
0.000002
0.000000
0.000000
0.000001
0.000000
0.000000
0.000000
0.000000
0.000001
0.000006
0.000022
0.000050
0.010940
0.010805
0.011227
0.016610
0.018259
0.028088
0.028394
0.028519
0.028848
0.029998
0.030874
0.018366
0.017294
0.015742
0.000887
0.000375
0.000302
0.000284
0.000037
0.000271
0.000335
0.000590
0.009625
0.018862
0.021376
0.023405
0.024979
0.026410
0.027822
0.029119
0.028573
0.027447
0.026320
0.025131
0.024001
0.021765
0.020258
0.002986
0.002718
0.002748
0.002631
0.009739
0.023190
0.028987
0.038834
0.043034
0.050912
0.052890
0.054711
0.056009
0.056063
0.054378
0.000002
0.000002
0.000002
0.000002
0.000003
0.000002
0.000009
0.000015
0.000011
0.000010
0.000009
0.000010
0.000017
0.000048
0.000054
0.000004
0.000004
0.055667
0.055635
0.053899
0.050363
0.034313
0.032167
0.032106
0.000013
0.000168
0.000018
0.000008
0.000012
0.000010
0.000010
0.000006
0.000015
0.000016
0.000019
0.000043
0.000045
0.033025
0.032828
0.004625
0.003102
0.000136
0.000088
0.000132
0.002911
0.002993
0.003170
0.003245
0.003331
0.004648
0.007002
0.022700
0.016733
0.010866
0.008242
0.001577
0.000004
0.000000
0.000000
0.000000
0.000000
0.000000
0.000000
0.000001
0.000002
0.000002
0.000001
0.000002
0.000004
0.000004
0.000004
0.000001
0.000001
0.000001
0.000001
0.000002
0.000002
0.000003
0.000018
0.000797
0.004799
0.038684
0.061742
0.119263
0.140281
0.179270
0.240789
0.254051
0.267751
0.307800
0.409960
0.619963
0.687724
0.777565
0.890993
0.006932
0.007185
0.007405
0.000409
0.000740
0.000739
0.002011
0.005054
0.018078
1.370047
1.513304
1.685351
1.869018
2.092949
2.368507
2.745503
0.000003
0.000002
0.000002
0.000001
0.000001
0.000001
0.000002
0.000001
0.000002
0.000001
0.000001
0.000003
0.000008
0.000001
0.000001
0.000001
0.000001
0.000001
0.000001
0.000001
0.000001
0.000001
0.000001
0.000001
0.000001
0.000001
0.000000
0.000000
0.000000
0.000001
0.000001
0.000001
0.000001
0.000001
0.000000
0.000002
0.000001
0.000002
0.000002
0.000006
0.000025
0.000002
0.000001
0.000001
0.000001
0.000005
0.000003
0.000003
0.000002
0.000002
0.000009
0.000008
0.000012
0.000007
0.000005
0.000003
0.000004
0.000008
0.000004
0.000010
0.000003
0.000004
0.000007
0.000006
0.000005
0.000002
0.000003
0.000004
0.000004
0.000003
0.000006
0.000008
0.000007
0.000007
0.000007
0.000007
0.000009
0.000008
0.000002
0.000003
0.000003
0.000003
0.000004
0.000004
0.000003
0.000004
0.000005
0.000035
0.000047
0.000039
0.000008
0.000005
0.000004
0.000006
0.000006
0.000012
0.000016
0.000036
0.000038
0.000030
0.000026
0.004053
0.004436
0.000015
0.000016
0.000020
0.000018
0.000027
0.000031
0.000036
0.000035
0.000041
0.000029
0.000044
0.000040
0.000083
0.000138
0.000133
0.000204
0.000352
0.000773
0.001339
0.001536
0.025206
3.889571
4.514312
4.824062
5.114929
5.480205
5.769803
6.293922
6.711110
6.747930
6.758496
6.774545
7.015859
7.029289
7.040131
7.044350
7.046409
7.048731
7.048975
7.048915
7.048824
7.048749
7.048797
7.048043
7.044045
7.038552
7.024989
6.957726
6.910075
6.869731
6.807465
0.026539
0.008515
0.005021
0.004433
0.003878
0.003047
0.003507
0.002565
6.328436
6.340406
6.346486
6.385211
6.423559
6.411872
6.406993
6.400354
6.395589
6.351312
6.536297
6.597565
6.630296
6.639467
6.652177
6.657950
6.702909
6.709477
6.719847
6.730815
6.711225
6.618313
6.550538
0.065006
6.226579
6.454405
6.948077
7.027100
6.955061
6.938057
6.925137
6.913141
6.897266
6.886504
6.862198
6.748713
6.427559
5.463176
4.750715
3.981567
3.403116
1.913542
1.714275
0.927911
0.317518
0.073465
0.045912
0.007544
0.005692
0.016452
0.016049
0.015697
0.014502
0.031793
0.874873
0.915350
0.991383
1.035968
1.075245
1.124305
1.168090
0.004091
0.005854
0.005359
0.005251
0.005958
0.005693
0.005413
0.004924
0.004922
0.004498
0.003979
0.002838
0.001330
0.000046
0.000048
0.000086
0.000066
0.000031
0.000035
0.000030
0.000036
0.000040
0.000065
0.002179
0.002301
0.002436
0.002469
0.002649
0.002765
0.004028
0.004179
0.004220
0.004746
0.004967
0.021407
1.139020
1.242657
1.420035
1.538759
1.708342
1.973267
0.001831
2.094671
2.208238
0.003005
0.002856
0.002584
0.002350
0.001985
0.000095
0.000032
0.000014
0.000010
0.000017
0.000017
0.000128
0.000010
0.000023
0.000044
0.000043
0.000041
0.004339
0.005565
0.006059
0.006146
0.006064
0.005920
0.005730
0.004657
0.003411
0.001853
0.000744
0.001138
0.001109
0.001073
0.000730
0.000618
0.000465
0.000372
0.000110
0.000955
0.001920
0.002194
0.002409
0.002468
0.002590
0.002695
0.002993
0.002810
0.002841
0.002875
0.002944
0.002957
0.003341
0.005747
0.004718
0.004297
0.003811
0.003455
0.003397
0.003212
0.003163
0.002995
0.000700
0.000449
0.002930
0.003786
0.012935
0.013890
0.014185
0.000042
0.000039
0.000115
0.000135
0.000154
0.000112
0.000318
0.000368
0.000171
0.009536
0.009987
0.010281
0.010967
0.000885
0.000641
0.000504
0.000771
2.753989
3.160064
3.564787
4.069120
4.628662
5.189203
5.906674
6.351406
6.730133
6.968215
6.996203
7.051517
7.071850
7.099104
7.103575
7.103584
7.102105
7.100405
7.098852
7.095299
7.094075
7.095764
7.101436
7.154791
7.158747
7.151379
7.115399
7.114377
7.580377
7.503261
7.517206
7.519158
7.508529
7.384340
7.382613
7.378033
7.374500
7.377125
7.375550
7.373502
7.369097
7.359596
7.352254
7.338911
7.326193
7.318426
7.326367
7.353802
7.352527
7.346858
7.315683
7.311306
7.313295
7.309348
7.299620
7.113998
0.277475
0.042200
0.000075
0.000072
0.000065
0.000057
0.001174
0.000886
0.000699
0.000478
0.000456
0.000745
6.868367
7.008844
7.070002
7.144139
7.206200
7.380884
7.476246
7.509689
7.536830
7.565912
7.571234
7.581506
7.583516
7.567109
7.551070
7.556115
7.633090
7.586625
7.557166
7.395870
7.292483
0.049502
0.045836
7.293917
7.229410
7.190243
0.043879
7.587922
7.628950
7.715417
7.744057
7.742620
7.723940
7.658626
7.565392
7.477728
0.015414
0.015051
0.015381
0.014923
0.020138
7.527895
7.545292
7.556179
7.429155
7.279108
0.033205
7.006766
6.322258
5.780880
5.385276
5.036584
4.636798
0.081485
0.024935
3.503386
3.165670
2.900047
2.634814
2.398844
0.007484
1.754186
1.303997
1.116101
0.537834
0.141802
0.042373
0.030287
0.026274
0.313303
0.383247
0.373641
0.289493
0.206913
0.212637
0.003068
2.004888
2.182988
2.445385
2.729305
3.026993
3.377987
3.698696
4.106291
4.592272
5.121648
5.499234
5.803593
6.056102
6.200833
6.460737
6.887405
7.156939
7.459944
7.671539
7.774640
7.747966
0.039302
0.000607
0.000273
0.000183
0.000046
0.000032
0.000024
0.000040
0.000041
0.000042
0.000058
0.000095
0.001196
0.001725
0.001578
0.003063
7.754626
7.928112
8.036207
8.153360
8.555006
8.598311
8.669416
8.717216
8.748562
8.771360
8.792521
8.815990
8.836511
8.836292
8.834520
9.228839
9.232428
9.348360
9.363757
9.389300
0.009358
0.009323
0.009471
0.009718
0.010013
0.010382
0.010990
9.493926
9.507784
9.509781
9.512466
9.712874
9.704967
9.687490
9.659582
9.543030
9.611777
9.665532
9.691828
9.697870
9.692800
9.690464
9.691813
9.678155
9.691036
9.657924
9.207855
9.138028
9.025466
9.035246
9.045264
9.055001
9.032985
9.154634
9.199479
9.200112
9.204730
9.213981
9.215150
9.215303
9.215323
9.215114
9.215086
9.215067
9.214243
9.208290
9.196547
9.164356
9.142920
9.068772
9.003227
8.950156
8.903315
8.604197
8.267682
7.985333
0.077057
0.060545
0.055668
0.009982
0.008617
0.004358
0.034537
0.033873
0.027389
0.030255
0.014954
0.028360
0.095004
7.012186
7.303922
7.490107
7.684632
8.137143
8.466690
9.173989
9.666281
9.772017
9.864978
9.844050
0.004302
0.001551
0.000437
0.000228
0.000130
0.000080
0.000033
0.000024
0.000021
0.000022
0.000060
0.000096
0.000150
0.006083
0.007817
9.780311
9.893274
9.912678
9.913101
9.914471
9.911030
9.909409
9.907554
9.906779
9.903817
9.901720
9.899652
9.805149
9.615513
9.424361
9.240730
8.771998
8.401152
7.427866
0.008991
6.434285
5.618936
4.868154
4.290170
0.013138
0.010881
3.130019
2.727873
2.479433
2.258513
1.810024
1.398727
0.054509
0.000162
0.000253
0.001618
0.001197
0.000918
0.000769
0.000577
0.004372
0.004731
0.758135
0.809821
1.068821
1.537349
1.576257
1.638621
1.542443
0.000403
0.000477
0.000377
0.000442
0.000598
0.000880
0.002810
0.011135
1.624751
0.129485
0.114191
0.108325
0.102996
0.099516
0.093424
0.091023
0.045331
0.041779
0.023628
0.023252
0.022858
0.022702
0.021312
0.000097
0.003783
0.011469
0.012038
0.012094
0.012114
0.012802
0.012864
0.013092
0.013027
0.012276
0.011953
0.011960
0.010921
0.000026
0.000017
0.000015
0.000018
0.000019
0.000023
0.000011
0.000020
0.000018
0.001377
0.001427
0.001454
0.001554
0.001653
0.001684
0.001715
0.001758
0.001782
0.001744
0.001617
0.001455
0.000829
0.000061
0.000058
0.000048
0.000043
0.000042
0.000047
0.000249
0.001832
0.001897
0.002211
0.002508
0.003060
0.003234
0.003850
0.003966
0.004060
0.004144
0.004595
0.004588
0.004666
0.004654
0.004641
0.004593
0.004578
0.004588
0.004648
0.004643
0.004674
0.004566
0.004561
0.004516
0.004090
0.003778
0.000302
0.009625
0.009758
0.009738
0.009357
0.000108
0.000104
0.001317
0.001337
0.001586
0.001719
0.001752
0.002057
0.011193
0.010976
0.010282
0.006806
0.007498
0.007472
0.007563
0.003839
0.004000
0.004140
0.004089
0.004254
0.004145
0.000041
0.000014
0.000015
0.000017
0.000014
0.000012
0.000006
0.000004
0.000003
0.000004
0.000007
0.000012
0.000031
0.000042
0.000065
0.000019
0.000037
0.000045
0.001921
0.001930
0.002378
0.009202
0.010680
0.012768
0.013973
0.014773
0.017117
0.023568
0.024825
0.025184
0.026101
0.027519
0.026997
0.020640
0.020479
0.014817
0.024722
0.025507
0.026112
0.024749
0.021739
0.020135
0.008678
0.002684
0.002612
0.002623
0.002634
0.012103
0.012922
0.013332
0.013910
0.014345
0.014901
0.015140
0.014772
0.014811
0.014974
0.014825
0.010857
0.010819
0.010715
0.010281
0.010020
0.009550
0.010470
0.010424
0.010306
0.010521
0.001271
0.000426
0.000394
0.004505
0.005834
0.006111
0.006043
0.019565
0.020034
0.021365
0.021824
0.022377
0.022873
0.021920
0.022273
0.019217
0.015470
0.014369
0.013470
0.012886
0.010204
0.000343
0.000327
0.000299
0.001234
0.001306
0.004317
0.026779
0.029270
0.032975
0.036329
0.044013
0.049745
0.050714
0.051829
0.051775
0.051802
0.051771
0.051877
0.051915
0.051583
0.051034
0.050526
0.050049
0.047738
0.045881
0.040120
0.035853
0.034085
0.018780
0.017391
0.016068
0.006506
0.005373
0.004813
0.004223
0.003553
0.000058
0.000040
0.000036
0.000060
0.000077
0.000034
0.000043
0.000054
0.000036
0.000055
0.000443
0.010961
0.011404
0.011822
0.011693
0.011383
0.011366
0.011709
0.011894
0.011604
0.011444
0.011255
0.010564
0.009795
0.009710
0.008067
0.003074
0.003016
0.003066
0.003012
0.003120
0.004735
0.010590
0.011949
0.012302
0.011450
0.011866
0.012213
0.003445
0.009528
0.010253
0.010520
0.012203
0.011181
0.014565
0.014571
0.014798
0.015330
0.013572
0.013650
0.011243
0.011387
0.019299
0.018837
0.018572
0.018191
0.017726
0.017840
0.017109
0.005167
0.002757
0.000039
0.000861
0.004384
0.015054
0.014850
0.014159
0.014109
0.014450
0.014909
0.014162
0.013713
0.013500
0.013071
0.011611
0.011747
0.011690
0.011345
0.013635
0.013505
0.013668
0.013453
0.012097
0.019306
0.025752
0.028383
0.028577
0.026628
0.016699
0.015926
0.014863
0.000571
0.000203
0.000122
0.000065
0.000051
0.000045
0.000058
0.000040
0.000035
0.000018
0.000037
0.000039
0.003366
0.003825
0.003389
0.004620
0.004209
0.007964
0.008666
0.009024
0.028374
0.029328
0.030522
0.030299
0.004082
0.004945
0.005821
0.006572
0.000448
0.000830
0.031500
0.035097
0.044915
3.081568
3.434927
3.915253
4.363697
4.808241
0.010381
0.010620
0.043080
0.069779
5.638046
6.185384
6.932756
7.505108
8.328211
0.003181
0.002266
0.000870
0.000565
0.000089
0.000059
0.000037
0.000021
0.000018
0.000029
0.000090
0.000054
0.000064
0.000029
0.000054
0.000030
0.000052
0.000156
0.000217
0.000415
0.000344
0.000533
8.518271
8.669223
8.858350
8.949749
9.053491
9.111498
9.132018
9.158102
9.187824
9.172579
9.165539
9.164993
9.008143
8.708412
8.396189
8.081874
7.892475
7.393968
7.173955
6.422231
5.715441
4.534714
0.350667
0.156326
0.031752
0.015800
0.004545
0.003827
0.003542
0.003591
0.003651
0.003862
0.000088
0.000038
0.000025
0.000086
0.000063
0.000092
0.000116
0.000175
0.000284
0.000043
0.000046
0.000030
0.000042
0.000058
0.000094
0.000121
0.000121
0.000199
0.000332
0.009483
0.023845
0.969122
3.015114
3.548924
3.949587
4.426941
0.008957
5.327717
5.536194
5.714769
5.974810
6.203802
6.638521
6.987973
7.340392
7.821908
8.338133
8.653022
8.744622
8.848853
8.931578
8.982759
9.080644
9.188450
9.237377
9.243458
9.251103
9.259370
9.252291
9.248459
9.247360
9.214795
9.116940
9.147947
9.160874
9.165279
9.165982
9.167786
9.172711
9.172879
9.171182
9.161606
9.157228
9.155986
9.156297
9.158117
9.154260
9.146572
9.132452
9.119285
0.003086
0.002396
0.002240
0.002218
0.002210
0.002207
0.002198
0.002198
0.002198
0.002198
0.002197
0.002197
0.002197
0.002197
0.002197
0.002197
0.002197
0.002198
0.002199
0.002199
0.002199
0.002197
0.002197
0.002197
0.002197
0.002197
0.002197
0.002197
0.002197
0.002198
0.002197
0.002197
0.002197
0.002194
0.002192
0.002180
0.002074
0.001785
0.001661
0.001635
0.001263
0.001086
0.000139
0.000132
0.000119
0.000300
0.000415
0.000411
0.000418
0.000441
0.000385
0.000332
0.000276
0.000245
0.000031
0.000013
0.000008
0.000010
0.000018
0.000007
0.000007
0.000011
0.000006
0.000037
0.000936
0.000998
0.001064
0.001194
0.001290
0.001510
0.001818
0.002026
0.002115
0.002189
0.002196
0.002197
0.002198
0.002198
0.002197
0.002197
0.002197
0.002198
0.002198
0.002198
0.002199
0.002200
0.002199
0.002201
0.002185
0.002040
0.000019
0.000009
0.000003
0.000002
0.000001
0.000001
0.000001
0.000001
0.000000
0.000000
0.000000
0.000001
0.000001
0.000000
0.000001
0.000000
0.000000
0.000000
0.000075
0.000048
0.000019
0.000013
0.000007
0.000004
0.000002
0.000003
0.000001
0.000001
0.000001
0.000005
0.000004
0.000005
0.000007
0.000010
0.000017
0.000048
9.025618
9.158798
9.253414
9.259783
9.272817
9.129647
9.141277
9.155411
9.151041
9.147066
9.147988
9.152510
9.162342
9.136530
9.052479
8.974802
8.903482
8.693724
8.514124
8.337505
0.062047
0.017601
7.511313
7.494188
7.375882
7.234794
7.335894
7.323229
0.123483
0.169597
0.174400
7.746711
8.030974
8.428331
8.548465
8.830114
8.962865
8.836700
8.834355
8.839449
8.827327
8.337703
8.311274
8.287788
8.311620
8.330070
8.363413
8.369775
8.377417
8.376066
8.366106
8.356795
8.347938
8.321985
8.271798
8.244461
8.379346
8.242547
8.321421
8.368043
8.382174
8.379992
8.386934
8.394628
8.406794
8.388019
8.392603
8.453758
8.502115
8.544964
8.767910
8.784759
8.795286
8.756557
8.709464
8.268299
8.422497
8.446231
8.476356
8.491083
8.515245
8.543407
8.521142
8.508652
8.507370
0.126687
8.538144
8.668437
8.695927
8.693053
8.686545
8.688772
8.667018
0.004557
0.000702
0.000174
0.000105
0.000082
0.000071
0.000064
0.000071
0.000257
0.000259
0.000725
0.000810
8.758009
8.751256
8.751508
8.729401
8.674846
8.504471
8.161001
7.584363
6.931652
0.012390
0.005324
0.003033
0.000921
0.000873
0.002802
0.002809
0.002658
0.002136
0.002054
0.002057
0.001616
0.000067
0.000042
0.000031
0.000068
0.000084
0.000086
0.000108
0.000036
0.000025
0.000012
0.000046
0.000021
0.000014
0.000016
0.000274
0.000351
0.000407
0.000356
0.000361
0.000405
0.000422
0.000425
0.000507
0.000583
0.000616
0.000674
0.000163
0.000262
0.000757
5.913556
5.395331
5.028049
4.616103
4.084698
3.675724
2.988551
0.156825
0.005150
1.720380
3.955699
4.720743
4.971453
5.170555
5.417832
5.663951
5.867895
6.126120
6.360546
6.688841
6.789785
6.904334
7.051074
7.163844
7.224970
7.301824
7.421824
0.000299
0.000312
0.000298
0.000028
0.000208
0.000206
0.000100
0.000444
0.000426
7.471150
7.508510
7.560838
7.660018
7.694477
7.671772
7.670935
7.521119
7.288789
6.882371
6.568489
0.008632
0.007645
0.004626
0.000444
0.000241
0.000202
0.000114
0.000117
0.000083
0.000080
0.000019
0.000021
0.000031
0.000046
0.000086
0.000113
0.000065
0.000036
0.000035
0.000052
0.000023
0.000047
0.000018
0.000019
0.000036
0.000013
0.000022
0.000016
0.000030
0.000105
0.000175
0.000025
0.000072
0.000013
0.000016
0.000013
0.000016
0.000036
0.000038
0.000008
0.000010
0.000013
0.000006
0.000012
0.000008
0.000014
0.000013
0.000014
0.000009
0.000005
0.000006
0.000003
0.000005
0.000004
0.000005
0.000014
0.000014
0.000005
0.000004
0.000002
0.000002
0.000005
0.000002
0.000002
0.000002
0.000002
0.000003
0.000002
0.000002
0.000003
0.000003
0.000003
0.000001
0.000001
0.000001
0.000001
0.000000
0.000001
0.000001
0.000001
0.000002
0.000001
0.000003
0.000003
0.000003
0.000001
0.000002
0.000003
0.000003
0.000005
0.000007
0.000050
0.000002
0.000001
0.000001
0.000002
0.000060
0.000010
0.000007
0.000004
0.000004
0.000005
0.000002
0.000002
0.000001
0.000001
0.000001
0.000002
0.000003
0.000001
0.000001
0.000000
0.000003
0.000003
0.000001
0.000001
0.000002
0.000002
0.000002
0.000001
0.000001
0.000000
0.000000
0.000000
0.000000
0.000000
0.000000
0.000000
0.000000
0.001786
6.163422
5.541739
4.913858
4.044585
1.541796
0.908040
0.703399
0.221902
0.167495
0.107458
0.075056
0.044352
0.051580
0.047399
0.045252
0.023798
0.016081
0.015296
0.000072
0.000119
0.000000
0.000000
0.000000
0.000000
0.000000
0.000000
0.000000
0.000000
0.000000
0.000000
0.000000
0.000000
0.000000
0.000000
0.000000
0.000000
0.000000
0.000000
0.000000
0.000000
0.000000
0.000000
0.000000
0.000000
0.000000
0.000000
0.000000
0.000000
0.000000
0.000000
0.000000
0.000000
0.000000
0.000000
0.000000
0.000000
0.000000
0.000000
0.000000
0.000000
0.000000
0.000000
0.000000
0.000000
0.000000
0.000000
0.000000
0.000000
0.000000
0.000000
0.000000
0.000000
0.000000
0.000000
0.000000
0.000000
0.000000
0.000000
0.000000
0.000000
0.000000
0.000000
0.000000
0.000000
0.000000
0.000000
0.000000
0.000000
0.000000
0.000000
0.000000
0.000000
0.000000
0.000000
0.000000
0.000000
0.000000
0.000000
0.000000
0.000000
0.000000
0.000000
0.000000
0.000000
0.000000
0.000000
0.000000
0.000000
0.000000
0.000000
0.000000
0.000000
0.000000
0.000000
0.000000
0.000000
0.000000
0.000000
0.000000
0.000000
0.000000
0.000000
0.000000
0.000000
0.000000
0.000000
0.000000
0.000000
0.000000
0.000000
0.000000
0.000000
0.000000
0.000000
0.000000
0.000000
0.000000
0.000000
0.000000
0.000000
0.000000
0.000000
0.000000
0.000000
0.000000
0.000000
0.000000
0.000000
0.000000
0.000000
0.000000
0.000000
0.000000
0.000000
0.000000
0.000000
0.000000
0.000000
0.000000
0.000000
0.000000
0.000000
0.000000
0.000000
0.000000
0.000000
0.000000
0.000000
0.000000
0.000000
0.000000
0.000000
0.000000
0.000000
0.000000
0.000000
0.000000
0.000000
0.000000
0.000000
0.000000
0.000000
0.000000
0.000000
0.000000
0.000000
0.000000
0.000000
0.000000
0.000000
0.000000
0.000000
0.000000
0.000000
0.000000
0.000000
0.000000
0.000000
0.000000
0.000000
0.000000
0.000000
0.000000
0.000000
0.000000
0.000000
0.000000
0.000000
0.000000
0.000000
0.000000
0.000000
0.000000
0.000000
0.000000
0.000000
0.000000
0.000000
0.000000
0.000000
0.000000
0.000000
0.000000
0.000000
0.000000
0.000000
0.000000
0.000000
0.000000
0.000000
0.000000
0.000000
0.000000
0.000000
0.000000
0.000000
0.000000
0.000000
0.000000
0.000000
0.000000
0.000000
0.000000
0.000000
0.000000
0.000000
0.000000
0.000000
0.000000
0.000000
0.000000
0.000000
0.000000
0.000000
0.000000
0.000000
0.000000
0.000000
0.000000
0.000000
0.000000
0.000000
0.000000
0.000000
0.000000
0.000000
0.000000
0.000000
0.000000
0.000000
0.000000
0.000000
0.000000
0.000000
0.000000
0.000000
0.000000
0.000000
0.000000
0.000000
0.000000
0.000000
0.000000
0.000000
0.000000
0.000000
0.000000
0.000000
0.000000
0.000000
0.000000
0.000000
0.000000
0.000000
0.000000
0.000000
0.000000
0.000000
0.000000
0.000000
0.000000
0.000000
0.000000
0.000000
0.000000
0.000000
0.000000
0.000000
0.000000
0.000000
0.000000
0.000000
0.000000
0.000000
0.000000
0.000000
0.000000
0.000000
0.000000
0.000000
0.000000
0.000000
0.000000
0.000000
0.000000
0.000000
0.000000
0.000000
0.000000
0.000000
0.000000
0.000000
0.000000
0.000000
0.000000
0.000000
0.000000
0.000000
0.000000
0.000000
0.000000
0.000000
0.000000
0.000000
0.000000
0.000000
0.000000
0.000000
0.000000
0.000000
0.000000
0.000000
0.000000
0.000000
0.000000
0.000000
0.000000
0.000000
0.000000
0.000000
0.000000
0.000000
0.000000
0.000000
0.000000
0.000000
0.000000
0.000000
0.000000
0.000000
0.000000
0.000000
0.000000
0.000000
0.000000
0.000000
0.000000
0.000000
0.000000
0.000000
0.000000
0.000000
0.000000
0.000000
0.000000
0.000000
0.000000
0.000000
0.000000
0.000000
0.000000
0.000000
0.000000
0.000000
0.000000
0.000000
0.000000
0.000000
0.000000
0.000000
0.000000
0.000000
0.000000
0.000000
0.000000
0.000000
0.000000
0.000000
0.000000
0.000000
0.000000
0.000000
0.000000
0.000000
0.000000
0.000000
0.000000
0.000000
0.000000
0.000000
0.000000
0.000000
0.000000
0.000000
0.000000
0.000000
0.000000
0.000000
0.000000
0.001227
0.005453
0.005456
0.005899
0.004583
0.004042
0.003142
0.002848
0.002785
0.000000
0.000000
0.000000
0.000000
0.000000
0.000000
0.000000
0.000000
0.000000
0.000000
0.000000
0.000000
0.000000
0.000000
0.000000
0.000000
0.000000
0.000000
0.000000
0.000000
0.000000
0.000000
0.000000
0.000000
0.000000
0.000000
0.000000
0.000000
0.000000
0.000000
0.000000
0.000000
0.000000
0.000000
0.000000
0.000000
0.000000
0.000000
0.000000
0.000000
0.000000
0.000000
0.000000
0.000000
0.000000
0.000000
0.000000
0.000000
0.000000
0.002647
0.002647
