0.020886
0.008593
0.007334
0.002889
0.002906
0.002883
0.003400
0.013847
0.014096
0.008241
0.008472
0.008643
0.006176
0.006151
0.006233
0.000198
0.000012
0.000009
0.000003
0.000001
0.000002
0.000001
0.000002
0.000160
0.000011
0.000005
0.000003
0.000002
0.000005
0.000004
0.002093
0.002142
0.002086
0.002119
0.002182
0.003253
0.003531
0.003962
0.004055
0.004101
0.003978
0.003485
0.002638
0.002404
0.002291
0.002273
0.002522
0.003230
0.003188
0.003527
0.011581
0.011846
0.012907
0.017755
0.019139
0.011407
0.010938
0.010994
0.011621
0.055756
3.376784
3.116141
2.465109
2.107249
1.865989
0.780835
0.037927
0.005916
0.004045
0.003895
0.005855
0.067065
0.217852
0.321366
0.281653
0.070952
0.020784
0.021493
0.019448
0.024667
0.013785
0.004273
0.000050
0.000067
0.000054
0.000037
0.000083
0.000284
0.006360
0.421768
0.441979
0.458679
0.455946
0.467520
0.391987
0.161408
0.002323
0.008287
0.011272
0.587810
0.699223
0.120992
0.018637
0.000085
0.000129
0.000117
0.000095
0.000107
0.000255
0.000592
0.000734
0.002184
0.002984
0.004891
2.047826
2.372417
2.876952
3.499291
3.701930
3.861065
5.641894
6.715096
7.450583
7.849041
8.031363
8.243471
8.358757
8.424662
8.456591
8.456748
8.440853
8.549593
8.549726
8.539264
8.526374
8.516293
8.522920
8.534817
8.520246
8.501679
8.380174
8.269446
8.074506
7.869012
7.437009
7.125563
6.943262
6.768672
6.340014
0.764161
0.015880
0.017839
0.077670
0.111942
6.623912
7.459996
8.030277
8.251374
8.490021
8.555900
8.622817
8.685431
8.780251
8.911992
9.060660
9.078161
9.106440
9.113205
9.089763
9.087212
9.070911
9.068646
9.078788
9.099642
9.106251
9.099270
9.100027
9.100568
9.091208
9.094645
9.107538
9.116748
9.128783
9.147648
9.150354
9.149297
9.150265
9.152429
9.158592
9.158513
9.158282
9.147825
9.141056
9.123168
9.101510
9.088619
9.054583
9.013876
9.003205
9.006137
8.888055
8.782091
0.085613
0.121876
0.077392
8.751038
8.932290
8.932530
8.878188
8.829208
8.815908
8.799065
8.702463
8.694953
8.788671
9.038430
9.049087
8.998445
9.178280
9.176897
9.168891
9.163761
9.021649
8.780179
8.457268
8.219631
7.850506
5.858972
5.664456
5.287796
4.850018
4.594589
4.172630
3.043552
3.905308
4.165237
4.036429
4.782586
5.338854
5.724370
6.225014
6.660391
7.486718
7.977302
8.335614
8.511369
8.743354
8.887286
9.081997
9.153153
9.191237
9.147364
8.970473
0.002203
0.000593
0.000343
0.000114
0.000057
0.000030
0.000011
0.000011
0.000008
0.000002
0.000004
0.000002
0.000003
0.000002
0.000004
0.000002
0.000001
0.000081
0.000069
0.000071
0.000007
0.000007
0.000010
0.000006
0.000044
0.000039
0.000059
0.000247
0.000238
8.973119
8.884385
8.823287
8.593911
8.343468
7.840041
7.335776
6.955961
0.057660
5.712605
5.489799
5.655611
4.977196
0.005072
0.002843
0.004198
0.023868
0.016665
0.008276
0.012907
5.154029
5.288915
5.661938
5.805356
6.132558
6.379343
6.751055
7.025228
7.397822
7.752747
8.111116
8.440710
8.806309
9.186961
9.283790
9.358400
9.425157
9.452107
9.457628
9.477284
9.476827
9.479904
9.324282
9.242483
9.099832
8.992982
8.919759
8.837698
8.789690
8.714747
8.639960
8.589983
8.548877
8.390595
8.261162
8.110315
7.797186
7.547519
7.301565
6.870187
6.198914
5.584317
4.974597
4.396079
0.019322
0.008451
0.008267
4.140298
3.872434
2.795700
0.076669
0.054766
0.000000
