0.000000
0.000686
0.001598
0.000332
0.000283
0.000262
0.000255
0.000643
0.000583
0.000566
0.000570
0.000549
0.000566
0.000560
0.000537
0.000561
0.000470
0.000045
0.000050
0.000067
0.007882
0.008659
0.009520
0.011982
0.012849
0.012915
0.012942
0.013124
0.022331
0.017192
0.017617
0.018110
0.021938
0.029515
0.030134
0.029546
0.011487
0.018483
0.066631
0.074275
0.104879
0.177062
0.314580
0.342821
0.383789
7.809420
8.039781
8.109322
8.137004
8.167536
8.184651
8.206603
8.245274
8.279296
8.296873
8.313171
8.315481
8.291231
8.258725
8.224362
8.043133
8.176653
8.183001
8.198601
8.203089
8.222681
8.236788
8.205596
8.161465
0.341755
7.637569
0.006429
0.002617
0.000216
0.000176
0.000048
0.000040
0.000013
0.000009
0.000009
0.000029
0.000003
0.000003
0.000001
0.000001
0.000001
0.000001
0.000001
0.000002
0.000003
0.000006
0.000749
0.000783
0.000871
0.000979
0.001007
0.001057
0.001136
0.001330
0.001319
0.001321
0.001285
0.001269
0.001257
0.001238
0.001267
0.001299
0.001354
0.001364
0.001398
0.001416
0.001409
0.001650
0.000013
0.000002
0.000001
0.000002
0.000002
0.000001
0.000002
0.000002
0.000002
0.000003
0.000004
0.000001
0.000002
0.000001
0.000001
0.000001
0.000002
0.000002
0.000001
0.000001
0.000002
0.000001
0.000001
0.000001
0.000001
0.000001
0.000001
0.000001
0.000002
0.000001
0.000001
0.000001
0.000001
0.000001
0.000001
0.000001
0.000002
0.000000
0.000001
0.000001
0.000001
0.000001
0.000001
0.000002
0.000003
0.000001
0.000001
0.000001
0.000001
0.000000
0.000001
0.000001
0.000001
0.000001
0.000001
0.000001
0.000002
0.000004
0.000010
0.000022
0.000053
0.000136
0.000194
0.000345
0.051028
7.698118
7.779029
7.825163
7.717952
7.773268
7.778649
7.782216
7.782360
7.782080
7.781976
7.782030
7.782388
7.782183
7.781606
7.780562
7.776865
7.776310
7.778902
7.780558
7.781271
7.781571
7.779723
7.774662
7.774276
7.777293
7.777662
7.777790
7.778845
7.780361
7.780963
7.780996
7.781457
7.780593
7.777323
7.776027
7.775868
7.777566
7.781169
7.782084
7.778794
7.775478
7.775205
7.776218
7.801309
7.801781
7.802936
7.803866
7.803776
7.804030
7.801051
7.788146
7.988979
8.003305
8.007136
8.006952
8.229820
8.232638
8.228373
8.223097
8.202889
8.191063
8.180654
8.157443
8.143263
8.130213
8.126688
8.112088
0.293475
0.294190
8.191635
8.370149
8.380970
8.385557
8.387143
8.387775
8.387168
8.390505
8.393570
8.394371
8.394896
8.395211
8.395527
8.395240
8.471038
8.476605
8.480279
8.485958
8.486258
8.484828
8.679103
0.000289
0.000206
0.000149
0.000128
0.000151
0.000196
0.000214
0.000236
0.000244
0.000260
0.000350
8.622056
8.678957
8.706702
8.803736
8.749802
8.752199
8.752414
8.752315
8.752787
8.751750
8.751038
8.749728
8.745098
8.738950
8.792078
8.793106
8.748111
8.446910
8.165648
7.982677
7.690535
0.054914
0.038252
7.493393
7.432892
7.410673
0.274027
7.125571
7.130847
6.947361
0.333341
0.123692
7.163247
0.062684
0.000122
0.000068
0.000025
0.000021
0.000013
0.000007
0.000007
0.000004
0.000006
0.000001
0.000001
0.000004
0.000001
0.000001
0.000001
0.000002
0.000001
0.000003
0.000003
0.000002
0.000003
0.000001
0.000001
0.000001
0.000001
0.000001
0.000001
0.000002
0.000006
0.000008
0.000014
0.000040
0.000161
0.000217
0.000685
7.801377
8.024140
8.380123
8.517593
8.621712
8.721316
8.844747
8.952553
8.966604
8.972544
8.975959
8.976573
8.977296
8.976770
8.976768
8.976855
8.976849
8.976749
8.972487
8.969097
8.966828
8.965291
8.953107
8.671619
8.612400
8.610854
8.609769
8.609564
8.610301
8.610216
8.610158
8.618859
8.621823
8.620963
8.620689
8.621162
8.617885
8.613592
0.001338
0.002882
0.003506
0.004890
8.765757
8.654381
8.629762
8.558637
0.096161
8.599109
8.627084
8.657712
0.063451
0.066300
8.926436
8.232553
8.378590
8.641687
8.503099
8.527969
8.538376
8.541817
8.542370
8.543158
8.539459
8.538146
8.537113
8.540150
8.542152
8.542108
8.542503
8.543119
8.543478
8.543489
8.543536
8.544116
8.543542
8.543514
8.542083
8.535508
8.493303
8.471636
8.432199
8.384539
8.206683
7.923429
7.355236
6.794836
6.187475
5.627699
4.967982
0.041323
4.023607
3.388847
2.845641
2.307199
2.106923
0.012704
1.879085
1.822961
1.443019
1.358670
0.638432
0.310239
0.228416
0.498521
0.698564
0.050025
0.053236
0.002723
1.163000
0.003364
0.004307
0.005056
1.989445
2.901839
3.231733
0.002662
3.961465
0.012608
0.028146
5.015009
5.660221
6.424711
7.107759
7.806609
8.634853
8.805509
8.871382
8.893446
8.893483
8.890414
8.886533
8.884301
8.882069
8.860375
8.505427
8.461155
8.443737
8.371891
8.338819
8.257953
8.101878
8.101107
8.100534
8.101522
8.102760
8.191929
8.195526
8.194856
8.194717
8.186328
8.172900
8.161356
8.152515
8.145705
8.140303
0.000627
0.000337
0.000411
0.000637
0.000655
0.001131
0.001981
0.004345
0.007426
8.353161
8.384859
8.435980
8.446761
8.465149
8.747016
8.780681
8.814736
8.833908
8.842103
8.851548
8.845478
8.816157
8.816001
8.821232
8.933363
8.938564
8.944367
8.945408
8.950701
8.948086
8.943060
8.893200
8.834282
8.300670
7.830613
4.066925
6.573025
7.548144
8.337452
8.551128
8.639749
8.668136
8.699223
8.716426
8.740811
8.771776
8.773902
8.774374
8.776237
8.764710
8.751565
8.745507
8.742945
8.747008
8.754129
8.757158
8.759423
8.759587
8.758255
8.410170
8.152909
8.147229
8.146706
8.141542
8.128663
8.051476
8.002756
7.960406
7.932586
7.899728
7.873056
7.745176
7.651180
0.097617
7.206595
7.044842
0.152908
0.161410
0.164549
7.506877
7.859792
7.932542
7.942567
7.946071
7.947499
7.948537
7.947328
7.945311
7.944371
7.945807
7.948598
7.949013
7.949607
7.950086
7.951043
7.948411
7.758325
7.756968
7.758454
7.758139
7.751781
7.751378
7.748735
7.751371
7.748307
7.748210
7.749300
7.747422
7.744849
7.743282
7.744170
7.737708
7.729857
7.704097
7.628580
7.198462
6.708409
6.153478
0.047307
0.046678
5.642480
0.045659
5.309309
0.209882
0.067461
0.334367
0.381246
6.706627
6.971043
7.251161
7.433988
7.612885
7.687738
7.742813
7.750135
7.750707
7.752542
7.752629
7.751689
7.740780
7.395309
7.097441
7.088142
7.080726
6.526567
6.524509
6.528824
6.528451
6.528219
6.528151
6.528165
6.528275
6.527681
6.527045
6.526583
6.526152
6.523081
6.522674
6.522201
6.519824
6.517664
6.511462
6.393642
6.376696
6.370843
6.398137
6.434853
6.462827
6.541098
6.579916
6.585353
6.586660
6.585274
6.584470
6.582834
6.582302
6.584256
6.585836
6.522918
6.522787
6.516709
6.492160
6.444847
5.956787
0.172464
0.025779
0.025778
0.025797
