0.001009
0.000892
0.000252
0.000014
0.000013
0.000009
0.000012
0.004575
0.004749
0.004763
0.004794
0.004813
0.004846
0.004979
0.004887
0.004895
0.000036
0.000034
0.000040
0.000028
0.000020
0.001679
0.000321
0.000312
0.011174
0.012089
0.017596
0.018521
0.018966
0.019295
0.015318
0.016461
0.017379
0.004795
0.055712
0.059447
0.107903
0.159312
0.744826
1.127509
1.829078
4.768748
5.476883
6.630510
7.453032
7.636101
7.704359
8.074952
8.328927
8.344069
8.594442
8.602130
8.611682
8.618676
8.624093
8.633188
8.643242
8.657063
8.662395
8.669071
9.013280
9.026195
9.032722
9.038607
9.042020
9.045757
9.046377
9.046961
9.046306
9.039404
8.983135
8.837055
8.836345
8.836281
8.836488
8.836488
8.836685
8.836536
8.829599
8.809967
8.671156
8.502576
0.002459
0.001358
0.000458
0.000182
0.000125
0.000121
0.000100
0.000010
0.000007
0.000005
0.000007
0.000008
0.000012
0.000012
0.000020
0.000087
0.000172
0.000436
0.000672
0.000972
8.244031
8.203602
0.088008
0.295383
8.374244
8.788687
8.820894
8.836097
8.837404
8.837412
8.837453
8.837460
8.837372
8.837130
9.003296
9.002713
9.004279
9.008117
9.208561
9.216500
9.218205
9.220171
9.221879
9.223904
9.224658
9.223543
9.659003
9.613011
9.591105
9.568183
9.550184
9.542033
9.540715
9.540986
9.541811
9.534467
9.582312
9.576473
9.571398
9.562005
9.537553
9.522223
9.455592
9.296218
9.129774
8.993438
8.335380
8.262669
8.338591
8.059446
0.158160
8.505505
8.902197
9.333859
9.491632
9.571875
9.598991
9.587638
9.581841
9.577986
9.574198
9.572959
9.503503
9.268428
8.959473
8.543219
7.583112
6.784894
5.749186
5.034697
4.401572
3.934184
3.537010
0.027617
3.001661
0.447947
0.036173
0.246655
0.258301
0.213292
0.217611
0.251286
0.259527
0.259418
0.297152
0.295791
0.296699
0.118871
0.093784
0.086793
0.077362
0.067724
0.016864
0.017127
0.016669
0.015815
0.018973
0.019987
0.018535
0.009664
0.000074
0.000210
0.000217
0.000939
1.811427
1.655582
1.492618
1.358830
1.195282
0.959343
0.003467
0.852618
0.759400
0.090677
0.136428
0.116672
0.038527
0.252903
0.353936
0.376003
0.383131
0.435871
0.448676
0.013407
0.002991
0.001071
0.193969
0.467798
1.391744
1.705632
2.077487
2.286406
2.455301
0.004525
2.622810
2.752420
3.072259
3.394015
3.640089
0.002947
0.409931
3.691475
4.556041
4.983831
5.493504
6.119967
6.794962
7.738935
9.112882
9.696809
9.835732
9.968947
9.989361
9.992758
9.996320
9.994728
9.983017
9.966743
9.892727
9.794410
9.627519
9.564940
9.631065
9.692159
9.697119
9.690772
9.678528
9.671498
9.655367
9.652137
9.364703
9.365374
9.366591
9.366412
9.367032
9.367636
9.367304
9.514565
9.569165
9.641304
9.657649
9.660121
9.658894
9.658780
9.660953
9.661776
9.661442
9.660797
9.660740
9.661147
9.661677
9.661809
9.661800
9.661558
9.660341
9.659149
9.658373
9.658715
9.661084
9.661836
9.661829
9.661396
9.661326
9.661266
9.656109
9.649903
9.618127
9.291608
8.883164
8.881244
8.879981
8.878253
8.876621
8.874594
8.869200
8.866269
8.859528
8.826820
8.729449
8.449958
8.448127
8.444924
8.459959
8.461553
8.462193
8.445601
8.440685
8.441705
8.444780
8.491484
8.507674
8.517314
8.513215
8.508795
8.506673
8.493271
8.487699
8.145542
8.141495
8.136999
8.133949
8.103538
8.101340
8.100488
8.100847
8.100842
8.100804
8.100810
8.100721
8.100724
8.100511
8.100514
8.100644
8.100773
8.100826
8.102549
8.101883
8.100447
8.100226
8.097986
8.092649
8.092014
8.095730
8.099122
8.100391
8.100744
8.110940
8.110876
8.110087
8.100353
8.100557
8.100433
8.094585
7.790062
7.790255
7.788143
7.777319
7.760535
7.532729
7.528246
7.523703
7.521396
7.520575
7.519794
7.518942
7.517189
7.513697
7.510125
7.496698
7.418702
7.386197
7.345127
7.318826
7.305521
7.296589
7.290653
7.283381
7.280141
7.278101
7.276714
7.272011
7.273477
7.268636
7.269597
7.271457
7.276705
7.269206
7.273131
7.199177
6.774920
1.476245
0.019125
0.000000
0.000000
0.000000
0.000000
0.000000
0.000000
0.000000
0.000001
0.000000
0.000000
0.000000
0.000000
0.000000
0.000000
0.000000
0.000000
0.000000
0.000000
0.000000
0.000003
0.000003
0.005865
0.005933
0.005750
0.005587
0.004931
0.004535
0.004452
0.004422
0.004198
0.003879
0.003640
0.003549
0.000000
0.000000
0.000000
0.000000
0.000000
0.000000
0.000000
0.000000
0.000000
0.000000
0.000000
0.000009
0.000015
0.000000
