0.000133
0.000126
0.000167
0.000005
0.000003
0.000001
0.000001
0.000001
0.000001
0.000001
0.000001
0.000001
0.000000
0.000001
0.000000
0.000001
0.000026
0.000025
0.000025
0.000024
0.000014
0.000002
0.000003
0.000004
0.000347
0.000345
0.000594
0.000418
0.000025
0.002201
0.002309
0.002450
0.002585
0.016730
0.016858
0.016916
0.002780
0.002511
0.000023
0.000020
0.002441
0.008405
0.010086
0.009639
0.004038
0.004103
0.004098
0.003812
0.004058
0.000663
0.000020
0.000019
0.000017
0.000002
0.000004
0.000010
0.000000
0.000000
0.000000
0.000000
0.000000
0.000000
0.000000
0.000000
0.000000
0.000000
0.000000
0.000000
0.000000
0.000000
0.000000
0.000000
0.000000
0.000000
0.000000
0.000000
0.000000
0.000000
0.000000
0.000000
0.000000
0.000000
0.000000
0.000000
0.000000
0.023599
0.019188
0.012413
0.010802
0.013029
0.008512
0.003765
0.003679
0.000435
0.000422
0.000416
0.010024
0.011450
0.013462
0.016398
0.033078
0.056316
0.062121
0.094073
0.104373
0.197985
3.744393
3.714321
0.028355
0.037277
0.075100
0.097309
0.083368
0.108435
0.085135
0.155171
0.194512
4.936880
5.152896
5.325761
5.496746
5.429223
5.398479
0.000474
0.000133
0.000000
0.000000
0.000000
0.000001
0.000000
0.000000
0.000000
0.000000
0.000000
0.000000
0.000000
0.000000
0.000000
0.000001
0.000000
0.000000
0.000001
0.000000
0.000000
0.000000
0.000004
0.000001
0.000000
0.000004
0.000003
0.000090
0.000102
0.000050
0.000059
0.000058
5.251640
0.000250
0.000153
0.000132
0.000165
0.000166
0.000130
0.000148
0.000182
0.000083
0.000060
0.000062
0.000306
5.168041
5.126496
5.055968
0.000310
0.000053
0.000041
0.000030
0.000068
0.000083
0.000097
0.000118
0.000159
0.000235
0.000000
0.000001
0.000000
0.000000
0.000001
0.000001
0.000000
0.000000
0.000002
0.000000
0.000000
0.000000
0.000000
0.000001
0.000001
0.000006
0.000006
0.000000
0.000000
0.000000
0.000000
0.000000
0.000000
0.000000
0.000000
0.000000
0.000000
0.000000
0.000001
0.000002
4.966137
4.573007
4.074192
3.531030
2.766040
0.945648
1.157355
0.079006
2.964096
0.019102
3.199948
0.010107
0.029786
3.322590
3.424824
0.000001
0.000001
0.000027
0.000001
0.000001
0.000001
0.000000
0.000000
0.000000
0.000000
0.000001
0.000000
0.000001
0.000000
0.000000
0.000000
0.000000
0.000000
0.000000
0.000000
0.000003
0.000002
0.000001
0.000001
0.000001
0.000000
0.000000
0.000001
0.000001
0.000007
0.000004
0.000004
0.000002
0.000005
0.000006
0.000005
0.010550
3.829963
4.694614
5.263858
5.535257
5.753300
5.823114
5.819909
5.803098
5.799072
5.843158
6.175692
6.160590
0.000175
0.000122
0.000074
0.000036
0.000022
0.000017
0.000022
0.000029
0.000067
0.000098
0.000201
0.000293
0.000384
0.000651
0.001060
0.057523
6.561144
0.000040
0.000034
0.000024
0.000007
0.000006
0.000008
0.000009
0.000000
0.000000
0.000000
0.000000
0.000000
0.000001
0.000001
0.000000
0.000000
0.000009
0.000007
0.000003
0.000001
0.000003
0.000001
0.000001
0.000001
0.000004
0.000004
0.000001
0.000000
0.000001
0.000005
0.000008
0.000003
0.000004
0.000001
0.000002
0.000012
0.000011
0.000015
0.000017
0.000001
0.000000
0.000000
0.000001
0.000002
0.000001
0.000001
0.000001
0.000001
0.000001
0.000000
0.000000
0.000001
0.000001
0.000001
0.000001
0.000011
0.000001
0.000001
0.000002
0.000002
0.000000
0.000000
0.000003
0.000001
0.000001
0.000008
0.000010
0.000010
0.000015
6.530640
6.554990
6.566624
6.557555
6.545684
6.534029
6.487102
0.000014
0.000013
0.000013
0.000007
0.000028
0.000030
0.000042
6.531906
6.510174
6.464944
6.431800
6.407373
6.280524
0.000149
0.000113
0.000061
0.000015
0.000050
0.000005
0.000034
0.000117
0.000015
0.000010
0.000006
0.000006
0.000004
0.000004
0.000002
0.000001
0.000000
0.000001
0.000001
0.000001
0.000003
0.000003
0.000005
0.000007
0.000003
0.000010
0.000002
0.000003
0.000001
0.000003
0.000001
0.000002
0.000002
0.000002
0.000001
0.000001
0.000006
0.000008
0.000002
0.000025
0.000044
0.000035
0.000036
0.000026
0.000030
0.000016
0.000016
6.182926
5.851683
5.549172
5.315371
5.035455
0.092511
4.814319
4.718337
0.058943
4.666129
4.862303
4.684977
5.063820
5.354975
5.519169
5.523948
0.000029
0.000020
0.000032
0.000016
0.000049
0.000006
0.000008
0.000019
0.000035
0.000027
0.000019
0.000025
0.000014
0.000019
0.000033
0.000073
0.000104
0.000021
0.000005
0.000007
0.000019
0.000021
0.000056
0.000095
0.000007
0.000008
0.000020
0.000013
0.000012
0.000009
0.000006
0.000008
0.000007
0.000032
0.000008
0.000010
0.000017
5.474695
5.411895
5.357783
5.288993
5.194535
5.132874
5.077466
5.016563
4.993620
0.076435
0.203295
0.222136
4.742483
4.801766
5.807819
6.207037
6.424528
6.630201
6.652453
6.677903
6.911065
6.896452
6.891266
6.889061
0.027832
0.000015
0.000009
0.000005
0.000006
0.000009
0.000017
0.000005
0.000028
0.000010
0.000018
0.000023
0.000021
0.000036
0.000007
0.000008
0.000015
0.000007
0.000005
0.000010
0.000010
0.000016
0.000059
0.000034
0.000025
0.000037
0.000074
0.000164
0.000446
6.832690
6.875628
6.924440
6.972869
7.021756
7.068527
7.101622
7.099479
0.003212
0.003321
7.130467
7.124192
7.113234
7.071331
0.028316
7.014274
7.009007
6.954402
6.897846
6.811975
6.736277
6.654537
6.464576
6.496734
6.424804
6.116477
5.730276
5.441442
5.033052
0.031121
0.006412
4.579108
4.105851
1.420843
1.291349
4.147662
4.495353
0.027246
5.423296
5.824528
5.914964
6.135745
6.157516
6.162442
6.292467
6.304586
6.204559
6.094299
5.849086
5.463117
5.057478
4.718615
4.398211
4.181689
3.986810
0.012881
0.008334
0.022895
3.066046
3.620785
3.824622
4.493369
4.739960
4.727790
4.622405
4.421126
4.073526
1.347452
0.004167
0.006100
0.005496
2.820695
4.733809
4.954166
5.091116
0.021524
0.025296
4.841735
5.272710
5.261277
5.268212
5.318418
5.251373
5.199655
5.025390
4.803332
0.122429
0.004315
0.006150
0.006572
0.006483
0.007346
0.007814
4.795969
4.927263
4.940695
4.871937
4.777000
4.667192
4.595635
0.025242
0.013775
0.480577
0.492570
0.499116
0.301380
0.310837
4.261744
4.231512
4.028526
0.253323
0.007545
0.007851
4.121206
4.329739
4.493068
4.712376
4.994517
5.284977
5.523482
5.792437
0.000816
0.000545
0.000126
0.000072
0.000056
0.000036
0.000038
0.000044
0.000048
0.000113
0.000307
0.000508
0.000708
0.001321
5.886269
6.018908
6.203001
6.216843
6.235127
6.264506
6.310715
6.320583
6.256592
6.201110
5.921032
5.661928
5.437781
5.149597
0.053741
0.048929
0.046621
0.049013
0.029180
0.000109
0.000114
0.000181
0.000238
0.000330
0.000487
0.014008
0.379444
0.420227
6.357198
6.402087
6.473296
6.480094
6.473205
6.385754
6.205549
6.050336
5.880880
0.021341
0.023953
0.081801
5.709036
5.791773
5.914222
6.000744
6.081994
6.034170
6.015005
5.970167
5.601796
3.568577
4.431483
5.065627
5.472423
5.937394
6.347798
6.529922
6.631483
6.664733
6.698345
6.735680
6.684564
0.058137
0.000364
0.000204
0.000100
0.000085
0.000034
0.000020
0.000012
0.000008
0.000014
0.000018
0.000017
0.000006
0.000002
0.000007
0.000006
0.000006
0.000010
0.000010
0.000011
0.000005
0.000005
0.000011
0.000009
0.000024
0.000025
0.000003
0.000004
0.000017
0.000012
0.000016
0.000009
0.000004
0.000003
0.000003
0.000006
0.000004
0.000004
0.000096
0.000077
0.000040
0.000067
0.000067
0.000073
0.000131
0.000164
0.000315
0.000735
6.645152
6.988926
7.161230
7.143378
6.961864
6.660868
5.757588
3.261007
2.842031
0.041124
0.016285
0.709760
0.728724
2.890076
4.891511
5.963340
7.063277
7.587213
7.648434
7.676182
7.694560
7.697473
7.697623
7.707987
7.728480
0.035300
7.468537
7.347370
0.163989
7.423684
7.679546
7.768160
7.838338
7.849548
7.836961
7.816476
7.526364
7.322166
7.064587
0.242245
0.030170
0.000069
0.032679
7.316768
7.457541
7.584676
7.690652
7.802379
7.876958
7.900324
7.922577
7.974258
7.959389
7.798856
7.599670
7.224394
6.942597
6.258088
5.759352
5.322027
4.725182
1.065100
0.021016
0.055251
0.058895
1.394238
6.781546
6.954402
7.069269
7.191876
7.215869
7.126872
7.042439
6.793955
6.639153
6.404090
6.208310
0.198774
0.212428
0.260260
6.604327
6.815575
6.852754
6.916683
6.941705
6.968301
6.953514
0.000819
0.000297
0.000120
0.000066
0.000046
0.000037
0.000043
0.000013
0.000024
0.000031
0.000063
0.000206
0.000239
0.000561
0.000806
7.197208
7.234480
7.214993
7.222736
7.246957
7.238064
7.251204
7.193647
7.111600
0.076544
7.264050
7.363671
7.446846
7.460363
7.471978
7.478450
7.491505
7.502657
7.524099
7.541679
7.571139
7.574007
7.579415
7.595779
7.599099
7.623284
7.645221
0.001921
0.000130
0.000048
0.000069
0.000082
0.000091
7.662409
7.673862
7.677146
7.661309
7.674278
7.674304
7.647115
7.828838
7.826498
7.811028
7.715266
7.626629
7.518260
0.089390
0.158442
7.739440
7.807796
7.819730
7.831777
7.820578
7.758474
7.651202
7.587289
7.320707
6.804565
6.188599
5.618373
5.019604
4.363877
3.805456
3.307500
2.475169
0.951667
0.704582
0.033573
0.593358
0.563730
0.038964
0.001181
0.000162
0.000139
0.000141
0.000164
0.000051
0.000086
0.000063
0.000061
0.000043
0.000044
0.000046
0.000091
0.000079
0.000020
0.000016
0.000020
0.000030
0.000033
0.000038
0.000032
0.000037
0.000042
0.000069
0.000078
0.000144
0.000176
0.000211
0.011863
0.654536
0.725950
2.493610
2.647966
2.856794
3.151104
3.507065
3.918243
4.312154
4.615028
5.098970
5.454906
5.860440
6.421646
6.875011
7.069274
7.269805
7.468960
7.531723
7.554781
7.565028
7.578348
7.583739
7.574335
7.572879
7.587220
7.605759
7.625041
7.598515
7.584568
7.561346
7.461640
7.354835
7.300334
7.275118
7.154953
7.086702
7.005167
0.117120
7.178188
7.320009
7.366473
7.359537
7.356842
7.356336
7.468979
0.002675
0.001977
0.001585
0.001328
0.001059
0.001429
0.001231
0.003246
7.411864
7.368445
7.342092
7.046637
6.661415
6.442485
6.314274
0.023824
0.001738
0.001402
0.001189
0.000156
0.000205
0.000093
0.000035
0.000009
0.000005
0.000003
0.000003
0.000003
0.000003
0.000011
0.000002
0.000003
0.000002
0.000005
0.000004
0.000014
0.000020
0.000008
0.000008
0.000003
0.000001
0.000007
0.000006
0.000002
0.000003
0.000002
0.000001
0.000002
0.000002
0.000001
0.000000
0.000001
0.000001
0.000000
0.000000
0.000000
0.000000
0.000000
0.000001
0.000001
0.000001
0.000001
0.000002
0.000002
0.000001
0.000000
0.000003
0.000002
0.000001
0.000002
0.000001
0.000002
0.000002
0.000005
0.000001
0.000001
0.000000
0.000000
0.000001
0.000002
0.000001
0.000001
0.000001
0.000000
5.775046
5.265252
4.987528
0.016983
4.612290
4.377719
4.015249
3.723578
3.367219
3.083248
2.832621
2.582173
0.011395
1.718393
0.153290
0.002764
0.002324
0.172848
1.711098
2.039792
2.294683
2.653831
3.098188
3.264761
3.423860
0.016672
3.692918
3.686333
3.699423
3.656730
3.357543
3.244178
1.943626
0.028898
0.001840
0.001842
3.165891
3.331852
3.492564
3.675581
3.931703
4.159885
4.362283
4.569357
4.718862
4.876128
5.081451
5.386780
5.531399
5.658882
5.756664
5.746602
5.671473
5.568737
5.498535
5.405966
0.017315
4.672498
4.389348
3.793044
0.001318
0.001320
0.000547
0.000185
0.000219
0.000136
0.000099
0.000374
0.000379
0.000035
0.000195
0.000111
0.000114
0.000055
0.000045
0.000028
0.000027
0.000031
0.000010
0.000015
0.000016
0.000029
0.000032
0.000086
0.000057
0.000050
0.000685
0.000603
0.000078
0.000130
0.000223
0.000333
0.000349
0.000562
0.097050
3.333812
3.432179
4.067014
4.529099
4.844840
0.006054
0.005985
0.005985
0.005929
0.004087
0.003416
0.002630
0.000096
0.000122
0.000124
0.000898
0.001104
0.001734
0.017836
5.376604
5.820026
6.340524
6.794403
0.000219
0.000233
0.000091
0.000063
0.000062
0.000096
0.000356
0.000470
7.032642
7.073787
7.072478
7.060049
7.049008
7.039023
6.990708
6.897878
6.784643
6.622026
0.122030
0.000350
0.000064
0.000033
0.000216
0.000337
0.000283
0.000099
0.000153
0.000154
0.000145
0.000399
0.000904
6.342002
6.379614
6.363807
6.425418
6.434960
0.059888
0.021850
6.682468
6.662430
6.750939
6.735116
6.679825
6.378543
6.083752
5.785723
5.634338
0.497770
5.792838
6.161355
6.305983
6.464599
6.596295
6.677487
6.753658
6.806795
6.889956
6.975836
7.082539
7.085641
7.079142
7.073319
7.069880
6.931395
6.966918
6.985481
6.946730
6.909856
6.894681
6.893539
6.852023
6.812712
6.729744
6.670406
6.617747
6.589569
6.524441
6.685497
6.737122
0.030918
0.035026
0.039322
6.962153
7.103566
7.154503
7.167091
7.185170
7.192429
6.940248
6.918422
6.967110
6.686551
0.225026
6.344986
6.493010
6.652174
6.751722
6.811853
0.029959
0.031340
7.040697
7.041732
7.056823
7.074338
7.074786
7.059609
7.014942
0.079973
7.082186
7.108549
7.112427
7.101188
7.079367
7.033127
6.981725
6.806226
6.658341
6.490058
6.301851
0.083600
0.070476
0.004694
0.003763
0.003287
0.002684
0.002590
0.002795
0.000122
0.000102
0.000081
0.000109
0.000104
0.000082
0.000128
0.000239
0.000721
0.048179
0.052695
0.056120
0.060982
6.062287
6.283587
6.594584
6.847287
6.988035
7.031973
7.069548
7.137311
7.136591
0.077180
7.471685
7.616224
7.573755
7.535603
7.364309
7.233893
7.020470
6.571399
4.588425
5.869530
6.427464
6.727612
6.789163
6.966792
6.923585
6.627077
6.034596
5.477092
3.800071
3.213485
1.778428
0.104111
0.002368
0.001843
0.001971
0.001819
0.001888
0.002302
1.949573
2.685473
3.224952
4.128205
4.771427
5.448366
6.081246
6.469389
6.722177
6.976822
7.126886
7.351010
7.441682
7.503549
7.517402
7.518757
7.475069
7.431464
7.386858
7.176989
0.075355
0.028395
7.155643
7.234398
0.056792
7.273402
7.367538
7.507257
7.719144
7.742074
7.742538
7.738737
7.848367
7.782478
7.594541
7.677040
7.687320
7.693414
7.518345
7.490330
0.059988
7.520830
7.609009
7.660798
7.702089
7.718003
7.712883
7.700033
7.688293
7.653444
7.549300
7.479690
7.445622
7.303070
6.994162
6.627606
6.358140
5.608126
5.102377
4.642472
4.246523
3.841109
3.144743
2.828051
0.020983
2.349218
2.193659
0.455438
0.426421
0.378241
0.346612
0.271668
0.251193
0.005016
0.008654
0.005188
0.200016
0.189199
0.044528
0.002622
0.002005
0.076992
0.166305
0.000669
0.000967
0.001676
2.754496
0.001982
0.002059
0.012042
0.015690
3.502632
3.889212
4.260917
4.673818
4.957767
5.379254
5.805120
6.355050
6.461469
6.705260
6.865895
6.909035
6.960690
7.025255
7.084865
7.098909
7.128387
7.177589
7.182470
7.188570
7.210744
7.206155
7.196149
7.172647
7.147109
7.128836
7.113724
7.046134
7.006178
6.927362
6.496413
0.418763
6.369558
6.696171
6.853971
7.006006
7.037282
7.116418
7.207107
7.226856
7.254968
7.261825
7.263121
7.262133
7.254975
7.191252
0.009155
0.009033
0.008883
0.008871
0.008604
6.796463
6.794095
6.825912
6.844098
6.843617
6.845194
6.847509
6.847421
6.846441
6.845281
6.844789
6.844990
6.844392
6.844385
6.845772
6.844581
6.844408
6.839683
6.835653
6.835582
6.839516
6.849627
6.851785
6.857252
6.836872
6.436164
6.167581
5.984551
5.807607
5.546238
5.653346
4.786218
5.006768
5.037311
5.070403
5.144944
5.848826
5.993545
6.194370
6.354689
6.401845
6.450040
6.628631
6.790698
6.839883
6.757092
6.764415
6.761807
6.652483
6.060390
5.498060
4.730699
3.953385
3.591697
0.019765
0.019696
0.038224
0.075582
0.949346
0.105970
2.972363
3.777193
4.186244
4.779654
5.213050
5.594814
6.017394
6.474426
6.608482
6.715867
6.789262
6.809269
6.813630
6.808293
6.805078
6.804972
6.813955
6.826015
6.852974
6.859042
6.854251
6.853749
6.857847
6.862342
6.865036
6.864893
6.867267
6.871161
6.874704
6.871875
6.871350
6.873181
6.865231
6.858325
6.734078
6.726072
6.729070
6.729508
6.731053
6.734367
6.725804
6.711000
6.700656
6.699310
6.697697
6.691248
6.683416
6.682406
6.685282
6.681472
6.666740
6.662073
6.663703
6.659473
6.659518
6.663794
6.666725
6.659721
6.656903
6.655107
6.652045
6.611475
6.575440
6.522123
6.480049
6.422494
6.358147
6.257591
0.006176
0.003810
0.000984
0.000548
0.000243
0.000110
0.000083
0.001114
0.000509
0.000506
0.000487
0.000502
0.000563
0.000559
0.000532
0.000549
0.000510
0.000526
0.000534
0.000564
0.000622
0.000637
0.000375
0.001461
5.975735
5.832091
5.662260
5.546965
5.432834
0.069995
0.004540
5.161534
5.192566
5.253225
5.300944
0.026078
5.337297
5.479095
5.631176
5.786649
5.862831
5.998627
6.016899
6.016530
5.965793
0.060732
5.987197
5.919766
6.028896
5.901109
5.868665
5.888531
5.697164
5.583095
5.393386
5.246481
4.905843
4.574700
4.346983
0.194291
0.095399
0.100032
0.110365
0.000180
0.000135
0.000079
0.000296
0.000303
0.000332
0.000052
0.000166
0.000015
0.000013
0.000019
0.000030
0.000070
0.000064
0.000222
4.348617
4.562763
4.625359
4.741594
4.744242
4.764926
4.736017
4.640948
4.609684
0.001287
0.000743
0.000427
0.000455
0.000293
0.000183
0.000268
0.000456
0.000047
0.000209
0.000289
0.000014
0.000016
0.000022
0.000011
0.000002
0.000003
0.000015
0.000043
0.000032
0.000029
0.000055
0.000023
0.000014
0.000009
0.000012
0.000010
0.000003
0.000005
0.000008
0.000005
0.008590
0.014648
0.014487
0.000003
0.000004
0.000002
0.000005
0.000007
0.000010
0.000018
0.000033
0.000059
0.000082
4.677327
4.654373
0.002505
0.002292
0.001838
0.001864
0.000171
0.000028
0.000030
0.000015
0.000011
0.000009
0.000006
0.000024
0.000038
0.000024
0.000028
0.000061
0.000103
0.000123
0.000035
0.000036
0.000006
0.000002
0.000012
0.000032
0.000039
0.000013
0.000010
0.000006
0.000023
0.000018
0.000016
0.000011
0.000013
0.000020
0.000043
0.000004
0.000004
0.000007
0.000005
0.000064
0.000089
0.000104
0.000350
0.000079
0.000073
0.000069
0.000052
0.000059
0.000067
0.005054
0.000710
0.001106
4.622817
4.614010
0.007647
0.000169
0.000174
0.000048
0.000004
0.000008
0.000067
0.000043
0.000025
0.000002
0.000001
0.000001
0.000002
0.000002
0.000000
0.000002
0.000002
0.000000
0.000000
0.000001
0.000001
0.000000
0.000001
0.000001
0.000011
0.000013
0.000013
0.000019
0.000002
0.000002
0.000002
0.000033
0.000017
0.000001
0.000001
0.000001
0.000001
0.000000
0.000008
0.000013
0.000021
0.000046
0.000063
0.000104
4.677964
4.695645
4.549906
4.428133
4.113927
4.040094
4.013581
0.001827
0.002143
0.000228
0.009155
3.747106
3.769070
3.780381
3.732065
3.690647
3.622043
0.001183
3.483512
3.399880
3.355386
2.959129
2.034378
1.431825
1.042795
0.716099
0.404753
0.339045
0.136927
0.055063
0.009124
0.001614
0.001632
0.000054
0.000000
0.000000
0.000000
0.000000
0.000001
0.000002
0.000122
0.000109
0.000099
0.000001
0.000001
0.000001
0.000000
0.000001
0.000001
0.000000
0.000000
0.000000
0.000003
0.000000
0.000000
0.000000
0.000000
0.000000
0.000000
0.000000
0.000000
0.000000
0.000000
0.000000
0.000000
0.000000
0.000000
0.000000
0.000000
0.000031
0.000054
0.000082
0.000080
0.000074
0.000085
0.000081
0.000207
0.027753
0.027156
0.027421
0.027780
0.028657
0.023979
0.007190
0.000125
0.000125
0.000124
0.000125
0.000124
0.000128
0.000134
0.000138
0.000150
0.000150
0.000134
0.000104
0.000003
0.000003
0.000000
0.000000
0.000000
0.000000
0.000001
0.000002
0.000002
0.000003
0.000077
0.000116
0.000150
0.000188
0.000214
0.000172
0.000000
0.000000
0.000000
0.000000
0.000000
0.000000
0.000000
0.000000
0.000000
0.000000
0.000000
0.000000
0.000000
0.000295
0.012477
