0.002318
0.000043
0.000041
0.000037
0.000025
0.000013
0.000013
0.000019
0.000027
0.000027
0.000043
0.000001
0.000001
0.000001
0.000001
0.000009
0.003244
0.003609
0.003671
0.014261
0.016175
0.016274
0.028174
0.027208
0.025919
0.038790
0.035817
0.001227
0.000050
0.000045
0.000030
0.000085
0.000087
0.000152
0.000214
0.005591
0.027773
0.032077
0.082952
0.226536
0.317533
0.354619
0.400984
8.324821
8.339950
8.339983
8.242565
8.602760
8.659678
8.700958
8.730787
8.735499
8.738408
8.738276
8.738022
8.738114
8.738077
8.737018
8.733623
8.735165
9.174484
9.316641
9.304758
9.072068
8.153237
7.433530
0.156225
1.904981
4.766080
6.239525
6.261678
7.085130
6.973249
7.255697
7.879384
7.943364
7.921352
7.909045
7.797056
7.717099
7.934193
0.010528
0.003002
0.001130
0.000956
0.000511
0.000246
0.000189
0.000043
0.000027
0.000021
0.000023
0.000026
0.000019
0.000018
0.000045
0.000049
0.000023
0.000061
0.000080
0.000106
0.000712
0.000960
0.000902
0.003251
0.003545
8.005401
7.884194
7.777540
7.467049
7.451690
7.253425
7.079513
6.882522
6.448509
5.773976
0.387294
0.166799
0.010306
0.015166
0.016876
0.019923
0.536296
1.128614
6.748945
8.452373
8.811130
9.252580
9.582758
9.742847
9.892027
9.923351
9.953995
9.957385
9.955081
9.947168
9.902402
9.878132
9.841628
9.794877
0.262137
0.257719
0.262768
8.506113
8.738550
0.109274
0.194675
8.741644
8.967157
9.125502
9.343743
9.491105
9.522937
9.519844
9.518794
0.000667
0.000366
0.000141
0.000086
0.000055
0.000044
0.000057
0.000057
0.000005
0.000003
0.000002
0.000002
0.000004
0.000003
0.000003
0.000003
0.000003
0.000003
0.000007
0.000004
0.000005
0.000013
0.000051
0.000064
0.000085
0.000185
0.000668
0.001277
0.001990
9.650834
9.770588
9.782823
9.764385
9.764281
9.740656
9.655163
9.590222
9.550024
9.520685
9.496443
9.478349
9.467753
9.462205
9.461706
9.478416
9.493605
9.491713
9.607740
9.658500
9.717779
9.725191
9.733165
9.742102
9.743259
9.743146
9.744812
9.751181
9.747343
9.710181
9.678162
9.657695
9.645602
9.639795
9.599564
9.555725
9.502182
9.502423
9.506103
9.778975
9.777803
9.418160
9.427553
9.432241
9.443049
9.455058
9.455243
9.431820
9.372450
9.286178
0.039186
0.039437
0.039065
0.000200
0.000052
0.000024
0.000009
0.000005
0.000002
0.000002
0.000001
0.000001
0.000000
0.000000
0.000001
0.000003
0.000002
0.000000
0.000001
0.000001
0.000001
0.000001
0.000001
0.000002
0.000003
0.000003
0.000001
0.000001
0.000001
0.000002
0.000001
0.000001
0.000001
0.000000
0.000001
0.000001
0.000001
0.000001
0.000001
0.000004
0.000028
0.000044
0.000002
0.000002
0.000002
0.000001
0.000000
0.000001
0.000001
0.000001
0.000001
0.000007
0.000004
0.000002
0.000003
0.000001
0.000001
0.000002
0.000003
0.000006
0.000011
0.000017
0.000037
0.000082
0.038156
0.173213
9.289934
0.089916
9.043092
9.199249
9.249379
9.207183
9.169433
9.151504
9.138567
9.122806
9.115282
8.997065
8.987228
8.990141
8.999559
9.001953
9.002476
9.003734
9.406142
9.445739
9.447112
9.448670
9.449779
9.449940
9.449832
9.449483
9.448939
9.448434
9.447063
9.446014
9.446596
9.449101
9.449983
9.450221
9.486359
9.497931
9.504492
9.504315
9.502937
9.503529
9.505795
9.506297
9.500643
9.495547
9.493936
9.492998
9.487965
9.474230
9.468583
9.456530
9.430173
0.036232
0.032902
0.026432
0.024866
9.056020
9.072264
9.076080
9.081272
9.080430
9.076624
9.062284
8.774208
8.482631
8.482323
8.656180
8.666771
8.665029
8.657229
8.630646
8.556249
0.023710
0.022291
0.021881
8.722189
8.695569
8.627449
0.125479
0.120629
0.000363
0.000281
0.000190
0.000187
0.000164
0.000193
0.000213
0.000283
0.000661
0.000888
8.814913
9.120244
9.183479
9.183271
9.179250
9.179228
9.159612
9.144155
9.122396
9.091732
9.072029
9.047891
9.009191
8.933250
8.986418
8.934101
8.686665
8.292471
8.577220
8.595923
7.547805
6.984818
5.652516
0.127868
0.049200
0.045512
5.240086
6.350830
6.898939
6.962575
7.056925
6.910112
0.076826
0.079328
6.730240
6.520011
6.157890
6.128763
6.070843
5.794659
5.031307
4.335650
0.044119
0.036433
0.005461
0.940815
1.386433
1.856367
2.673471
2.899297
3.112020
3.179159
3.136270
2.999267
1.669977
1.471620
0.044444
1.300070
0.886975
0.229848
0.014254
0.000000
