0.008260
0.005988
0.005707
0.005495
0.005354
0.005043
0.004827
0.001225
0.001228
0.001242
0.001263
0.001262
0.001440
0.000538
0.000511
0.000597
0.000555
0.000506
0.000034
0.000034
0.000040
0.000057
0.000115
0.001805
0.001908
0.001822
0.001789
0.001787
0.001810
0.001824
0.001782
0.001736
0.001621
0.001573
0.000016
0.000003
0.000002
0.000001
0.000000
0.000000
0.000001
0.000001
0.000000
0.000000
0.000000
0.000000
0.000000
0.000000
0.001168
0.001166
0.001008
0.000807
0.000638
0.000534
0.000090
0.000087
0.000090
0.000081
0.000079
0.000059
0.000001
0.000001
0.000001
0.000000
0.000000
0.000000
0.000001
0.000000
0.000000
0.000000
0.000000
0.000000
0.000000
0.000000
0.000000
0.000000
0.000000
0.000000
0.000000
0.000001
0.000001
0.000003
0.000000
0.000000
0.000001
0.000000
0.000000
0.000000
0.000001
0.000001
0.000001
0.000002
0.000000
0.000003
0.000001
0.000000
0.000001
0.000001
0.000001
0.000004
0.000003
0.000001
0.000001
0.000001
0.000002
0.000002
0.000003
0.000002
0.000004
0.000008
0.000015
0.000023
0.000030
0.000037
0.000053
0.000087
0.000014
0.003040
0.003840
0.006462
0.046028
0.049540
0.058620
0.060469
0.081006
0.086830
0.092868
0.102422
0.115484
7.849389
7.743288
7.754758
7.738101
7.827342
7.871858
7.936711
7.875080
0.018412
0.012097
0.012377
0.011433
7.822923
0.425740
7.455801
7.646190
0.000029
0.000020
0.000007
0.000006
0.000002
0.000001
0.000001
0.000001
0.000001
0.002165
0.000000
0.000001
0.000001
0.000001
0.000001
0.000001
0.000001
0.000001
0.000001
0.000000
0.000001
0.000001
0.000000
0.000000
0.000000
0.000000
0.000001
0.000000
0.000000
0.000000
0.000000
0.000000
0.000001
0.000001
0.000001
0.000001
0.000001
0.000001
0.000005
0.000021
0.000020
0.000036
0.000002
0.000003
0.000001
0.000085
0.000038
0.000012
0.000011
0.000017
0.000003
0.000002
0.000002
0.000001
0.000001
0.000002
0.000003
0.000001
0.000005
0.000005
0.000007
0.000022
0.000026
0.000002
0.000026
0.000020
0.000015
0.000023
0.000039
0.000033
0.000032
0.000017
0.000021
0.000026
0.000196
0.000223
0.000004
0.000008
0.000006
0.000095
0.000343
0.000015
0.000026
0.000022
0.000011
0.000010
0.000009
0.000009
0.000011
0.000005
0.000011
0.000008
0.000039
0.000018
0.000053
0.000010
0.000039
0.000042
0.000030
0.000102
0.000101
0.000292
0.000766
0.001112
0.183188
8.086907
8.149133
8.147401
8.198790
0.068755
0.267433
8.938285
9.044093
9.029895
9.033600
9.034124
9.034740
9.036197
9.037822
9.136394
9.137395
9.137442
9.138830
9.139442
9.174382
9.197340
9.207706
9.221084
9.227684
9.225612
9.217954
9.215752
9.196364
0.030958
0.038327
0.045510
9.944357
9.974123
9.992062
9.993235
9.992989
9.993331
9.998071
9.998981
9.999858
9.999892
9.999911
9.999912
9.999846
9.999855
9.999822
9.999374
9.999179
9.997635
9.996715
9.997654
9.998106
9.998297
9.998206
9.998627
9.999043
9.999103
9.999638
9.999989
9.999969
9.999879
9.999549
9.999561
9.999672
9.999455
9.999500
9.999713
9.999473
9.998287
9.998507
9.999926
9.999114
9.999002
9.999218
9.998895
9.995095
9.992249
9.991204
9.991093
9.989451
9.989460
9.989959
9.991802
9.995212
9.997184
9.999663
9.999401
9.999385
9.999672
9.999482
9.999449
9.999470
9.997480
9.993415
9.991404
9.991591
9.995269
9.996003
9.998020
9.998903
9.998433
9.997345
9.997016
9.993613
9.972430
9.960244
9.869672
0.001092
0.000175
0.000083
0.000044
0.000032
0.000010
0.000004
0.000002
0.000002
0.000002
0.000001
0.000001
0.000015
0.000013
0.000016
0.000036
0.000074
0.000113
0.000657
0.001027
0.001257
9.713582
9.746884
9.746312
9.744487
9.744522
9.743981
9.747585
9.750040
9.751935
9.752647
9.752373
9.556209
9.556180
9.556211
9.556331
9.555174
9.554004
9.739937
9.769256
9.783569
9.784127
9.784547
9.788461
9.792875
9.794888
9.794134
9.791893
9.791845
9.794359
9.795219
9.795308
9.793751
9.793590
9.794807
9.794939
9.794609
9.794931
9.795322
9.796109
9.796390
9.796409
9.796267
9.796221
9.796323
9.796346
9.796361
9.796309
9.796273
9.796166
9.794451
9.786999
9.728944
9.633605
9.563990
9.544709
9.518678
9.495987
0.013613
0.013124
0.012534
9.455162
9.380222
0.018712
0.015536
0.007922
0.001003
0.000590
9.029272
8.880046
8.698265
8.173045
6.940965
5.659012
2.577231
0.582269
0.002790
0.003132
0.003624
0.000000
0.000000
0.000000
0.000000
0.000000
0.000000
0.000000
0.000000
0.000000
0.000000
0.000000
0.000000
0.000000
0.000000
0.000000
0.000000
0.000000
0.000000
0.000000
0.000000
0.000000
0.000000
0.000000
0.000000
0.000000
0.000000
0.000000
0.000000
0.000000
0.000000
0.000000
0.000000
0.000000
0.000000
0.000000
0.000000
0.000000
0.000000
0.000000
0.000000
0.000000
0.000000
0.000000
0.000000
0.000000
0.000000
0.000000
0.000000
0.000000
0.000000
0.000000
0.000000
