3.141435
3.000374
2.535489
0.329434
2.543480
3.003997
3.463028
3.519430
3.532261
3.546839
3.549519
3.555679
3.564268
3.639309
3.643765
3.654753
3.647055
3.650325
3.655621
3.658989
3.619736
3.792006
3.789042
3.899697
3.828377
3.768317
0.003031
0.001260
0.001113
0.000740
0.000321
0.000129
0.000152
0.000034
0.000029
0.000030
0.000040
0.000014
0.000019
0.000013
0.000034
0.000013
0.000015
0.000007
0.000012
0.000108
0.000075
0.000036
0.000035
0.000061
0.000072
0.000107
0.000729
0.001507
3.703686
3.705583
3.708367
3.711837
3.719503
3.727778
3.732760
3.736843
3.735155
3.731389
3.725227
3.723417
3.713790
3.703395
3.698184
3.692617
0.001087
0.000243
0.000170
0.000087
0.000037
0.000177
0.000150
0.000150
0.000060
0.000090
0.000012
0.000009
0.000030
0.000007
0.000006
0.000086
0.000039
0.000042
0.000042
0.000037
0.000122
0.000228
0.000277
0.000366
0.007275
0.008985
3.830804
3.920277
3.926714
3.933544
3.927676
3.845166
3.701638
3.773676
3.947462
3.958224
3.959160
3.958911
3.958670
3.958630
3.958857
3.959220
3.959241
3.959254
3.959224
3.959024
3.959004
3.959164
3.959186
3.959166
3.959019
3.959039
3.959176
3.959103
3.959150
3.959218
3.959233
3.959250
3.959238
3.959162
3.959119
3.959162
3.959180
3.959190
3.959202
3.958983
3.958923
3.958692
3.958539
3.958552
3.958902
3.959134
3.959165
3.959166
3.959168
3.959201
3.959240
3.959254
3.959245
3.959215
3.959206
3.959181
3.959124
3.958943
3.958227
3.957140
3.953749
3.950175
3.949594
3.951159
3.956650
3.958523
4.249142
4.254437
4.256147
4.256121
4.256051
4.256268
4.256599
4.257436
4.257543
4.257541
4.257602
4.257160
4.254318
4.253555
4.253470
4.254614
4.256693
4.256356
4.255561
4.255497
4.256078
4.257200
4.257496
4.257517
4.257604
4.257717
4.257653
4.257629
4.257626
4.257477
4.385318
4.406887
4.421221
4.441750
4.473830
4.476810
4.478551
4.476750
4.475086
4.460272
4.426115
4.413349
0.118449
4.344083
4.475966
4.507753
4.597801
4.603289
4.595431
4.585271
4.580916
0.019338
0.017270
0.016625
0.016716
0.018079
0.019353
4.689320
4.726377
4.740595
4.773067
4.800201
4.819607
4.823966
4.825005
4.824553
4.824717
4.825277
5.469265
5.472873
5.475784
5.476826
5.476358
5.473475
5.470647
5.465972
5.444538
5.419111
5.397460
5.379494
5.340029
5.302885
5.155347
0.406852
4.673440
5.000079
5.300545
5.375459
5.426852
5.444413
5.455152
5.456328
5.456129
5.457298
5.457839
5.458030
5.458330
5.458148
5.456099
5.453486
5.424410
5.299081
5.274406
5.255479
5.246621
5.240609
5.239706
5.239617
5.239716
5.234938
5.224845
5.203569
5.181356
5.167227
5.093097
5.096102
5.094261
5.097634
5.099403
5.340312
5.425560
5.448240
5.465985
5.491646
5.511804
5.518351
5.516051
5.515267
5.515365
5.516034
5.509283
5.513749
0.029369
0.027862
5.902588
5.976845
6.005945
0.000006
0.000005
0.000005
0.000005
0.000005
0.000005
0.000005
5.988866
5.867120
5.535423
5.260699
4.649271
4.547569
5.351201
5.976680
6.010982
6.012337
5.994642
5.979580
5.969308
5.964851
5.939249
0.015980
5.905226
5.910149
5.919370
5.925260
5.929756
5.937312
5.940435
5.941065
5.939693
5.931962
5.926629
5.924174
5.922631
5.921964
5.922894
5.920759
5.899460
5.877935
0.074431
5.663008
5.638194
5.623221
0.271568
5.533085
0.023361
0.018763
0.011674
0.004421
0.004618
0.004496
5.348319
5.412875
5.434182
5.449047
5.461404
5.486002
5.495374
5.444994
5.445429
5.446346
5.447472
5.449413
5.453645
5.459781
5.466636
5.478226
5.492441
5.500476
5.524087
5.524929
6.105699
6.306221
6.313876
6.323397
6.329750
6.330642
6.332061
6.331799
6.333709
6.099876
6.102060
6.110253
6.124158
0.000000
0.000000
0.000000
6.122265
6.128631
6.136738
6.148017
6.153006
6.156215
6.160192
6.149514
6.140568
6.138539
6.132981
6.117058
6.114432
6.083583
0.029182
6.375346
6.398750
6.314643
6.344766
6.367889
6.546494
6.629273
6.648007
6.669554
6.681051
6.692598
6.725367
6.695356
6.653465
6.581135
0.089892
6.648202
6.692554
6.736292
6.767161
6.776795
6.783997
6.801485
6.804106
6.807326
6.809470
7.268259
7.386505
7.380194
7.115621
7.085792
7.085373
7.121778
7.135606
7.154632
7.172119
7.169778
7.170840
7.173586
7.175247
7.181345
7.190444
7.193466
7.178209
7.164067
7.158087
7.150166
7.135828
7.110149
7.060367
7.061662
7.150184
7.195450
7.205971
7.218218
7.219984
7.228139
7.240888
7.256415
7.295069
0.000953
0.000252
0.000167
0.000071
0.000031
0.000023
0.000007
0.000001
0.000001
0.000001
0.000000
0.000000
0.000000
0.000000
0.000001
0.000001
0.000005
0.000009
0.000016
0.000075
0.000110
0.000172
0.000708
7.662666
7.776694
7.795558
7.800908
7.801663
7.801873
7.801969
7.801990
7.801909
7.801873
7.801795
7.801830
7.802026
7.801719
7.801713
7.802023
7.802001
7.802026
7.802090
7.801771
7.800232
7.799231
7.799461
7.798433
7.796401
7.797186
7.800284
7.800731
7.800852
7.801324
7.801316
7.801100
7.801326
7.801868
7.801814
7.800996
7.800638
7.801217
7.801592
7.801838
7.801306
7.800311
7.797521
7.787822
7.738650
7.689900
6.774987
6.774058
6.773724
6.772928
6.772537
6.772053
6.771722
6.771461
6.771167
6.770875
6.770548
6.769854
6.769316
6.769402
6.769301
6.768987
6.768738
6.768418
6.768070
6.767714
6.767043
6.766619
6.766381
6.766118
6.765800
6.765515
6.765164
6.764643
6.764336
6.764290
6.764247
6.763859
6.763210
6.761632
6.758299
6.751317
6.847670
0.049002
0.038981
6.660444
6.710119
6.759818
6.814409
6.845932
6.884957
6.974574
6.986801
6.992953
6.997045
6.993894
6.979930
0.000053
0.000039
0.000011
0.000005
0.000003
0.000001
0.000001
0.000000
0.000000
0.000000
0.000000
0.000000
0.000000
0.000000
0.000000
0.000000
0.000000
0.000000
0.000000
0.000000
0.000000
0.000000
0.000000
0.000000
0.000000
0.000000
0.000000
0.000000
0.000000
0.000000
0.000000
0.000000
0.000000
0.000000
0.000000
0.000000
0.000000
0.000000
0.000001
0.000000
0.000001
0.000002
0.000000
0.000000
0.000000
0.000000
0.000000
0.000000
0.000000
0.000000
0.000000
0.000000
0.000000
0.000000
0.000000
0.000000
0.000000
0.000000
0.000001
0.000001
0.000000
0.000000
0.000000
0.000000
0.000000
0.000002
0.000001
0.000001
0.000000
0.000000
0.000000
0.000000
0.000000
0.000000
0.000000
0.000000
0.000000
0.000000
0.000000
0.000000
0.000000
0.000000
0.000000
0.000000
0.000000
0.000000
0.000000
0.000000
0.000000
0.000000
0.000000
0.000000
0.000000
0.000000
0.000000
0.000000
0.000000
0.000000
0.000000
0.000000
0.000000
0.000000
0.000001
0.000000
0.000000
0.000000
0.000000
0.000000
0.000000
0.000000
0.000000
0.000001
0.000000
0.000001
0.000000
0.000000
0.000000
0.000000
0.000000
0.000000
0.000000
0.000000
0.000000
0.000000
0.000000
0.000000
0.000001
0.000001
0.000000
0.000000
0.000000
0.000000
0.000001
0.000000
0.000001
0.000000
0.000000
0.000000
0.000000
0.000000
0.000001
0.000000
0.000000
0.000000
0.000000
0.000000
0.000000
0.000000
0.000000
0.000000
0.000000
0.000000
0.000000
0.000000
0.000000
0.000000
0.000000
0.000000
0.000000
0.000000
0.000000
0.000000
0.000000
0.000000
0.000000
0.000000
0.000000
0.000000
0.000000
0.000000
0.000000
0.000000
0.000000
0.000000
0.000000
0.000000
0.000000
0.000000
0.000000
0.000000
0.000000
0.000000
0.000001
0.000001
0.000002
0.000004
0.000006
0.000012
0.000074
0.000194
0.029644
6.708048
6.738228
6.763961
6.787946
6.811589
6.834428
6.858365
6.882779
6.906208
6.927930
6.954646
6.920686
6.667669
6.693437
6.698477
6.699498
6.700040
6.700573
6.701785
6.701870
6.701868
6.701888
6.701867
6.701843
6.701890
6.701891
6.701567
6.701589
6.702024
6.701940
6.701851
6.702007
6.702039
6.702073
6.702081
6.702087
6.701997
6.701988
6.702080
6.702121
6.701971
6.701666
6.701742
6.700884
6.700199
6.699534
6.699290
6.700537
6.701981
6.702154
6.702047
6.701858
6.701970
6.702285
6.702118
6.702093
6.702006
6.701373
6.700902
6.699217
6.695722
6.692822
6.694387
6.699055
6.700749
6.700655
6.700532
6.700642
6.701305
6.702148
6.702380
6.702786
6.702797
6.702830
6.702801
6.702844
6.702958
6.702949
6.702989
6.703039
6.702789
6.700705
6.693419
6.662878
6.655191
6.646463
6.545010
6.281683
0.443643
6.665406
7.050751
7.341641
7.572245
7.725380
7.767582
7.796921
7.823893
7.835708
7.837263
7.838167
7.839074
7.839231
7.839668
7.839904
7.839852
7.839957
7.840224
7.840072
7.840162
7.840574
7.840465
7.838890
7.837417
7.833716
7.810813
7.707266
0.001554
0.000709
0.000570
0.000535
0.000494
0.000432
0.000479
0.000604
0.000777
0.001050
0.002915
7.791694
7.826596
7.835569
7.838133
7.842058
7.835742
7.822676
7.675508
7.665272
7.658762
7.658672
7.658272
7.658228
8.605658
8.609276
8.609573
8.610503
8.610581
8.610557
8.609976
8.609012
8.606902
8.603878
8.602927
8.599611
8.588251
8.572185
8.524506
8.236120
8.009959
7.609776
7.116933
6.300933
5.479176
4.961456
2.427888
1.701873
2.560646
2.534077
2.498600
2.301029
0.219734
0.158537
0.001391
0.001902
0.001057
0.001818
0.001661
0.001656
0.006334
0.042698
1.687290
1.664307
1.564212
1.439295
1.169923
1.027468
0.001051
0.001462
0.002573
0.002371
0.002431
0.001032
0.000713
0.000088
0.000018
0.000007
0.000005
0.000069
0.000093
0.000024
0.000015
0.000011
0.000008
0.000036
0.000038
0.000013
0.000012
0.000013
0.000017
0.000020
0.000010
0.000014
0.000029
0.000022
0.000018
0.000936
0.013727
0.023602
0.055261
0.897491
0.917331
0.895847
0.874695
0.756003
0.030894
0.032168
0.000077
0.003853
0.769812
0.769121
0.738965
0.674349
0.646048
0.124556
0.003259
0.004097
0.004212
0.005980
0.006290
0.008684
0.009330
0.019368
0.207989
0.218213
0.412268
0.501732
0.530958
0.941108
0.898170
0.776269
0.716148
0.258026
0.181625
0.109952
0.103171
0.011647
0.005324
0.005410
0.014153
0.031911
0.085784
0.743009
0.762243
0.816402
0.706769
0.014776
0.028234
0.000243
0.056168
0.297804
0.295421
0.065914
0.015965
0.018188
0.000704
0.026836
0.082787
0.104497
0.181412
0.763896
0.840456
0.873531
0.001169
0.014978
0.015088
0.025007
0.025056
0.018517
0.000016
0.000009
0.000039
0.000017
0.000007
0.000013
0.000006
0.000006
0.000004
0.000006
0.000005
0.000006
0.000288
0.047721
1.111421
1.216786
1.372201
1.524810
1.700576
1.742276
1.708862
1.653188
1.510908
1.294473
0.090160
0.070002
0.064683
0.003695
0.003904
0.002727
0.000886
0.000004
0.000005
0.000007
0.000004
0.000003
0.000005
0.000005
0.000007
0.000048
0.000027
0.000013
0.000012
0.000009
0.000008
0.000007
0.000014
0.000006
0.000010
0.000009
0.000011
0.000005
0.000007
0.000007
0.000010
0.000015
0.000033
0.000037
0.000058
0.002543
0.001880
0.005892
1.227269
1.234049
1.226039
1.168758
1.087592
0.023596
0.021779
0.018603
0.002489
0.001785
0.004459
0.004277
0.003970
0.004156
0.007430
0.011705
0.335038
0.000864
0.139200
0.104564
0.015622
0.013169
0.265637
1.142883
1.378835
1.455927
0.012553
0.037352
0.001074
0.009080
0.064612
1.221555
1.689594
0.002224
0.003170
0.003500
2.302604
2.903380
3.260231
3.712967
4.176091
4.793853
5.377326
5.537371
5.672126
0.001742
0.000374
0.000238
0.000336
0.000083
0.000074
0.000082
0.000109
0.000065
0.000047
0.000006
0.000030
0.000060
0.000055
0.000034
0.000032
0.000037
0.000060
0.000047
0.000864
5.590143
5.395984
4.544727
0.017471
3.593338
3.052599
0.381593
0.310881
0.254485
0.187103
0.040456
0.000901
0.000836
0.000013
0.000019
0.000020
0.000115
0.000757
0.000463
0.000412
0.001765
0.003134
1.483278
1.337931
0.134929
0.001327
0.000065
0.000053
0.000087
0.000090
0.000079
0.001195
0.001198
0.224694
1.426897
1.107813
1.182494
1.095219
0.005035
0.003297
0.002650
0.003358
0.000107
0.000270
0.000263
0.000256
0.000584
0.005331
0.006872
0.007535
0.006460
0.145565
1.142528
1.427728
1.548125
1.680909
1.458071
0.033003
0.161491
0.244247
2.869733
3.388288
3.708858
4.006946
0.133874
0.133463
0.127428
4.726579
5.262355
5.808246
6.121884
6.456927
6.624716
6.708994
0.000351
0.004054
0.001265
0.001389
0.001379
0.001540
0.001606
0.001774
0.002017
0.002112
0.002123
0.002203
0.002272
0.002328
0.002580
0.003638
0.005448
0.005960
0.014793
7.093197
7.032677
6.726376
6.353078
0.689774
6.969934
7.277861
7.331035
7.407879
7.365589
7.365392
7.493371
7.502934
7.529924
7.533079
7.517087
7.518335
7.506664
7.507805
7.514430
7.492422
7.565435
0.000959
0.000701
0.000419
0.000267
0.000208
0.000182
0.000399
0.000411
0.000955
7.505301
7.502925
7.460267
0.006913
0.005933
7.084431
7.016675
6.978677
6.974686
7.218199
7.251167
7.275013
7.249028
0.029245
0.002510
0.002154
0.003296
0.002077
0.025222
7.330184
7.358101
7.366550
7.362510
7.320115
6.934435
6.889857
6.818322
6.649815
6.600376
6.522789
6.563930
6.504404
6.503817
6.358995
6.236019
6.097334
5.961401
5.687657
4.874688
4.762200
4.482509
4.513004
4.298872
4.552109
4.711183
5.024935
5.866600
5.968069
6.223410
0.007385
6.466353
6.566794
6.738805
6.852516
6.799377
6.691155
0.085401
6.796370
6.928445
7.054312
7.114856
7.171416
7.212775
7.223672
7.236061
7.268232
7.279941
7.281069
7.280195
7.278390
7.276462
7.271718
7.261196
7.248587
7.235493
7.225095
7.215722
7.219778
7.214031
7.211344
7.211035
7.214929
0.000186
0.000071
0.000041
0.000030
0.000014
0.000007
0.000004
0.000002
0.000004
0.000003
0.000040
0.000030
0.000034
0.000020
0.000024
0.000006
0.000004
0.000003
0.000004
0.000003
0.000008
0.000002
0.000005
0.000008
0.000009
0.000051
0.000047
0.000014
0.000018
0.000020
0.000006
0.000012
0.000017
0.000029
0.000025
0.000072
0.000010
0.000020
0.000031
0.000029
0.000015
0.000011
0.000005
0.000008
0.000074
0.000067
0.000024
0.000018
0.000036
0.000094
0.000121
0.002124
0.002480
0.002381
0.001289
7.226694
7.229110
7.225171
7.219913
7.169385
7.216880
7.017610
0.002151
0.000992
0.000937
0.000359
0.000274
0.000287
0.000202
0.000234
0.000283
0.000366
0.000667
0.002227
6.772828
6.838051
6.879386
6.915472
6.941386
6.991689
7.018923
7.042797
7.052526
7.065676
7.075681
7.081565
7.085213
7.079879
7.072000
7.072270
7.086195
7.093547
7.095485
7.052248
7.048209
7.032196
6.985926
6.963140
0.040079
0.041717
0.050181
7.069675
7.076101
7.082067
7.094197
7.107422
7.178029
7.185314
7.187037
7.193022
7.204393
0.014432
0.009779
7.031910
7.018229
6.971648
6.494896
6.144680
0.237010
6.616664
6.663404
7.115509
7.157945
0.056818
7.376330
7.409759
7.425855
7.435058
7.434606
7.420226
7.408848
7.374284
7.365573
7.343089
7.331112
7.059217
7.045154
7.034024
7.005308
6.976978
6.954960
0.010012
6.962628
6.961167
6.808859
6.773017
6.750987
6.733859
6.720597
6.703807
6.673579
6.613267
6.599223
6.600200
6.692151
6.724636
6.742810
6.746512
6.751210
6.758544
6.757358
6.758537
0.004003
0.003426
0.002506
0.003757
0.014396
6.703115
6.685188
6.665122
6.658187
6.647636
0.061225
6.447224
6.471347
6.513013
6.538328
6.567555
6.596435
6.631577
6.673225
6.681981
6.690915
6.699244
6.701354
6.699798
6.704249
6.814785
6.802191
6.812693
6.767186
6.706091
6.647973
0.005897
0.004146
0.000722
0.000513
0.000358
0.000054
0.000055
0.000040
0.000037
0.000026
0.000025
0.000030
0.000095
0.000126
0.000225
0.000362
6.520509
6.542683
5.884518
5.964858
5.966518
5.957043
0.004993
0.004262
0.003618
0.003698
0.003786
5.918340
5.909174
5.895812
0.001021
0.000923
0.001263
0.001139
0.003199
5.829549
5.572700
5.569055
5.560453
5.566798
5.579510
5.571423
5.550854
5.535302
5.532419
5.466601
5.419615
5.410328
5.373715
0.004142
0.002046
0.000969
0.000829
0.000684
0.000872
0.000505
0.000456
0.000635
0.001112
0.001486
5.197091
5.240767
5.255950
5.286701
0.000039
0.000026
0.000060
0.000038
0.000031
0.000838
0.001044
0.001212
0.001650
