0.000981
0.000209
0.000172
0.000160
0.000164
0.005262
0.013705
0.010974
0.007506
0.028008
0.027865
0.025840
0.000270
3.845154
3.922374
3.603782
3.543469
3.615970
3.540954
3.923725
3.469812
3.463937
3.531955
3.390928
3.392291
3.212643
3.106085
2.830291
2.683027
2.679876
2.600014
2.595410
2.370030
2.162511
1.997328
1.852767
1.710689
0.073760
0.721372
0.559289
0.658881
0.912259
0.977044
1.126821
1.190933
1.286368
1.372085
1.480278
1.646599
1.717031
1.776332
2.229547
2.454841
0.014540
0.009166
0.010784
0.004125
0.004829
0.272384
3.346319
3.772343
4.700009
5.521900
6.628156
7.850942
7.984475
8.076425
8.101530
8.042326
7.554504
8.139557
8.612534
8.732696
8.701228
8.657893
8.631013
8.594855
8.476172
8.297267
8.118968
7.582999
0.608323
0.019670
0.013486
0.011321
0.009865
0.302343
5.628193
5.740024
5.842209
6.051730
0.552370
7.618784
8.192434
0.004310
0.007891
8.714548
8.928885
9.013768
9.099371
9.113894
9.162142
9.215473
9.218744
9.212103
9.199579
9.059448
9.067671
9.086717
9.049674
8.953526
8.915924
8.895900
8.894825
8.886042
8.874022
8.868159
8.863388
8.854718
8.851749
8.848131
8.846835
8.838963
8.937074
8.943445
0.001010
0.001018
0.001668
0.001893
0.002218
0.001782
0.002953
0.005712
9.234380
9.256903
9.281240
9.349670
9.389662
9.410860
9.415084
9.421339
9.431851
9.455587
9.459786
9.461040
9.460660
9.453955
9.222426
9.220022
9.219143
9.219042
9.218668
9.218655
9.219106
9.295456
9.296617
9.299902
9.303447
9.308213
9.303310
9.300634
9.297068
9.296897
0.003486
0.001046
0.001559
0.001389
0.001374
0.001569
0.001833
9.335769
9.344576
9.361133
9.341126
9.314622
0.028943
0.030510
9.360756
9.405467
9.407115
9.392579
9.291979
9.296298
0.003723
0.002232
0.001916
0.001697
0.001510
0.001796
0.001868
0.002177
0.000005
0.000007
0.000006
0.000008
0.000014
0.000285
0.000334
0.000001
0.000001
0.010670
9.299596
9.694390
9.885443
9.968133
9.990370
9.988131
0.018913
0.015751
0.008939
9.691119
9.698181
9.702897
9.717773
9.747637
9.766022
9.782108
9.798630
9.813479
9.841524
9.865261
9.883039
9.894107
9.903556
9.915257
9.932338
9.929473
9.933231
9.945998
9.954903
9.969391
9.980096
9.997791
9.999220
9.999571
9.999654
9.999652
9.999680
9.999715
9.999506
9.999595
9.999544
9.999658
9.999884
9.999872
9.999058
9.987200
9.949594
0.000230
0.000124
0.000043
0.000017
0.000008
0.000004
0.000003
0.000001
0.000001
0.000000
0.000000
0.000000
0.000000
0.000000
0.000000
0.000000
0.000000
0.000000
0.000000
0.000000
0.000001
0.000001
0.000003
0.000006
0.000038
0.000058
0.000085
0.000140
0.000244
0.000672
9.990456
9.999381
9.999780
9.999819
9.999675
9.999696
9.999854
9.999537
9.998684
9.998756
9.999513
9.999078
9.998882
9.996055
9.994826
9.994529
9.995334
9.998359
9.999622
9.999820
9.999864
9.999863
9.999795
9.999724
9.999305
9.999295
9.999798
9.999897
9.999936
9.999944
9.999706
9.999654
9.999614
9.998784
9.998508
9.998546
9.997794
9.997393
9.998100
9.998704
9.997386
9.996260
9.997022
9.997804
9.998963
9.998877
9.999237
9.999648
9.999363
9.997932
9.997940
9.998927
9.999481
9.999590
9.999828
9.999561
9.999510
9.999822
9.999904
9.999874
9.999479
9.999184
9.999349
9.999195
9.998478
9.993708
9.987559
9.965133
9.543174
9.420485
9.366975
9.343719
9.296137
9.190280
9.190895
9.192132
9.191770
9.159148
9.126272
0.003750
0.000954
0.000526
0.000259
0.000130
0.000060
0.000037
0.000027
0.000013
0.000014
0.000016
0.000066
0.000091
0.000007
0.000004
0.000004
0.000002
0.000003
0.000002
0.000003
0.000004
0.000004
0.000005
0.000008
0.000005
0.000007
0.000015
0.000007
0.000014
0.000023
0.000051
0.000015
0.000004
0.000005
0.000007
0.000011
0.000004
0.000011
0.000015
0.000002
0.000001
0.000001
0.000001
0.000001
0.000001
0.000001
0.000001
0.000002
0.000001
0.000002
0.000002
0.000001
0.000001
0.000001
0.000001
0.000000
0.000000
0.000000
0.000000
0.000001
0.000001
0.000001
0.000000
0.000000
0.000001
0.000004
0.000005
0.000000
0.000001
0.000001
0.000001
0.000003
0.000002
0.000002
0.000000
0.000000
0.000000
0.000000
0.000000
0.000001
0.000000
0.000000
0.000000
0.000000
0.000001
0.000000
0.000000
0.000000
0.000000
0.000000
0.000000
0.000000
0.000000
0.000000
0.000000
0.000000
0.000000
0.000000
0.000000
0.000000
0.000000
0.000000
0.000000
0.000000
0.000000
0.000000
0.000000
0.000000
0.000000
0.000000
0.000000
0.000000
0.000000
8.839197
8.836309
8.831501
8.829496
8.826995
8.783131
8.750638
8.736225
8.720681
8.673844
8.502718
8.320452
8.034492
7.548344
0.000001
0.000001
0.000001
0.000000
0.000000
0.000001
0.000001
0.000001
0.000002
0.000002
0.000005
0.000003
0.000001
0.000001
0.000001
0.000000
0.000000
0.000000
0.000000
0.000000
0.000000
0.000000
0.000000
0.000000
0.000000
0.000000
0.000001
0.000000
0.000000
0.000000
0.000000
0.000000
0.000000
0.000000
0.000000
0.000000
0.000000
0.000000
0.000000
0.000000
0.000000
0.000000
0.000000
0.000000
0.000000
0.000000
0.000000
0.000000
0.000000
0.000000
0.000000
0.000000
0.000000
0.000000
0.000001
0.000002
0.000003
0.000005
0.000076
7.065899
6.557798
5.589677
3.510057
1.984865
0.792382
0.028209
0.008812
0.000218
0.000046
0.000072
0.000109
0.000120
0.000067
0.340270
0.129473
0.128764
0.015963
0.000142
0.000010
0.006587
