0.000000
0.000025
0.000020
0.000002
0.000004
0.000020
0.000025
0.000306
0.000304
0.000306
0.000278
0.000432
0.000409
0.000398
0.000418
0.000461
0.000956
0.000047
0.000037
0.000033
0.000033
0.000008
0.000043
0.000062
0.002438
0.000064
0.000057
0.000039
0.000038
0.000146
0.000032
0.000069
0.000077
0.002086
0.004523
0.004915
0.005383
0.004431
0.004713
0.005696
0.006221
0.006319
0.006452
0.006487
0.006438
0.006523
0.006688
0.000048
0.000045
0.000049
0.000028
0.001358
0.001605
0.001981
0.012212
2.198706
1.896680
1.680173
0.066140
0.001261
0.000348
0.000141
0.000081
0.000046
0.000014
0.000010
0.000013
0.002233
0.001775
0.001684
0.001448
0.001245
0.001201
0.000285
0.000288
0.000359
0.001994
0.002550
0.003093
0.003415
0.003823
0.004021
0.003509
0.003561
0.003748
0.000781
0.000705
0.000008
0.000004
0.000002
0.000005
0.000011
0.000011
0.000007
0.000008
0.000004
0.000002
0.000002
0.000001
0.000008
0.000009
0.000004
0.000008
0.000019
0.000014
0.000009
0.000004
0.000002
0.000001
0.000002
0.000007
0.000006
0.000002
0.000003
0.000006
0.000004
0.000003
0.000005
0.000007
0.000003
0.000004
0.000003
0.000008
0.000009
0.000029
0.000020
0.000018
0.000010
0.000006
0.000010
0.000116
0.000041
0.000028
0.000022
0.000067
0.000071
0.000007
0.000015
0.000011
0.000026
0.000019
0.000017
0.000013
0.000009
0.000006
0.000004
0.000010
0.000007
0.000004
0.000063
0.000057
0.000025
0.000016
0.000020
0.000027
0.000029
0.000019
0.000021
0.000018
0.000014
0.000009
0.000026
0.000009
0.000006
0.000003
0.000005
0.000012
0.000008
0.000004
0.000007
0.000004
0.000003
0.000002
0.000018
0.000029
0.000013
0.000011
0.000012
0.000009
0.000015
0.000024
0.000099
0.000019
0.000025
0.000026
0.000012
0.000007
0.000013
0.000039
0.000011
0.000011
0.000012
0.000010
0.000017
0.000149
0.000520
0.384259
0.478262
0.720109
1.026146
1.320466
1.583360
1.926962
2.077673
2.242111
2.502905
2.669546
2.776280
2.882875
3.014425
3.070231
3.163444
3.194704
0.002007
0.001418
0.000046
0.001654
0.001880
0.003589
0.004125
0.006576
3.334142
3.447135
3.521464
3.602260
3.719422
0.000013
0.000005
0.000014
0.000009
0.000003
0.000003
0.000003
0.000006
0.000009
0.000011
0.000010
0.000023
0.000025
0.000070
0.000201
0.000262
0.000664
0.000812
0.000988
0.001260
3.919670
3.917702
3.902163
3.888751
3.882837
3.869502
3.824359
3.751707
3.687526
3.641731
3.375842
3.031761
2.600542
2.284936
0.017913
0.004113
0.019445
0.509551
1.392579
1.597691
1.788297
1.655564
1.596683
1.543254
1.423812
1.118833
1.051978
1.034310
0.743344
1.052207
1.178270
1.365653
1.441161
1.547419
1.702875
1.798987
1.945836
2.080068
2.068429
2.123641
2.167952
2.196810
2.305966
2.355009
2.399151
2.449120
2.481132
2.574401
2.254041
2.016310
1.784016
1.352550
1.137604
0.859227
0.229978
0.029025
0.028729
0.027805
1.338360
1.477004
1.646540
1.985381
0.086007
0.097544
0.005672
0.000335
0.011156
0.012615
0.000049
0.000030
0.000027
0.000023
0.000022
0.000872
0.000877
0.000942
0.001186
0.001270
0.001366
0.001507
0.001530
0.001635
0.001711
0.001863
0.002212
0.002509
0.004413
0.009515
0.027817
3.465176
4.176203
4.382144
4.352080
4.318007
4.294642
0.052267
4.261675
4.312587
4.335349
4.358111
4.399964
4.393783
4.350653
4.172513
4.154059
4.184986
4.156618
4.105150
3.999878
3.909257
3.716266
3.595289
3.509072
3.418192
3.174730
2.905205
1.812236
1.742691
1.679148
1.493022
1.425569
1.283472
0.000799
0.000795
0.000400
0.000095
0.000094
0.000087
0.000046
0.000040
0.000047
0.000080
0.000527
1.601183
1.684178
1.854912
2.236800
2.487885
2.743132
3.015467
3.420068
3.702107
3.886428
4.126933
4.215181
4.285452
4.394592
4.531634
4.533031
4.528519
4.533439
4.519503
4.513794
0.007867
4.532447
4.543436
4.536861
4.523212
4.504996
4.479412
4.481780
4.481830
4.583263
4.590273
4.590911
4.581297
4.553376
4.530431
4.486403
4.399851
0.000024
0.000033
0.000103
4.309264
4.208605
4.128025
4.027745
3.911249
3.790253
0.157461
3.175960
3.030761
2.878053
2.569202
2.225656
1.952419
1.690377
0.021399
1.070904
0.970743
0.128585
0.112359
0.003949
0.001811
0.001246
0.004224
0.028776
0.033418
0.074064
0.075486
0.079883
0.141079
1.046163
1.050795
1.044278
0.986662
0.884456
0.819723
0.772646
0.716750
0.666514
0.626314
0.340756
0.309917
0.043173
0.009461
0.003449
0.001913
0.000284
0.000267
0.000314
0.001882
0.047944
0.148012
0.210883
0.238016
0.310654
0.327758
0.340995
0.055276
0.692418
0.730420
0.737747
0.684272
0.631244
0.554238
0.522216
0.497238
0.025129
0.285507
0.279340
0.270756
0.264899
0.230269
0.229349
0.208193
0.003368
0.003326
0.000066
0.000061
0.000049
0.000100
0.001140
0.008823
0.009724
0.010341
0.011341
0.023840
0.038498
0.040339
0.186590
0.499772
0.513003
0.525418
0.570576
0.585869
0.588100
0.588740
0.589106
0.562935
0.119696
0.135386
0.103107
0.087833
0.085635
0.059956
0.049270
0.046128
0.010706
0.010790
0.010091
0.032637
0.031416
0.072446
0.192436
0.371015
0.418077
0.636400
0.773643
0.869130
0.932903
1.008174
1.095271
1.182664
1.291311
1.426005
1.570758
1.685338
1.824426
1.963259
2.112443
2.211763
2.314359
2.464851
2.616029
2.625512
2.632062
2.655735
2.659031
2.648858
2.661851
2.659256
2.588124
0.158153
0.124533
2.511961
2.648822
2.834646
2.942354
3.002570
3.006212
2.998175
3.008987
2.997288
3.010555
3.033175
3.141937
3.164921
3.200627
3.223539
3.224757
3.212483
3.203394
3.168476
3.128495
3.080422
2.991922
2.883340
2.626322
2.262342
1.812469
1.579686
1.375353
1.212323
0.019915
0.061182
0.091747
0.111946
0.258593
0.260462
0.310834
0.318249
0.284108
0.010922
0.015674
0.134236
0.190352
0.280528
0.458321
0.501726
0.697142
0.861445
1.023722
1.196049
1.284630
1.306619
1.528805
0.003417
0.003921
0.006495
0.009842
1.958399
2.153259
2.346419
2.519802
2.661036
2.803702
3.015754
3.125293
3.194317
3.301218
3.428236
3.468864
3.414605
3.389839
3.395834
3.340844
3.249667
0.049717
2.736402
2.789509
2.855927
2.831801
2.741360
2.560240
2.633123
2.809540
2.892684
3.179856
3.329547
3.460897
3.651466
3.743478
3.773524
3.768901
3.756214
3.722823
3.640131
3.553979
3.458467
3.330887
3.147984
2.714886
2.345265
2.064391
1.632654
1.323951
0.000823
0.000673
0.000622
0.000406
0.000266
0.000234
0.000230
0.012481
0.015787
0.018198
0.076333
0.300435
1.131047
1.282727
1.713531
2.161489
2.397138
2.703135
3.068184
3.289237
3.400894
3.439342
3.492096
3.538621
3.614708
3.721329
3.830572
3.890528
3.915776
3.967643
4.007802
4.045038
4.073369
4.035223
3.937057
3.816086
3.704100
3.513446
3.264851
3.019362
0.049685
0.070361
1.943041
2.348005
2.831257
3.029569
3.306464
3.502146
3.888749
4.081212
4.338727
4.593650
4.761231
4.960709
5.034604
5.109437
5.127307
5.175365
5.216071
5.218571
5.222184
5.226428
5.231522
5.238713
5.239560
5.236350
5.232249
5.226804
5.218748
5.139521
5.084282
5.039188
4.964927
4.828677
4.772123
4.672892
4.655350
4.645619
4.633083
4.607060
4.573951
4.545365
4.524694
0.018505
0.019544
0.013221
4.416798
4.332221
4.274445
4.167525
4.196513
4.394675
4.509157
4.627016
4.681761
4.733451
4.779344
4.588754
0.216854
4.284043
4.452760
4.614214
4.661155
4.684467
4.700423
4.710403
4.861538
4.942273
5.113239
5.169679
5.209547
5.205965
5.202089
5.178256
5.139100
5.081646
4.844461
4.531152
4.265939
4.077315
3.943198
3.679659
3.179741
2.723513
2.352209
1.912768
1.683311
1.408653
1.150229
0.972880
0.041080
0.013124
0.000699
0.000521
0.002059
0.002355
0.002024
0.002498
0.002396
0.002525
0.000074
0.000049
0.000054
0.000094
0.000086
0.000082
0.002241
0.105560
0.126513
0.438291
0.463768
0.692950
0.753540
0.817110
0.878984
0.007600
0.007562
0.006164
0.000301
0.006948
0.007570
0.016477
0.017397
0.017376
0.015900
0.007135
0.006714
0.000552
0.000712
0.000207
0.000242
0.000662
0.001217
0.000828
0.012838
0.016212
0.017775
0.032398
0.034228
0.035324
0.036870
0.039277
0.000432
0.000928
0.007407
0.017867
0.074516
1.398686
1.560357
1.729573
1.923814
2.158159
2.516438
2.834028
3.200656
3.622805
4.164857
4.344974
0.133087
5.132281
5.419963
5.594361
5.722308
5.843708
5.951270
6.009802
6.057935
6.146171
6.153969
6.157542
6.157841
6.159627
6.161931
6.155303
6.133316
6.106583
6.010470
5.880748
5.598560
5.334975
5.139929
4.840863
4.447035
4.095995
3.672990
3.284895
2.618751
2.413701
0.153585
0.099951
0.071934
0.052922
0.029192
0.027539
0.015387
0.000193
0.000156
0.000175
0.000165
0.001222
0.049066
0.035996
1.778340
1.761030
1.761590
1.754254
0.011521
0.005132
0.006011
0.006035
0.004557
0.004481
0.004870
0.004237
0.004233
0.004218
0.004297
0.005427
1.725465
1.715381
1.712500
1.721711
1.707177
1.667301
1.538538
1.480018
1.318304
1.184161
0.991366
0.900065
0.297215
0.263833
0.231547
0.005972
0.005528
0.009596
0.010748
0.041833
0.040417
0.046676
0.080633
0.073619
0.052314
0.020382
0.017871
0.000261
0.004533
0.011089
0.011344
0.015628
0.047770
0.050212
0.052956
0.054193
0.053982
0.001555
0.066808
0.075517
0.078430
0.078522
0.078684
0.034419
0.034369
0.029877
0.022542
0.002384
0.000070
0.000118
0.000081
0.000083
0.000065
0.000050
0.000066
0.005895
0.015415
0.015567
0.005692
0.004793
0.003576
0.002987
0.002940
0.003050
0.003264
0.003250
0.002404
0.001993
0.000106
0.000120
0.000187
0.000217
0.000378
0.000336
0.005183
0.014526
0.016605
0.023590
0.029665
0.048238
0.049031
0.049284
0.049943
0.051352
0.001208
0.036625
0.068476
0.072679
0.179156
0.265818
0.309816
0.516678
0.535898
0.345061
0.324012
0.270278
0.204236
0.124109
0.100811
0.098776
0.058751
0.057747
0.004732
0.004669
0.004709
0.004716
0.004584
0.001272
0.001923
0.002619
0.006878
0.009145
0.009066
0.035801
0.039144
0.119742
0.346192
0.373483
0.473597
0.524320
0.619449
0.762419
1.120781
1.287200
1.480702
1.720677
2.232348
2.610439
3.090868
3.706091
4.292507
4.946099
5.269503
5.576591
5.928512
6.141174
6.353757
6.490909
6.665890
6.761598
6.856489
6.986649
6.994520
7.009713
6.975556
6.957830
6.849951
6.848608
6.835597
6.766497
6.680680
6.566845
6.453103
6.456501
6.390055
6.211291
6.053194
5.857065
5.646146
5.367812
5.187597
4.839125
4.548637
4.244790
4.095839
0.011340
0.011653
0.000164
0.000153
0.000108
0.000119
0.000016
0.000018
0.000029
0.000020
0.000027
0.000019
0.000020
0.000018
0.000013
0.000010
0.000013
0.000038
0.000023
0.000034
0.000022
0.000015
0.000019
0.000017
0.000012
0.000018
0.000026
0.000018
0.000022
0.000026
0.000059
0.000009
0.000011
0.000021
0.000021
0.000033
0.000018
0.000020
0.000023
0.000014
0.000007
0.000008
0.000024
0.000020
0.000031
0.000015
0.000010
0.000011
0.000010
0.000009
0.000013
0.000024
0.000017
0.000022
0.000027
0.000062
0.000009
0.000011
0.000020
0.000019
0.000032
0.000016
0.000018
0.000017
0.000012
0.000010
0.000012
0.000033
0.000020
0.000032
0.000021
0.000015
0.000019
0.000018
0.000012
0.000018
0.000030
0.000018
0.000024
0.000034
0.000066
0.000010
0.000015
0.000026
0.000019
0.000028
0.000019
0.000021
0.000020
0.000014
0.000011
0.000013
0.000040
0.000025
0.000037
0.000023
0.000016
0.000039
0.000021
0.000016
0.000019
0.000028
0.000020
0.000026
0.000031
0.000069
0.000010
0.000013
0.000020
0.000019
0.000034
0.000017
0.000019
0.000018
0.000014
0.000012
0.000015
0.000049
0.000049
0.000089
0.000100
0.000143
0.000620
0.000890
0.020029
5.124976
5.213754
5.256300
5.408881
0.027007
5.752559
6.002373
6.148359
6.309938
6.483863
6.676161
6.785572
6.883540
6.991220
7.027739
7.061403
7.056957
7.040754
7.280907
7.274977
7.172664
7.167130
7.217654
7.225401
7.221764
7.195099
7.146682
7.116502
7.064666
6.941072
6.857171
6.766035
6.668438
6.489934
6.353854
6.259237
0.045515
0.055164
6.319622
6.361310
6.409531
6.491293
6.582971
6.713550
6.801762
6.746970
6.828487
6.897716
6.908990
6.876915
6.878350
6.879676
6.874789
6.872970
6.870130
6.870071
6.871554
6.874878
6.869331
6.865268
6.850576
6.840843
6.825533
6.786857
6.732009
6.664263
6.587714
6.491681
6.425423
6.343936
6.275965
6.137517
6.013560
5.867208
5.691808
5.270235
5.066301
4.859412
4.622110
4.139595
3.592411
2.581827
2.210114
1.860863
1.383351
1.162703
0.906112
0.020734
0.045263
2.846068
3.195676
3.589171
4.066978
5.167753
5.794262
6.275442
6.296249
6.299570
6.236836
6.088911
5.890743
5.756897
3.475025
3.012345
3.780104
4.231147
4.462747
4.777416
0.040724
5.301228
5.465584
5.723821
0.004931
0.005139
0.003631
0.003413
0.003890
0.004037
5.886930
6.036382
6.043194
6.215370
6.165759
6.137009
6.066134
5.993359
5.823435
5.794195
5.693953
5.586809
0.029771
0.033168
5.604819
5.755313
5.819150
5.849191
5.812246
5.777377
5.753810
5.729956
5.703935
5.652052
5.597360
5.541429
5.379714
5.207596
5.015963
4.765334
0.075684
3.568977
0.150090
0.006654
0.065771
4.003480
4.304630
4.581189
4.813565
5.076036
5.380530
5.823510
6.098157
6.088017
6.092825
6.093138
6.051012
5.927397
5.829316
5.632665
5.406871
5.159760
4.921718
4.665406
4.307699
3.877760
1.010074
4.788888
4.853432
4.933782
5.010375
5.058186
5.058608
5.042798
4.989430
4.941227
4.381698
3.962468
3.524954
1.818194
1.504776
1.177258
0.793270
0.010746
0.000852
0.000379
0.000330
0.000331
0.000280
0.000339
0.000483
0.001363
0.038300
2.256620
2.512704
2.747611
3.061217
3.243679
3.484956
3.744593
3.944679
4.222302
4.510921
4.899651
5.038355
5.088553
5.118132
5.140240
5.100582
5.040251
4.935809
4.668462
4.813916
4.943471
5.020296
4.965203
4.918516
4.863467
4.844163
0.000457
0.000271
0.000163
0.000104
0.000080
0.000090
0.000051
0.000031
0.000029
0.000025
0.000031
0.000039
0.000016
0.000014
0.000023
0.000041
0.000016
0.000018
0.000093
0.000199
0.000145
0.000029
0.000012
0.000014
0.000030
0.000041
0.000030
0.005388
0.008662
0.000177
0.000127
0.000188
0.000294
0.000330
0.000329
5.076436
5.148416
5.238034
5.353032
5.399937
5.476724
5.544863
5.628770
5.654326
5.673159
5.709728
5.791692
5.813261
5.860869
5.910979
5.894182
5.872387
5.879625
5.852471
5.849258
5.852331
5.814290
5.708639
5.594002
5.516659
5.440856
5.321464
5.153125
5.091330
4.893632
4.735497
4.454029
3.838891
3.382301
2.830753
2.505387
0.017990
1.936173
0.525287
0.393284
0.005043
0.034323
0.437591
0.467244
0.574294
0.639813
0.669932
0.732675
0.016341
0.008045
2.272861
2.535582
2.807427
3.233779
3.569640
3.992148
4.588882
4.757422
4.872076
5.000566
5.123269
5.161396
5.147523
5.128816
5.133654
5.096337
5.077184
5.048984
5.037192
4.874872
4.669220
4.487549
4.245341
4.087476
3.705503
3.367884
2.616234
2.178803
1.136736
0.218689
0.051585
0.000469
0.006549
0.006037
0.005750
0.005673
0.005477
0.005477
0.005554
0.005734
0.005934
0.006036
0.006303
0.007002
0.006750
0.000724
0.023570
0.029814
2.905083
3.355453
3.894332
4.391265
4.738226
5.018894
5.378556
5.978639
6.370326
6.755867
7.097769
7.552908
7.730259
7.773494
7.804528
7.818572
7.812391
7.781498
7.738491
7.685528
7.613417
7.513557
7.295485
7.186566
7.200498
7.160683
7.074015
6.748663
6.866947
6.885073
6.874353
6.869756
6.870861
6.881115
6.824098
6.662192
6.420017
6.097546
5.392226
4.546937
3.856623
3.254217
0.127366
0.085834
0.008127
0.006482
0.006083
0.005895
0.005733
0.005611
0.005560
0.005574
0.005632
0.005697
0.005686
0.005610
0.005499
0.005513
0.005489
0.005441
0.005512
0.005763
0.005631
0.005506
0.005447
0.000249
0.000084
0.015474
0.040826
0.053375
0.107298
0.104636
0.106377
0.107978
1.420902
1.249234
0.952847
0.865025
0.604825
0.418717
0.388313
0.300177
0.068586
0.019277
0.005173
0.000073
0.000069
0.000119
0.000157
0.000070
0.007689
0.007757
0.007783
0.007864
0.016187
0.034599
0.034538
0.035309
0.033413
0.007658
0.003402
0.000461
0.000410
0.006009
0.137455
0.204614
0.379756
0.445792
0.578542
0.886164
1.050370
1.124148
1.187478
1.211880
0.016726
0.006435
0.166791
3.681449
4.361472
5.084134
5.671968
6.326465
7.216916
7.621612
7.765830
7.808646
7.831510
7.840646
7.848537
7.854490
7.859473
8.184337
8.185343
8.185237
8.184997
8.184242
8.181899
8.180113
8.179097
8.179454
8.181819
8.182001
8.434861
8.431891
8.429775
8.429699
8.421785
8.545304
8.557028
8.556701
8.556254
8.551621
8.551823
8.521671
8.484545
8.430120
8.366651
8.298295
0.083923
8.454013
8.510799
8.567062
8.604740
8.608730
8.609062
8.606518
8.604184
8.603992
8.605176
8.607567
8.608985
8.610174
8.609088
8.606952
8.606700
8.607404
8.608894
8.604281
8.602210
8.735933
8.738612
8.736930
8.734484
8.736201
8.718939
8.686922
8.669192
8.664775
8.655314
8.348330
8.354315
8.361899
8.362501
8.362236
8.345124
8.331268
8.314549
8.292599
8.176394
8.177397
8.176992
8.177515
8.177104
8.175568
8.172528
8.171848
8.173726
8.176349
8.176804
8.178008
8.180708
8.184290
8.355026
8.369610
8.373040
8.371368
8.369153
8.354414
8.318735
8.270393
8.234045
0.047399
0.048373
8.330043
8.338805
8.341678
8.346110
8.335117
8.325326
8.311500
8.301263
8.298930
8.267815
8.121287
7.914439
7.545457
7.411416
7.702445
7.874814
7.959640
8.017495
8.056282
8.011032
7.846541
7.845157
7.847255
7.852833
7.850745
7.849719
7.847439
7.854498
7.857781
7.865981
7.874551
7.872822
7.871808
7.866035
7.866200
7.865060
7.861877
7.865425
7.872963
7.880419
7.882272
7.881894
7.868622
7.858247
7.837489
7.720564
7.655158
7.614128
7.365857
7.107851
6.090853
6.052740
6.014048
5.832504
5.681709
6.310660
6.345848
6.367415
6.404649
6.092508
6.085964
6.093968
6.155820
6.184447
6.227724
6.428971
6.521212
6.620153
6.853318
7.009899
7.067822
7.126535
0.002768
0.002412
0.002383
0.000449
0.000274
0.000248
0.000511
0.000598
0.000992
0.002056
7.165385
6.678300
6.451221
0.129412
0.127747
6.511808
6.700660
7.120150
7.349520
7.605128
7.657604
7.731814
7.829754
7.853651
7.849973
7.846447
7.848337
7.849779
7.843821
7.835787
7.807007
7.805844
7.805823
7.803377
7.804607
7.807983
7.808897
7.808371
7.808460
7.807963
7.807445
7.813763
7.819292
7.820375
7.957229
8.016063
8.053707
7.936350
7.832654
7.735110
7.502920
7.163327
0.272891
7.354190
7.424934
7.523932
7.599591
7.654306
7.666359
0.195945
6.512362
0.096647
6.816937
7.065889
7.322064
7.593799
7.895812
8.199779
8.308718
8.413708
8.467237
8.481888
8.489606
8.493409
8.509416
8.497107
8.472322
8.430740
8.391814
8.305946
8.295659
8.254529
8.050429
7.321922
6.863175
6.481557
6.291321
5.812770
5.458564
5.162596
4.761704
0.059422
0.015148
0.062975
4.443764
4.473742
3.970191
0.242844
0.043897
0.010508
0.027975
3.456145
3.726106
3.693732
0.091192
3.360260
3.020411
3.118056
0.024248
3.990986
4.361858
4.811081
5.111598
5.475367
5.902301
6.457032
6.997769
7.364012
7.568633
7.810431
8.128681
8.271355
8.325844
8.343025
8.554557
8.575537
8.598303
8.612235
8.615832
8.616108
8.617603
8.619655
8.619857
8.619277
8.619305
8.620111
8.617223
8.614523
8.610510
8.598995
8.586627
8.560852
8.487295
8.430351
8.091693
8.085561
8.080359
8.078515
8.082521
8.089640
8.090697
8.087194
8.083489
8.083389
8.084560
8.085633
8.082945
8.081511
8.084179
8.085430
8.083651
8.083319
8.084223
8.086581
8.090661
8.093554
8.094408
8.090774
8.079129
8.067613
8.000896
0.000789
0.000284
0.000118
0.000067
0.000036
0.000019
0.000006
0.000005
0.000004
0.000002
0.000001
0.000002
0.000002
0.000004
0.000002
0.000001
0.000002
0.000003
0.000001
0.000001
0.000001
0.000001
0.000001
0.000001
0.000001
0.000001
0.000002
0.000002
0.000002
0.000001
0.000001
0.000001
0.000001
0.000001
0.000001
0.000001
0.000001
0.000001
0.000001
0.000001
0.000001
0.000000
0.000000
0.000001
0.000001
0.000002
0.000001
0.000001
0.000001
0.000001
0.000000
0.000001
0.000001
0.000001
0.000000
0.000000
0.000001
0.000001
0.000002
0.000001
0.000001
0.000001
0.000001
0.000000
0.000001
0.000001
0.000001
0.000001
0.000000
0.000001
0.000001
0.000002
0.000002
0.000001
0.000001
0.000001
0.000000
0.000001
0.000001
0.000001
0.000001
0.000001
0.000001
0.000001
0.000001
0.000000
0.000000
0.000001
0.000001
0.000002
0.000001
0.000001
0.000001
0.000001
0.000000
0.000001
0.000001
0.000001
0.000000
0.000000
0.000001
0.000001
0.000002
0.000002
0.000001
0.000001
0.000001
0.000000
0.000001
0.000001
0.000001
0.000000
0.000000
0.000001
0.000001
0.000002
0.000001
0.000001
0.000001
0.000001
0.000000
0.000001
0.000001
0.000001
0.000000
0.000000
0.000001
0.000001
0.000002
0.000001
0.000001
0.000001
0.000001
0.000000
0.000001
0.000001
0.000001
0.000000
0.000000
0.000001
0.000001
0.000002
0.000001
0.000001
0.000001
0.000001
0.000000
0.000001
0.000001
0.000001
0.000000
0.000000
0.000001
0.000001
0.000002
0.000002
0.000001
0.000001
0.000001
0.000000
0.000001
0.000001
0.000001
0.000000
0.000000
0.000001
0.000001
0.000002
0.000001
0.000001
0.000001
0.000001
0.000000
0.000001
0.000001
0.000001
0.000000
0.000000
0.000001
0.000001
0.000002
0.000001
0.000001
0.000001
0.000001
0.000000
0.000001
0.000001
0.000001
0.000000
0.000000
0.000001
0.000001
0.000002
0.000001
0.000001
0.000001
0.000001
0.000000
0.000001
0.000001
0.000001
0.000000
0.000000
0.000001
0.000001
0.000002
0.000001
0.000001
0.000001
0.000001
0.000000
0.000001
0.000001
0.000001
0.000000
0.000000
0.000001
0.000001
0.000002
0.000001
0.000001
0.000001
0.000001
0.000000
0.000001
0.000001
0.000001
0.000000
0.000000
0.000001
0.000001
0.000002
0.000001
0.000001
0.000001
0.000001
0.000000
0.000001
0.000001
0.000001
0.000000
0.000000
0.000001
0.000001
0.000002
0.000001
0.000001
0.000001
0.000001
0.000000
0.000001
0.000001
0.000001
0.000000
0.000000
0.000001
0.000001
0.000001
0.000001
0.000001
0.000001
0.000001
0.000000
0.000001
0.000001
0.000001
0.000000
0.000000
0.000001
0.000001
0.000001
0.000001
0.000001
0.000000
0.000001
0.000000
0.000001
0.000001
0.000001
0.000000
0.000000
0.000001
0.000001
0.000001
0.000001
0.000001
0.000001
0.000001
0.000000
0.000001
0.000001
0.000001
0.000000
0.000000
0.000001
0.000001
0.000001
0.000001
0.000001
0.000000
0.000001
0.000000
0.000001
0.000001
0.000001
0.000000
0.000000
0.000001
0.000001
0.000001
0.000001
0.000001
0.000001
0.000001
0.000000
0.000001
0.000001
0.000001
0.000000
0.000000
0.000001
0.000001
0.000001
0.000001
0.000001
0.000001
0.000001
0.000000
0.000001
0.000001
0.000001
0.000000
0.000000
0.000001
0.000001
0.000001
0.000001
0.000001
0.000001
0.000001
0.000000
0.000001
0.000001
0.000001
0.000000
0.000000
0.000001
0.000001
0.000002
0.000001
0.000001
0.000001
0.000001
0.000000
0.000001
0.000001
0.000001
0.000000
0.000000
0.000001
0.000001
0.000001
0.000001
0.000001
0.000001
0.000001
0.000000
0.000001
0.000001
0.000001
0.000000
0.000000
0.000001
0.000002
0.000004
0.000004
0.000006
0.000013
0.000030
0.000056
0.000148
0.000266
7.865905
7.889149
7.866573
7.789521
0.140694
7.770409
7.938683
8.014451
8.029091
8.044251
8.049184
8.048483
8.049604
8.053224
8.053088
8.048219
8.042641
8.020889
7.971196
7.830363
7.678217
7.520961
7.070173
6.515762
6.022649
5.448392
4.831604
4.184102
3.599771
3.183283
2.814319
2.507595
0.006109
0.003549
0.387574
0.363260
0.346810
0.090736
0.089810
0.000502
0.000260
0.087943
0.489201
0.958226
1.115923
1.271218
1.397452
1.528387
1.623965
1.671697
1.339315
1.176591
0.651241
0.003661
0.001636
0.001450
0.003010
0.004925
0.013547
0.028514
0.036906
0.069782
0.122697
0.854275
0.886894
0.008460
0.001063
0.719786
0.707909
0.689709
0.659893
0.638513
0.608124
0.585102
0.409027
0.349930
0.328849
0.109334
0.096681
0.088237
0.000262
0.000155
0.000232
0.000276
0.002077
0.003314
0.019164
0.131366
0.199787
0.681077
0.844146
0.944501
0.988846
0.830068
0.721719
0.187098
0.181005
0.113616
0.000834
0.000978
0.001434
0.000090
0.000047
0.000036
0.025427
0.209397
0.206723
0.000123
0.092368
0.084289
0.040477
0.035700
0.032703
0.017014
0.016641
0.016415
0.018311
0.148674
0.164366
0.167363
0.137864
0.305787
0.318717
0.013511
0.566629
0.598701
0.483832
0.457280
0.174382
0.119166
0.029415
0.020515
0.013363
0.000317
0.016002
0.033714
1.748062
2.091534
2.195002
2.258874
2.305419
2.244943
0.022225
0.002328
0.001969
0.000683
0.001074
0.000931
0.000061
0.000086
0.000008
0.000071
0.000188
0.000189
0.000316
0.000053
0.000109
0.000042
0.000019
0.000022
0.002087
0.001114
0.000145
1.985623
1.907041
1.583505
1.393023
1.192121
1.055498
0.853587
0.630211
0.485035
0.369247
0.091980
0.187361
0.237805
0.205782
0.190387
0.186573
0.186721
0.150745
0.019219
0.051979
0.591157
0.659543
0.701467
0.629580
0.340716
0.293083
0.260388
0.196029
0.000355
0.000317
0.000105
0.000066
0.000039
0.000031
0.000047
0.000089
0.098367
0.086227
0.013306
0.017396
0.000141
0.000016
0.000019
0.000019
0.000022
0.000012
0.000007
0.000016
0.000041
0.000038
0.000054
0.000152
0.000200
0.073959
0.094359
0.096114
0.092030
0.125905
0.127397
0.125878
0.121388
0.052848
0.042497
0.037566
0.011732
0.011413
0.010461
0.023156
0.025536
0.026172
0.027683
0.030517
0.030420
0.003836
0.004019
0.003640
0.002918
0.000348
0.000097
0.000026
0.000034
0.000023
0.000014
0.000013
0.000016
0.000035
0.000077
0.000068
0.000096
0.000107
0.000037
0.000009
0.000010
0.000015
0.000015
0.000023
0.000021
0.000037
0.000041
0.000210
0.000125
0.024233
0.024114
0.024510
0.026504
0.032257
0.032238
0.000074
0.000105
0.000088
0.075254
0.103759
0.107039
0.111845
0.110920
0.359547
0.391478
0.351568
0.041265
0.037025
0.019798
0.002695
0.000763
0.001233
0.002130
0.001865
0.002889
0.402533
0.441721
0.490168
0.545851
0.587460
0.626434
0.000257
0.000185
0.000104
0.000038
0.000024
0.000100
0.000087
0.000088
0.000036
0.000007
0.000008
0.000007
0.000004
0.000005
0.000156
0.000029
0.000045
0.000026
0.000088
0.003611
0.005738
0.005000
0.002273
0.000130
0.000116
0.000034
0.000038
0.000065
0.000056
0.000063
0.000083
0.000207
0.000072
0.000033
0.000081
0.000180
0.000055
0.000039
0.000024
0.000012
0.000004
0.000006
0.000005
0.000006
0.000004
0.000004
0.000004
0.000012
0.000019
0.000023
0.000010
0.000072
0.000071
0.000037
0.001679
0.008267
0.024956
0.880319
0.960829
1.003905
1.034014
1.058338
1.093474
1.114279
1.115985
1.070602
1.079917
1.051291
1.036027
1.007858
0.970146
0.916934
0.848724
0.004090
0.000262
0.000037
0.000034
0.000036
0.000117
0.000139
0.000054
0.000034
0.000040
0.000078
0.000077
0.000118
0.000003
0.000002
0.000004
0.000004
0.000002
0.000002
0.000001
0.000007
0.000006
0.000006
0.000013
0.000020
0.000014
0.000023
0.000329
0.812256
0.778104
0.737036
0.634148
0.582452
0.531126
0.481507
0.403056
0.366928
0.264735
0.245941
0.000774
0.000618
0.000420
0.000142
0.000081
0.000119
0.000152
0.000214
0.000016
0.000017
0.000010
0.000011
0.000010
0.000009
0.000011
0.000016
0.000034
0.000010
0.000049
0.000991
0.022106
0.065282
0.144077
0.189885
0.212882
0.231994
0.254947
0.232877
0.163878
0.152851
0.130385
0.123979
0.000116
0.000285
0.000205
0.000160
0.000112
0.017993
0.026775
0.027428
0.027236
0.027907
0.029368
0.029625
0.031760
0.029548
0.024167
0.048018
0.043709
0.037299
0.036601
0.035147
0.047815
0.048738
0.048759
0.034961
0.032119
0.007110
0.007595
0.030644
0.038725
0.055543
0.060182
0.000933
0.000075
0.000236
0.000250
0.000099
0.000125
0.000132
0.000089
0.000140
0.000630
0.000257
0.000082
0.000103
0.000129
0.000443
0.000694
0.001289
0.001120
0.001074
0.001068
0.001076
0.001391
0.010227
0.009959
0.010034
0.010437
0.023164
0.024988
0.030443
0.032704
0.033427
0.033165
0.000408
0.000064
0.000361
0.000392
0.000393
0.000158
0.000038
0.000043
0.000059
0.000112
0.000362
0.000409
0.000365
0.000464
0.000870
0.000246
0.004987
0.077279
0.089443
0.106488
0.634509
0.690430
0.717379
0.614490
0.564537
0.441566
0.405139
0.353228
0.303388
0.069344
0.067056
0.025192
0.024331
0.006086
0.000294
0.000162
0.000004
0.000006
0.000067
0.000058
0.000280
0.000411
0.004247
0.004687
0.005214
0.005357
0.005766
0.006022
0.006041
0.006167
0.007317
0.007062
0.007006
0.018487
0.019135
0.019666
0.022110
0.021938
0.021507
0.020103
0.019710
0.018689
0.002424
0.004885
0.000163
0.000263
0.000330
0.010002
0.012573
0.012147
0.011942
0.000710
0.034460
0.067054
0.075194
0.123749
0.163683
0.192061
0.264587
0.298802
0.449399
0.571053
0.656348
0.758868
0.879813
1.009055
0.000495
0.009040
0.022604
0.025580
0.016553
1.517103
1.849149
1.931389
1.983127
2.030164
2.089985
2.096683
1.940652
1.738700
1.591320
0.215842
0.127910
0.007528
0.002490
0.099267
1.365438
1.430500
1.484047
1.542320
1.544853
1.523172
0.000070
0.000786
0.000692
0.643230
0.715392
0.717201
0.731748
0.748292
0.763736
0.791314
0.792301
0.041116
0.015438
0.023794
0.774961
0.856043
0.040556
0.000336
0.000106
0.000081
0.000084
0.000050
0.000048
0.000333
0.000401
0.000012
0.000007
0.000007
0.000014
0.000015
0.000039
0.000181
0.000208
0.000350
0.001229
0.215594
1.177134
1.278349
1.314846
0.066266
0.028295
0.022331
0.000543
0.000083
0.000122
0.000019
0.000003
0.000016
0.000060
0.000068
0.000021
0.000408
0.000955
0.000182
0.000070
0.000098
0.000375
0.000404
0.000417
0.000487
0.000881
0.878857
0.059933
0.706028
0.000121
0.000115
0.000050
0.001443
0.683066
0.678444
0.669953
0.651582
0.612083
0.037134
0.000067
0.046256
0.613510
0.591647
0.559847
0.498024
0.450113
0.080547
0.063471
0.022838
0.008139
0.007413
0.004169
0.003348
0.020157
0.232318
0.220470
0.207302
0.137715
0.124372
0.083154
0.075406
0.026592
0.019573
0.015324
0.000647
0.000006
0.000004
0.000003
0.002678
0.000002
0.043883
0.056314
0.057904
0.054702
0.051801
0.046969
0.044231
0.027751
0.000058
0.002641
0.000122
0.000108
0.000011
0.000005
0.000003
0.000005
0.000002
0.000021
0.000009
0.000008
0.014599
0.015635
0.015216
0.013977
0.016637
0.018184
0.037548
0.087394
0.085443
0.450605
0.501224
0.590659
0.720582
0.813635
0.911785
1.126184
1.352094
1.586198
1.908845
2.188098
0.000571
0.000190
0.005904
2.548330
2.723318
2.772506
2.840054
2.845727
2.866769
2.882622
2.675438
2.456968
0.198014
0.100857
0.000129
0.000012
0.000250
0.000191
0.063673
1.817041
1.799625
1.880942
0.004941
2.213918
2.336408
2.520059
2.626334
2.754250
2.692502
0.003683
0.000204
0.000018
0.000010
0.000011
0.000010
0.000011
0.000163
0.000292
0.006516
0.010861
2.560016
2.323585
0.008975
0.006151
0.005750
0.000480
0.000123
0.000078
0.000060
0.000876
0.000390
0.004097
0.002641
0.005289
0.005215
0.003999
0.064429
1.364695
1.356213
0.027610
0.020922
0.019101
0.019213
0.019749
0.020185
1.150048
1.044601
0.923008
0.817019
0.728981
0.670103
0.511716
0.478220
0.450953
0.419919
0.389903
0.357390
0.319480
0.292959
0.267327
0.016563
0.013689
0.012217
0.010168
0.000101
0.000070
0.000094
0.000082
0.000082
0.001352
0.001342
0.002484
0.002620
0.003410
0.003411
0.003409
0.003384
0.003442
0.003374
0.003413
0.003629
0.003184
0.002171
0.002303
0.003567
0.003640
0.003698
0.003740
0.002143
0.002046
0.001949
0.001551
0.001118
0.003759
0.003445
0.003333
0.003525
0.003519
0.000714
0.000633
0.000014
0.000015
0.000081
0.000078
0.000083
0.000068
0.000009
0.000010
0.000012
0.000004
0.000006
0.000021
0.000005
0.000007
0.000010
0.000006
0.000025
0.000022
0.000019
0.000129
0.000011
0.000011
0.000054
0.000017
0.000011
0.000009
0.000009
0.000041
0.000033
0.000035
0.000212
0.001966
0.002417
0.006534
0.007564
0.007861
0.035160
0.042784
0.045631
0.044368
0.062769
0.061737
0.049399
0.026248
0.018600
0.017557
0.016944
0.016407
0.007302
0.007285
0.001742
0.001693
0.001956
0.001604
0.001504
0.001184
0.000214
0.000110
0.000019
0.000013
0.000021
0.000030
0.000008
0.000012
0.000013
0.000011
0.000010
0.000003
0.000150
0.000140
0.000142
0.000172
0.000186
0.000169
0.000142
0.000006
0.000011
0.000004
0.000008
0.000011
0.000016
0.000013
0.000002
0.000001
0.000004
0.000316
0.000273
0.000029
0.000012
0.000003
0.000005
0.000003
0.000004
0.000009
0.000011
0.000011
0.000012
0.000009
0.000209
0.000229
0.000235
0.000262
0.000322
0.000415
0.000502
0.000649
0.003455
0.003604
0.003612
0.003657
0.003496
0.003331
0.003195
0.003074
0.003085
0.002843
0.000943
0.000733
0.001159
0.001871
0.010504
0.011636
0.015310
0.013591
0.012140
0.009893
0.009575
0.001991
0.001863
0.001763
0.001574
0.001142
0.000067
0.000065
0.000066
0.000009
0.000005
0.000010
0.000011
0.000006
0.000008
0.000008
0.000009
0.000003
0.000004
0.000004
0.000023
0.000119
0.000109
0.000090
0.000085
0.000014
0.000927
0.001042
0.001278
0.001448
0.001507
0.001485
0.001606
0.001408
0.000005
0.000006
0.000159
0.000141
0.000031
0.000025
0.000017
0.000020
0.000025
0.000036
0.000059
0.000054
0.000021
0.000017
0.000025
0.000010
0.000014
0.000018
0.000014
0.000029
0.000060
0.000050
0.000048
0.000039
0.000131
0.000110
0.000029
0.000022
0.000023
0.000016
0.000055
0.000007
0.000006
0.000008
0.000012
0.000008
0.000016
0.000011
0.000010
0.000009
0.000011
0.000006
0.000002
0.000002
0.000001
0.000001
0.000014
0.000010
0.000007
0.000005
0.000006
0.000005
0.000004
0.000048
0.000044
0.000110
0.000025
0.000022
0.000020
0.000003
0.000004
0.000004
0.000011
0.000022
0.000007
0.000003
0.000000
0.000000
0.000000
0.000001
0.000000
0.000000
0.000000
0.000000
0.000000
0.000001
0.000005
0.000005
0.000004
0.000004
0.000004
0.000003
0.000002
0.000003
0.000007
0.000000
0.000001
0.000001
0.000001
0.000000
0.000000
0.000000
0.000000
0.000000
0.000002
0.000001
0.000001
0.000000
0.000000
0.000000
0.000018
0.000020
0.000019
0.000038
0.000039
0.000024
0.000016
0.000031
0.000040
0.000051
0.000041
0.000048
0.003731
0.023257
0.025451
0.027150
0.041983
0.044565
0.043945
0.042854
0.041214
0.000174
0.002170
0.002162
0.001740
0.001377
0.000206
0.000211
0.000144
0.000165
0.000218
0.000103
0.000100
0.000100
0.000099
0.000100
0.000095
0.000093
0.000089
0.000088
0.000019
0.000018
0.000006
0.000192
0.000585
0.014511
0.024296
0.026317
0.051849
0.083021
0.105065
0.124137
0.129473
0.169290
0.183970
0.196264
0.201553
0.204864
0.009973
0.004318
0.004805
0.004775
0.000125
0.000083
0.000043
0.000112
0.000242
0.000024
0.000009
0.000337
0.000418
0.000466
0.000513
0.000554
0.000399
0.345018
0.357248
0.374422
0.397073
0.407793
0.060303
0.009246
0.000439
0.000414
0.000278
0.000307
0.002793
0.054656
0.344912
0.389507
0.388132
0.376895
0.315929
0.185702
0.068645
0.040632
0.006510
0.006938
0.000433
0.000038
0.000043
0.000501
0.000408
0.000364
0.017867
0.000069
0.007338
0.007374
0.007337
0.007347
0.007413
0.000486
0.000315
0.000003
0.000002
0.000021
0.000944
0.004015
0.000039
0.000044
0.000124
0.000209
0.002753
0.005386
0.133672
0.162814
1.109803
