0.006991
0.000001
0.000000
0.000000
0.000000
0.000000
0.000000
0.000137
1.392328
1.269277
1.062926
0.908992
0.681048
0.510565
0.458695
0.412150
0.060041
0.056387
0.049655
0.000638
0.000497
0.000327
0.000159
0.000034
0.000020
0.000362
0.000409
0.000673
0.012133
0.011279
0.010821
0.011541
0.220625
0.222378
0.238557
0.265941
0.312418
0.313076
0.312832
0.317416
0.315905
0.310015
0.256233
0.250023
0.206654
0.197243
0.180702
0.176012
0.160595
0.154499
0.139880
0.136157
0.131164
0.125070
0.116631
0.044155
0.033515
0.000804
0.000111
0.000201
0.000312
0.177699
0.223262
0.233977
0.232166
0.232989
0.006373
0.000174
0.000121
0.000695
0.000022
0.000016
0.000040
0.000034
0.000092
0.000058
0.000072
0.252810
0.250691
0.262702
0.260553
0.257868
0.254834
0.259605
0.262944
0.255294
0.242536
0.226583
0.218550
0.209907
0.200549
0.193090
0.182179
0.170968
0.146055
0.141159
0.000051
0.000024
0.000029
0.000051
0.000053
0.000059
0.006632
0.007344
0.008314
0.008889
0.089841
0.096666
0.100728
0.162980
0.165281
0.223500
0.234609
0.253756
0.266667
0.268247
0.196094
0.104401
0.070070
0.028415
0.013535
0.000017
0.000013
0.000012
0.000040
0.000016
0.000014
0.000014
0.000007
0.000011
0.000009
0.000023
0.000019
0.000011
0.000007
0.000011
0.000007
0.000006
0.000015
0.000015
0.000016
0.000003
0.000002
0.000011
0.000008
0.000008
0.000109
0.014081
0.026448
0.223849
0.231063
0.243553
0.252102
0.257193
0.269345
0.253155
0.250870
0.259522
0.242382
0.239748
0.240834
0.199769
0.191621
0.135077
0.131062
0.125545
0.120670
0.113453
0.000746
0.000937
0.000991
0.000298
0.000096
0.000324
0.009931
0.034675
0.038783
0.109262
0.109288
0.118738
0.118869
0.161802
0.167164
0.144608
0.144793
0.143812
0.159276
0.156218
0.151169
0.045897
0.045249
0.027657
0.007760
0.000087
0.000073
0.000075
0.000263
0.005839
0.011009
0.012127
0.012668
0.014572
0.019535
0.055131
0.160634
0.165545
0.170636
0.178927
0.179276
0.176138
0.167864
0.053917
0.050175
0.045359
0.000088
0.000050
0.000036
0.002487
0.000651
0.000141
0.000065
0.000059
0.000044
0.000136
0.002816
0.027063
0.028134
0.028824
0.064616
0.068497
0.085814
0.130056
0.201996
0.215688
0.206866
0.207144
0.198858
0.021838
0.018066
0.029650
0.029585
0.024432
0.039443
0.029234
0.006098
0.006831
0.059747
0.096454
0.098470
0.116564
0.118992
0.120609
0.109113
0.000018
0.000017
0.000062
0.111036
0.112287
0.113582
0.137688
0.141135
0.011016
0.011833
0.011464
0.017043
0.007914
0.008959
0.012534
0.333516
0.340276
0.344264
0.348734
0.356574
0.355800
0.351772
0.346926
0.338191
0.328650
0.319652
0.088532
0.026285
0.008385
0.000144
0.117825
0.118347
0.132746
0.132050
0.141063
0.137204
0.131633
0.119369
0.009271
0.002439
0.002457
0.013086
0.019906
0.019352
0.000022
0.000029
0.001671
0.001676
0.063927
0.000277
0.000243
0.000263
0.000280
0.000279
0.000303
0.000302
0.000247
0.000262
0.000269
0.000346
0.000085
0.000013
0.000012
0.000030
0.000020
0.000014
0.000026
0.000048
0.000045
0.000022
0.000009
0.000014
0.000012
0.000014
0.000012
0.000019
0.000028
0.000021
0.000013
0.000016
0.000015
0.000011
0.000010
0.000048
0.000029
0.000228
0.259633
0.267834
0.272016
0.281922
0.289765
0.293946
0.291825
0.022010
0.015495
0.017096
0.288759
0.297156
0.295295
0.289728
0.282875
0.278268
0.272792
0.218676
0.203977
0.183831
0.104057
0.038141
0.015720
0.009343
0.009244
0.000100
0.000093
0.000073
0.000066
0.000113
0.029643
0.030615
0.068906
0.178598
0.193122
0.206855
0.218497
0.223158
0.223719
0.000164
0.000190
0.000171
0.000157
0.225889
0.220802
0.216722
0.212004
0.071335
0.058682
0.022620
0.000397
0.000079
0.000057
0.000041
0.000098
0.000177
0.000109
0.000079
0.000814
0.000589
0.000642
0.265437
0.273498
0.274326
0.273279
0.283571
0.284013
0.275408
0.264874
0.259267
0.255370
0.252451
0.253516
0.233839
0.231740
0.031613
0.024599
0.030739
0.031189
0.042432
0.042420
0.073786
0.076338
0.079011
0.083067
0.087373
0.088796
0.091745
0.176878
0.389233
0.471568
0.503649
0.541530
0.001553
0.001952
0.002127
0.000281
0.000038
0.000067
0.000046
0.000028
0.000039
0.000806
0.001058
0.000785
0.000757
0.440880
0.436626
0.432061
0.159291
0.166500
0.169389
0.011960
0.003468
0.000129
0.000180
0.000088
0.000106
0.000105
0.000129
0.000079
0.000144
0.000401
0.000316
0.000429
0.001756
0.013568
0.238836
0.252534
0.506646
0.545557
0.707217
1.557389
1.713771
1.862480
2.178280
2.393966
2.631998
0.013720
3.171945
3.616581
4.131671
4.840992
5.663782
6.525565
7.057167
7.158147
7.436423
7.491842
7.489317
7.379667
7.203724
7.122239
6.873151
6.688548
6.548417
0.103882
0.007252
0.007473
0.008477
0.014440
0.137777
6.995170
7.211229
7.527824
7.586542
7.602131
7.545289
7.543911
7.541855
7.536128
7.536257
7.536305
7.554417
7.554847
7.535516
7.955913
7.957734
7.959783
7.970475
7.975562
8.022098
8.015470
8.003272
7.989446
7.957637
7.938340
7.930653
7.928464
7.929609
7.921282
7.916148
7.874860
7.865244
7.865826
7.875434
7.883913
7.894693
7.912494
7.920543
7.922511
7.926584
7.938736
7.952886
7.954154
7.982004
7.980153
7.981425
7.979824
7.978082
7.974075
7.970981
7.965873
7.937818
7.909412
7.890511
7.878218
7.626314
0.383067
0.056942
0.001576
0.000909
0.000271
0.000179
0.000081
0.000071
0.000015
0.000012
0.000008
0.000004
0.000017
0.000015
0.000025
0.000006
0.000006
0.000005
0.000003
0.000016
0.000014
0.000024
0.000006
0.000006
0.000005
0.000003
0.000016
0.000014
0.000024
0.000006
0.000006
0.000005
0.000003
0.000015
0.000013
0.000023
0.000006
0.000006
0.000005
0.000003
0.000015
0.000013
0.000023
0.000006
0.000006
0.000004
0.000003
0.000014
0.000013
0.000022
0.000005
0.000006
0.000004
0.000003
0.000014
0.000012
0.000022
0.000006
0.000006
0.000005
0.000003
0.000014
0.000013
0.000023
0.000007
0.000007
0.000005
0.000004
0.000014
0.000016
0.000030
0.000008
0.000009
0.000005
0.000004
0.000005
0.000011
0.000024
0.000006
0.000006
0.000004
0.000003
0.000004
0.000007
0.000015
0.000004
0.000005
0.000004
0.000003
0.000013
0.000012
0.000022
0.000008
0.000009
0.000008
0.000004
0.000015
0.000014
0.000027
0.000017
0.000028
0.000003
0.000003
0.000004
0.000003
0.000016
0.000006
0.000007
0.000006
0.000003
0.000022
0.000013
0.000024
0.000005
0.000007
0.000006
0.000003
0.000011
0.000011
0.000020
0.000014
0.000023
0.000003
0.000003
0.000008
0.000006
0.000018
0.000006
0.000006
0.000004
0.000002
0.000004
0.000003
0.000009
0.000003
0.000003
0.000003
0.000002
0.000009
0.000009
0.000016
0.000005
0.000006
0.000004
0.000002
0.000009
0.000010
0.000018
0.000005
0.000005
0.000003
0.000002
0.000003
0.000004
0.000011
0.000004
0.000005
0.000005
0.000004
0.000012
0.000016
0.000015
0.000010
0.000012
0.000013
6.375470
6.342395
6.263123
6.202758
5.734283
5.805814
0.001721
0.002000
0.002443
6.838279
7.405290
7.708873
7.811101
7.820920
7.845178
7.888894
7.895707
7.898900
7.898644
7.888447
7.879247
7.868340
7.859116
7.844172
7.824857
7.814655
7.805800
7.793106
7.786627
7.776308
7.770995
0.001174
0.000110
0.000038
0.000022
0.000028
0.000014
0.000014
0.000018
0.000020
0.000004
0.000004
0.000386
0.000185
0.000162
0.000048
0.000038
0.000006
0.000003
0.000212
0.000101
0.000089
0.000027
0.000022
0.000003
0.000002
0.000200
0.000097
0.000085
0.000028
0.000024
0.000004
0.000002
0.000236
0.000133
0.000122
0.000026
0.000021
0.000009
0.000009
0.001402
0.000970
0.000968
0.000012
0.000006
0.000016
0.000009
0.000016
0.000007
0.000008
0.000002
0.000001
0.000198
0.000095
0.000084
0.000027
0.000023
0.000003
0.000002
0.000205
0.000098
0.000086
0.000028
0.000023
0.000004
0.000002
0.000205
0.000097
0.000085
0.000028
0.000024
0.000004
0.000002
0.000190
0.000091
0.000080
0.000027
0.000023
0.000003
0.000002
0.000188
0.000090
0.000079
0.000027
0.000023
0.000003
0.000002
0.000187
0.000089
0.000079
0.000027
0.000024
0.000003
0.000002
0.000176
0.000079
0.000069
0.000020
0.000016
0.000003
0.000002
0.000180
0.000085
0.000077
0.000297
0.000806
0.000845
0.000004
0.000051
0.000338
0.001420
0.000011
0.000012
0.000003
0.000002
0.000347
0.000219
0.000205
0.000089
0.000088
0.000088
0.000105
0.012827
0.008180
0.008177
7.884469
8.162754
8.199981
8.222344
8.252653
8.286773
8.325800
8.366190
8.510152
8.571114
8.670498
8.741846
8.749580
8.750501
8.761414
8.783210
8.787186
8.791536
8.802224
8.815820
8.824921
8.824109
8.821079
8.820899
8.821088
8.821730
8.824422
8.823715
8.812319
8.672073
8.663595
8.651325
8.642354
8.669044
8.682239
8.703022
8.668438
8.636183
8.599113
8.577072
8.564635
8.564048
8.577010
8.593762
8.617399
8.622622
8.633394
8.715100
8.753498
8.771990
8.772546
8.773741
8.776538
8.755863
8.731079
8.666386
8.504938
8.392901
7.628413
6.942085
6.517525
1.919245
0.152454
0.146173
0.137635
0.128091
0.119454
0.117658
0.115759
0.115236
0.116249
0.164892
4.077343
4.519874
4.918526
5.348129
5.695940
6.003420
6.374380
7.000127
7.392174
7.772579
8.201151
8.223322
8.343673
8.472272
8.585142
8.675953
8.797760
8.809450
8.817890
8.826380
8.837571
8.853472
8.857188
8.861919
8.871034
8.878926
8.885318
8.881653
8.880920
8.880807
8.875238
8.871377
8.867417
8.841957
8.819664
8.805476
8.791336
0.002130
0.001942
0.001411
0.001990
0.002691
0.000826
0.000578
0.000508
0.001139
8.740873
8.742479
8.748998
8.762054
8.763199
8.737965
8.738559
8.738488
8.741238
8.740234
8.739977
8.739997
8.739288
8.739315
8.739720
8.739399
8.738460
8.771595
9.136048
9.172321
9.203840
9.253589
9.271150
9.307581
9.320241
9.240148
9.214083
9.196705
9.095943
9.087346
9.074478
9.068500
9.065752
9.063139
9.060550
9.058928
9.053577
9.053062
9.055731
9.059238
9.062708
9.070468
9.069927
9.070084
9.066841
9.064551
9.064278
9.061165
9.056035
9.050397
9.045710
9.042781
9.044602
9.016653
8.981639
8.811378
8.680749
8.528568
7.740866
6.849646
6.079949
5.105105
4.301183
3.698872
3.170209
2.760451
1.889771
0.474817
1.765993
1.630635
1.543636
1.317225
1.159651
1.035333
0.779697
0.374693
0.225821
0.208207
0.146475
0.027743
0.031022
0.009142
0.006551
0.001678
0.000436
0.003346
0.003284
0.036895
0.164437
0.157188
0.150806
0.141494
0.139764
0.139195
0.136943
0.140972
0.141154
0.152116
0.070996
0.009901
0.010198
0.008599
0.042367
0.045889
0.045984
0.045881
0.045673
0.000787
0.000887
0.002819
0.019905
0.134607
2.250872
2.542230
2.879328
3.283809
3.828449
4.471370
5.198387
5.890174
6.154005
6.685791
6.969722
0.000301
0.000213
0.000157
0.000120
0.000146
0.000121
0.000011
0.000011
0.000008
0.000029
0.000039
0.000060
0.000102
0.000168
0.000352
0.000913
7.457614
7.574263
7.626188
7.654027
7.659145
7.624086
7.447626
7.357853
7.070935
6.695278
6.328912
5.533771
4.854170
3.957116
3.389817
2.893962
2.527767
2.204081
1.892885
0.687362
0.530653
0.116418
0.038553
0.013328
0.012912
0.010796
0.010670
0.010795
0.010558
0.010592
0.010455
0.031258
0.031208
0.031867
0.041096
0.048627
0.050067
0.085864
0.503141
0.485655
0.556413
0.504215
0.435252
0.312513
0.439024
0.397896
0.414432
0.404947
0.342454
0.332104
0.319074
0.209279
0.123494
0.056595
0.051047
0.043244
0.033827
0.021886
0.001923
0.001941
0.002080
0.002123
0.009701
0.011443
0.045198
0.048052
0.049241
0.050579
0.050319
0.055374
0.054752
0.050836
0.041547
0.000132
0.000126
0.000085
0.000078
0.000048
0.000041
0.000044
0.000015
0.000018
0.000029
0.000024
0.000038
0.000041
0.000031
0.000035
0.000031
0.000035
0.000035
0.000048
0.000044
0.000146
0.004131
0.003935
0.004290
0.004820
0.005653
0.008166
0.042289
0.041965
0.041115
0.039912
0.171746
0.343688
0.367396
0.389044
0.399121
0.419788
0.418877
0.423383
0.084996
0.013350
0.014086
0.013702
0.020237
0.022280
0.023325
0.025449
0.027115
0.028984
0.029953
0.030197
0.030684
0.031401
0.032582
0.031434
0.029498
0.022267
0.020554
0.019610
0.018310
0.017581
0.009573
0.009102
0.008913
0.008827
0.013506
0.013486
0.004889
0.004742
0.004309
0.025894
0.031985
0.037390
0.045916
0.056022
0.128420
0.132338
0.152831
0.064952
0.065265
0.064996
0.064641
0.064147
0.063788
0.062801
0.061446
0.058669
0.055056
0.036462
0.036348
0.036136
0.036077
0.035340
0.041856
0.041680
0.040555
0.021820
0.020731
0.019526
0.017719
0.010501
0.010547
0.010483
0.012143
0.012660
0.013744
0.013843
0.023784
0.024414
0.006958
0.000860
0.080031
1.150275
1.308561
1.527153
1.734762
2.182718
2.514592
2.980931
3.378742
3.876637
4.593074
5.155125
5.299004
5.490539
5.694458
5.740755
5.734455
5.751479
5.750451
5.635175
5.368890
5.224924
4.993144
4.429057
4.000837
3.636315
3.262279
2.914467
2.638931
2.095143
0.728654
0.659287
0.551845
0.510267
0.100525
0.022609
0.000546
0.000445
0.000831
0.001643
0.000559
0.000995
0.000524
0.094625
0.092226
0.088246
0.064282
0.059094
0.045989
0.066229
0.069770
0.070240
0.060895
0.000544
0.000881
0.000695
0.000525
0.000029
0.000045
0.000173
0.000224
0.000301
0.000234
0.000386
0.905932
0.910827
0.878612
0.892833
0.870340
0.841367
0.811690
0.770963
0.733523
0.657307
0.632269
0.559935
0.507976
0.064397
0.000403
0.065901
0.074034
0.072872
0.073665
0.002145
0.001495
0.000938
0.001283
0.001183
0.001107
0.000419
0.000273
0.000203
0.000148
0.000090
0.000132
0.000103
0.000073
0.000057
0.000070
0.000044
0.000153
0.000028
0.000045
0.000077
0.000058
0.000058
0.000051
0.000042
0.000026
0.000033
0.000007
0.000011
0.000033
0.000007
0.000006
0.000008
0.000017
0.000019
0.000011
0.000008
0.000007
0.000006
0.000013
0.000012
0.000015
0.000020
0.000030
0.000053
0.000084
0.000053
0.000068
0.000090
0.000058
0.000029
0.000038
0.000080
0.000115
0.000144
0.000001
0.000001
0.017706
0.016355
0.016539
0.015843
0.015708
0.015504
0.023060
0.165031
0.195554
0.235698
0.268345
0.279439
0.300782
0.294260
0.459854
0.477663
0.502830
0.499717
0.519810
0.575390
0.442909
0.448370
0.475771
0.474905
0.012338
0.001846
0.001551
0.031551
0.035498
0.047838
0.062049
0.082980
0.998768
1.082525
1.154216
1.215646
1.305703
1.386851
0.007633
0.001104
0.001531
0.001764
0.020224
0.023454
1.868574
2.080708
2.277932
2.476304
2.806421
3.328278
3.754487
4.256664
4.202838
4.268332
4.193769
0.011184
0.005690
0.010545
0.009956
0.023287
0.024300
0.024003
0.022786
0.021655
0.012258
0.000037
0.000039
0.000027
0.000076
0.000084
0.000085
0.000036
0.000049
0.000039
0.000090
0.000171
0.000264
0.023357
0.023685
0.021777
0.020455
0.020417
0.002361
0.000007
0.000000
0.000010
0.000008
0.000003
0.000002
0.000000
0.000004
0.000002
0.000064
0.000038
0.000018
0.000011
0.000009
0.000009
0.000009
0.000235
