0.000375
0.000001
0.000001
0.000000
0.000000
0.000003
0.000009
0.000010
0.000013
0.000017
0.000638
0.000650
0.000988
0.000996
0.000971
0.000944
0.000912
0.000662
0.000580
0.000554
0.000549
0.000349
0.000031
0.000024
0.000004
0.000002
0.000001
0.000001
0.000000
0.000000
0.000000
0.000000
0.000000
0.000130
0.000136
0.001189
0.001413
0.001761
0.000004
0.003193
0.003377
0.003341
0.010913
0.028275
0.029930
0.032098
0.080721
0.304007
0.328936
7.527633
7.818363
7.940748
7.961387
7.965531
7.967626
7.967168
7.966639
7.965660
7.965281
7.953409
7.953374
7.953248
7.953288
7.953522
7.954246
8.131870
8.134747
8.273810
8.285333
8.312482
8.517659
8.484557
8.520430
8.625775
8.708697
8.716693
8.717364
8.716623
8.712554
8.712554
8.714514
8.732216
8.733541
8.734862
8.734689
8.734401
8.733204
9.024112
9.024688
9.019144
9.018357
9.020800
9.023212
9.016003
9.016898
9.016205
9.005507
8.927935
8.622278
8.623960
8.629557
8.626733
8.634906
8.645153
8.651232
8.655803
8.658990
8.660451
8.665186
8.671378
8.700237
8.924942
8.966279
8.970970
8.971713
8.971221
8.971158
8.971532
8.971724
8.971502
8.971622
8.971429
8.971595
8.971828
8.971965
8.971992
8.971994
8.971660
9.026426
9.034186
9.311181
9.319948
9.323876
9.332777
9.334192
9.337247
9.311109
0.019028
0.019823
0.019579
9.353060
9.375428
9.393690
9.400955
9.404866
9.412026
9.420185
9.419804
0.011025
0.007745
0.001895
0.001819
0.001686
0.001807
0.000958
0.000540
0.000481
0.000463
9.255858
9.259473
9.263178
9.269386
9.268610
9.269248
9.267582
9.268279
9.270412
9.273758
9.275939
9.280263
9.281752
9.261636
9.241678
0.000179
0.000080
0.000037
0.000016
0.000007
0.000003
0.000002
0.000002
0.000000
0.000000
0.000000
0.000000
0.000000
0.000000
0.000000
0.000000
0.000000
0.000000
0.000000
0.000000
0.000000
0.000000
0.000000
0.000000
0.000000
0.000000
0.000000
0.000000
0.000000
0.000000
0.000000
0.000002
0.000007
0.000011
0.000027
0.000036
0.000044
0.000118
9.164804
0.000756
0.000581
0.000443
0.000046
0.000018
0.000007
0.000004
0.000003
0.000001
0.000001
0.000001
0.000002
0.000002
0.000005
0.000002
0.000003
0.000001
0.000002
0.000002
0.000004
0.007920
0.007783
0.007385
0.007349
0.007431
0.007471
0.007531
0.000023
0.000014
0.000011
0.000005
0.000007
0.000010
0.000023
0.000029
0.000095
0.000249
0.000378
0.000569
0.009509
9.451895
9.618413
9.667573
9.671842
9.673543
9.673869
9.674012
9.674095
9.673665
9.673596
9.673812
9.674121
9.674170
9.674245
9.674242
9.674235
9.674205
9.674210
9.674249
9.674217
9.674210
9.674146
9.673879
9.674073
9.674215
9.673842
9.673481
9.673345
9.673538
9.674222
9.674150
9.673917
9.674033
9.674287
9.673905
9.673942
9.674388
9.674367
9.673453
9.652807
9.444374
9.478490
9.554985
9.660947
9.672176
9.672374
9.672566
9.673659
9.673795
9.673150
9.673221
9.674102
9.674248
9.674262
9.674311
9.673341
9.666133
9.626064
0.001334
0.000770
0.000530
0.000336
0.000312
0.000172
0.000176
0.000183
0.000242
0.000312
0.001775
9.611466
9.644802
9.670995
9.673739
9.674288
9.674285
9.674297
9.674371
9.674388
9.674243
9.674203
9.674298
9.674295
9.674331
9.674392
9.674381
9.674388
9.674380
9.674295
9.674243
9.674238
9.674045
9.674059
9.674104
9.674107
9.674285
9.674279
9.674293
9.674347
9.674378
9.674254
9.673376
9.672927
9.673387
9.673918
9.672957
9.670736
9.670922
9.673780
9.674012
9.674294
9.674417
9.674434
9.674363
9.674020
9.987267
9.975215
9.912749
9.676414
9.675817
9.676222
9.676191
9.676817
9.677145
9.677337
9.677028
9.676675
9.676794
9.677005
9.676994
9.676681
9.676706
9.676958
9.676796
9.676711
9.676731
9.676823
0.000002
0.000001
0.000001
0.000000
0.000000
0.000000
0.000000
0.000000
0.000000
0.000000
0.000000
0.000000
0.000000
0.000000
0.000000
0.000000
0.000000
0.000000
0.000000
0.000000
0.000000
0.000000
0.000000
0.000000
0.000000
0.000000
0.000000
0.000000
0.000000
0.000000
0.000000
0.000000
0.000000
0.000000
0.000000
0.000000
0.000000
0.000000
0.000000
0.000000
0.000000
0.000000
0.000000
0.000000
0.000000
0.000000
0.000000
0.000000
0.000000
0.000000
0.000000
0.000000
0.000000
0.000000
0.000000
0.000000
0.000000
0.000000
0.000000
0.000000
0.000000
0.000000
0.000000
0.000000
9.676198
9.675730
9.676368
9.676965
9.676025
9.675766
9.676150
9.675411
9.675296
9.676739
9.677149
9.676991
9.677016
9.677189
9.677146
9.676874
9.676780
9.677569
9.678355
9.807508
9.842015
9.902662
9.991078
9.996158
9.998492
9.999453
9.999774
9.999787
9.999711
9.999564
9.999549
9.999650
9.999675
9.999626
9.999610
9.999667
9.999522
9.998270
9.997068
9.997411
9.996497
9.994630
9.994533
9.996557
9.996261
9.995032
9.993521
9.990807
9.962694
9.794460
9.793780
9.747137
9.738507
9.120496
8.100247
6.957838
6.239048
0.000005
5.327228
4.655897
4.066092
3.547759
3.017829
2.702008
2.368442
2.149320
0.090683
0.230377
0.022893
0.002970
0.002077
0.001974
0.001877
0.001880
0.001841
0.001836
0.001825
0.001811
0.000201
0.000278
0.000307
0.000480
0.000803
0.001010
0.001231
0.001442
0.001632
0.001852
0.065386
0.251293
0.238236
0.235114
0.218286
0.206692
0.136897
0.115130
0.115889
0.119499
0.143249
0.152639
0.161504
0.181601
1.105918
1.189386
1.179489
1.152412
1.119623
0.973586
0.523855
0.404219
0.007731
0.011259
0.013675
0.005863
0.006150
0.006353
0.006654
0.006908
0.007499
0.001977
0.041776
0.297840
0.601289
0.671741
0.700012
0.695703
0.675746
0.036668
0.145998
0.001725
0.002403
0.002393
0.002291
0.002280
0.002349
0.003720
0.003225
0.003101
0.002549
0.002609
0.002736
0.002899
0.002791
0.002719
0.002646
0.002655
0.002630
0.001624
0.001621
0.001622
0.001622
0.001662
0.001707
0.001759
0.003175
0.022168
0.129306
0.323724
0.773447
0.858780
0.942891
0.001923
1.121323
1.147392
1.168270
1.116090
0.012924
0.011404
0.009058
1.044349
1.034741
0.977275
0.936814
0.040697
0.809804
0.775006
0.725204
0.077580
0.823657
0.770653
0.717585
0.593132
0.078087
0.013696
0.081051
0.040090
0.040314
0.029714
0.065065
0.265503
0.222306
0.220403
0.126491
0.001365
0.001421
0.001233
0.000831
0.000264
0.000191
0.000215
0.000196
0.000056
0.000078
0.000106
0.000133
0.000197
0.000488
0.032188
0.215365
0.549970
0.621678
0.663398
0.695196
0.723870
0.704615
0.665126
0.632018
0.604253
0.010014
0.008993
0.009345
0.009386
0.006913
0.000207
0.000321
0.001726
0.006325
0.039460
0.190386
0.812942
0.822175
0.825022
0.826890
0.019388
0.017864
0.009882
0.010050
0.011996
0.879318
0.885310
0.000415
0.014947
1.148777
1.233849
1.507573
1.587704
0.010380
1.461061
1.333630
1.239448
1.036084
0.000182
0.000118
0.000100
0.000265
0.000011
0.003600
0.000021
0.000020
0.000027
0.000023
0.000043
0.000040
0.006413
0.006799
0.006778
0.006455
0.000320
1.146020
1.166902
0.003611
0.003191
0.003001
1.274912
1.240085
1.048868
0.002901
0.002440
0.004516
0.000110
0.010848
0.009422
0.670755
0.695155
0.665939
0.640012
0.655556
0.663286
0.634442
0.611380
0.395479
0.370547
0.340998
0.090386
0.023295
0.026869
0.007060
0.000599
0.000145
0.000169
0.000196
0.002010
0.035409
0.350317
0.367705
0.410673
0.421236
0.414970
0.027893
0.002240
0.001766
0.000043
0.002112
0.002269
0.002604
0.003183
0.009402
0.019697
0.026151
1.060814
1.079232
1.076386
1.031000
0.997584
0.036639
0.037153
0.033172
0.032944
0.000015
0.000010
0.000009
0.000004
0.025762
0.025238
0.029718
0.877323
0.826627
0.423865
0.393350
0.137953
0.125194
0.003610
0.002493
0.009080
0.009381
0.005920
0.016172
0.017945
0.114116
0.116782
0.022740
0.018413
0.017742
0.015361
0.015514
0.069778
0.168426
0.175998
0.194550
0.220863
0.237450
0.241040
0.000380
0.000019
0.000019
0.000021
0.000037
0.000039
0.000047
0.000095
0.000095
0.000474
0.000668
0.000896
0.359955
0.383554
0.403154
0.429722
0.500653
0.748165
0.738561
0.698478
0.650947
0.438890
0.426866
0.210900
0.062702
0.085799
0.077782
0.060224
0.048216
0.357653
0.394852
0.603295
0.600051
0.185161
0.013377
0.229822
0.558862
0.554377
0.538631
0.596277
0.591152
0.560462
0.514295
0.446296
0.056156
0.006898
0.003515
0.000976
0.014142
0.015648
0.161141
0.175653
0.205945
0.659336
1.126365
1.193395
1.316871
1.375451
1.398734
1.359312
1.275678
1.257846
1.220514
0.254942
0.212128
0.111829
0.029723
0.022095
0.001176
0.000014
0.000007
0.000002
0.000001
0.000000
0.000001
0.000000
0.000001
0.000001
0.000001
0.000001
0.000001
0.000000
0.000000
0.000000
0.000000
0.000001
0.000001
0.000002
0.000009
0.001292
0.001371
0.001454
0.001492
0.004570
0.001258
0.000967
0.000011
0.000119
