0.014768
0.000577
0.000347
0.000321
0.001344
0.001465
0.001554
0.001503
0.006526
0.006525
0.006650
0.006424
0.011623
0.010473
0.009966
0.003857
0.004134
0.004634
0.005102
0.005206
0.005447
0.005790
0.009068
0.009317
0.009458
0.010198
0.010274
0.010724
0.010687
0.001885
0.001580
0.001309
0.001228
0.001137
0.001044
0.001100
0.002264
0.002554
0.002882
0.003091
0.005917
0.010312
0.002253
0.004062
0.027616
0.045651
0.052564
0.061514
0.079548
3.133244
0.007315
0.005603
2.862144
2.678298
2.472623
2.265309
1.947977
1.461846
1.082570
0.953849
0.815872
0.095505
0.039936
0.034632
0.008726
0.006527
0.000189
0.000106
0.000068
0.000067
0.000046
0.000032
0.000031
0.000111
0.000075
0.000038
0.000027
0.000053
0.000395
0.000403
0.003373
0.003509
0.003813
0.003816
0.003794
0.003785
0.003831
0.003709
0.003718
0.003709
0.003581
0.003386
0.003187
0.003049
0.002390
0.000062
0.000058
0.000054
0.000017
0.000051
0.000057
0.000072
0.000019
0.000030
0.000039
0.000041
0.000439
0.000602
0.000727
0.000804
0.004276
0.000883
0.002132
0.011704
0.011519
0.016959
0.017028
0.016852
0.001658
0.001626
0.001616
0.001601
0.001658
0.001684
0.001468
0.000175
0.013096
0.021514
0.021678
0.048984
0.078590
0.079765
0.073896
0.064131
0.035922
0.045655
0.044934
0.037264
0.036222
0.026229
0.013734
0.013037
0.008811
0.007595
0.002299
0.001286
0.001262
0.001272
0.001264
0.001578
0.001499
0.001134
0.001124
0.000580
0.000580
0.000552
0.000611
0.000736
0.001349
0.051599
0.192189
0.220873
0.312107
0.682703
0.807029
1.257714
1.485136
1.839774
2.058201
2.244102
0.008535
2.967055
3.528794
4.030476
4.628694
0.008787
0.011698
5.557206
0.022754
6.738923
7.779021
7.865950
7.879645
7.917908
7.962261
7.951587
7.964450
7.622565
7.716742
8.136181
8.369227
8.388937
8.413062
8.421707
8.435456
8.451879
8.456481
8.462449
8.463203
8.462321
8.461740
8.462247
8.463316
8.463834
8.463492
8.463542
8.463965
8.463810
8.463810
8.463442
8.462966
8.463307
8.463569
8.463600
8.463607
8.463086
8.462913
9.093215
9.098615
9.098992
9.098995
9.098767
9.098737
9.099068
9.099079
9.098887
9.098863
9.099106
9.099148
9.099172
9.099132
9.098802
9.097937
9.097494
9.098207
9.098995
9.099153
9.151602
9.151301
9.148547
9.139570
9.123186
9.099159
9.099054
9.098872
9.098834
9.099076
9.099448
9.099489
9.100944
9.102630
9.102896
9.107450
9.270913
9.275560
9.281803
9.280979
9.283301
9.286419
9.421110
9.430989
9.432488
9.394779
9.378537
9.330326
9.300657
9.204832
9.233058
9.236985
9.252538
9.225685
9.266336
9.314832
9.358004
9.508538
9.592861
9.620814
9.629763
9.633061
9.636191
9.638173
9.638217
9.638234
9.638250
9.638203
9.638160
9.638169
9.638163
9.637846
9.637319
9.636979
9.636913
9.636611
9.635830
9.636092
9.636819
9.635692
9.634249
9.628863
9.556001
0.328009
9.139896
9.454728
9.580921
9.623745
9.630748
9.632321
9.633970
9.635560
9.637551
9.637660
9.637565
9.637320
9.637695
9.637760
9.637699
9.637845
9.637964
9.637889
9.637966
9.635990
9.631273
9.630084
9.632186
9.636958
9.638033
9.636483
9.635625
9.636067
9.637165
9.637834
9.638058
9.638250
9.638203
9.637630
9.637592
9.637985
9.635680
9.962659
9.957078
9.955942
9.941001
9.929621
9.902125
9.799609
9.763399
9.745730
9.726428
9.710722
9.693771
9.620394
9.621590
9.619027
9.619879
9.618933
9.618803
9.618743
9.618777
9.618953
9.618495
9.617306
9.614590
9.606744
9.601771
9.599126
9.596042
9.594284
9.598495
9.608049
9.610056
9.609089
9.609816
9.609643
9.604532
9.604433
9.608595
9.607150
9.604315
9.606634
9.613832
9.617486
9.617538
9.616488
9.616722
9.618123
9.618457
9.618501
9.618672
9.618867
9.618701
9.617662
9.617287
9.617082
9.615811
9.616126
9.617757
9.615093
9.614104
9.614708
9.616239
9.616668
9.614071
9.613958
9.616269
9.616968
9.617362
9.618163
9.618675
9.618557
9.618435
9.617272
9.617087
9.617635
9.615854
9.605700
9.534032
9.283901
9.279996
9.278944
9.278878
9.278632
9.278581
9.278591
9.278416
9.278170
9.277325
9.276997
9.274637
9.258811
9.031260
9.031318
9.031289
9.031282
9.031226
9.031145
9.030953
9.030011
9.025091
8.963575
8.987173
8.815363
8.848817
8.860167
8.863904
8.864184
8.864149
8.863921
8.863982
8.864431
8.864522
8.864329
8.864858
9.135647
9.185972
9.591632
9.613868
9.617808
9.617758
9.617591
9.616436
9.609275
9.594284
9.370279
9.367585
9.363578
9.363358
9.363019
9.362947
9.362813
9.362652
9.356600
9.192652
9.192014
9.184553
9.102192
9.067517
9.037846
9.015677
8.998958
8.984091
8.975080
8.965488
8.954862
8.931567
8.891969
8.892076
8.892013
8.891841
8.891805
8.891193
8.890572
8.890511
8.886755
8.883862
8.868813
8.842619
8.582524
8.570546
8.529465
8.304528
8.549588
8.373091
0.008248
0.001722
0.001000
0.000579
0.000396
0.000245
0.000246
0.000245
0.000887
0.000385
0.000125
0.000016
0.000024
0.000016
0.000025
0.000044
0.000023
0.000030
0.000003
0.000003
0.000005
0.000009
0.000015
0.000024
0.000008
0.000008
0.000009
0.000013
0.000027
0.000067
0.000056
0.000204
0.000211
0.000290
8.006839
8.012895
8.013492
8.014969
8.018499
8.018996
8.019720
8.019553
8.019277
8.019548
8.018940
8.018134
8.017152
8.013223
7.983686
7.983713
7.996149
7.995018
7.993885
7.991637
7.990405
7.990565
7.991191
7.986144
7.961381
0.133974
0.131814
7.714017
7.838939
7.845326
7.841106
7.840306
7.822549
7.822357
7.822552
7.823142
7.825051
7.818906
0.004976
0.003160
0.002073
0.000351
0.000079
0.000045
0.000172
0.000056
0.000040
0.000037
0.000200
0.000188
0.000208
0.000358
0.000421
0.000713
7.660920
7.663062
7.663726
7.668240
7.667907
7.665946
7.659738
7.635258
7.621138
7.554463
7.578541
7.579829
7.580636
7.578788
7.577405
7.581198
7.587970
7.590038
7.596905
0.000606
0.000592
0.000305
0.000304
0.000492
0.000589
0.000694
0.001032
7.614286
7.629048
7.634548
7.636237
7.636938
7.635330
7.635513
7.634259
7.631436
0.000188
0.000095
0.000071
0.000050
0.000015
0.000011
0.000014
0.000007
0.000008
0.000007
0.000011
0.000010
0.000006
0.000011
0.000019
0.000025
0.000008
0.000014
0.000034
0.000077
0.000279
0.000534
7.612462
7.610424
7.605331
7.598365
0.138223
0.122423
7.399343
7.401846
7.417078
7.411755
7.403198
7.392602
7.377449
7.344488
7.193378
6.954092
6.508087
5.426497
4.917758
4.302768
3.754319
3.333734
2.976124
2.052253
1.859679
1.365772
1.054751
0.853952
0.614030
0.359792
0.274266
0.246341
0.099291
0.089079
0.077591
0.054554
0.048259
0.026265
0.017556
0.015250
0.012650
0.000004
0.000007
0.000005
0.000003
0.000004
0.000006
0.000004
0.000002
0.000001
0.000001
0.000001
0.000002
0.000015
0.000017
0.000015
0.000015
0.000025
0.000029
0.019681
0.017110
0.016476
0.015862
0.012386
0.012300
0.011973
0.012073
0.000230
0.000156
0.000088
0.000075
0.000194
0.002155
0.000210
0.003133
0.003510
