0.000000
0.000168
0.000174
0.000179
0.000184
0.000178
0.000176
0.000177
0.000177
0.003756
0.003770
0.003733
0.000199
0.000174
0.000152
0.000005
0.000002
0.000006
0.000006
0.000001
0.000001
0.000691
0.000027
0.000023
0.000001
0.000002
0.000001
0.000001
0.000002
0.000002
0.000025
0.000027
0.000031
0.000045
0.000244
0.000506
0.000558
0.007160
0.007484
0.007974
0.007981
0.007747
0.000916
0.002962
0.003450
0.003426
0.003758
0.003973
0.003484
0.003207
0.002878
0.000893
0.001593
0.009043
0.012860
0.013231
0.013495
0.013521
0.009818
0.005027
0.002380
0.004261
0.004836
0.004964
0.004568
0.003344
0.002533
0.000128
0.000031
0.000026
0.000010
0.000014
0.000010
0.000009
0.000012
0.000330
0.000505
0.000479
0.000439
0.000437
0.000419
0.000075
0.000045
0.000055
0.001413
0.001546
0.001034
0.001036
0.001283
0.001359
0.001605
0.001708
0.002140
0.001620
0.000683
0.000749
0.000782
0.000780
0.000818
0.000073
0.000160
0.000135
0.014160
0.062620
0.333659
0.320919
0.298833
0.076924
0.045860
0.006377
0.000222
0.000221
0.000233
0.322049
2.160665
2.653793
3.246998
4.013055
0.004135
0.002114
4.620687
5.133990
5.447691
5.839071
6.094470
6.339798
6.769725
7.128819
7.409671
7.550447
7.592864
7.625773
7.703353
7.730237
7.727790
7.734467
7.750734
7.724091
7.702317
7.668199
7.640397
7.618198
7.576773
7.530293
7.484143
7.387851
7.183507
7.037058
6.933589
6.774391
6.439749
6.154223
5.745676
5.461567
5.155400
4.882752
4.626180
4.160085
3.738463
3.349419
3.020949
2.598483
1.839862
1.344368
0.700971
0.638377
0.481118
0.445385
0.170775
0.118140
0.081273
0.054199
0.001033
0.001461
0.019868
0.532047
0.639520
0.695071
0.967877
1.165230
1.383125
1.641068
1.996856
2.114594
2.123476
0.007776
0.007099
0.148620
0.180735
0.181466
0.163419
2.343715
2.020141
0.002979
0.000298
0.000126
0.000082
0.000203
0.000379
0.003934
0.036291
3.907204
4.259566
4.703476
5.265250
0.015978
0.000253
0.000265
0.000297
0.000605
0.000715
0.000988
0.001987
0.002480
0.005064
0.030295
6.170867
6.885740
7.567560
8.345674
8.910220
9.033807
9.142176
9.250858
9.260110
9.264396
9.263709
9.262471
9.260716
9.259521
9.260175
9.260456
9.260802
9.260959
9.251565
9.235762
8.992665
8.001377
2.837659
0.182809
7.010398
7.222714
7.258192
7.246958
7.128381
0.525418
7.553989
8.015903
8.260063
8.433671
8.553698
8.644059
9.080240
9.081651
9.092260
9.114004
9.152540
9.132387
9.117884
9.119527
9.116976
9.066548
9.013804
8.937351
8.864564
8.839660
8.980694
8.896641
8.824812
8.636264
0.124885
0.120341
8.643614
8.712595
9.032688
9.458897
9.472444
0.061035
9.833649
9.845253
9.881371
9.874615
9.889723
9.907596
9.862389
9.828820
9.819532
9.810055
9.702717
9.506387
9.469558
9.580785
9.592777
9.620346
9.631538
9.629413
9.504275
9.309133
9.257793
9.213516
9.193970
9.292797
9.317851
9.343451
9.327060
9.313540
9.129728
8.984577
8.484218
8.031649
7.484455
1.248422
8.460361
9.023676
9.697062
9.482832
9.257662
9.081950
8.477036
7.917627
7.454098
7.049683
6.470856
5.580185
0.028346
4.319960
4.864312
0.010396
0.009230
0.010290
0.010003
4.873508
4.551082
4.703573
5.502005
6.030789
0.006374
0.007333
0.244421
0.196245
0.302652
6.743735
6.827496
0.108670
0.058928
0.024306
0.020526
0.012916
0.020956
7.463895
0.122472
0.049002
7.190109
7.924793
8.410218
9.004502
9.128863
9.133414
9.140602
9.152337
9.160345
9.162322
9.162596
9.162211
9.162331
9.161854
9.161973
9.163377
9.163589
9.161591
9.161501
9.163245
9.161872
9.160050
9.154939
8.676436
8.675953
8.674913
8.673820
8.673288
8.667716
8.659559
8.642290
8.610734
8.552311
8.518694
8.420868
8.252688
8.021343
7.711087
7.218545
6.530198
5.943251
5.276074
4.427384
3.159002
0.158763
1.690558
1.466167
0.502919
0.431712
0.363064
0.122424
0.103219
0.067637
0.062083
0.052391
0.009678
0.007993
0.002108
0.001137
0.000130
0.000009
0.000016
0.000012
0.000077
0.000135
0.000113
0.000033
0.000027
0.000015
0.000012
0.000008
0.000021
0.000015
0.000006
0.000005
0.000005
0.000009
0.000005
0.000004
0.000003
0.000004
0.000003
0.000003
0.000003
0.000003
0.000004
0.000545
0.000391
0.000312
0.000290
0.000258
0.000256
0.000234
0.000217
0.000202
0.000194
0.000005
0.000003
0.000002
0.000002
0.000002
0.000003
0.000003
0.000004
0.000005
0.000005
0.000005
0.000003
0.000010
0.000005
0.000002
0.000338
0.000325
0.000884
0.001154
0.000958
0.001040
0.001044
0.013317
0.013507
0.015987
0.017004
0.000365
0.000010
0.000099
0.000082
0.000163
0.000185
0.000174
0.000176
0.000215
0.000223
0.000315
0.000625
0.000001
0.000001
0.000000
0.000000
0.000000
0.000000
0.000000
0.000000
0.000000
0.000000
0.000001
0.000003
0.000002
0.000003
0.000000
0.000000
0.000000
0.000001
0.000001
0.000001
0.000000
0.000000
0.000000
0.000001
0.000000
0.000000
0.000000
0.000001
0.000001
0.000001
0.000001
0.000001
0.000001
0.000000
0.000000
0.000000
0.000000
0.000012
0.091162
0.107031
0.000008
0.000011
0.000000
0.000000
0.000000
0.000000
0.000000
0.000000
0.000000
0.000000
0.000000
0.000000
0.000000
0.000000
0.000000
0.000000
0.000000
0.000000
0.000000
0.000000
0.000000
0.000000
0.000000
0.000000
0.000000
0.000001
0.000001
0.000023
0.000010
0.000013
0.000016
0.000035
0.000058
0.000065
0.000095
0.000171
0.000253
0.125164
0.133186
0.136286
0.148162
0.000329
0.000036
0.000025
0.000021
0.000019
0.000016
0.000016
0.000015
0.000015
0.000015
0.000001
0.000001
0.000006
0.000006
0.000006
0.000004
0.000004
0.000004
0.000000
0.000000
0.000000
0.000001
0.000001
0.000000
0.000000
0.000000
0.000000
0.000002
0.000002
0.000002
0.000022
0.000004
0.000028
0.000738
0.000778
0.000805
0.000813
0.000809
0.000810
0.000820
0.000823
0.000765
0.000723
0.000012
0.000008
0.000003
0.000002
0.000001
0.000000
0.000000
0.000000
0.000001
0.000000
0.000000
0.000000
0.000000
0.000000
0.000000
0.000000
0.000000
0.000001
0.000001
0.000001
0.000001
0.000000
0.000000
0.000001
0.000000
0.000000
0.000001
0.000003
0.000002
0.000000
0.000000
0.000000
0.000000
0.000000
0.000000
0.000000
0.000000
0.000000
0.000000
0.000000
0.000001
0.000001
0.000000
0.000000
0.000000
0.000000
0.000001
0.000000
0.000000
0.000001
0.000000
0.000000
0.000000
0.000000
0.000000
0.000001
0.000001
0.000000
0.000001
0.000002
0.000002
0.000002
0.000004
0.000009
0.000007
0.000030
0.000045
0.000036
0.000002
0.000002
0.000002
0.000003
0.000004
0.000000
0.000000
0.000000
0.000000
0.000000
0.000000
0.000000
0.000001
0.000000
0.000000
0.000000
0.000000
0.000000
0.000000
0.000000
0.000000
0.000000
0.000000
0.000000
0.000000
0.000000
0.000000
0.000000
0.000000
0.000000
0.000000
0.000000
0.000000
0.000000
0.000001
0.000002
0.000012
0.000429
0.000428
0.000002
0.000000
0.000000
0.000001
0.000001
0.000001
0.000001
0.000002
0.000050
0.000056
0.000049
0.000046
0.000044
0.000042
0.000029
0.000023
0.000019
0.000015
0.000000
0.000000
0.000000
0.000000
0.000000
0.000000
0.000000
0.000000
0.000000
0.000000
0.000000
0.000000
0.000000
0.000000
0.000000
0.000000
0.000000
0.000000
0.000000
0.000000
0.000000
0.000000
0.000000
0.000000
0.000000
0.000000
0.000000
0.000000
0.000000
0.128116
0.132179
0.126117
0.095836
0.012995
0.000000
0.012706
0.010560
0.010567
0.010420
0.007983
0.002011
0.000063
0.000044
0.000040
0.000224
0.000286
0.000273
0.000474
0.000535
0.000470
0.001789
0.002088
0.074220
0.078762
0.000001
0.000000
0.000000
0.000000
0.000000
0.000000
0.000000
0.000000
0.000000
0.000000
0.000000
0.000000
0.000000
0.000000
0.000000
0.000000
0.000000
0.000000
0.000000
0.000000
0.000000
0.000000
0.000000
0.000000
0.000000
0.000000
0.000000
0.000000
0.000000
0.000000
0.000000
0.000000
0.000024
0.000024
0.000024
0.000024
0.000024
0.000024
0.000024
0.000024
0.000024
0.000025
0.000025
0.000022
0.000020
0.000018
0.000017
0.000017
0.000017
0.000018
0.000017
0.000016
0.000015
0.000013
0.000012
0.000011
0.000000
0.000000
0.000000
0.000000
0.000000
0.000000
0.000000
0.000000
0.000000
0.000003
0.000003
0.000003
0.000004
0.000004
0.000005
0.000005
0.000006
0.000007
0.000007
0.000007
0.000007
0.000006
0.000006
0.000004
0.000003
0.000003
0.000002
0.000002
0.000000
0.000000
0.000001
0.000001
0.000001
0.000001
0.000001
0.000000
0.000000
0.000000
0.000000
0.000000
0.000000
0.000000
0.000000
0.000000
0.000000
0.000000
0.000000
0.000000
0.000000
0.000000
0.000000
0.000000
0.000000
0.000000
0.000000
0.000000
0.000000
0.000000
0.000000
0.000000
0.000000
0.000000
0.000000
0.000000
0.000000
0.000000
0.000000
0.000000
0.000000
0.000000
0.000000
0.000000
0.083848
0.084041
0.084205
0.120433
0.002334
0.001780
0.001651
0.001599
0.001559
0.000026
0.000000
0.000000
0.000000
0.000000
0.000000
0.000000
0.000000
0.000000
0.000000
0.000000
0.000000
0.000000
0.000000
0.000000
0.000000
0.000000
0.000000
0.000000
0.000000
0.000000
0.000000
0.000000
0.000000
0.000000
0.000000
0.000000
0.000000
0.000000
0.000000
0.000107
0.000028
0.000033
0.000000
0.000000
0.000000
0.000000
0.000000
0.000000
0.000000
0.000000
0.000000
0.000000
0.000000
0.000000
0.000000
0.000000
0.000000
0.000000
0.000000
0.000000
0.000000
0.000000
0.000000
0.000000
0.000000
0.000000
0.000000
0.000000
0.000000
0.000000
0.000000
0.000000
0.000000
0.000000
0.000000
0.000000
0.000000
0.000000
0.000000
0.000000
0.000000
0.000000
0.000000
0.000000
0.000000
0.000000
0.000000
0.000000
0.000000
0.000000
0.000000
0.000000
0.000000
0.000000
0.000000
0.000000
0.000000
0.000000
0.000000
0.000000
0.000000
0.000000
0.000000
0.000000
0.000000
0.000000
0.000000
0.000000
0.000000
0.000000
0.000000
0.000000
0.000000
0.000000
0.000000
0.000000
0.000092
0.001267
0.002520
0.002613
0.002657
0.000000
0.000000
0.000000
0.000000
0.000000
0.000000
0.000000
0.000000
0.000000
0.000000
0.000000
0.000000
0.000000
0.000000
0.000000
0.000000
0.000000
0.000000
0.000000
0.000000
0.000000
0.000000
0.000000
0.000000
0.000000
0.000000
0.000000
0.000000
0.000000
0.000000
0.000000
0.000000
0.000000
0.000000
0.000000
0.000000
0.000000
0.000000
0.000000
0.000000
0.000000
0.002705
0.002709
0.002704
0.002707
0.002693
0.002604
0.002491
0.002365
0.002052
0.000241
0.000238
0.000000
0.000000
0.000000
0.000000
0.000000
0.000000
0.000000
0.000000
0.000000
0.000000
0.000000
0.000000
0.000000
0.000000
0.000000
0.000000
0.000000
0.000000
0.000000
0.000000
0.000000
0.000000
0.000001
0.000001
0.000001
0.000001
0.000001
0.000002
0.000002
0.000001
0.000001
0.000004
0.000004
0.000004
0.000004
0.000246
0.000459
0.000437
0.000072
0.000000
0.000000
0.000000
0.000000
0.000000
0.000000
0.000000
0.000000
0.000000
0.000000
0.000104
0.000311
0.001486
0.001839
0.002088
0.002259
0.000039
0.000000
0.000000
0.000000
0.000000
0.000000
0.000000
0.000000
0.000000
0.000008
0.001029
0.000000
0.000000
0.000000
0.000000
0.000000
0.000000
0.000000
0.000000
0.000000
0.000000
0.000000
0.000000
0.000000
0.000000
0.000000
0.000000
0.000000
0.000000
0.000000
0.000000
0.000000
0.000000
0.000000
0.000000
0.000000
0.000000
0.000000
0.000000
0.000012
0.000013
0.000012
0.000000
0.000000
0.000000
0.000000
0.000000
0.000000
0.000000
0.000000
0.000000
0.000000
0.000000
0.000000
0.000000
0.000001
0.000001
0.000189
