0.000000
0.000000
0.000000
0.000000
0.000000
0.000000
0.000000
0.000000
0.000000
0.000000
0.000000
0.000000
0.000000
0.000000
0.000000
0.000000
0.000000
0.000000
0.000000
0.000000
0.000000
0.000000
0.000000
0.000000
0.000000
0.000000
0.000000
0.000000
0.000000
0.000000
0.000000
0.000000
0.000000
0.000000
0.000000
0.000000
0.000000
0.000000
0.000000
0.000000
0.000000
0.000000
0.000000
0.000000
0.000000
0.000000
0.000000
0.000000
0.000000
0.000000
0.000000
0.004108
0.004104
0.003825
0.003620
0.003442
0.000001
0.000000
0.000000
0.000000
0.000000
0.000000
0.000000
0.000000
0.000000
0.000000
0.000000
0.000000
0.000000
0.000000
0.000000
0.000000
0.000000
0.000000
0.000000
0.000000
0.000000
0.000000
0.000000
0.000000
0.000000
0.000000
0.000000
0.000000
0.000000
0.000000
0.000000
0.000000
0.000000
0.000000
0.000000
0.000000
0.000000
0.000000
0.000000
0.000000
0.000000
0.000000
0.000000
0.000000
0.000000
0.000000
0.000000
0.000000
0.000000
0.000000
0.000000
0.000000
0.000000
0.000000
0.000000
0.000000
0.000000
0.000002
0.003039
0.012676
0.012357
0.012054
0.000000
0.000000
0.000000
0.000000
0.000000
0.000000
0.000000
0.000000
0.000000
0.000000
0.000000
0.000000
0.000000
0.000000
0.000000
0.000000
0.000000
0.000000
0.000000
0.000000
0.000000
0.000000
0.000000
0.000000
0.000000
0.000000
0.000000
0.000000
0.000000
0.000000
0.000000
0.000000
0.000000
0.000000
0.000000
0.000000
0.000000
0.000000
0.000000
0.000000
0.000000
0.000000
0.000000
0.000000
0.000000
0.000545
0.000535
0.000003
0.000003
0.000000
0.000000
0.000000
0.000000
0.000000
0.000000
0.000000
0.000000
0.000000
0.000000
0.000000
0.000000
0.000000
0.000000
0.000000
0.000000
0.000000
0.000000
0.000000
0.000000
0.000000
0.000000
0.000000
0.000000
0.000000
0.000000
0.000000
0.000000
0.000000
0.000000
0.000000
0.000000
0.000000
0.000000
0.000000
0.000000
0.000000
0.000000
0.000000
0.000000
0.000000
0.000000
0.000000
0.000000
0.000000
0.000000
0.000000
0.000000
0.000000
0.000000
0.000000
0.000000
0.000000
0.000000
0.000000
0.000000
0.000000
0.000000
0.000000
0.000000
0.000000
0.000000
0.000000
0.000000
0.000000
0.000000
0.000000
0.000000
0.000000
0.000000
0.000000
0.000000
0.000000
0.000000
0.000000
0.000000
0.000000
0.000000
0.000000
0.000000
0.000000
0.000000
0.000000
0.000000
0.000000
0.000000
0.000001
0.000001
0.000003
0.000014
0.021404
0.145233
0.157449
5.777064
5.883801
6.016924
6.328407
6.500392
6.629385
6.679268
6.713649
6.717450
6.719152
6.734272
6.758967
6.780268
6.791323
6.785565
0.001627
0.000279
0.000103
0.000061
0.000005
0.000004
0.000002
0.000001
0.000002
0.000001
0.000001
0.000000
0.000000
0.000000
0.000001
0.000000
0.000000
0.000000
0.000000
0.000001
0.000006
0.000001
0.000001
0.000000
0.000000
0.000000
0.000000
0.000000
0.000003
0.000002
0.000001
0.000001
0.000002
0.000002
0.000000
0.000000
0.000000
0.000003
0.000003
0.000002
0.000001
0.000003
0.000005
0.000004
0.000005
0.000006
0.000002
0.000004
0.000001
0.000002
0.000018
0.000006
0.000005
0.000009
0.000009
0.000004
0.000008
0.000005
0.000000
0.000000
0.000000
0.000000
0.000000
0.000000
0.000001
0.000001
0.000001
0.000001
0.000001
0.000001
0.000001
0.000002
0.000002
0.000001
0.000001
0.000001
0.000001
0.000002
0.000002
0.000003
0.000003
0.000002
0.000001
0.000003
0.000002
0.000002
0.000003
0.000005
0.000012
0.000013
0.000022
0.000030
0.000045
0.000024
0.000004
0.000004
0.000008
0.000018
0.000021
0.000034
0.000016
0.000022
0.000008
0.000020
0.000038
0.000026
0.000037
0.000010
0.000009
0.000014
0.000019
0.000581
6.763035
6.752596
6.750605
6.752832
6.755926
6.757783
0.000037
0.000071
0.000034
0.000009
0.000004
0.000003
0.000005
0.000005
0.000003
0.000004
0.000005
0.000007
0.000009
0.000018
0.000030
0.000004
0.000025
0.000023
0.000023
0.000043
0.000032
0.000029
0.000013
0.000015
0.000019
0.000008
0.000087
0.000329
0.000310
0.000320
0.000023
0.000034
0.000061
0.000207
0.000122
0.000062
0.000044
0.000625
0.000706
0.000617
0.000602
0.000645
0.000749
0.004959
0.011490
6.902705
6.927519
6.965089
7.009266
7.076630
7.095292
7.123206
7.130930
7.146120
7.161448
7.172025
7.168107
7.165756
7.139920
7.102909
7.068739
6.997947
6.729383
6.730072
6.725394
6.719798
6.719120
6.721030
6.909681
6.913124
6.906036
7.183070
7.173921
7.153727
7.105504
7.066983
7.065867
6.680713
6.453553
6.019068
0.058248
0.241080
6.136103
6.153750
6.264828
6.213455
6.153497
6.043019
0.020165
0.020416
0.023457
0.042532
0.055077
0.056930
0.070301
0.015030
0.019612
6.729372
6.842412
6.922138
6.976291
7.007639
7.061600
7.112351
7.194502
7.207571
7.226207
7.248463
7.269427
7.271461
7.270579
7.272243
7.272086
7.257078
7.248817
7.245411
7.324884
7.342982
7.371579
7.384748
7.634411
8.001633
7.990913
7.851326
7.599819
7.333587
0.044379
7.254331
7.007347
6.895903
6.761904
6.322302
5.883871
5.433541
4.933569
4.568419
1.931449
0.235974
0.136409
0.042832
0.022346
0.000334
0.000174
0.000144
0.000116
0.000141
0.000201
0.000334
0.000562
0.023169
0.026336
0.191349
4.985412
5.425908
6.294746
6.798333
7.198822
7.604989
8.009117
8.242555
8.337429
8.147357
8.170200
8.520200
8.512581
8.497505
8.481097
8.463235
8.452437
8.896140
8.968573
8.930591
8.928531
8.928489
8.926566
9.160563
9.175746
9.192114
9.193080
9.192827
9.188106
9.184149
9.183274
9.185937
9.191547
9.186029
9.140703
8.938086
8.687962
0.081876
0.048444
0.047165
0.020269
0.035500
0.014533
0.015118
0.014526
7.669951
7.278740
0.226276
0.212738
6.711632
6.711326
6.558218
0.175906
0.689347
5.782600
6.252821
6.752484
8.017584
8.262690
8.414167
8.543095
8.722458
8.959760
9.003664
9.010112
9.085620
9.142717
9.189540
9.236331
9.256738
9.280538
9.341807
9.327892
9.319005
9.200298
9.286813
9.321082
9.316200
9.305377
9.285612
9.272842
9.254958
9.241081
9.210027
9.163050
9.071576
0.033489
0.034548
0.034238
8.805650
8.808860
8.791721
8.714237
8.696094
8.682985
8.684559
8.708692
8.771837
8.811165
8.881993
8.987894
9.095536
9.085035
9.065954
9.049192
9.032432
8.988343
8.967037
8.651570
8.498834
8.134304
7.613708
6.314123
5.008406
0.029851
0.020467
4.073186
3.556985
1.014630
0.016221
0.016747
0.017610
0.301355
0.327535
4.866897
5.236620
5.519032
6.055565
6.368788
6.429522
6.530098
6.718642
6.864451
6.842200
6.824463
6.834933
6.787009
6.745103
6.739691
6.753058
6.791676
6.884843
6.975255
6.975551
6.899152
6.848831
6.816415
6.763337
6.592648
0.029507
0.036288
6.238901
6.084740
5.908131
5.764671
5.522321
5.099696
4.823961
4.378741
4.115601
0.021071
0.003201
0.000965
0.000646
0.000380
0.000438
0.000245
0.000198
0.000155
0.000138
0.000132
0.000046
0.000031
0.000046
0.000055
0.000018
0.000035
0.000034
0.000031
0.000034
0.000074
0.000075
0.000089
0.000143
0.000171
2.529022
2.136977
1.890878
1.124683
0.935695
0.844349
0.616079
0.406449
0.367386
0.277295
0.000680
0.001462
0.000013
0.000013
0.000008
0.000009
0.000008
0.000006
0.000004
0.000004
0.000003
0.000004
0.000007
0.000011
0.000013
0.000022
0.000056
0.000128
0.000099
0.000070
0.000044
0.000014
0.000009
0.000013
0.000014
0.000029
0.000011
0.000009
0.000018
0.000010
0.000008
0.000006
0.000011
0.000015
0.000018
0.000127
0.000014
0.000006
0.000004
0.000049
0.000044
0.000010
0.000010
0.000003
0.000007
0.000007
0.000011
0.000009
0.000002
0.000002
0.000001
0.000001
0.000002
0.000002
0.000003
0.000002
0.000002
0.000002
0.000002
0.000003
0.000007
0.000004
0.000002
0.000005
0.000003
0.000003
0.000003
0.000003
0.000003
0.000001
0.000001
0.000002
0.000001
0.000002
0.000003
0.000004
0.000002
0.000001
0.000001
0.000001
0.000000
0.000001
0.000001
0.000001
0.000001
0.000001
0.000001
0.000010
0.000012
0.000016
0.000018
0.000000
0.000000
0.000000
0.000001
0.000000
0.000001
0.000001
0.000001
0.000000
0.000000
0.000000
0.000000
0.000000
0.000000
0.000000
0.000001
0.000000
0.000001
0.000001
0.000001
0.000000
0.000001
0.000000
0.000000
0.000000
0.000000
0.000000
0.000000
0.000000
0.000000
0.000000
0.000000
0.000000
0.000000
0.000000
0.000000
0.063457
0.002301
0.000090
0.000083
0.000000
0.000000
0.000000
0.000002
0.000001
0.000001
0.000000
0.000000
0.000000
0.000000
0.000000
0.000000
0.000000
0.000000
0.000000
0.000000
0.000000
0.000000
0.000000
0.000000
0.000000
0.000000
0.000000
0.000000
0.000000
0.000000
0.000000
0.000000
0.000000
0.000000
0.000000
0.000000
0.000000
0.000000
0.000000
0.000000
0.000000
0.000000
0.000000
0.000000
0.000000
0.000000
0.000000
0.000000
0.000000
0.000000
0.000000
0.000000
0.000000
0.000000
0.000000
0.000000
0.000000
0.000000
0.000000
0.000000
0.000135
0.000266
0.000318
0.000000
0.000000
0.000000
0.000000
0.000000
0.000000
0.000000
0.000000
0.000000
0.000000
0.000000
0.000000
0.000000
0.000000
0.000000
0.000000
0.000000
0.000000
0.000000
0.000000
0.000000
0.000000
0.000000
0.000000
0.000000
0.000000
0.000000
0.000000
0.000000
0.000000
0.000000
0.000000
0.000000
0.000000
0.000000
0.000000
0.000000
0.000000
0.000000
0.000000
0.000000
0.000000
0.000000
0.000000
0.000000
0.000000
0.000000
0.000000
0.000000
0.000000
0.000000
0.000000
0.000000
0.000000
0.000000
0.000000
0.000000
0.000000
0.000000
0.000000
0.000000
0.000000
0.000000
0.000000
0.000000
0.000000
0.000000
0.000000
0.000000
0.028199
0.065317
0.065240
0.015863
0.016345
0.016723
0.016856
0.016885
0.000000
0.000000
0.000000
0.000000
0.000000
0.000000
0.000000
0.000000
0.000000
0.000000
0.000000
0.000000
0.000000
0.000000
0.000000
0.000000
0.000000
0.000000
0.000000
0.000000
0.000000
0.000000
0.000000
0.000000
0.000000
0.000000
0.000000
0.000000
0.000000
0.000000
0.000000
0.000000
0.000000
0.000000
0.000000
0.000000
0.000000
0.000000
0.000000
0.000000
0.000000
0.000000
0.000000
0.000000
0.000000
0.000000
0.000000
0.000000
0.000000
0.000000
0.000000
0.000000
0.000000
0.000000
0.000000
0.000000
0.000000
0.000000
0.000000
0.000000
0.000000
0.000000
0.000000
0.000000
0.000000
0.000000
0.000000
0.000000
0.000000
0.000000
0.000000
0.000000
0.000000
0.000000
0.000000
0.000000
0.000000
0.000000
0.000000
0.000000
0.000000
0.000000
0.000000
0.000000
0.000000
0.000000
0.000000
0.000000
0.000000
0.000000
0.000000
0.000000
0.000000
0.000000
0.000000
0.000000
0.000000
0.000000
0.000000
0.000000
0.000000
0.000000
0.000000
0.000000
0.000000
0.000000
0.000000
0.000000
0.000000
0.000000
0.000000
0.000000
0.000000
0.000000
0.000000
0.000000
0.000000
0.000000
0.000000
0.000000
0.000000
0.000000
0.000000
0.000000
0.000000
0.000000
0.000000
0.000000
0.000000
0.000000
0.000000
0.000000
0.000000
0.000000
0.000000
0.000000
0.000000
0.000000
0.000000
0.000000
0.000000
0.000000
0.000000
0.000000
0.000000
0.000000
0.000000
0.000000
0.000000
0.000000
0.000000
0.000000
0.000000
0.000000
0.000000
0.000000
0.000000
0.000000
0.000000
0.000000
0.000000
0.000000
0.000000
0.000000
0.000000
0.000000
0.000000
0.000000
0.000000
0.000000
0.000000
0.000000
0.000000
0.000000
0.000000
0.000000
0.000000
0.000000
0.000000
0.000000
0.000000
0.000000
0.000000
0.000000
0.000000
0.000000
0.000000
0.000000
0.000000
0.000000
0.000000
0.000000
0.000000
0.000000
0.000000
0.000000
0.000000
0.000000
0.000000
0.000000
0.000000
0.000000
0.000000
0.000000
0.000000
0.000000
0.000000
0.000000
0.000000
0.000000
0.000000
0.000000
0.000000
0.000000
0.000000
0.000000
0.000000
0.000000
0.000000
0.000000
0.000000
0.000000
0.000000
0.000000
0.000000
0.000000
0.000000
0.000000
0.000000
0.000000
0.000000
0.000000
0.016636
0.005185
0.005068
0.000000
0.000000
0.000000
0.000000
0.000000
0.000000
0.000000
0.000000
0.000000
0.000000
0.000000
0.000000
0.000000
0.000000
0.000000
0.000000
0.000000
0.000000
0.000000
0.000000
0.000000
0.000000
0.000000
0.000000
0.000000
0.000000
0.000000
0.000000
0.000000
0.000000
0.000000
0.000000
0.000000
0.000000
0.000000
0.000000
0.000000
0.000000
0.000000
0.000000
0.000000
0.000000
0.000000
0.000000
0.000000
0.000000
0.000000
0.000000
0.000000
0.000000
0.000000
0.001287
