0.012907
0.002830
0.002405
0.000168
0.000002
0.000000
0.000000
0.000000
0.000000
0.000000
0.000000
0.000000
0.000000
0.000000
0.000000
0.000000
0.000000
0.000000
0.000000
0.000000
0.000000
0.000000
0.000000
0.000000
0.000000
0.000000
0.000000
0.000000
0.000000
0.000000
0.000000
0.000000
0.000000
0.000000
0.000000
0.000000
0.000000
0.000000
0.000000
0.000000
0.000000
0.000000
0.000000
0.000000
0.000000
0.000000
0.000000
0.000000
0.000000
0.000000
0.000000
0.000000
0.000000
0.000000
0.000000
0.000000
0.000000
0.000000
0.000001
0.000001
0.000002
0.000002
0.000002
0.000035
0.000003
0.000000
0.000000
0.000000
0.000003
0.000011
0.001281
0.001308
0.008574
0.008277
0.008574
0.008539
0.006647
0.006029
0.000018
0.000017
0.000020
0.000000
0.000000
0.000017
0.000623
0.000006
0.000009
0.000005
0.000005
0.000005
0.000008
0.000014
0.000000
0.000000
0.000000
0.000000
0.000000
0.000000
0.000000
0.000000
0.000000
0.000000
0.000000
0.000000
0.000000
0.000000
0.000000
0.000000
0.000000
0.000000
0.000000
0.000000
0.000000
0.000000
0.000000
0.000000
0.000000
0.000000
0.000000
0.000000
0.000000
0.000000
0.000000
0.000000
0.000000
0.000000
0.000000
0.000002
0.000002
0.000002
0.000002
0.000003
0.000007
0.000011
0.000001
0.000001
0.000002
0.000000
0.000000
0.000000
0.000000
0.000000
0.000000
0.000000
0.000000
0.000000
0.000000
0.000000
0.000000
0.000000
0.000000
0.000000
0.000000
0.000000
0.000000
0.000000
0.000000
0.000000
0.000000
0.000000
0.000000
0.000000
0.000000
0.000000
0.000000
0.000000
0.000000
0.000011
0.000010
0.000002
0.000000
0.000000
0.000000
0.000117
0.000117
0.000118
0.000118
0.000112
0.000094
0.000072
0.000032
0.000145
0.000038
0.000005
0.000000
0.000000
0.000000
0.000000
0.000000
0.000000
0.000000
0.000017
0.000280
0.000336
0.000861
0.021896
0.022580
0.022797
0.023599
0.024725
0.026220
0.028552
0.035473
0.039570
0.044016
0.069938
0.107867
0.126197
0.182689
4.087337
4.207144
4.373983
4.378749
0.003151
0.001936
0.000000
0.000000
0.000000
0.000000
0.000000
0.000000
0.000000
0.000000
0.000000
0.000000
0.000000
0.000000
0.000000
0.000000
0.000000
0.000000
0.000000
0.000000
0.000000
0.000000
0.000000
0.002718
0.002032
0.000000
0.000000
0.000000
0.000000
0.000000
0.000000
0.000000
0.000000
0.000000
0.000000
0.000000
0.000000
0.000000
0.000000
0.000000
0.000000
0.000000
0.000000
0.000000
0.000000
0.000000
0.000000
0.000000
0.000000
0.000000
0.000000
0.000000
0.000000
0.000000
0.000000
0.000000
0.000000
0.000000
0.000000
0.000000
0.000000
0.000000
0.000000
0.000000
0.000000
0.000000
0.000000
0.000000
0.000000
0.000000
0.000000
0.000000
0.000000
0.000000
0.000000
0.000000
0.000000
0.000000
0.000000
0.000000
0.000000
0.000000
0.000000
0.000000
0.000000
0.000000
0.000000
0.000000
0.000000
0.000000
0.000000
0.000000
0.000000
0.000000
0.000000
0.002273
4.409132
4.405073
4.405813
4.402139
0.000019
0.000000
0.000000
0.000000
0.000000
0.000000
0.000000
0.000000
0.000000
0.000000
0.000000
0.000000
0.000000
0.000000
0.000000
0.000000
0.000000
0.000000
0.000000
0.000000
0.000000
0.000000
0.000000
0.000000
0.000000
0.000000
0.000000
0.000000
0.000000
0.000000
0.000000
0.000000
0.000000
0.000000
0.000000
0.000000
0.000000
0.000000
0.000000
0.000000
0.000000
0.000000
0.000000
0.000000
0.000000
0.000000
0.000000
0.000000
0.000000
0.000000
0.000000
0.000000
0.000000
0.000000
0.000000
0.000000
0.000000
0.000000
0.000000
0.000000
0.000000
0.000000
0.000000
0.000000
0.000000
0.000000
0.000000
0.000000
0.000000
0.000000
0.000000
0.000000
0.000000
0.000000
0.000000
0.000000
0.000000
0.000000
0.000000
0.000000
0.000000
0.000000
0.000000
0.000000
0.000000
0.000000
0.000000
0.000000
0.000000
0.000000
0.000000
0.000062
0.011698
4.422023
4.421138
4.398544
4.385436
4.369097
0.005856
0.000000
0.000000
0.000000
0.000000
0.000000
0.000000
0.000000
0.000000
0.000000
0.000000
0.000000
0.000000
0.000000
0.000000
0.000000
0.000000
0.000000
0.000001
4.380634
4.372098
4.369295
4.256950
0.258489
0.000001
0.000000
0.000000
0.000001
0.000002
2.752357
3.100058
3.601765
4.007810
4.263581
4.528707
4.647878
4.657391
4.930595
4.934775
4.942199
4.946838
4.955457
4.965849
4.964136
4.959699
4.957887
4.958093
4.960146
4.962515
4.964194
4.964949
4.960811
4.927845
4.799836
4.649615
4.168113
4.553586
4.687959
4.831450
4.869827
4.927266
4.958037
4.977751
5.012941
5.034965
5.036930
5.037959
5.038573
5.038793
5.038773
5.038427
5.037644
5.037474
5.037582
5.037513
5.037090
5.034090
5.033345
5.031844
5.026842
5.024838
5.026103
5.029876
5.030268
5.030317
5.030783
5.030282
5.441749
5.445551
5.446418
5.447204
5.447283
5.447003
5.446947
5.443325
5.443079
5.443382
5.443742
5.442842
5.439875
5.441398
5.442475
5.443973
5.446081
5.448253
5.448322
5.448159
5.448291
5.448476
5.447689
5.446920
5.446358
5.445970
5.444019
5.444622
5.445212
5.444248
5.449028
5.450055
5.449913
5.451977
5.454360
5.456464
5.456327
5.456349
5.456610
5.456897
5.455268
5.452395
5.450943
5.445615
5.445410
5.445256
5.644270
5.647170
5.652391
5.653471
5.654746
5.653801
5.654814
5.656538
5.655567
5.655746
5.655102
5.655083
5.654561
5.653088
5.636962
5.586022
5.545150
5.284818
4.925525
2.082306
0.005562
0.003818
0.002734
0.000172
0.000092
0.000054
0.000036
0.000021
0.000019
0.000018
0.000017
0.000598
0.000606
0.000684
0.000919
0.001190
0.001219
0.001230
0.001155
0.001121
0.001095
0.001077
0.001048
0.001015
0.000995
0.000832
0.000718
0.000567
0.000122
0.000094
0.000078
0.000132
0.002740
0.002788
0.002762
0.002828
0.002778
0.000651
0.001018
0.001733
0.001848
0.002164
0.002984
0.005033
0.209333
3.875021
4.603027
5.386813
5.635463
5.686176
5.698692
5.700593
5.701300
5.694185
5.688366
5.687325
5.688956
5.686109
5.657913
5.599984
5.461762
5.345317
5.132670
4.920632
4.658216
4.437395
4.026768
3.678499
1.655111
4.572623
5.031532
5.313332
5.439665
5.551130
5.570325
5.595701
5.624442
5.643306
0.020133
0.018953
0.018643
5.678627
5.748322
5.818475
5.868904
5.878444
5.894344
5.905150
5.912546
5.933091
5.920997
5.919549
5.916352
5.917151
5.908936
5.899393
5.893486
5.892672
5.894696
5.917542
5.923130
5.917924
5.922212
5.935123
5.945510
5.950418
5.952535
5.947319
5.933900
5.904003
0.001557
0.001555
0.004275
5.893332
5.893515
5.898852
5.864077
5.809526
5.770098
5.746206
5.710831
5.672372
5.555706
5.280047
5.057490
0.129829
0.082913
4.690555
4.568306
3.979521
0.026531
4.278337
4.313113
4.540534
4.755275
0.029275
0.035510
5.029875
5.119982
5.198158
5.268368
5.281980
5.295185
5.320012
5.392087
5.353852
5.381908
5.398531
5.295646
5.136349
4.933584
4.719894
4.370034
4.103434
3.805139
0.074263
3.381348
3.196630
0.017854
0.018724
2.331847
3.994409
4.370646
5.026695
5.320098
5.323938
5.300385
5.216080
5.005270
4.772934
4.344594
4.004145
3.686678
3.156271
2.649947
2.221354
1.652899
1.277787
0.283661
0.189198
0.137931
0.003043
0.002562
0.000222
0.000333
0.000347
0.000444
0.001378
0.001522
0.001433
0.001531
0.001479
0.001562
0.001631
0.001579
0.001527
0.001550
0.001650
0.000111
0.000145
0.000047
0.000096
0.000104
0.000230
0.000236
0.000080
0.000065
0.000071
0.000043
0.000054
0.000061
0.000065
0.000056
0.000052
0.000343
0.000298
0.001601
0.016572
0.024572
0.025159
0.029428
0.030806
0.032139
0.033842
0.032761
0.025771
0.010552
0.003282
0.003372
0.003315
0.003493
0.003224
0.001559
0.001744
0.001753
0.031397
0.049060
0.060305
0.116388
0.170476
1.290683
1.834403
2.123643
2.465599
2.768997
3.141688
3.867000
4.321446
4.632520
5.124373
5.553837
5.994210
6.428406
6.541475
6.529481
6.633083
6.565704
6.626101
6.664594
6.719649
6.750867
6.748845
0.002390
0.000668
0.000490
0.000573
0.000334
0.000446
0.000603
6.742073
6.737136
6.735920
6.741126
6.753274
6.768691
6.790379
6.808258
6.813453
6.819612
6.822844
6.820824
0.001166
0.000959
0.000167
0.001058
0.000196
0.000142
0.000052
0.000024
0.000027
0.000039
0.000060
0.000344
0.000306
0.000920
6.840545
6.843865
6.849257
6.851397
6.852573
6.854774
6.998976
7.016280
7.018964
7.021158
7.027165
7.032664
7.038117
7.040056
7.039679
7.038864
7.038910
7.036058
7.016362
0.001242
0.000835
0.000143
0.000028
0.000019
0.000053
0.000061
0.000115
0.000140
0.000221
0.002950
0.004486
0.005287
0.010185
7.076075
7.045630
0.005054
0.000517
0.000333
0.000127
0.000078
0.000058
0.000035
0.000031
0.000046
0.000049
0.000084
0.000254
0.000388
0.000688
0.001525
7.029760
7.139033
7.184891
7.205260
7.222533
7.232324
7.241216
7.458214
7.458749
7.459141
7.458777
7.458519
7.457059
7.451039
7.451377
7.450728
7.450401
7.451931
7.454139
7.453342
7.448842
7.446653
7.446520
7.438483
7.426717
7.407311
7.390528
0.002035
0.001324
0.000828
0.000609
0.000182
0.000148
0.000130
0.000133
0.000151
0.000194
0.000231
0.000421
7.439813
7.462909
7.489835
7.527019
7.569027
7.614026
7.626427
7.631244
7.639610
7.642709
7.642998
7.641461
7.640278
7.631248
0.000239
0.000129
0.000102
0.000028
0.000012
0.000005
0.000005
0.000002
0.000001
0.000001
0.000001
0.000000
0.000001
0.000001
0.000001
0.000002
0.000001
0.000006
0.000009
0.000012
0.000016
0.000028
0.000077
0.000196
7.393513
7.401133
7.411146
7.419211
7.426742
7.435641
7.441285
7.446511
7.455558
7.465935
7.475027
7.484499
7.494148
7.505230
7.514486
7.521929
7.529364
7.538303
7.547365
7.556156
7.561952
7.576627
7.585114
7.589163
7.596756
7.608360
7.618935
7.624942
7.631668
7.630628
7.625476
7.615849
7.613775
7.612756
7.614464
7.619017
7.623968
7.618776
7.619125
7.625296
7.635442
7.634646
7.635318
7.639002
7.639394
7.639621
7.636477
7.633951
7.632964
7.613443
7.592858
7.570572
7.542741
7.479313
7.436395
7.190616
7.000349
6.632244
6.146012
5.132367
4.413747
3.855206
3.437863
3.042079
2.642442
2.011162
1.819901
1.627336
1.430389
1.286037
0.979944
0.810900
0.586511
0.126565
0.043409
0.029300
0.020432
0.010441
0.001495
0.000186
0.000100
0.000167
0.000124
0.000257
0.000045
0.000031
0.000023
0.000018
0.000012
0.000013
0.000014
0.000013
0.001597
0.002174
0.002506
0.002200
0.002272
0.001539
0.001873
0.005431
0.013030
0.026513
0.027416
0.028615
0.001337
0.004362
0.091407
0.094079
0.087112
0.145305
0.143814
0.142916
0.003625
0.003754
0.003431
0.003510
0.000258
0.000163
0.000189
0.014592
0.133996
0.151130
0.165002
0.276129
0.293580
0.310804
0.001060
0.001085
0.000985
0.510338
0.607850
0.655303
0.704632
0.817373
0.891734
0.006098
0.006245
0.006733
0.005092
0.004847
0.004835
0.005022
0.005173
0.005605
0.005685
0.000575
0.000575
0.000196
0.000730
0.000690
0.000780
0.000817
0.003127
0.003106
0.003845
0.004838
0.006958
1.312137
1.572453
2.115434
2.475140
2.896888
3.510524
4.815069
5.467581
6.525424
6.779003
7.001550
7.090931
7.122320
7.134559
7.166663
7.209646
7.274558
7.294440
7.297651
7.301610
7.299178
7.291262
7.284032
7.275473
7.273346
7.270190
7.266020
7.264800
7.331423
7.354971
7.383316
7.402401
7.423883
7.455138
7.463900
7.470841
7.481806
7.486085
7.486137
7.484644
7.484248
7.484354
7.572780
7.622619
7.666181
7.679430
7.683453
7.684940
7.685889
7.685898
7.684647
7.684293
7.681490
7.678429
7.677319
7.678633
7.681812
7.680465
7.675673
7.666706
7.658399
7.650267
7.647710
7.651513
7.658378
7.671352
7.676062
7.682330
7.684209
7.685080
7.684592
7.684189
7.685004
7.687097
7.687232
7.687152
7.686972
7.685736
7.685529
7.685688
7.685698
7.685620
7.685299
7.685209
7.685296
7.684041
7.676336
7.651249
7.486413
7.486529
7.486628
7.486706
7.487050
7.486870
7.485569
7.485262
7.485957
7.486712
7.486473
7.484690
7.484393
7.485336
7.485807
7.485876
7.486131
7.485432
7.482904
7.482757
7.485079
7.486697
7.486895
7.486987
7.487023
7.487046
7.487023
7.486988
7.486791
7.486331
7.485495
7.484741
7.483895
7.483792
7.811800
7.812775
7.831133
7.839793
7.988188
0.322268
7.494943
7.597885
7.693669
7.729757
7.886052
8.094470
8.142535
8.176216
8.180662
8.182980
8.182887
8.182376
8.182928
8.182360
8.181536
8.160593
8.160639
8.160894
8.160006
8.159568
8.159808
8.160064
8.159909
8.161104
8.162348
8.159109
8.156922
8.155246
8.151923
8.150501
8.151530
8.154870
8.159362
8.161206
8.161492
8.158411
8.139036
8.105266
8.079306
0.000169
0.000119
0.000090
0.000072
0.000008
0.000004
0.000002
0.000001
0.000001
0.000001
0.000001
0.000000
0.000000
0.000000
0.000000
0.000001
0.000001
0.000002
0.000003
0.000004
0.000016
0.000027
0.000047
0.000087
0.000183
0.000525
7.983129
0.072931
7.913693
8.057254
8.081204
8.099565
8.112618
8.122698
8.141255
8.154705
8.163573
8.164687
8.165571
8.164569
8.164417
8.164619
8.163868
8.163219
8.162111
8.583810
8.607623
8.676223
8.680910
8.681695
8.687939
8.686826
8.683841
8.678555
8.674533
8.669039
8.669239
8.672305
8.674407
8.677774
8.681511
8.681913
8.681514
8.681073
8.681819
8.682573
8.685317
8.679075
8.649066
8.593818
8.512424
8.460578
8.376588
8.136725
7.959015
7.810689
7.627633
7.505439
7.407467
7.283836
6.950645
6.393865
5.974558
4.982290
4.194692
3.757740
3.300408
2.878771
2.448798
0.058229
0.059869
1.807938
1.684080
1.530876
1.383283
1.237865
0.044002
0.026199
0.001508
0.000315
0.000369
0.000211
0.002146
0.042132
0.367257
0.349611
0.304636
0.240514
0.149982
0.116732
0.022878
0.002543
0.000106
0.000743
0.011104
0.017571
0.021111
0.021110
0.020190
0.019158
0.014119
0.014713
0.024641
0.038033
0.039332
0.038083
0.040698
0.044252
0.031409
0.025113
0.003392
0.014029
0.013947
0.020252
0.195826
0.251003
0.297113
0.358510
0.534556
0.602061
0.620227
0.639590
0.638089
0.637096
0.612098
0.571296
0.002742
0.057197
0.058560
0.057004
0.034943
0.032436
0.023002
0.022678
0.021988
0.005869
0.005187
0.005163
0.004722
0.004536
0.004586
0.008397
0.011194
0.240667
0.026218
0.006180
0.013403
0.012731
0.000306
0.000074
0.000107
0.000161
0.000055
0.000061
0.000077
0.016289
0.025036
0.026020
0.033221
0.033827
0.029562
0.029368
0.033314
0.032504
0.030514
0.029902
0.025490
0.022837
0.021715
0.016964
0.008470
0.009899
0.000685
0.000713
0.000752
0.000691
0.000686
0.000688
0.000629
0.000538
0.000525
0.010639
0.011719
0.011162
0.013448
0.013283
0.012915
0.012898
0.008670
0.022697
0.024337
0.026311
0.029222
0.036362
0.149983
0.299479
0.321272
0.343511
0.372899
0.414500
0.433772
0.392285
0.384786
0.398350
0.374098
0.359114
0.335741
0.319432
0.289118
0.238067
0.196293
0.126073
0.103271
0.086442
0.052450
0.035016
0.026225
0.025065
0.020260
0.016136
0.008509
0.000122
0.000498
0.000558
0.000669
0.000597
0.000587
0.000056
0.000114
0.009450
0.009370
0.011420
0.011068
0.010947
0.010857
0.015537
0.015421
0.007594
0.003078
0.002282
0.000219
0.000234
0.001781
0.004725
0.005516
0.006487
0.006802
0.007063
0.000331
0.000691
0.001249
0.016233
0.601401
0.798877
0.864091
0.933973
1.013289
1.112850
1.321062
1.468991
1.635661
1.811163
0.023370
2.289945
2.513095
2.760770
3.040715
3.401175
3.873540
4.509622
5.322851
5.415321
5.388697
5.333193
5.264334
5.204724
5.064151
4.892622
4.613291
4.278363
3.850686
3.383322
0.346465
0.042451
0.011431
0.000344
0.000082
0.000056
0.000053
0.000038
0.000030
0.000070
0.000022
0.000010
0.000023
0.000015
0.000012
0.000018
0.000011
0.000019
0.000017
0.000017
0.000016
0.000012
0.000006
0.000011
0.000005
0.000007
0.000003
0.000004
0.000009
0.000010
0.000015
0.000017
0.000019
0.000026
0.000034
0.000045
0.000101
0.008033
0.030501
1.848838
2.178329
2.327265
2.411623
2.418494
2.369540
2.225695
2.149545
0.016169
0.012311
1.749357
1.639135
1.545349
1.351288
1.258729
1.244678
1.103556
0.934942
0.848287
0.054540
0.040899
0.005072
0.004246
0.004259
0.004109
0.000330
0.000145
0.002429
0.000701
0.000641
0.000750
0.021698
0.023168
0.086893
0.237778
0.364301
0.579724
0.610873
0.638916
0.683714
0.724296
0.739893
0.000585
0.001652
0.001640
0.001567
0.001573
0.001771
0.001849
0.000234
0.002258
0.002870
0.005616
0.009616
0.010155
0.015925
0.906360
0.948464
1.053805
1.041971
1.031691
1.014738
1.003686
0.953360
0.860898
0.812736
0.729931
0.633748
0.327315
0.326586
0.004130
0.121658
1.445643
1.590141
1.762967
2.044801
2.259825
2.523821
2.751127
3.036136
3.276681
3.444630
3.498226
3.517871
3.514208
3.499906
3.473350
3.233589
3.183129
3.100736
2.977757
2.690147
2.434436
0.004408
2.043535
1.829414
1.621847
1.378168
1.213514
1.055597
0.909407
0.833322
0.748336
0.615501
0.562872
0.517916
0.075277
0.011168
0.000691
0.000408
0.002119
0.001651
0.008358
0.012187
0.451955
0.444677
0.416065
0.399055
0.374761
0.355063
0.320559
0.011074
0.016320
0.016978
0.008164
0.007806
0.007601
0.007187
0.003331
0.008231
0.019696
0.024652
0.026245
0.026723
0.028297
0.007392
0.007172
0.006970
0.005913
0.006049
0.000239
0.000322
0.005306
0.006025
0.006253
0.006144
0.006139
0.006084
0.006044
0.010327
0.029347
0.074207
0.127058
0.173235
0.235389
0.242133
0.252441
0.252738
0.002805
0.001889
0.000274
0.001457
0.002763
0.015025
0.035902
0.502725
0.569735
0.658392
0.751719
0.883959
0.955850
1.042233
1.130965
0.048418
1.378374
1.493657
0.013501
0.000079
0.000138
0.000205
0.000197
0.000226
0.000229
0.000355
0.000491
0.000894
0.013340
1.929472
2.459175
2.883175
3.246327
3.728454
0.000198
0.000212
0.000561
0.001248
4.392641
0.012598
0.021174
0.023632
0.038118
5.595537
6.129719
6.224372
6.269357
6.299634
6.225178
6.179921
5.931038
5.837005
5.752889
5.346059
4.466934
5.966610
6.393210
6.565382
6.577286
6.214674
6.218641
6.230506
6.229880
6.219246
6.218364
6.209512
6.178851
6.143193
6.105821
6.091722
6.078068
5.963788
5.970409
5.797028
5.715731
5.434145
5.155935
4.523742
4.052366
0.015540
3.639511
3.328727
2.972602
2.780433
2.569675
0.011481
2.398169
2.271190
1.189216
0.597371
0.090691
0.001818
0.001272
0.001013
0.000172
0.000120
0.000088
0.000049
0.000110
0.000148
0.000140
0.000193
0.000089
0.000069
0.038294
1.454629
1.451727
1.444977
1.412069
1.334522
1.255981
1.173470
1.111346
0.922966
0.067127
0.000653
0.000771
0.018463
0.017221
0.015851
0.014069
0.012406
0.011233
0.001290
0.012406
0.012579
0.012357
0.016249
0.000551
0.000574
0.000544
0.000406
0.000434
0.019418
0.578952
0.654828
0.641071
0.125237
0.030572
0.024730
0.023746
0.000784
0.000161
0.000181
0.000075
0.000059
0.000044
0.000025
0.018463
0.019219
0.019766
0.019407
0.027497
0.029271
0.808112
0.841583
0.851407
0.856724
0.863981
0.877340
0.858804
0.822578
0.788560
0.748332
0.718171
0.682772
0.651635
0.503715
0.024025
0.024045
0.024111
0.002557
0.002614
0.002824
0.003371
0.030358
0.030789
0.030537
0.029881
0.029370
0.159534
0.153062
0.150511
0.144884
0.019832
0.017626
0.015970
0.015042
0.014044
0.002423
0.000110
0.000141
0.000097
0.000826
0.000835
0.000804
0.000840
0.000800
0.000750
0.000695
0.000632
0.000682
0.000744
0.000620
0.005184
0.007808
0.007950
0.007359
0.008629
0.008608
0.008973
0.008821
0.008896
0.008957
0.009059
0.009897
0.011575
0.011922
0.008568
0.025014
0.028312
0.024165
0.022807
0.018034
0.014535
0.032686
0.035259
0.037047
0.035885
0.036274
0.036720
0.036819
0.036324
0.033798
0.031222
0.026531
0.014427
0.014734
0.014619
0.014582
0.014670
0.014161
0.008859
0.008758
0.008554
0.006067
0.005992
0.006105
0.006169
0.006071
0.006133
0.006234
0.005908
0.005895
0.005812
0.005974
0.006352
0.007315
0.003049
0.002459
0.003443
0.002726
0.007310
0.021271
0.026974
0.028648
0.029542
0.029641
0.030097
0.003105
0.064553
0.126993
0.342526
0.366043
0.390022
0.385216
0.397044
0.413704
0.435890
0.447561
0.446884
0.447157
0.433848
0.425306
0.415921
0.406150
0.387049
0.368716
0.143266
0.091885
0.027356
0.000139
0.000119
0.000180
0.000061
0.000205
0.001247
0.001258
0.001210
0.001218
0.001474
0.001596
0.014327
0.035136
0.032052
0.031956
0.169300
0.180625
0.184645
0.202941
0.200509
0.003889
0.003274
0.170143
0.169067
0.169323
0.156721
0.146382
0.061246
0.006252
0.006657
0.005089
0.003271
0.003187
0.000256
0.000276
0.003012
0.009279
0.011047
0.014948
0.048586
0.196151
0.228383
0.247751
0.266078
0.272670
0.277084
0.278186
0.306599
0.310395
0.303747
0.089896
0.085837
0.024015
0.002402
0.000494
0.000261
0.000193
0.000175
0.002743
0.002634
0.000184
0.000744
0.040797
0.061965
0.069397
0.088761
0.097002
0.614596
0.662545
0.704246
0.766233
0.818681
0.859632
0.909595
0.981318
0.983465
0.964631
0.938684
0.944501
0.001332
0.000865
0.002399
0.765961
0.913911
0.967508
1.029919
0.005217
0.995098
0.989600
0.910156
0.845968
0.006546
0.006544
0.002495
0.003719
0.011506
0.963979
1.266600
1.634471
1.703814
1.625936
0.013964
0.022360
0.023825
0.007014
0.007625
0.023317
0.026131
0.028987
0.055386
0.114977
2.987217
3.380037
3.773982
4.233966
4.587443
5.030223
5.374488
5.565350
5.661905
5.721448
5.753741
5.759570
5.772306
5.802829
5.807275
5.817146
5.832757
5.844399
5.847990
5.849008
5.853246
5.858804
5.864297
5.864226
5.821036
5.819829
5.818994
5.821682
5.823569
5.816825
5.813211
5.817823
5.819248
5.819011
5.819997
5.815899
5.818153
5.819236
5.889865
5.892704
5.900470
5.902464
5.903023
5.892901
5.894116
5.888655
5.884200
5.881871
5.880037
5.871490
5.857382
0.000987
0.000736
0.000580
0.000531
0.000508
0.000494
0.000466
0.000523
0.000593
0.000660
5.727942
5.793877
5.814751
5.785464
5.800986
5.807849
5.808856
5.807824
5.808499
5.794231
5.785528
5.783039
5.784453
5.784019
5.784284
5.785315
5.791756
5.802656
5.811940
5.814584
5.816423
5.805395
5.800247
5.791506
5.772008
5.551026
5.527493
0.035741
0.002650
0.001872
0.000283
0.000157
0.000050
0.000025
0.000022
0.000007
0.000007
0.000002
0.000002
0.000003
0.000004
0.000001
0.000001
0.000001
0.000001
0.000001
0.000001
0.000007
0.000002
0.000006
0.000004
0.000004
0.000002
0.000007
0.000004
0.000006
0.000004
0.000001
0.000003
0.000002
0.000011
0.000007
0.000017
0.000013
0.006833
0.004131
0.001419
0.000791
0.000383
0.000292
0.000260
0.000008
0.000002
0.000004
0.000003
0.000027
0.000023
0.000012
0.000011
0.000008
0.000008
0.000010
0.000011
0.000031
0.000019
0.000009
0.000011
0.000004
0.000005
0.000008
0.000013
0.000013
0.000012
0.000078
0.000212
0.000021
0.000016
0.000013
0.000006
0.000004
0.000008
0.000021
0.000018
0.000008
0.000059
0.000047
0.000047
0.000042
0.000005
0.000006
0.000009
0.000008
0.000022
0.000030
0.000097
0.000102
0.000076
4.817276
4.817990
4.818862
0.000045
0.000056
0.000001
0.000002
0.000001
0.000002
0.000003
0.000082
0.000001
0.000001
0.000001
0.000001
0.000001
0.000001
0.000001
0.000001
0.000001
0.000003
0.000008
0.000002
0.000015
0.000021
0.000000
0.000000
0.000000
0.000000
0.000000
0.000005
0.000000
0.000002
0.000003
0.000002
0.000003
0.000000
0.000000
0.000000
0.000000
0.000000
0.000000
0.000000
0.000000
0.000000
0.000000
0.000000
0.000000
0.000000
0.000000
0.000000
0.000000
0.000001
0.000000
0.000000
0.000000
0.000000
0.000000
0.000000
0.000000
0.000000
0.000000
0.000000
0.000000
0.000000
0.000000
0.000000
0.000000
0.000000
0.000000
0.000000
0.000000
0.000000
0.000000
0.000000
0.000000
0.000000
0.000001
0.000001
0.000002
0.000221
0.000318
0.000353
0.000400
0.000630
0.000710
0.000001
0.000001
0.000000
0.000000
0.000000
0.000000
0.000000
0.000000
0.000000
0.000000
0.000000
0.000000
0.000000
0.000000
0.000000
0.000000
0.000000
0.000000
0.000000
0.000000
0.000000
0.000000
0.000000
0.000000
0.000000
0.000000
0.000000
0.000000
0.000000
0.000000
0.000000
0.000000
0.000000
0.000000
0.000000
0.000000
0.000000
0.000000
0.000000
0.000000
0.000000
0.000000
0.000000
0.000000
0.000000
0.000000
0.000000
0.000000
0.000000
0.000000
0.000000
0.000000
0.000000
0.000000
0.000000
0.000000
0.000000
0.000000
0.000000
0.000000
0.000000
0.000000
0.000000
0.000000
0.000000
0.000000
0.000000
0.000000
0.000000
0.000000
0.000000
0.000000
0.000000
0.000000
0.000000
4.848781
4.860485
4.883819
4.892126
4.898604
4.901939
0.000000
0.000000
0.000000
0.000000
0.000000
0.000000
0.000000
0.000000
0.000000
0.000000
0.000000
0.000000
0.000000
0.000000
0.000000
0.000000
0.000000
0.000000
0.000000
0.000000
0.000000
0.000000
0.000000
0.000000
0.000000
0.000000
0.000000
0.000000
0.000000
0.000000
0.000000
0.000000
0.000000
0.000000
0.000000
0.000000
0.000000
0.000000
0.000000
0.000000
0.000000
0.000000
0.000000
0.000000
0.000000
0.000000
0.000000
0.000000
0.000000
0.000000
0.000000
0.000000
0.000000
0.000000
0.000000
0.000000
0.000000
0.000000
0.000000
0.000000
0.000000
0.000000
0.000000
0.000000
0.000000
0.000000
0.000000
0.000000
0.000000
0.000000
0.000000
0.000000
0.000000
0.000000
0.000000
0.000000
0.000000
0.000000
0.000000
0.000000
0.000000
0.000000
0.000000
0.000000
0.000000
0.000000
0.000000
0.000000
0.000000
0.000000
0.000000
0.000000
0.000000
0.000000
0.000000
0.000000
0.000000
0.000000
0.000000
0.000000
0.000000
0.000000
0.000000
0.000000
0.000000
0.000000
0.000000
0.000000
0.000000
0.000000
0.000000
0.000000
0.000000
0.000000
0.000000
0.000000
0.000000
0.000000
0.000000
0.000000
0.000000
0.000000
0.000000
0.000000
0.000000
0.000000
0.000000
0.000000
0.000000
0.000000
0.000000
0.000000
0.000000
0.000000
0.000000
0.000000
0.000000
0.000000
0.000000
0.000000
0.000000
0.000000
0.000000
0.000000
0.000000
0.000000
0.000000
0.000000
0.000000
0.000000
0.000000
0.000000
0.000000
0.000000
0.000000
0.000000
0.000000
0.000000
0.000000
0.000000
0.000000
0.000000
0.000000
0.000000
0.000000
0.000000
0.000000
0.000000
0.000000
0.000000
0.000000
0.000000
0.000000
0.000000
0.000000
0.000000
0.000000
0.000000
0.000000
0.000000
0.000000
0.000000
0.000000
0.000000
0.000000
0.000000
0.000000
0.000000
0.000000
0.000000
0.000000
0.000000
0.000000
0.000000
0.000000
0.000000
0.000000
0.000000
0.000000
0.000000
0.000000
0.000000
0.000000
0.000000
0.000000
0.000000
0.000000
0.000000
0.000000
0.000000
0.000000
0.000000
0.000000
0.000000
0.000000
0.000000
0.000000
0.000000
0.000000
0.000000
0.000000
0.000000
0.000000
0.000000
0.000000
0.000000
0.000000
0.000000
0.000000
0.000000
0.000000
0.000000
0.000000
0.000000
0.000000
0.000000
0.000000
0.000000
0.000000
0.000000
0.000000
0.000000
0.000000
0.000000
0.000000
0.000000
0.000000
0.000000
0.000000
0.000000
0.000000
0.000000
0.000000
0.000000
0.000000
0.000000
0.000000
0.000000
0.000000
0.000000
0.000000
0.000000
0.000000
0.000000
0.000000
0.000000
0.000000
0.000000
0.000000
0.000000
0.000000
0.000000
0.000000
0.000000
0.000000
0.000000
0.000000
0.000000
0.000000
0.000000
0.000000
0.000000
0.000000
0.000000
0.000000
0.000000
0.000000
0.000000
0.000000
0.000000
0.000000
0.000000
0.000000
0.000000
0.000000
0.000000
0.000000
0.000000
0.000000
0.000000
0.000000
0.000000
0.000000
0.000000
0.000000
0.000000
0.000000
0.000000
0.000000
0.000000
0.000000
0.000000
0.000000
0.000000
0.000000
0.000000
0.000000
0.000000
0.000000
0.000000
0.000000
0.000000
0.000000
0.000000
0.000000
0.000000
0.000000
0.000000
0.000000
0.000000
0.000000
0.000000
0.000000
0.000000
0.000000
0.000000
0.000000
0.000000
0.000000
0.000000
0.000000
0.000000
0.000000
0.000000
0.000000
0.000000
0.000000
0.000000
0.000000
0.000000
0.000000
0.000000
0.000000
0.000000
0.000000
0.000000
0.000000
0.000000
4.895536
4.884852
4.872804
4.833883
4.650823
4.353941
3.850902
3.469402
0.000000
0.000648
0.000000
0.000000
0.000000
0.000000
0.000000
0.000000
0.000000
0.000000
0.000000
0.000000
0.000000
0.000000
0.000000
0.000000
0.000000
0.000000
0.000000
0.000000
0.000000
0.000000
0.000000
0.000000
0.000000
0.000000
0.000000
0.000000
0.000000
0.000000
0.000000
0.000000
0.000000
0.000000
0.000000
0.000000
0.000000
0.000000
0.000000
0.000000
0.000000
0.000000
0.000000
0.000000
0.000000
0.000000
0.000000
0.000000
0.000000
0.000000
0.000000
0.000000
0.000000
0.000000
0.000000
0.000000
0.000000
0.000000
0.000000
0.000000
0.000000
0.000000
0.000000
0.000000
0.000000
0.000000
0.000000
0.000000
0.000000
0.000000
0.000000
0.000000
0.000000
0.000000
0.000000
0.000000
0.000000
0.000000
0.000000
0.000000
0.000000
0.000000
0.000000
0.000000
0.000000
0.000000
0.000000
0.000000
0.000000
0.000000
0.000000
0.000000
0.000000
0.000000
0.000000
0.000000
0.000000
0.000000
0.000000
0.000000
0.000000
0.000000
0.000000
0.000000
0.000000
0.000000
0.000000
0.000000
0.000000
0.000000
0.000000
0.000000
0.000000
0.000000
0.000000
0.000000
0.000000
0.000000
0.000000
0.000000
0.000000
0.000000
0.000000
0.000000
0.000000
0.000000
0.000000
0.000000
0.000000
0.000000
0.000000
0.000000
0.000000
0.000000
0.000000
0.001420
0.000765
0.000321
0.000299
0.000000
0.000000
0.000000
0.000000
0.000000
0.000000
0.000000
0.000000
0.000000
0.000000
0.000000
0.000000
0.000000
0.000000
0.000000
0.000000
0.000000
0.000000
0.000000
0.000000
0.000000
0.000000
0.000000
0.000000
0.000000
0.000000
0.000000
0.000000
0.000000
0.000000
0.000000
0.000000
0.000000
0.000000
0.000000
0.000000
0.000000
0.000000
0.000000
0.000000
0.000000
0.000000
0.000000
0.000000
0.000000
0.000000
0.000000
0.000000
0.000000
0.001859
0.004042
0.003282
0.002885
0.002689
0.000000
0.000000
0.000000
0.000000
0.000000
0.000000
0.000000
0.000000
0.000000
0.000000
0.000000
0.000000
0.000000
0.000000
0.000000
0.000000
0.000000
0.000000
0.000000
0.000000
0.000000
0.000000
0.000000
0.000000
0.000000
0.000000
0.000000
0.000000
0.000000
0.000000
0.000000
0.000000
0.000000
0.000000
0.000209
0.000181
0.000233
0.000268
0.000396
0.000000
0.000000
0.000000
0.000000
0.000000
0.000000
0.000000
0.000000
0.000000
0.000000
0.000000
0.000000
0.000000
0.000000
0.000000
0.000000
0.000002
0.000000
0.000000
0.000000
0.000739
3.223942
2.868896
2.525865
0.007556
0.000000
0.000000
0.000000
0.000000
0.000000
0.000000
0.000000
0.000000
0.000000
0.000000
0.000000
0.000000
0.007387
0.005570
2.229088
1.875864
1.670384
1.286804
0.912793
0.098782
0.025218
0.003461
0.000037
0.000019
0.000008
0.000004
0.000002
0.000001
0.000001
0.000001
0.000001
0.000002
0.000006
0.000010
0.000553
