0.000000
0.000013
0.000014
0.001057
0.001179
0.002496
0.008596
0.304399
0.125098
0.112885
0.076169
0.044750
0.035580
0.026395
0.009501
0.006701
0.006652
0.002437
0.001115
0.001089
0.001086
0.001190
0.001480
0.001504
0.003939
0.004948
0.008250
0.009083
0.020698
0.021446
0.023327
0.071041
0.075406
0.000012
0.000014
0.000011
0.000009
0.000012
0.000036
0.000076
0.000021
0.000014
0.000019
0.000034
0.001889
0.002879
0.106365
0.116311
0.120702
0.122998
0.124117
0.127947
0.139561
0.135947
0.143862
0.138240
0.134095
0.126353
0.122473
0.121430
0.079574
0.013681
0.013794
0.014065
0.013831
0.013198
0.004041
0.014329
0.020952
0.004017
0.003267
0.007116
0.011473
0.012552
0.014726
0.015038
0.015274
0.000318
0.000258
0.050789
0.066345
0.100580
0.117399
0.123995
0.133335
0.168480
0.000618
0.000751
0.001133
0.001410
0.001455
0.000024
0.000024
0.000015
0.000023
0.000045
0.000082
0.000142
0.000263
0.013537
0.593902
0.773448
0.876904
1.033416
1.649920
2.325637
2.633267
3.114682
3.434110
3.842757
4.072440
4.327072
4.467959
4.732416
4.922331
4.971529
5.019930
5.097550
5.166549
5.220962
5.287266
0.006012
0.004354
0.006645
5.404494
5.477999
5.506214
5.540540
5.598379
5.680955
5.717885
5.748043
5.636890
5.739331
5.932965
6.078263
6.288272
6.302705
6.283250
6.262048
6.250256
6.246674
6.221764
6.197114
6.175924
6.060756
6.061751
6.329283
6.406607
6.485897
6.527716
6.527118
6.529148
6.506226
6.451349
6.093274
5.859235
5.976167
6.054986
6.111749
6.179133
6.280225
6.345536
6.177304
6.219058
6.248900
6.267460
6.547017
6.543905
6.541434
6.306199
6.305043
6.304818
6.304787
6.399059
6.398145
6.395752
6.486572
6.489105
6.491489
6.494237
6.731862
6.732959
6.733752
6.737871
6.740896
6.738254
6.737055
6.738014
6.739896
6.741832
6.743083
6.743100
6.743026
6.742254
6.740378
6.739693
6.735807
6.720129
6.672340
6.540234
6.524451
6.509400
6.495242
6.504231
6.479547
6.628724
6.657033
6.670924
6.686712
6.686909
6.685082
6.797949
6.809125
6.744333
6.743498
6.743077
6.742918
6.742935
6.744271
6.743424
6.743113
6.743539
6.742868
6.742807
6.742735
6.740358
6.730651
6.613670
6.459140
6.463075
6.464082
6.737041
6.755607
6.971831
7.010281
7.011071
6.987657
7.195380
7.206545
7.233993
7.261209
7.280466
7.303995
7.306195
7.310917
7.318235
7.323783
7.328733
7.332125
7.332998
7.329823
7.327832
7.325003
7.325676
7.328184
7.330134
7.342967
7.344175
7.343851
7.343624
7.343454
7.343330
7.343196
7.340850
7.337673
7.320814
7.264133
7.073821
0.004501
0.001227
0.000537
0.000250
0.000114
0.000053
0.000025
0.000016
0.000011
0.000010
0.000004
0.000003
0.000003
0.000002
0.000002
0.000002
0.000004
0.000004
0.000005
0.000007
0.000009
0.000017
0.000073
0.000114
0.000242
0.000374
6.949685
7.049955
7.076329
7.158041
7.169370
7.177159
7.181374
7.181820
7.181468
7.181318
7.181691
7.181891
7.181119
7.214444
7.185855
7.127424
7.055783
6.938136
6.850020
6.787423
6.449751
0.008229
0.006775
0.006373
0.005985
6.082436
5.749742
5.415461
5.166751
0.026514
0.259527
2.566159
2.882433
2.946595
2.748748
2.807508
0.006440
0.006964
0.000255
0.000207
0.000300
0.000306
0.008057
0.024568
0.031550
4.349503
4.957016
5.646193
6.099195
6.380191
6.709538
7.067240
7.402490
7.530346
7.621337
7.659111
7.931229
7.931231
7.925372
7.882609
7.641774
7.627561
7.634664
7.648219
7.650992
7.653005
7.883189
8.250191
8.299655
8.309546
8.309953
8.313179
8.316989
8.318556
8.317972
8.320427
8.324768
8.327374
8.328319
8.328391
8.326715
8.325764
8.323854
8.320579
8.321341
8.317695
8.302301
8.280039
8.260375
8.253566
0.000001
0.000001
0.000000
0.000000
0.000000
0.000000
0.000000
0.000000
0.000000
0.000000
0.000000
0.000000
0.000000
0.000000
0.000000
0.000000
0.000000
0.000000
0.000000
8.194162
8.163249
8.152204
8.131442
8.114554
8.089277
8.070671
8.062173
8.056426
8.054329
8.042307
8.008463
7.995540
7.992169
7.985682
7.979731
7.965658
7.954214
7.934685
7.911417
7.883992
7.844750
7.806132
0.015771
0.019293
7.992113
8.007153
0.007441
0.006868
0.000103
0.000025
0.000014
0.000007
0.000005
0.000004
0.000003
0.000002
0.000001
0.000000
0.000001
0.000002
0.000001
0.000001
0.000001
0.000001
0.000001
0.000002
0.000004
0.000004
0.000004
0.000005
0.000006
0.000016
0.000023
0.000096
7.829782
7.884170
7.913084
7.928656
7.935537
7.947815
7.956171
7.874670
0.114700
7.670058
7.803673
7.851857
7.892346
7.929459
7.979139
7.991062
8.005656
8.017933
8.210836
8.222109
8.221658
0.001175
0.000920
0.000751
0.000153
0.000130
0.000117
0.000037
0.000064
0.000021
0.000020
0.000064
0.000081
0.000024
0.000091
0.000077
0.000094
0.000051
0.000061
0.000060
0.000098
0.000560
0.000735
0.005002
0.010907
8.341387
8.455232
0.000607
0.000448
0.000384
0.000327
0.000314
0.000319
0.000343
0.000367
0.000415
0.004171
0.004462
8.399370
8.590261
8.657708
8.669185
8.671909
8.672974
8.673729
8.673898
8.673897
8.673900
8.673915
8.673901
8.673275
8.672670
8.673592
8.673282
8.673536
8.673673
8.673720
8.673703
8.673765
8.673817
8.673332
8.673247
8.673664
8.673543
8.672478
8.670833
8.670422
8.671164
8.672818
8.673207
8.673342
8.673118
8.673162
8.673796
8.673793
8.673146
8.673189
8.673826
8.673609
8.673709
0.000608
8.672880
8.672496
8.671610
8.671654
8.672247
8.672884
8.673728
8.673672
8.673781
8.673853
8.673883
8.674497
8.673867
8.674615
8.674411
8.673465
8.671996
8.661185
8.648373
8.663069
8.570113
8.440005
8.276815
8.169009
7.966040
7.683455
7.265395
6.839022
6.497442
6.174070
0.726816
7.044343
7.362203
7.527772
0.025841
0.027364
0.030257
0.032170
7.605283
7.592041
7.533663
7.232193
7.178549
7.112835
6.764070
6.337599
6.100283
0.195814
0.003954
0.004775
0.005572
0.006320
0.008857
6.643145
6.593998
6.544913
6.185235
5.928847
0.034956
0.030911
0.052372
0.133872
5.220798
5.203727
5.091550
0.004102
0.006433
0.003136
0.002829
0.002775
0.002715
0.003551
0.003535
0.003343
0.003626
0.003743
0.005072
5.084524
5.067701
4.923643
4.111854
4.817667
4.978226
5.011011
0.043416
0.000433
0.000126
0.000089
0.000055
0.000037
0.000027
0.000029
0.000033
0.000029
0.000031
0.000036
0.000037
0.000041
0.000077
0.000050
0.000366
0.000302
0.000144
0.000163
0.000022
0.000019
0.000021
0.000032
0.000009
0.000018
0.000017
0.000020
0.000096
0.000040
0.000040
0.000028
0.000057
0.000037
0.000100
0.000059
0.000103
0.000051
0.000035
0.000051
0.000106
0.000045
0.000021
0.000023
0.000032
0.000028
0.000046
0.000040
0.000033
0.000033
0.000092
0.000218
0.000345
0.000463
0.000461
0.000697
0.096285
5.860418
6.328788
6.836441
7.065836
7.322774
7.605270
7.750805
7.985300
0.000126
0.000089
0.000021
0.000014
0.000007
0.000002
0.000001
0.000001
0.000000
0.000000
0.000000
0.000000
0.000000
0.000000
0.000000
0.000000
0.000000
0.000000
0.000000
0.000000
0.000000
0.000000
0.000000
0.000000
0.000000
0.000000
0.000000
0.000000
0.000000
0.000001
0.000000
0.000000
0.000000
0.000000
0.000000
0.000000
0.000002
0.000001
0.000000
0.000000
0.000000
0.000000
0.000000
0.000000
0.000000
0.000001
0.000001
0.000001
0.000001
0.000001
0.000000
0.000000
0.000000
0.000000
0.000001
0.000000
0.000000
0.000000
0.000000
0.000000
0.000000
0.000000
0.000000
0.000000
0.000000
0.000000
0.000000
0.000000
0.000000
0.000000
0.000000
0.000000
0.000000
0.000000
0.000000
0.000000
0.000001
0.000000
0.000001
0.000000
0.000000
0.000000
0.000001
0.000000
0.000000
0.000000
0.000000
0.000000
0.000000
0.000000
0.000001
0.000001
0.000000
0.000000
0.000001
0.000001
0.000000
0.000000
0.000003
0.000002
0.000001
0.000000
0.000000
0.000000
0.000000
0.000001
0.000001
0.000001
0.000000
0.000000
0.000000
0.000000
0.000000
0.000001
0.000001
0.000000
0.000000
0.000003
0.000002
0.000001
0.000001
0.000000
0.000000
0.000001
0.000001
0.000001
0.000001
0.000000
0.000000
0.000001
0.000001
0.000001
0.000000
0.000000
0.000000
0.000000
0.000000
0.000000
0.000000
0.000000
0.000000
0.000000
0.000000
0.000001
0.000001
0.000001
0.000003
0.000001
0.000001
0.000001
0.000001
0.000001
0.000000
0.000000
0.000001
0.000001
0.000000
0.000000
0.000001
0.000000
0.000000
0.000000
0.000000
0.000000
0.000000
0.000000
0.000001
0.000000
0.000001
0.000008
0.000002
0.000001
0.000002
0.000001
0.000001
0.000001
0.000001
0.000001
0.000000
0.000001
0.000002
0.000001
0.000001
0.000000
0.000000
0.000000
0.000000
0.000000
0.000001
0.000001
0.000000
0.000000
0.000000
0.000000
0.000000
0.000000
0.000000
0.000000
0.000000
0.000000
0.000000
0.000000
0.000000
0.000000
0.000000
0.000001
0.000002
0.000001
0.000000
0.000001
0.000001
0.000001
0.000001
0.000001
0.000001
0.000000
0.000001
0.000000
0.000000
0.000001
0.000001
0.000000
0.000001
0.000001
0.000000
0.000000
0.000000
0.000001
0.000000
0.000000
0.000000
0.000001
0.000001
0.000001
0.000001
0.000000
0.000000
0.000001
0.000001
0.000001
0.000001
0.000001
0.000001
0.000001
0.000001
0.000002
0.000001
0.000001
0.000001
0.000000
0.000000
0.000000
0.000001
0.000001
0.000000
0.000001
0.000002
0.000001
0.000001
0.000001
0.000001
0.000001
0.000000
0.000001
0.000000
0.000000
0.000000
0.000000
0.000000
0.000000
0.000001
0.000001
0.000000
0.000000
0.000000
0.000000
0.000000
0.000000
0.000000
0.000000
0.000000
0.000000
0.000002
0.000001
0.000000
0.000000
0.000001
0.000001
0.000000
0.000001
0.000001
0.000000
0.000000
0.000001
0.000003
0.000004
0.000001
0.000001
0.000001
0.000001
0.000002
0.000000
0.000000
0.000000
0.000000
0.000001
0.000001
0.000000
0.000000
0.000000
0.000001
0.000001
0.000001
0.000001
0.000000
0.000000
0.000000
0.000000
0.000001
0.000001
0.000001
0.000001
0.000001
0.000001
0.000001
0.000000
0.000000
0.000002
0.000000
0.000000
0.000001
0.000000
0.000000
0.000001
0.000001
0.000001
0.000000
0.000001
0.000000
0.000000
0.000000
0.000000
0.000000
0.000001
0.000001
0.000002
0.000001
0.000001
0.000000
0.000001
0.000003
0.000002
0.000001
0.000001
0.000001
0.000000
0.000000
0.000001
0.000001
0.000000
0.000000
0.000001
0.000000
0.000001
0.000000
0.000001
0.000000
0.000000
0.000001
0.000000
0.000000
0.000000
0.000001
0.000001
0.000000
0.000001
0.000001
0.000001
0.000001
0.000001
0.000001
0.000001
0.000001
0.000001
0.000001
0.000000
0.000000
0.000002
0.000001
0.000001
0.000003
0.000001
0.000001
0.000000
0.000001
0.000002
0.000002
0.000001
0.000000
0.000000
0.000000
0.000001
0.000001
0.000000
0.000000
0.000001
0.000000
0.000000
0.000001
0.000001
0.000001
0.000001
0.000002
0.000002
0.000001
0.000001
0.000003
0.000001
0.000001
0.000001
0.000000
0.000001
0.000001
0.000001
0.000001
0.000001
0.000001
0.000002
0.000001
0.000001
0.000001
0.000001
0.000001
0.000001
0.000001
0.000001
0.000001
0.000009
0.000005
0.000001
0.000001
0.000005
0.000006
0.000003
0.000003
0.000001
0.000001
0.000001
0.000001
0.000002
0.000002
0.000002
0.000001
0.000000
0.000000
0.000000
0.000001
0.000001
0.000001
0.000001
0.000000
0.000000
0.000000
0.000000
0.000000
0.000000
0.000000
0.000000
0.000000
0.000001
0.000001
0.000001
0.000001
0.000001
0.000002
0.000003
0.000007
0.000003
0.000001
0.000003
0.000005
0.000002
0.000001
0.000001
0.000001
0.000001
0.000001
0.000001
0.000001
0.000001
0.000001
0.000001
0.000001
0.000000
0.000000
0.000001
0.000001
0.000001
0.000001
0.000001
0.000001
0.000002
0.000001
0.000000
0.000001
0.000001
0.000001
0.000000
0.000000
0.000001
0.000002
0.000001
0.000001
0.000008
0.000005
0.000005
0.000003
0.000002
0.000002
0.000003
0.000002
0.000000
0.000001
0.000002
0.000001
0.000002
0.000002
0.000001
0.000001
0.000002
0.000001
0.000001
0.000001
0.000002
0.000002
0.000001
0.000001
0.000001
0.000001
0.000003
0.000002
0.000001
0.000002
0.000001
0.000003
0.000001
0.000001
0.000002
0.000002
0.000001
0.000002
0.000003
0.000003
0.000001
0.000001
0.000001
0.000001
0.000000
0.000001
0.000001
0.000002
0.000001
0.000001
0.000002
0.000002
0.000002
0.000004
0.000008
0.000003
0.000001
0.000002
0.000002
0.000003
0.000002
0.000001
0.000003
0.000003
0.000001
0.000001
0.000009
0.000002
0.000002
0.000001
0.000001
0.000001
0.000001
0.000001
0.000001
0.000001
0.000008
0.000006
0.000001
0.000001
0.000008
0.000003
0.000001
0.000001
0.000001
0.000001
0.000002
0.000001
0.000001
0.000002
0.000002
0.000001
0.000001
0.000002
0.000001
0.000001
0.000001
0.000003
0.000001
0.000003
0.000002
0.000001
0.000002
0.000018
0.000003
0.000002
0.000005
0.000003
0.000002
0.000003
0.000006
0.000001
0.000001
0.000001
0.000002
0.000002
0.000002
0.000001
0.000001
0.000003
0.000002
0.000001
0.000001
0.000002
0.000001
0.000001
0.000001
0.000001
0.000001
0.000001
0.000010
0.000003
0.000002
0.000004
0.000004
0.000006
0.000001
0.000001
0.000002
0.000002
0.000002
0.000003
0.000005
0.000002
0.000001
0.000001
0.000003
0.000002
0.000002
0.000005
0.000003
0.000003
0.000002
0.000002
0.000001
0.000003
0.000001
0.000001
0.000001
0.000002
0.000001
0.000004
0.000002
0.000003
0.000001
0.000001
0.000001
0.000001
0.000001
0.000001
0.000001
0.000002
0.000008
0.000002
0.000002
0.000003
0.000007
0.000005
0.000001
0.000001
0.000003
0.000002
0.000001
0.000003
0.000003
0.000001
0.000002
0.000005
0.000004
0.000003
0.000002
0.000002
0.000002
0.000002
0.000002
0.000003
0.000002
0.000004
0.000003
0.000002
0.000004
0.000005
0.000005
0.000004
0.000007
0.000007
0.000002
0.000001
0.000003
0.000003
0.000002
0.000002
0.000002
0.000001
0.000001
0.000005
0.000004
0.000002
0.000001
0.000004
0.000004
0.000003
0.000005
0.000002
0.000002
0.000003
0.000004
0.000002
0.000001
0.000002
0.000005
0.000003
0.000001
0.000003
0.000002
0.000002
0.000001
0.000001
0.000001
0.000002
0.000002
0.000002
0.000003
0.000001
0.000001
0.000002
0.000002
0.000002
0.000001
0.000003
0.000004
0.000002
0.000001
0.000002
0.000003
0.000002
0.000004
0.000003
0.000001
0.000002
0.000003
0.000003
0.000004
0.000003
0.000004
0.000004
0.000004
0.000005
0.000008
0.000001
0.000002
0.000002
0.000001
0.000002
0.000006
0.000004
0.000004
0.000003
0.000002
0.000002
0.000002
0.000002
0.000001
0.000001
0.000002
0.000005
0.000002
0.000003
0.000005
0.000003
0.000002
0.000008
0.000004
0.000002
0.000003
0.000002
0.000002
0.000005
0.000006
0.000002
0.000002
0.000010
0.000009
0.000003
0.000003
0.000003
0.000002
0.000002
0.000006
0.000003
0.000003
0.000001
0.000002
0.000004
0.000004
0.000008
0.000002
0.000002
0.000013
0.000004
0.000003
0.000005
0.000008
0.000004
0.000002
0.000001
0.000001
0.000002
0.000002
0.000003
0.000004
0.000004
0.000003
0.000003
0.000011
0.000002
0.000001
0.000001
0.000005
0.000004
0.000002
0.000001
0.000001
0.000002
0.000001
0.000001
0.000001
0.000003
0.000003
0.000002
0.000001
0.000002
0.000003
0.000005
0.000002
0.000001
0.000002
0.000002
0.000002
0.000004
0.000003
0.000004
0.000003
0.000003
0.000008
0.000010
0.000003
0.000002
0.000004
0.000002
0.000003
0.000002
0.000003
0.000004
0.000002
0.000002
0.000001
0.000001
0.000003
0.000003
0.000006
0.000003
0.000007
0.000005
0.000003
0.000004
0.000005
0.000003
0.000003
0.000004
0.000003
0.000003
0.000002
0.000002
0.000001
0.000005
0.000006
0.000005
0.000005
0.000013
0.000006
0.000003
0.000001
0.000003
0.000004
0.000003
0.000001
0.000001
0.000002
0.000001
0.000001
0.000001
0.000001
0.000001
0.000001
0.000009
0.000009
0.000003
0.000003
0.000013
0.000004
0.000003
0.000034
0.000023
0.000007
0.000004
0.000000
0.000000
0.000015
0.000006
0.000006
0.000003
0.000002
0.000001
0.000005
0.000003
0.000003
0.000003
0.000001
0.000002
0.000002
0.000003
0.000005
0.000009
0.000001
0.000001
0.000001
0.000006
0.000002
0.000002
0.000004
0.000004
0.000002
0.000001
0.000001
0.000007
0.000006
0.000003
0.000002
0.000002
0.000009
0.000006
0.000003
0.000002
0.000002
0.000001
0.000001
0.000003
0.000003
0.000003
0.000003
0.000007
0.000002
0.000002
0.000003
0.000011
0.000008
0.000031
0.000009
0.000006
0.000004
0.000002
0.000002
0.000003
0.000004
0.000004
0.000001
0.000002
0.000002
0.000003
0.000004
0.000005
0.000004
0.000002
0.000006
0.000004
0.000004
0.000005
0.000006
0.000005
0.000003
0.000001
0.000003
0.000008
0.000008
0.000006
0.000006
0.000006
0.000005
0.000004
0.000003
0.000004
0.000003
0.000006
0.000008
0.000008
0.000003
0.000003
0.000003
0.000004
0.000007
0.000010
0.000004
0.000003
0.000005
0.000008
0.000013
0.000005
0.000004
0.000039
0.000015
0.000005
0.000010
0.000011
0.000006
0.000008
0.000008
0.000007
0.000029
0.000025
0.000010
0.000006
0.000017
0.000007
0.000005
0.000005
0.000005
0.000004
0.000005
0.000008
0.000009
0.000008
0.000009
0.000022
0.000018
0.000005
0.000009
0.000014
0.000011
0.000010
0.000012
0.000006
0.000005
0.000008
0.000010
0.000004
0.000004
0.000005
0.000006
0.000003
0.000005
0.000026
0.000008
0.000003
0.000005
0.000006
0.000008
0.000010
0.000020
0.000032
0.000343
0.001310
0.001428
0.003282
0.008521
8.309546
8.559496
8.676976
8.821934
8.920022
8.928413
8.923116
8.897800
8.848078
8.800974
8.576183
0.283380
8.489093
8.612897
8.722004
9.068926
9.118151
9.208173
9.213184
9.215612
9.211414
9.186732
0.019201
0.005282
0.000984
0.000478
0.000346
0.000120
0.000036
0.000016
0.000010
0.000004
0.000003
0.000002
0.000001
0.000001
0.000001
0.000001
0.000001
0.000001
0.000001
0.000001
0.000001
0.000001
0.000002
0.000002
0.000002
0.000002
0.000002
0.000003
0.000004
8.913034
8.906202
8.880311
8.834856
8.751891
8.523138
8.502514
8.478139
8.466316
8.406295
8.264362
8.008636
0.084436
7.151812
6.437991
6.417664
7.371680
7.862533
8.049944
8.282446
8.561607
8.818053
8.857715
8.881690
8.901704
8.906748
8.912047
8.913593
8.911521
8.910416
8.909440
8.909178
8.910138
8.907188
8.889145
8.836567
8.690692
8.043251
7.669913
6.719906
5.793616
4.903454
2.726671
2.057085
1.684839
0.405694
0.055139
0.002618
0.002163
0.002158
0.000000
0.000000
0.000000
0.000000
0.000000
0.000000
0.000000
0.000000
0.000000
0.000000
0.000000
0.000000
0.000000
0.000000
0.000000
0.000000
0.000000
0.000000
0.000000
0.000000
0.000000
0.000000
0.000000
0.000000
0.000000
0.000000
0.000000
0.000000
0.000000
0.000000
0.000214
0.000201
0.000339
0.000300
0.000000
0.000000
0.000000
0.000000
0.000000
0.000000
0.000000
0.000000
0.000000
0.000000
0.000000
0.000000
0.000000
0.000000
0.000000
0.000000
0.000000
0.000000
0.000000
0.000000
0.000000
0.000000
0.000000
0.001781
0.002425
0.002783
0.422983
0.478761
0.938123
1.459538
2.830956
4.807732
5.499851
6.318099
7.223579
7.995496
8.201673
8.363909
8.628752
8.759277
8.764063
8.749825
8.742864
9.003655
9.006738
8.992781
8.934782
8.875283
8.825835
8.233935
7.634468
7.017582
6.372255
0.147313
0.134980
0.814237
4.375714
4.670422
5.028243
5.620486
5.998270
6.445703
7.013417
7.420817
7.491522
7.504941
7.527379
7.579358
7.615603
7.672569
7.721810
7.794911
7.819117
7.886679
7.966922
8.097321
8.212155
8.337433
8.472848
8.578063
8.665528
8.773670
8.911170
8.938262
8.919864
0.016292
0.015987
0.015879
0.015697
0.017289
8.442455
0.014138
0.008766
0.007853
0.006126
0.000165
0.000101
0.000036
0.000017
0.000009
0.000003
0.000002
0.000002
0.000002
0.000001
0.000003
0.000003
0.000003
0.000403
0.000519
0.000520
0.000559
0.000669
0.000848
0.001178
0.001437
0.002516
0.002585
0.000279
0.000334
0.000513
0.000518
0.006251
0.009582
8.378390
8.504298
8.651658
8.716271
8.703645
8.736537
8.678860
8.632854
0.012817
0.011348
0.006599
0.006180
0.006731
0.009292
0.012247
8.645504
8.608586
0.115208
0.116203
8.764060
8.992724
9.038259
9.088958
9.107767
0.017097
0.023884
0.071243
9.398008
9.412203
9.425142
9.431039
9.434661
9.437483
9.445838
9.442919
9.442804
9.445291
9.441277
9.440234
9.440639
9.435296
9.433091
9.434424
9.434476
9.424950
9.420960
9.421318
9.412286
9.411203
9.415858
9.426074
9.436559
9.436751
9.440604
9.442173
9.446825
9.447754
9.448467
9.448588
9.448012
9.443463
9.439628
9.437726
9.438624
9.435686
9.428164
9.424488
9.415343
9.372327
9.299536
9.203412
9.107613
9.028895
8.673078
7.820414
7.004086
0.001305
0.000458
0.000438
0.001143
0.000796
0.000203
0.000067
0.000048
0.000039
0.000079
0.000069
0.000092
0.000082
0.003342
0.027123
0.767767
5.997346
6.283557
6.649210
7.178853
7.946658
8.449887
8.610599
0.000136
0.000058
0.000028
0.000017
0.000010
0.000006
0.000004
0.000007
0.000004
0.000004
0.000004
0.000002
0.000002
0.000009
0.000012
0.000022
0.000042
0.000123
0.000005
0.000021
0.000016
0.000002
0.000001
0.000005
0.000007
0.000004
0.000003
0.000001
0.000001
0.000001
0.000001
0.000001
0.000002
0.000002
0.000003
0.000003
0.000001
0.000001
0.000004
0.000002
0.000001
0.000002
0.000004
0.000013
0.000023
0.000040
0.000050
0.000310
0.000404
0.000545
0.000753
8.515853
8.538704
8.572036
8.753240
8.740479
8.614466
8.451264
8.135338
7.832289
0.105883
0.099984
0.012825
0.032029
7.891810
8.084816
8.186269
8.172963
8.245677
8.301411
8.424833
8.428082
0.001902
0.000717
0.000570
0.000174
0.000091
0.000971
0.000574
0.000443
0.000522
0.000580
0.000456
0.000698
0.000781
0.001090
0.001396
0.001782
0.003598
0.004396
0.004912
0.006006
0.009423
8.650424
8.808370
8.800749
8.956823
9.004149
8.996252
8.988024
8.920975
8.867794
8.835256
8.816516
8.803399
8.789634
8.776403
8.770497
8.766474
8.759093
8.744294
8.714452
8.681819
8.646103
8.612105
8.584387
8.575724
8.573769
8.572785
8.561801
8.547945
8.529715
8.492460
8.457155
8.430118
8.396419
8.390592
8.377181
8.366958
8.347805
8.317326
8.300130
8.291798
8.286528
8.209087
8.210618
8.210851
8.210567
8.210339
8.209575
8.207212
8.522837
8.151363
7.639490
7.386883
8.415052
8.586681
8.606557
8.608359
8.608371
8.608599
8.609453
8.609569
8.609339
8.610645
8.741172
8.744766
8.750509
8.761278
8.769682
8.769208
8.768454
8.744265
8.717541
8.695977
8.638992
8.471892
0.033920
0.001206
0.000356
0.000174
0.009830
0.006261
0.001350
0.001169
0.000675
0.000390
0.000356
0.000351
0.000388
0.000549
0.001218
0.002139
0.005284
0.000002
0.000002
0.000007
0.000020
0.000043
0.000028
0.000017
0.000013
0.000026
0.000035
0.000027
0.000054
0.009053
8.242935
8.361514
8.397072
8.406254
8.411618
8.403624
8.398354
8.391243
8.234159
8.236207
8.240693
8.247007
8.308334
8.337082
8.340232
8.336635
8.323425
8.290580
7.996671
7.994954
7.988358
7.978101
7.961576
0.006782
0.005464
0.005149
0.005139
0.000000
0.010334
0.011052
0.031867
0.000000
8.304541
8.372857
8.394859
8.404910
8.407213
8.406264
8.402823
8.388978
8.379114
8.373514
8.372436
8.367036
8.252819
8.249587
8.250660
8.468319
8.565185
8.588930
8.600216
8.615534
8.609172
8.346739
8.350977
8.355648
8.363528
8.369655
8.371493
8.365405
8.296226
8.282989
8.282853
8.283166
8.283349
8.283352
8.283378
8.283189
8.277632
8.250631
0.010752
0.003796
0.000626
0.000309
0.000171
0.000055
0.000020
0.000012
0.000007
0.000005
0.000003
0.000002
0.000003
0.000001
0.000001
0.000001
0.000001
0.000001
0.000002
0.000002
0.000003
0.000004
0.000008
0.000011
0.000022
0.000034
0.000074
0.000192
0.000567
8.108175
8.267430
8.289409
0.004543
8.304818
8.310748
8.312665
8.310518
8.304277
8.298808
8.294978
8.291286
8.270376
8.270878
8.274373
8.280502
8.280922
8.279456
8.271122
8.264805
8.263051
8.263411
8.263778
8.265094
8.264373
8.259096
8.250243
8.246436
8.249185
8.247979
8.249812
8.257379
8.261355
8.253057
8.251621
8.254080
8.253626
8.252049
8.256075
8.264233
8.268539
8.273692
8.280605
8.279903
8.272695
8.267629
8.261292
8.240954
0.155072
8.052716
8.032793
8.008652
7.817517
7.422383
0.403199
7.707711
7.723217
7.690785
0.120094
7.914899
7.990379
8.008147
8.030635
8.037782
8.030460
8.024563
7.962701
7.965953
7.967453
7.968753
7.969817
7.971690
7.971675
7.970747
7.970928
7.971147
7.970878
7.968667
7.966581
7.964743
7.937167
7.936022
7.935988
7.944204
7.944062
7.942486
7.941591
7.942203
7.942427
7.941082
7.934772
7.933754
7.932317
7.926500
7.918230
7.913409
7.904944
7.686721
7.679421
7.315234
7.315578
7.315110
7.316271
7.316975
7.315481
7.312257
7.312719
7.317764
7.343734
7.348723
7.352777
7.357764
7.355819
7.352433
7.354503
7.356324
7.358458
7.358117
7.355948
7.315075
7.318072
7.319371
7.333305
7.336554
7.338070
7.339194
7.338657
7.338098
7.336437
7.334477
7.330736
7.328225
7.327442
7.328480
7.318340
7.304122
7.298544
7.298215
7.296625
7.298736
7.310158
7.307105
7.310095
7.312113
7.313048
7.306986
7.303101
7.300352
7.295145
7.269973
7.073308
6.853411
0.005197
0.003739
0.003391
0.002876
0.001807
0.000370
0.000171
0.000047
0.000032
0.000027
0.000040
0.000069
0.000081
0.000030
0.000022
0.000092
0.000304
0.000258
6.593710
5.951830
5.443801
4.961762
4.593947
3.980745
3.498116
3.147795
0.001176
2.776352
2.556758
2.303845
2.103179
1.919199
1.773734
1.401549
0.021422
0.002585
0.002465
0.000840
0.008067
0.031945
0.129801
1.025075
1.016574
0.951164
0.023821
0.029759
0.036406
0.043555
0.063028
0.064972
0.005598
0.004941
1.673153
1.774831
1.843569
0.212891
0.023451
0.014891
0.002327
0.000237
0.000007
0.000003
0.000005
0.000002
0.000002
0.000002
0.000001
0.000001
0.000001
0.000005
0.000027
0.000025
0.000005
0.000013
0.000002
0.000001
0.000001
0.000044
0.000003
0.000003
0.000011
0.000008
0.000006
0.000002
0.000003
0.000001
0.000001
0.000017
0.000002
0.000008
0.000028
0.000123
0.000109
0.000107
0.000112
0.000103
0.000085
0.000072
0.000060
0.000052
0.000053
0.000079
0.000060
0.000046
0.000047
0.000083
0.000117
0.000136
0.000149
0.000020
0.000019
0.000020
0.000018
0.000019
0.000063
0.000039
0.000023
0.000033
0.000005
0.048111
0.049543
0.000212
0.000002
0.000003
0.000003
0.000000
0.000001
0.000000
0.000000
0.000000
0.000000
0.000000
0.000000
0.000000
0.000000
0.000000
0.000000
0.000000
0.000000
0.000000
0.000000
0.000000
0.000000
0.000000
0.000000
0.000000
0.000000
0.000000
0.000000
0.000000
0.000000
0.000004
0.000005
0.000010
0.000013
0.000017
0.000023
0.000042
0.000047
0.000049
0.000051
0.000051
0.000051
0.000050
0.000049
0.000048
0.000045
0.000001
0.000000
0.000000
0.000000
0.000000
0.000000
0.000000
0.000000
0.000000
0.000000
0.000000
0.000000
0.000000
0.000000
0.000000
0.000000
0.000000
0.000000
0.000005
