0.009809
0.001641
0.000854
0.000377
0.000231
0.000226
0.000004
0.000003
0.000004
0.000004
0.000012
0.000834
0.000829
0.002937
0.003214
0.005045
0.005474
0.005860
0.006797
0.007320
0.009180
0.009395
0.008707
0.000364
0.000066
0.000047
0.000039
0.000297
0.005591
0.003827
0.004270
0.005040
0.009934
0.010773
0.011498
0.008106
0.000356
0.000274
0.000270
0.000274
0.006668
0.006574
0.006613
0.009156
0.012302
1.238503
0.120793
0.081863
0.071871
0.039889
0.000172
0.000081
0.000085
0.001403
0.008789
0.004574
0.004666
0.005434
0.005671
0.005927
0.005626
0.005348
0.007311
0.003246
0.003184
0.000033
0.000254
0.004976
0.018375
0.018922
0.051549
0.055485
0.057851
0.005035
0.059274
0.068412
0.410891
0.411334
0.321789
0.090172
0.027157
0.026003
0.012172
0.011776
0.010557
0.009691
0.002614
0.002760
0.002873
0.003202
0.003445
0.003399
0.003427
0.003435
0.003473
0.003509
0.003540
0.003749
0.003899
0.004001
0.004052
0.004128
0.004418
0.003962
0.004553
0.004373
0.000046
0.000024
0.000028
0.000057
0.000023
0.003464
0.004031
0.004216
0.004490
0.000042
0.000036
0.000029
0.000013
0.000019
0.000019
0.000026
0.000036
0.000019
0.000023
0.000053
0.000066
0.000081
0.000040
0.000095
0.005308
0.006268
0.006746
0.013086
0.016326
0.024414
0.044511
0.099973
0.181848
0.210704
0.251977
0.341645
0.446644
0.794634
1.447638
1.712137
2.063717
2.291484
2.528145
0.006996
2.878083
3.261126
3.370653
3.475565
3.608726
3.725945
3.741688
3.762048
3.794341
3.739991
3.730532
3.704832
3.661547
3.423099
3.158676
3.030797
0.011156
2.641903
2.442712
2.161634
1.833994
1.682408
0.008045
1.311773
1.303802
1.201745
1.168769
0.083880
0.004330
0.109453
0.483320
3.470470
4.158530
4.915386
6.022573
6.909934
7.110853
7.184050
7.200203
7.203620
7.180012
7.175392
7.162024
7.124401
7.096579
7.066265
7.010692
7.394160
7.395944
7.353976
7.344735
7.355733
7.328218
0.042768
6.954606
6.978124
6.997500
7.061405
7.093825
7.120569
7.146219
7.122131
0.001458
0.002585
0.002147
0.008335
0.007800
0.008170
0.023511
0.023574
7.281908
7.363244
7.415151
7.884977
7.939118
7.877783
7.879080
7.848269
7.813963
7.764803
7.525400
7.097146
6.659250
6.116359
5.641973
4.272833
3.619610
1.313062
0.050091
2.655510
3.144135
6.368966
7.820604
8.570074
8.736231
8.861533
8.849877
8.834673
8.817099
0.002624
0.000558
0.000424
0.000304
0.000217
0.000207
8.780040
8.780743
8.776832
8.770881
8.747457
8.723082
8.715254
8.694998
8.661358
8.626480
8.599530
0.087548
8.682953
8.831722
8.995595
9.093165
9.160664
9.194978
9.230436
9.752385
9.779347
9.866396
9.908122
9.915804
9.911056
9.909474
9.908880
9.914365
9.916827
9.918227
9.901354
9.891619
9.886030
9.816396
9.675142
9.500657
9.260053
8.684333
8.182253
7.703157
0.245776
0.070511
6.564982
6.698575
0.064549
7.804378
8.291781
8.915834
9.601429
9.757517
9.874594
0.000108
0.000046
0.000022
0.000007
0.000006
0.000002
0.000001
0.000001
0.000000
0.000000
0.000000
0.000000
0.000000
0.000000
0.000000
0.000000
0.000000
0.000000
0.000000
0.000000
0.000001
0.000001
0.000004
0.000001
0.000011
0.000002
0.000003
0.000001
0.000003
0.000003
0.000005
0.000007
0.000007
0.000003
0.000002
0.000002
0.000001
0.000002
0.000001
0.000001
0.000000
0.000000
0.000000
0.000000
0.000000
0.000000
0.000002
0.000002
0.000005
0.000014
0.000029
0.000046
0.000209
0.000473
0.000736
9.770630
9.799360
9.824644
9.839800
9.854561
9.866339
9.873669
9.862065
9.857977
9.807251
0.002060
0.001005
0.000318
0.000150
0.000085
0.000050
0.000033
0.000026
0.000013
0.000013
0.000009
0.000004
0.000009
0.000009
0.000017
0.000006
0.000013
0.000037
0.000005
0.000003
0.000002
0.000002
0.000003
0.000004
0.000007
0.000004
0.000003
0.000003
0.000008
0.000010
0.000015
0.000011
0.000013
0.000001
0.000001
0.000005
0.000007
0.000006
0.000003
0.000003
0.000001
0.000000
0.000000
0.000000
0.000000
0.000000
0.000000
0.000000
0.000000
0.000000
0.000000
0.000000
0.000000
0.000000
0.000000
0.000001
0.000001
0.000001
0.000001
0.000001
0.000002
0.000000
0.000001
0.000000
0.000001
0.000001
0.000001
0.000000
0.000000
0.000001
0.000002
0.000000
0.000001
0.000002
0.000000
0.000000
0.000000
0.000000
0.000000
0.000000
0.000000
0.000000
0.000000
0.000000
0.000000
0.000000
0.000000
0.000000
0.000000
0.000000
0.000000
0.000000
0.000000
0.000000
0.000000
0.000000
0.000001
0.000000
0.000001
0.000001
0.000001
0.000002
0.000001
0.000003
0.000002
0.000003
0.000005
0.000014
0.000001
0.000000
0.000000
0.000000
0.000000
0.000000
0.000000
0.000000
0.000001
0.000000
0.000000
0.000000
0.000000
0.000001
0.000001
0.000003
0.000000
0.000000
0.000002
0.000002
0.000003
0.000004
0.000010
0.000018
0.000141
9.347509
9.165398
9.121193
9.080288
8.971304
8.764224
8.605353
0.299102
8.610975
8.709652
8.834407
8.882347
8.900926
8.935369
8.934505
8.928125
8.980476
8.979452
8.962532
8.954841
8.979597
8.991852
8.794939
8.818280
8.831344
8.828637
8.825510
8.820252
8.817597
8.775754
8.753292
8.738067
8.719524
8.672416
8.480617
8.119500
7.890254
7.643268
7.129534
6.640948
6.251192
0.091820
5.660371
0.019173
0.001737
0.001230
0.002289
0.043601
0.089172
1.492892
5.633686
6.769989
8.192795
8.394964
8.468782
8.497623
8.481213
8.502965
8.546964
8.549638
8.555775
8.558882
8.526444
8.437334
8.361729
8.289473
8.130071
8.018802
7.816584
7.591329
7.331388
6.393251
5.885891
6.630553
7.550245
7.972245
8.383771
8.568520
0.001107
0.000014
0.000017
0.000016
0.000016
0.000002
0.000004
0.000008
0.000012
0.000015
0.000122
0.000259
0.000326
8.638395
8.678320
8.687602
8.689987
8.690196
8.689535
8.688417
8.688776
8.685807
8.662682
8.635420
8.587355
0.033814
0.011910
0.007380
0.003279
0.001835
0.001251
0.000958
0.000799
0.000585
0.000534
0.000473
0.000481
0.000063
0.000076
0.000094
0.000344
0.000601
0.000022
0.000009
0.000007
0.000003
0.000006
0.000010
0.000016
0.000036
0.000050
0.000328
0.000368
8.065057
8.058444
7.886089
7.898419
7.906800
7.909206
7.912569
7.912378
7.911194
0.000160
0.000288
0.000526
0.000595
0.000017
0.000012
0.000021
0.000027
0.000188
0.000233
0.000409
7.903475
7.901983
7.871017
7.849853
7.830671
0.002231
0.000202
0.000072
0.000076
0.000063
0.000026
0.000017
0.000086
0.000006
0.000011
0.000480
0.000311
0.000279
0.000303
0.000175
7.779959
0.004701
0.003287
0.001980
0.000365
0.000126
0.000085
0.000045
0.000039
0.000016
0.000028
0.000134
0.000347
0.000297
0.000308
0.000285
0.000100
0.000032
0.000035
0.000023
0.000020
0.000037
0.000031
0.000018
0.000011
0.000013
0.000008
0.000009
0.000013
0.000014
0.000004
0.000002
0.000003
0.000007
0.000006
0.000004
0.000008
0.000004
0.000004
0.000004
0.000006
0.000005
0.000001
0.000002
0.000003
0.000003
0.000002
0.000003
0.000004
0.000003
0.000005
0.000003
0.000001
0.000001
0.000001
0.000001
0.000002
0.000003
0.000003
0.000002
0.000007
0.000008
0.000013
0.000010
0.000003
0.000003
0.000002
0.000001
0.000002
0.000000
0.000000
0.000000
0.000002
0.000002
0.000009
0.000007
0.000003
0.000005
0.000006
0.000025
0.000005
0.000003
0.000006
0.000015
0.000002
0.000002
0.000003
0.000003
0.000001
0.000001
0.000001
0.000003
0.000002
0.000001
0.000000
0.000000
0.000000
0.000001
0.000003
0.000005
0.000035
0.000017
0.000013
0.000001
0.000001
0.000000
0.000001
0.000001
0.000001
0.000001
0.000001
0.000002
0.000000
0.000000
0.000017
0.000058
0.000040
0.000358
0.000103
0.000001
0.000000
0.000000
0.000001
0.000001
0.000010
0.000010
0.000000
0.000000
0.000000
0.000000
0.000000
0.000000
0.000000
0.000000
0.000000
0.000001
0.000002
0.000001
0.000002
0.000003
0.000001
0.000001
0.000000
0.000000
0.000000
0.000000
0.000000
0.000001
0.000003
0.000000
0.000000
0.000000
0.000000
0.000000
0.000000
0.000000
0.000000
0.000003
0.000000
0.000000
0.000000
0.000000
0.000000
0.000000
0.000000
0.000000
0.000000
0.000001
0.000004
0.000004
0.000008
0.000000
0.000004
0.000000
0.000000
0.000000
0.000000
0.000000
0.000000
0.000000
0.000000
0.000000
0.000000
0.000000
0.000000
0.000000
0.000000
0.000000
0.000000
0.000000
0.000000
0.000000
0.000000
0.000000
0.000000
0.000000
0.000000
0.000000
0.000000
0.000000
0.000000
0.000000
0.000000
0.000000
0.000000
0.000000
0.000000
0.000000
0.000000
0.000000
0.000000
0.000000
0.000000
0.000000
0.000059
0.000064
0.000082
7.656839
7.562783
7.452815
5.660457
3.796109
0.004751
0.003869
0.001796
0.000554
0.000302
0.000094
0.000063
0.000019
0.000016
0.000014
0.000024
0.000018
0.000020
0.000021
0.000040
0.000020
0.000009
0.000009
0.000026
0.000023
0.000012
0.000345
0.000007
0.000004
0.000002
0.000002
0.000001
0.000002
0.000002
0.000002
0.000004
0.000003
0.000004
0.000003
0.000011
0.000013
0.000012
0.000003
0.000003
0.000003
0.000011
0.000013
0.000013
0.000053
0.000020
0.000011
0.000026
0.000007
0.000004
0.000002
0.000004
0.000002
0.000002
0.000002
0.000002
0.000001
0.000001
0.000002
0.000001
0.000001
0.000003
0.000003
0.000003
0.000003
0.000001
0.000001
0.000002
0.000002
0.000002
0.000002
0.000005
0.000002
0.000003
0.000002
0.000002
0.000002
0.000001
0.000003
0.000003
0.000001
0.000001
0.000001
0.000001
0.000001
0.000001
0.000001
0.000001
0.000002
0.000002
0.000003
0.000009
0.000010
0.000010
0.000042
3.066341
2.059891
1.450352
0.624693
0.530527
0.320384
0.239126
0.193977
0.176585
0.158442
0.146159
0.136639
0.127996
0.117468
0.108717
0.016333
0.015198
0.007476
0.000517
0.000073
0.000078
0.000078
0.000109
0.000129
0.028910
0.056219
0.055066
0.054220
0.053696
0.052606
0.003005
0.057092
0.059124
0.060228
0.019599
0.019531
0.019597
0.019346
0.013465
0.000111
0.000048
0.000045
0.000025
0.000025
0.000026
0.000026
0.000027
0.000030
0.000031
0.000036
0.000040
0.000046
0.000032
0.000035
0.000034
0.000031
0.000031
0.000031
0.000032
0.000032
0.000032
0.000032
0.000032
0.000031
0.000005
0.000005
0.000007
0.000026
0.000025
0.000019
0.000003
0.000002
0.000002
0.000001
0.000003
0.000002
0.000024
0.000027
0.000001
0.000000
0.000000
0.000000
0.000001
0.000011
0.000026
0.000016
0.000021
0.000020
0.000018
0.000018
0.000054
0.000045
0.000007
0.000009
0.000009
0.000008
0.000007
0.000006
0.000005
0.000001
0.000002
0.000020
0.011671
0.011727
0.011887
0.011878
0.011918
0.011759
0.011546
0.010989
0.009850
0.008390
0.000110
0.000080
0.000020
0.000015
0.000014
0.000011
0.000018
0.000016
0.000001
0.000000
0.000000
0.000000
0.000000
0.000000
0.000000
0.000000
0.000000
0.000000
0.000000
0.000000
0.000000
0.000005
0.000000
0.000000
0.000000
0.000000
0.000001
0.000002
0.000002
0.000002
0.000000
0.000000
0.000000
0.000000
0.000000
0.000000
0.000000
0.000000
0.000000
0.000001
0.000001
0.000001
0.000001
0.000001
0.000001
0.000000
0.000000
0.000000
0.000000
0.000000
0.000000
0.000000
0.000000
0.000000
0.000000
0.000000
0.000000
0.000000
0.000000
0.000000
0.000001
0.000001
0.000000
0.000000
0.000000
0.000000
0.000000
0.000000
0.000000
0.000000
0.000000
0.000000
0.000000
0.000000
0.000000
0.000000
0.000000
0.000000
0.000000
0.000000
0.000000
0.000000
0.000000
0.000000
0.000000
0.000000
0.000000
0.000000
0.000000
0.000000
0.000001
0.000002
0.000002
0.000004
0.000437
0.000458
0.000469
0.000481
0.000482
0.000485
0.000594
0.000589
0.000622
0.000569
0.000495
0.000457
0.000427
0.000384
0.000294
0.000032
0.000025
0.000001
0.000000
0.000000
0.000000
0.000000
0.000000
0.000000
0.000000
0.000000
0.000000
0.000000
0.000000
0.000000
0.000000
0.000000
0.000000
0.000000
0.000000
0.000000
0.000000
0.000000
0.000000
0.000000
0.000001
0.000001
0.000000
0.000000
0.000000
0.000000
0.000000
0.000008
0.000007
0.000011
0.000030
0.000031
0.000046
0.000127
0.000000
0.000000
0.000000
0.000000
0.000000
0.000000
0.000000
0.000000
0.000000
0.000000
0.000000
0.000000
0.000000
0.000000
0.000000
0.000000
0.000000
0.000000
0.000000
0.000000
0.000000
0.000000
0.000000
0.000000
0.000000
0.000000
0.000000
0.000000
0.000000
0.000000
0.000000
0.000000
0.000000
0.000000
0.000000
0.000000
0.000000
0.000000
0.000000
0.000000
0.000000
0.000000
0.000000
0.000000
0.000000
0.000000
0.000000
0.000000
0.000000
0.000000
0.000000
0.000000
0.000000
0.002747
0.003423
0.004230
0.054541
0.060922
0.067961
0.069646
0.065200
0.063389
0.062157
0.059154
0.056063
0.049619
0.020733
0.004630
0.004196
0.000000
0.000000
0.000000
0.000000
0.000000
0.000000
0.000000
0.000000
0.000000
0.000001
0.000001
0.000001
0.000001
0.000001
0.000000
0.000000
0.000000
0.000000
0.000000
0.000000
0.000000
0.000000
0.000000
0.000000
0.000000
0.000000
0.000000
0.000000
0.000000
0.000000
0.000000
0.000000
0.000000
0.000000
0.000000
0.000000
0.000000
0.000000
0.000000
0.000000
0.000000
0.000000
0.000000
0.000000
0.000000
0.000000
0.000000
0.000000
0.000000
0.000000
0.000000
0.000000
0.000000
0.000000
0.000000
0.000000
0.000000
0.000000
0.000000
0.000000
0.000000
0.000000
0.000000
0.000001
0.000007
0.000105
0.000116
0.000119
0.000089
0.000008
0.000026
0.000023
0.000026
0.000055
0.000036
0.000032
0.000032
0.000023
0.000001
0.000000
0.000000
0.000000
0.000000
0.000000
0.000000
0.000000
0.000000
0.000000
0.000000
0.000001
0.000000
0.000000
0.000000
0.000000
0.000000
0.000000
0.000000
0.000000
0.000000
0.000000
0.000000
0.000000
0.000000
0.000000
0.000000
0.000000
0.000000
0.000000
0.000000
0.000000
0.000000
0.000001
0.000001
0.000003
0.000015
0.000229
0.001268
0.001392
0.001416
0.001435
0.001481
0.001506
0.001507
0.001433
0.001334
0.001227
0.000856
0.000079
0.000051
0.000052
0.000111
0.000148
0.000159
0.000164
0.000182
0.000034
0.000014
0.000001
0.000002
0.000001
0.000002
0.000037
0.000308
0.000277
0.000175
0.000011
0.000011
0.000012
0.000072
0.000079
0.000060
0.000012
0.000009
0.000009
0.000017
0.000050
0.000393
0.000500
0.000516
0.000531
0.000562
0.000593
0.000597
0.000613
0.000630
0.000611
0.000578
0.000324
0.000439
0.000471
0.000482
0.000467
0.000461
0.000467
0.000479
0.000503
0.000508
0.000517
0.000502
0.000503
0.000528
0.000551
0.000586
0.000620
0.000654
0.000686
0.000700
0.000700
0.000677
0.000017
0.000015
0.000013
0.000010
0.000010
0.000010
0.000016
0.000265
0.000306
0.000272
0.000014
0.000006
0.000002
0.000001
0.000000
0.000000
0.000000
0.000000
0.000000
0.000000
0.000000
0.000000
0.005096
0.006252
0.007499
0.007619
0.000000
0.000000
0.000000
0.000000
0.000000
0.000000
0.000000
0.000000
0.000000
0.000000
0.000000
0.000000
0.000000
0.000000
0.000000
0.000000
0.000000
0.000000
0.000000
0.000000
0.000000
0.000015
0.000013
0.000007
0.000011
0.000019
0.000018
0.000002
0.000018
0.000022
0.000023
0.000028
0.001742
0.001940
0.002190
0.002211
0.002298
0.002308
0.002307
0.002319
0.002329
0.002295
0.002319
0.012450
0.014179
0.022760
0.020101
0.001949
0.001853
0.001731
0.001680
0.001481
0.001378
0.001209
0.000066
0.000058
0.000054
0.000053
0.000007
0.000005
0.000043
0.000058
0.000093
0.000117
0.000141
0.000155
0.000166
0.000125
0.000005
0.000002
0.000001
0.000001
0.000001
0.000004
0.000004
0.000005
0.000007
0.000197
0.000269
0.000305
0.000275
0.000271
0.000276
0.000291
0.000312
0.000346
0.000303
0.000054
0.000162
0.000218
0.000235
0.000278
0.000263
0.000252
0.000200
0.000028
0.000027
0.000030
0.000029
0.000250
0.000359
0.000395
0.000410
0.000396
0.000386
0.000386
0.000388
0.000389
0.000394
0.000397
0.000495
0.004269
0.004664
0.004977
0.005474
0.005727
0.016364
0.017195
0.017462
0.017487
0.000987
0.000936
0.000006
0.000005
0.000003
0.000001
0.000002
0.000003
0.000002
0.000002
0.000003
0.000005
0.000456
0.000697
0.000711
0.000725
0.000722
0.000666
0.000627
0.000593
0.000547
0.000513
0.000384
0.000334
0.000286
0.000187
0.000005
0.000005
0.000004
0.000006
0.000011
0.000020
0.000031
0.000042
0.003246
0.003364
0.003393
0.003394
0.003392
0.003389
0.002959
0.001076
0.001622
0.002820
0.003201
0.003249
0.003235
0.003237
0.003198
0.003159
0.003146
0.000030
0.000009
0.000005
0.000001
0.000000
0.000000
0.000000
0.000000
0.000000
0.000000
0.000000
0.000000
0.000000
0.000000
0.000000
0.000000
0.000000
0.000000
0.000000
0.000000
0.000000
0.000000
0.000000
0.000000
0.000000
0.000000
0.000000
0.000000
0.000000
0.000000
0.000000
0.000000
0.000000
0.000000
0.000000
0.000000
0.000000
0.000001
0.000003
0.000004
0.000106
0.000108
0.000089
0.000037
0.000218
