0.006434
0.005511
0.004716
0.005135
0.005202
0.005171
0.007268
0.007292
0.002497
0.000176
0.000013
0.000014
0.000007
0.000007
0.000007
0.000037
0.000056
0.000681
0.000723
0.004080
0.004086
0.004245
0.004386
0.004700
0.003951
0.003896
0.003659
0.002795
0.002732
0.002610
0.002433
0.002597
0.002601
0.002607
0.003860
0.003993
0.004036
0.004228
0.004469
0.002915
0.003049
0.004806
0.005113
0.005649
0.017544
0.018988
1.943071
1.847755
1.298163
1.327592
1.159465
0.125050
0.787645
4.335532
5.022730
5.775076
6.600800
6.723622
6.742431
6.858805
6.918875
0.000055
0.000021
0.000029
0.000021
0.000021
0.000058
0.000052
0.000034
0.000022
0.000022
0.000027
0.000003
0.000003
0.000002
0.000004
0.000009
0.000316
0.000333
0.000129
0.000106
0.000067
0.006162
0.009811
0.011237
0.011712
0.027216
0.046605
7.709219
7.750078
7.776173
7.784185
7.791088
7.795324
7.795872
7.788087
7.631125
5.645264
6.444405
7.632632
7.812755
7.824872
7.804678
7.638292
7.622876
7.571783
7.507894
7.387984
7.373006
7.195233
7.245873
7.540480
7.618691
7.571099
7.339339
0.000963
0.000489
0.000698
0.000225
0.000062
0.000043
0.000051
0.000091
0.036758
0.034271
0.066271
6.620619
6.247016
5.911027
5.762094
5.470978
5.399548
5.254755
0.042131
4.923369
0.017902
0.002584
0.001151
0.000585
0.000546
0.000635
0.000246
0.000084
0.104727
4.197761
5.013442
5.177387
5.763587
6.215731
6.588067
6.903247
7.040672
7.257037
7.441341
7.488870
7.548624
7.803989
8.031750
8.128712
8.240283
8.308528
8.398748
8.387787
8.380530
8.391041
8.372773
8.300598
8.275510
8.242021
8.224053
8.221970
8.232606
8.251396
8.204008
7.854033
7.573699
7.466979
7.144496
0.040676
6.956533
7.193539
7.504323
8.070733
8.393923
8.377449
8.311228
8.214006
8.092378
7.845584
7.765910
7.574839
7.307135
6.670973
0.159432
5.669938
5.415661
5.211437
0.402012
5.191762
5.136777
5.108859
5.141583
5.112303
5.041503
4.942932
0.004434
0.001241
0.000735
0.000742
0.017537
0.013009
4.797327
4.744763
4.441812
4.155186
3.848041
0.064402
0.032055
0.010209
0.006690
0.002747
0.002277
0.001438
0.000179
0.000119
0.000329
0.000366
0.000184
0.000219
0.000242
0.000160
0.000077
0.000164
0.002519
0.002466
0.002740
0.008316
0.018023
3.066556
2.846909
2.949430
2.865366
0.005271
0.004745
0.000779
0.000877
0.001315
0.001479
0.007132
2.790649
2.885813
2.873311
2.891453
2.856899
2.863690
0.055942
0.545462
3.745434
0.014959
0.028214
4.350497
4.829769
5.340768
5.722312
5.975153
6.425223
6.932940
7.340877
7.598203
7.823468
7.850579
7.890251
7.862170
7.780175
7.566102
7.323467
6.914030
6.666808
0.225057
4.497569
6.301083
6.934596
7.684426
8.343893
8.491180
8.703606
8.875156
9.054145
9.119231
9.146224
9.174138
9.209097
9.214970
9.226668
9.222056
9.124116
9.064549
9.000106
8.887560
8.669652
8.319050
7.985711
7.692029
7.359048
6.963311
0.000950
0.000743
0.000701
0.000454
0.000145
0.000139
0.000108
0.000108
0.000097
0.000081
0.006320
0.016943
0.018195
0.019870
0.023140
0.276617
7.189546
7.489102
7.633895
7.536715
0.002064
0.001080
0.000372
0.000284
0.000275
0.000295
0.000030
0.000023
0.000006
0.000008
0.000006
0.000006
0.000004
0.000010
0.000021
0.000035
0.000031
0.000030
0.000007
0.000011
0.000014
0.000007
0.000006
0.000012
0.000009
0.000008
0.000008
0.000008
0.000020
0.000016
0.000009
0.000009
0.000016
0.000017
0.000012
0.000007
0.000005
0.000007
0.000010
0.000008
0.000006
0.000007
0.000013
0.000011
0.000014
0.000026
0.000022
0.000007
0.000003
0.000004
0.000016
0.000032
0.000064
0.000010
0.000004
0.000005
0.000015
0.000014
0.000019
0.000009
0.000022
0.000019
0.000019
0.000004
0.000005
0.000004
0.000007
0.000008
0.000005
0.000004
0.000010
0.000009
0.000017
0.000018
0.000017
0.000026
0.000043
0.000103
0.000027
0.000027
0.000026
0.000037
0.000038
0.000029
0.000028
0.000008
0.000036
0.000012
0.000010
0.000046
0.000034
0.000012
0.000014
0.000008
0.000012
0.000023
0.000011
0.000006
0.000009
0.000016
0.000011
0.000014
0.000009
0.000011
0.000017
0.000033
0.000050
0.000013
0.000011
0.000008
0.000018
0.000026
0.000028
0.000012
0.000016
0.000029
0.000058
0.000363
0.000322
0.000571
0.004272
6.609952
6.758341
6.879257
7.806103
8.102923
8.295066
8.622831
8.838431
9.022657
9.245510
9.430245
9.523283
9.542041
9.529934
9.495530
9.397717
9.294376
9.239893
9.209399
9.181911
9.156934
9.073870
8.995936
0.006682
0.006654
8.766085
8.646771
8.556247
8.481110
8.351406
8.288771
0.000992
0.000739
0.000403
0.000174
0.000139
0.000146
0.000069
0.000056
0.000093
0.000068
0.000060
0.000124
0.000248
0.000422
0.000957
0.001705
8.539592
8.518203
8.300098
8.315908
8.337387
8.338916
8.339912
8.201591
8.342962
8.344528
8.310959
8.314011
8.245352
8.201147
8.131127
8.055102
0.041912
8.068599
8.060000
0.384395
0.466806
7.319413
7.765109
8.143053
8.809310
9.023480
0.019053
0.018819
0.019290
8.989418
9.034220
9.126046
9.152043
0.045373
0.041719
9.186657
9.220862
9.268638
9.331489
9.318169
9.321684
9.351526
9.391349
9.422928
9.420199
9.419925
9.438115
9.441994
9.443973
9.380042
9.332616
9.247305
0.059929
9.211005
9.238485
9.291857
9.298050
9.320759
9.334671
9.346297
9.355638
9.383630
9.374329
9.364502
9.333776
9.284114
9.199438
9.084377
8.922716
8.765903
8.483258
8.126541
7.184129
5.899689
5.263279
4.685112
3.413351
0.296633
0.007404
0.007254
0.043482
0.047345
0.444934
2.285054
0.019112
0.000336
0.000526
0.000724
0.000793
0.001029
0.002080
0.055463
4.599181
5.330050
6.411904
7.969190
8.373810
8.774566
8.837532
8.899205
8.917679
8.929180
8.930454
8.929257
8.925924
8.902616
0.103271
8.737820
8.812907
8.898359
8.916967
8.924413
8.929424
8.930341
8.931830
8.932800
8.929924
8.929420
8.928961
8.928153
8.925987
8.923770
8.901009
8.879928
8.863704
8.828353
8.754791
8.699105
8.855620
8.388064
8.104479
7.846202
7.625615
7.487940
7.241917
6.209541
5.353180
4.548987
4.002900
3.491729
3.090874
2.306041
2.061913
1.457513
1.127616
0.483978
0.216154
0.021682
0.015016
0.023567
0.025913
0.015493
0.014486
0.014605
0.015214
0.015840
0.016085
0.061012
1.224280
1.313034
1.404639
1.481828
1.463352
1.413629
1.237313
1.188015
0.878627
0.744693
0.407856
0.005169
0.005297
0.185790
0.645758
1.470807
1.836165
2.334812
3.562211
4.036581
4.452796
4.842870
5.191701
6.093285
6.404046
6.490021
6.602774
6.733171
6.731953
6.661046
7.115751
7.258078
7.439480
7.614583
7.829425
7.953459
7.884295
7.867840
7.856745
7.715783
7.639882
7.586990
0.134437
0.157798
0.011079
0.000232
0.000201
0.000422
0.000102
0.000132
0.000172
0.000048
0.000065
0.000064
0.000064
0.000081
0.000302
0.000026
0.000024
0.000042
0.000091
0.000105
0.000189
0.000010
0.000010
0.000028
0.000030
0.000045
0.000087
0.000032
0.010513
0.156137
8.056468
8.130465
8.215007
8.227675
8.226552
8.252930
8.237754
8.159019
8.038090
7.678319
7.773285
7.740179
7.730595
7.691422
7.508026
7.066428
6.713890
6.422833
5.720198
0.018671
4.790630
4.178005
2.600116
1.955940
1.702493
1.427480
0.054159
0.013426
0.517793
0.490393
0.317248
0.195999
0.005164
0.004700
0.000305
0.000284
0.000107
0.000062
0.000051
0.000051
0.000043
0.000042
0.000046
0.000069
0.000048
0.000066
0.000058
0.000032
0.000029
0.000032
0.000017
0.000014
0.005051
0.004884
0.004488
0.004640
0.004225
0.003835
0.000043
0.000035
0.000035
0.000015
0.000013
0.000050
0.000019
0.000015
0.000011
0.000008
0.000007
0.000013
0.000023
0.000037
0.000028
0.000019
0.000022
0.000012
0.000028
0.000025
0.000024
0.000024
0.000032
0.000078
0.000094
0.000199
0.000113
0.000844
0.001054
0.009199
0.091012
0.091065
0.099876
0.079686
0.081956
0.002656
0.002655
0.002792
0.003065
0.003417
0.004093
0.004625
0.001990
0.007082
1.332779
2.773457
3.962816
4.654553
5.343111
6.295275
7.369906
8.435463
8.851406
8.950620
9.008205
9.012797
9.016884
9.018472
9.020830
9.020727
9.019215
9.017324
9.015139
8.782817
8.086331
7.072081
6.222507
5.507628
4.871619
4.172717
3.684542
0.020487
0.004236
0.005387
0.003907
0.000739
0.007470
3.137852
0.055650
0.031304
0.000154
0.000085
0.000059
0.000087
0.000071
0.000053
0.000046
0.000113
0.000121
0.000087
0.000102
0.000116
0.000146
0.000199
0.026927
2.478232
2.265378
0.012316
0.010168
0.008111
0.008403
0.003841
0.000127
0.000124
0.000054
0.000054
0.000013
0.000020
0.000027
0.000020
0.000012
0.000016
0.000044
0.000017
0.000016
0.000013
0.000012
0.000014
0.000019
0.000030
0.000021
0.000025
0.000070
0.000087
0.000126
0.000045
0.000204
0.000250
0.000298
1.677060
1.573930
0.004793
0.003973
0.001853
0.073291
1.610860
1.508283
1.386711
0.236569
0.049844
0.007337
0.004366
0.000165
0.000100
0.000047
0.000046
0.000055
0.000030
0.000026
0.000013
0.000008
0.000006
0.000008
0.000007
0.000007
0.000003
0.000002
0.000002
0.000003
0.000003
0.000006
0.000005
0.000003
0.000004
0.000006
0.000007
0.001999
0.002290
0.002460
0.002831
0.002734
0.007614
0.012345
0.013057
0.045717
0.046912
0.045459
0.048675
0.040057
0.048917
0.041536
0.036840
0.017418
0.000559
0.010392
0.011425
0.539711
0.034579
0.817772
0.946357
0.924388
0.012537
0.010332
0.020077
0.024192
0.000195
0.000210
0.000084
0.000051
0.053412
0.109550
0.216508
0.695913
0.702922
0.684254
0.682610
0.681081
0.017463
0.679910
0.115412
0.015498
0.009616
0.009306
0.001163
0.001540
0.000195
0.000167
0.000063
0.000057
0.000062
0.000046
0.000088
0.000135
0.012860
0.016726
0.017461
0.078541
0.077425
0.077708
0.074629
0.076337
0.041735
0.041569
0.024919
0.025456
0.024361
0.028549
0.051810
0.108654
0.712664
0.757697
0.845298
0.910947
0.919034
0.907246
0.841152
0.810203
0.768890
0.147887
0.104615
0.090973
0.022471
0.008759
0.005674
0.005559
0.000869
0.000997
0.018841
0.036987
0.043676
0.068158
0.071341
0.073865
0.075530
0.065138
0.004068
0.000062
0.000048
0.000040
0.000043
0.000018
0.000026
0.000060
0.000037
0.000029
0.000014
0.000024
0.000032
0.000472
0.000505
0.011880
0.046101
0.070929
0.157999
0.320735
1.111907
1.333394
1.505303
1.720269
0.020402
0.020128
0.029638
0.000018
0.000004
0.000003
0.000003
0.000004
0.000002
0.000004
0.000010
0.000014
0.000005
0.000010
0.000019
0.000024
0.000037
0.000048
2.229189
2.478720
0.001414
2.656128
2.718421
2.691213
0.001706
0.000152
0.000240
0.000148
0.000129
0.000103
0.000098
0.000078
0.000048
0.000050
0.000064
0.000065
0.000005
0.000004
0.000003
0.000003
0.000004
0.000004
0.000005
0.000095
0.000199
0.000271
0.000279
0.000457
0.000004
0.000005
0.000132
0.000132
0.000118
0.000125
0.000226
0.000103
0.001581
2.743064
2.713010
2.649882
2.428992
2.163725
1.633443
0.420582
0.997687
0.000015
0.000024
0.000028
0.000006
0.000005
0.000003
0.000004
0.000007
0.000010
0.000010
0.000007
0.000009
0.000018
0.000027
0.000046
0.000047
0.000005
0.000005
0.000009
0.000012
0.000011
0.000010
0.000006
0.000021
0.000022
0.000022
0.000020
0.000012
0.000007
0.000015
0.000019
0.000018
0.000005
0.000006
0.000012
0.000009
0.000008
0.000007
0.000009
0.000008
0.000035
0.000050
0.000016
0.000029
0.000029
0.000029
0.000016
0.000010
0.000016
0.000008
0.000007
0.000007
0.000010
0.000007
0.000007
0.000007
0.000012
0.000016
0.000012
0.000024
0.000018
0.000015
0.000021
0.000028
0.000031
0.000013
0.000020
0.000005
0.000004
0.000006
0.000008
0.000006
0.000005
0.000009
0.000011
0.000011
0.000014
0.000017
0.000009
0.000020
0.000014
0.000012
0.000010
0.000007
0.000006
0.000018
0.000018
0.000003
0.000004
0.000007
0.000012
0.000045
0.000061
0.000031
0.000005
0.000010
0.000005
0.000005
0.000007
0.000006
0.000003
0.000004
0.000006
0.000011
0.000014
0.000008
0.000012
0.000011
0.000010
0.000028
0.000028
0.000022
0.000029
0.000039
0.000070
0.032414
3.403932
3.943013
4.462382
5.202366
6.105967
7.170754
0.022519
7.185031
7.147691
7.131112
7.107497
6.990917
0.012844
0.000131
0.000054
0.000045
0.000041
0.000028
0.000058
0.000026
0.000032
0.000019
0.000010
0.000050
0.000021
0.000028
0.000030
0.000076
0.000107
0.003725
6.766189
6.915138
6.950284
7.031785
7.048121
7.068808
7.108194
7.149504
7.133456
6.979872
6.973003
6.950715
0.214659
0.040790
7.073032
7.302702
7.490266
7.615275
7.678774
7.740566
0.000336
0.000316
0.000125
0.000156
0.000218
0.000215
0.000336
0.000640
7.821772
7.991068
8.013858
8.016566
8.017104
8.018073
8.020356
8.021892
8.024308
8.020287
8.017566
7.987390
0.000296
0.000042
0.000029
0.000015
0.000012
0.000020
0.000006
0.000005
0.000002
0.000002
0.000002
0.000006
0.000005
0.000002
0.000003
0.000003
0.000008
0.000003
0.000007
0.000010
0.000005
0.000002
0.000006
0.000004
0.000003
0.000022
0.000016
0.000004
0.000009
0.000011
0.000007
0.000003
0.000003
0.000005
0.000007
0.000011
0.000003
0.000003
0.000004
0.000004
0.000008
0.000006
0.000005
0.000003
0.000002
0.000002
0.000002
0.000004
0.000020
0.000005
0.000004
0.000007
0.000003
0.000002
0.000004
0.000003
0.000006
0.000006
0.000003
0.000008
0.000007
0.000030
0.000015
0.000011
0.000002
0.000002
0.000004
0.000003
0.000002
0.000002
0.000006
0.000003
0.000004
0.000003
0.000005
0.000005
0.000006
0.000017
0.000020
0.000073
0.000206
7.982512
7.984824
7.984327
7.976018
7.970206
7.950162
0.000190
0.000072
0.000025
0.000011
0.000009
0.000005
0.000009
0.000005
0.000005
0.000002
0.000003
0.000002
0.000005
0.000019
0.000009
0.000006
0.000004
0.000002
0.000004
0.000002
0.000002
0.000010
0.000004
0.000002
0.000004
0.000004
0.000002
0.000005
0.000003
0.000002
0.000004
0.000041
0.000025
0.000018
0.000035
0.000013
0.000007
0.000003
0.000008
0.000005
0.000004
0.000002
0.000002
0.000003
0.000002
0.000003
0.000002
0.000002
0.000019
0.000010
0.000021
0.000015
0.000010
0.000012
0.000006
0.000012
0.000006
0.000008
0.000005
0.000004
0.000007
0.000002
0.000003
0.000012
0.000002
0.000003
0.000013
0.000007
0.000006
0.000002
0.000002
0.000001
0.000001
0.000001
0.000001
0.000005
0.000016
0.000008
0.000016
0.000015
0.000007
0.000004
0.000004
0.000005
0.000004
0.000006
0.000004
0.000007
0.000011
0.000010
0.000008
0.000065
0.000007
0.000003
0.000003
0.000004
0.000002
0.000003
0.000006
0.000005
0.000024
0.000009
0.000007
0.000006
0.000004
0.000002
0.000003
0.000014
0.000014
0.000011
0.000008
0.000014
0.000007
0.000012
0.000027
0.000018
0.000011
0.000006
0.000004
0.000002
0.000004
0.000004
0.000023
0.000011
0.000007
0.000003
0.000002
0.000002
0.000003
0.000006
0.000018
0.000011
0.000007
0.000006
0.000091
0.000054
0.000050
0.000008
0.000005
0.000004
0.000006
0.000008
0.000003
0.000008
0.000008
0.000003
0.000004
0.000006
0.000005
0.000003
0.000012
0.000011
0.000006
0.000012
0.000008
0.000005
0.000010
0.000005
0.000005
0.000100
0.000030
0.000014
0.000010
0.000006
0.000006
0.000004
0.000012
0.000008
0.000003
0.000003
0.000003
0.000004
0.000008
0.000006
0.000004
0.000005
0.000064
0.000030
0.000039
0.000014
0.000018
0.000012
0.000020
0.000010
0.000027
0.000012
0.000021
0.000010
0.000005
0.000003
0.000021
0.000012
0.000008
0.000007
0.000006
0.000004
0.000002
0.000008
0.000019
0.000056
0.000025
0.000014
0.000015
0.000016
0.000062
0.000033
0.000034
0.000015
0.000006
0.000006
0.000006
0.000010
0.000007
0.000011
0.000006
0.000006
0.000014
0.000008
0.000006
0.000017
0.000016
0.000013
0.000081
0.000084
0.000085
0.000093
0.000179
0.000315
0.000636
0.001616
0.002101
8.026344
7.882736
7.933006
7.938282
7.939206
7.939176
7.939072
7.939108
7.939241
7.938423
7.937112
7.937117
7.937889
7.938654
7.889059
7.797810
7.786899
7.781107
0.060656
7.890825
7.926870
7.927674
7.808958
7.809565
7.810789
7.810961
7.971843
8.212600
8.263419
8.469434
8.470810
8.469777
8.469074
8.462832
8.398293
8.366664
8.342466
8.302305
8.245704
8.128920
7.956401
7.650997
6.752012
1.384347
0.605463
0.253268
0.156804
0.003232
0.002838
0.057280
2.710859
3.160295
3.568579
3.773954
4.144497
4.396916
0.043078
0.001987
0.001473
0.166885
0.005758
0.241816
0.406242
0.601151
6.117397
6.511359
7.038691
7.699952
7.827187
8.173563
8.248778
8.268424
8.337605
8.346895
8.347770
8.330959
8.319588
8.303743
8.196825
7.792470
7.434747
7.112267
6.772415
6.447279
5.751882
4.678115
0.112133
0.046258
0.035016
4.469546
0.458910
4.766690
5.182640
6.056437
6.927164
7.443553
7.631345
7.799677
7.951870
7.998482
8.018993
8.024087
8.025487
8.027266
8.019318
7.978787
7.816078
0.000433
0.000278
0.000072
0.000048
0.000029
0.000010
0.000008
0.000004
0.000002
0.000002
0.000001
0.000001
0.000001
0.000001
0.000001
0.000001
0.000008
0.000007
0.000011
0.000016
0.000026
0.000053
0.000117
0.000257
7.811663
7.827916
7.840764
7.843498
7.841971
7.827961
7.805623
7.791241
7.737292
7.659262
7.569554
7.497064
7.411804
7.299315
0.026425
0.026483
7.174158
7.502491
7.685604
7.755603
7.762976
7.747392
7.698236
0.000850
0.000106
0.000029
0.000015
0.000008
0.000005
0.000002
0.000001
0.000001
0.000001
0.000000
0.000001
0.000000
0.000000
0.000000
0.000000
0.000000
0.000000
0.000001
0.000001
0.000001
0.000001
0.000000
0.000000
0.000000
0.000000
0.000001
0.000001
0.000000
0.000001
0.000002
0.000005
0.000008
0.000014
0.000026
0.000050
0.000218
7.822589
7.837513
7.848247
7.847629
7.843605
7.811051
7.758398
7.803495
7.769225
7.759268
7.748636
7.742162
7.728477
7.722949
7.715982
7.719592
7.723518
7.740342
7.741655
7.741221
7.740109
7.737045
7.734073
7.734168
7.735195
7.736049
7.733186
7.812746
0.013232
0.012572
0.010106
0.002219
0.001651
0.001708
0.001783
0.001621
7.660680
7.685060
7.691017
7.672831
7.627098
7.530181
7.511282
7.509989
7.517948
7.543705
7.576390
7.633991
7.660796
7.673773
7.669405
7.352003
7.295131
7.295966
7.294626
7.293215
7.292593
7.290745
7.287278
7.285264
7.283781
7.266790
7.248382
7.219883
7.167048
6.605324
5.977899
5.308946
4.450649
3.730590
0.598779
4.146358
4.826360
5.564106
6.189084
7.038744
7.187899
7.260575
7.289011
7.299173
7.299818
7.298874
7.297482
7.296222
7.292403
7.294201
7.295125
7.294897
7.294678
7.292575
7.291186
7.291347
7.292584
7.292660
7.291933
7.291800
7.293933
7.294841
7.295461
7.295403
7.295377
7.295307
7.299348
7.299091
7.297912
7.297324
7.297765
7.298287
7.300486
7.304237
7.309719
7.313534
7.316996
7.317367
7.316458
7.289863
7.281226
7.234218
7.210731
7.195808
7.180200
7.140807
7.097797
7.087524
7.052131
7.036787
7.031742
7.029885
7.023919
7.021722
7.013572
7.008154
7.005487
7.004216
7.003389
7.002119
7.001020
7.000769
7.000296
7.000384
7.000134
6.999003
7.147443
7.205495
7.124529
7.063039
7.030698
7.011749
6.999256
6.993356
6.986580
6.984506
6.978437
6.975859
6.972332
6.968777
6.970553
7.021042
7.026090
7.032675
0.001001
0.001168
0.000660
0.001198
0.001344
0.002217
0.001931
7.063416
7.075324
7.083827
6.992921
6.995770
7.002767
7.006871
7.012143
7.019945
7.023298
7.023878
7.020177
7.004338
6.983260
6.940447
6.806556
6.656280
6.052054
5.445406
4.676228
3.455171
2.773702
2.485602
1.857420
1.532857
1.361248
1.199072
1.067655
0.893825
0.807300
0.131660
0.126534
0.000193
0.000076
0.014001
0.014066
0.037225
0.073836
0.083418
0.128889
0.144116
0.162744
0.317753
0.498940
0.620529
0.691753
0.727775
0.804827
0.855633
0.811991
0.623533
0.223034
0.054910
0.029512
0.000050
0.000002
0.000001
0.000000
0.000000
0.000000
0.000001
0.000006
0.000005
0.000051
0.000022
0.000009
0.000004
0.000001
0.000001
0.000002
0.000001
0.000001
0.000002
0.000001
0.000003
0.000002
0.000002
0.000002
0.000003
0.000001
0.000001
0.000000
0.000000
0.000000
0.000001
0.000000
0.000000
0.000001
0.000001
0.000003
0.000001
0.000001
0.000000
0.000000
0.000003
0.000002
0.000001
0.000001
0.000002
0.000002
0.000002
0.000001
0.000001
0.000001
0.000001
0.000002
0.000003
0.000000
0.000002
0.000001
0.000002
0.000008
0.000002
0.000003
0.000001
0.000001
0.000001
0.000000
0.000000
0.000000
0.000000
0.000000
0.000000
0.000000
0.000000
0.000003
0.000001
0.000000
0.000000
0.000000
0.000001
0.000001
0.000001
0.000001
0.000005
0.000000
0.000002
0.000001
0.000001
0.000000
0.000000
0.000000
0.000000
0.000000
0.000001
0.000000
0.000000
0.000000
0.000000
0.000000
0.000000
0.000000
0.000000
0.000000
0.000000
0.000000
0.000000
0.000000
0.000000
0.000000
0.000000
0.000000
0.000000
0.000000
0.000000
0.000000
0.000000
0.000000
0.000000
0.000000
0.000000
0.000000
0.000000
0.000000
0.000000
0.000000
0.000000
0.000000
0.000000
0.000000
0.000000
0.000000
0.000000
0.000000
0.000000
0.000000
0.000000
0.000000
0.000000
0.000000
0.000000
0.000000
0.000000
0.000000
0.000000
0.000000
0.000000
0.000000
0.000000
0.000000
0.000000
0.000000
0.000000
0.000000
0.000000
0.000000
0.000000
0.000000
0.000000
0.000000
0.000000
0.000000
0.000000
0.000000
0.000000
0.000000
0.000001
0.000000
0.000000
0.000000
0.000000
0.000000
0.000000
0.000000
0.000000
0.000000
0.000000
0.000000
0.000000
0.000000
0.000000
0.000000
0.000000
0.000000
0.000000
0.000000
0.000000
0.000000
0.000000
0.000000
0.000000
0.000000
0.000000
0.000000
0.000000
0.000000
0.000000
0.000000
0.000000
0.000000
0.000000
0.000000
0.000000
0.000000
0.000000
0.000000
0.000000
0.000000
0.000000
0.000000
0.000000
0.000000
0.000000
0.000000
0.000000
0.000000
0.000000
0.000000
0.000000
0.000000
0.000000
0.000000
0.000000
0.000000
0.000000
0.000000
0.000000
0.000000
0.000000
0.000000
0.000000
0.000021
0.000031
0.000036
0.000041
0.000031
0.000000
0.000000
0.000000
0.000000
0.000000
0.000000
0.000000
0.000000
0.000000
0.000000
0.000000
0.000000
0.000000
0.000000
0.000000
0.000000
0.000000
0.000000
0.000000
0.000000
0.000000
0.000000
0.000000
0.000000
0.000000
0.000002
0.000016
0.000016
0.000016
0.000017
0.000017
0.000020
0.000028
0.000029
0.000031
0.000031
0.000030
0.000028
0.000000
0.000000
