0.022040
0.000588
0.000462
0.000098
0.000104
0.000011
0.000016
0.000001
0.000000
0.000001
0.000001
0.000001
0.000000
0.000000
0.000000
0.000000
0.000000
0.000000
0.000000
0.000000
0.000000
0.000000
0.000016
0.009047
0.009007
0.003166
0.000001
0.000001
0.000000
0.000000
0.000000
0.000000
0.000000
0.000000
0.000000
0.000000
0.000000
0.000001
0.000001
0.000001
0.000001
0.000000
0.000000
0.000001
0.000000
0.000000
0.000000
0.000000
0.000001
0.000000
0.000000
0.000000
0.000000
0.000000
0.000000
0.000000
0.000000
0.000000
0.000000
0.000000
0.000000
0.000000
0.000000
0.000001
0.000001
0.000014
0.000012
0.000010
0.000009
0.000009
0.000000
0.000000
0.000000
0.000000
0.000000
0.000000
0.000000
0.000000
0.000000
0.000000
0.000000
0.000001
0.000036
0.000029
0.000026
0.000021
0.000002
0.000022
0.000016
0.000000
0.000000
0.000000
0.000001
0.000001
0.000001
0.000001
0.000000
0.000001
0.000002
0.000006
0.000001
0.000001
0.000001
0.000001
0.000003
0.000006
0.003347
0.003242
0.000038
0.000026
0.000001
0.000002
0.000002
0.000001
0.000000
0.000000
0.000000
0.000000
0.000000
0.000000
0.000000
0.000000
0.000000
0.000000
0.000000
0.000000
0.000000
0.000000
0.000000
0.000000
0.000000
0.000000
0.000000
0.000000
0.000000
0.000000
0.000000
0.000000
0.000000
0.000000
0.000000
0.000000
0.000002
0.000004
0.000003
0.000001
0.000002
0.000001
0.000001
0.000002
0.000004
0.000003
0.000001
0.000001
0.000001
0.000000
0.000000
0.000000
0.000000
0.000001
0.000001
0.000001
0.000001
0.000005
0.000004
0.000004
0.000002
0.000001
0.000001
0.000002
0.000010
0.000011
0.000015
0.000021
0.000698
0.000724
0.000769
0.000767
0.000773
0.000776
0.000779
0.000730
0.000009
0.000007
0.000005
0.000028
0.000030
0.000035
0.005748
0.016638
0.017198
0.016406
0.015754
0.009237
0.008664
0.012354
0.014501
0.013713
0.006937
0.006638
0.005477
0.000063
0.000064
0.003072
0.003356
0.003720
0.003970
0.004043
0.004237
0.004444
0.004386
0.004415
0.004528
0.004531
0.004476
0.004281
0.003123
0.002602
0.002200
0.001927
0.000976
0.000931
0.000916
0.000922
0.000913
0.000910
0.002167
0.002159
0.002000
0.001859
0.001720
0.001649
0.001588
0.001230
0.001225
0.001238
0.001251
0.001266
0.001372
0.013760
0.014664
0.015014
0.015134
0.011660
0.011727
0.011721
0.014658
0.014526
0.014636
0.014655
0.017818
2.479690
2.241636
1.663264
1.142966
0.901901
0.535429
0.498380
0.379363
0.035266
0.013458
0.028416
0.000028
0.000025
0.000025
0.000016
0.000016
0.000028
0.000026
0.014622
0.014572
0.014893
0.015260
0.016399
0.018170
0.035785
0.080200
0.237868
0.266660
0.284412
0.288151
0.291967
0.008203
0.000059
0.000057
0.000060
0.000009
0.000010
0.001200
0.001670
0.032691
0.164718
0.079541
0.464646
0.335736
0.036899
0.010818
0.004485
0.124766
0.125612
0.140386
0.218488
0.290283
0.851246
0.924334
1.438000
1.595273
1.724509
1.833354
1.963859
2.007516
2.041012
2.034402
2.223936
2.179710
2.138183
2.103377
2.030764
1.932672
0.003285
0.002662
0.001319
0.001158
0.002463
0.002331
1.085288
1.056479
0.009160
0.000011
0.000011
0.000004
0.000003
0.000003
0.000009
0.000008
0.000010
0.000047
0.000040
0.000080
0.000079
0.000086
0.000105
0.000123
1.323778
1.368567
1.770176
1.705952
1.494398
0.015252
0.000052
0.000074
0.000016
0.000011
0.000013
0.000006
0.000008
0.000011
0.000020
0.000023
0.000132
0.000030
0.000036
0.000012
0.000010
0.000003
0.000003
0.000009
0.000004
0.000003
0.000002
0.000002
0.000001
0.000001
0.000001
0.000001
0.000002
0.000006
0.000001
0.000001
0.000001
0.000001
0.000003
0.000006
0.000014
0.000025
0.018111
0.017186
0.054960
0.058548
1.076815
0.948887
0.855367
0.759569
0.648752
0.100898
0.066147
0.029843
0.027649
0.017954
0.004660
0.003323
0.002950
0.002801
0.000317
0.000755
0.004112
0.004733
0.005182
0.006010
0.006029
0.006450
0.006529
0.006389
0.006256
0.006227
0.006311
0.005465
0.005431
0.005526
0.005766
0.005363
0.000192
0.010787
0.010975
0.011484
0.011384
0.011744
0.011810
0.011671
0.011423
0.011362
0.011067
0.014466
0.009740
0.010346
0.017917
0.018022
0.021003
0.042953
0.047792
0.096521
0.946034
1.113480
1.557686
1.720773
1.885979
2.086774
2.314481
2.930747
3.097851
3.246051
3.431170
3.639550
3.710625
3.773084
3.849226
3.849357
3.847657
3.863106
3.848179
3.798422
3.753796
3.701704
3.514305
3.220053
2.996532
2.790313
2.430727
2.132508
0.002290
0.001185
0.000596
0.000432
0.000267
0.000024
0.000013
0.000164
0.000111
0.000178
0.001245
1.399948
1.249855
1.125617
1.023801
0.926489
0.819122
0.724662
0.191191
0.177651
0.158650
0.003645
0.000231
0.005861
0.006114
0.006031
0.000201
0.000306
0.010987
0.026349
0.044886
0.054819
0.063938
0.341743
0.364789
0.419974
0.437052
0.437823
0.408560
0.360128
0.324249
0.305499
0.259156
0.247149
0.223791
0.208503
0.000018
0.018818
0.017797
0.017478
0.007856
0.002377
0.003850
0.001591
0.006568
0.007566
0.007772
0.007948
0.007406
0.005621
0.003128
0.002777
0.001475
0.001799
0.006732
0.005639
0.018626
0.038192
0.094484
0.116548
0.131394
0.145656
0.001962
0.220466
0.243663
0.272464
0.296445
0.314850
0.011674
0.000082
0.000034
0.000089
0.000047
0.000056
0.000060
0.000249
0.000024
0.000023
0.000019
0.000038
0.000036
0.000047
0.000024
0.000024
0.000023
0.000018
0.000016
0.000024
0.000025
0.000066
0.000017
0.000012
0.000019
0.000039
0.000047
0.000035
0.000062
0.000176
0.000197
0.000078
0.009119
0.009033
0.010203
0.012088
0.034844
0.157972
0.302189
0.388749
1.171875
1.655988
1.793656
2.005833
2.111129
2.441766
2.614806
2.758607
2.885436
2.768171
2.651069
2.462721
2.237789
2.043770
1.805758
1.300042
1.105756
0.964444
0.899971
0.849655
0.756942
0.680775
0.632842
0.017420
0.013172
0.012721
0.012819
0.001035
0.001110
0.015768
0.016530
0.005992
0.014953
0.016630
0.041257
0.060737
0.079195
0.102071
0.133345
0.155935
0.230185
0.228380
0.222030
0.030731
0.000886
0.000273
0.001531
0.001635
0.007560
0.033335
0.035386
0.053143
0.054941
0.068661
0.069221
0.069391
0.055274
0.002548
0.000460
0.000443
0.000349
0.037501
0.069954
0.089142
0.253113
0.771691
0.814497
0.867876
0.927304
0.121013
0.069493
0.009747
0.020818
0.109852
0.108115
0.107388
0.097591
0.000810
0.039242
0.043728
0.063750
1.653899
1.858028
2.091998
0.115218
2.847845
3.216754
3.506513
3.864357
0.000000
0.000000
0.000000
0.000118
0.000096
0.000042
0.000058
0.000083
0.000231
0.000304
0.000085
0.000092
0.000150
0.000250
0.000522
0.000795
0.000000
0.000000
0.004466
0.005458
0.000001
0.000002
0.000002
4.406688
4.705458
4.900407
5.075360
5.232453
5.303218
5.151017
5.011347
4.669954
4.283579
3.954111
3.658528
0.004788
0.003541
0.003415
0.003392
0.003210
0.008067
0.418902
0.446478
0.807580
1.988226
2.317118
3.498715
3.767937
4.037345
4.381718
4.650490
4.839893
4.984491
5.089037
5.211292
0.004110
0.000864
0.000398
0.000460
0.000355
0.000361
0.000220
0.000056
0.000042
0.000025
0.000032
0.000012
0.000011
0.000050
0.000066
0.000020
0.000035
0.000077
0.000052
4.975877
4.987634
5.040819
5.091169
5.116435
5.250729
5.354872
0.108505
0.118406
6.341064
6.757268
7.252510
7.719250
8.194917
8.522371
8.887792
9.245590
9.247200
9.176742
9.069621
8.928908
8.551564
8.038048
7.671954
7.256640
6.791315
6.402937
5.817852
5.275157
3.537705
2.952188
2.501218
0.024253
0.027967
0.025102
0.028073
0.001269
0.001981
0.000751
0.000571
0.000614
0.025253
1.834617
1.850260
0.031454
4.256971
4.571470
4.994699
5.413553
5.892243
6.316959
6.633122
7.006173
7.287734
7.463782
7.785388
8.019688
7.979019
7.981800
8.072747
8.160486
8.179919
8.167113
8.178779
8.087376
8.060868
7.876869
8.015147
8.245523
8.323227
8.428870
8.545933
8.674159
8.787215
8.907971
9.019981
9.079950
8.460022
8.552248
8.585162
8.586059
8.592211
8.602388
8.554418
8.515546
8.478203
8.409526
8.382778
0.177325
8.104872
8.252217
8.353816
8.409748
8.442310
8.473485
8.489295
8.490599
8.497223
8.511029
8.508874
8.510548
8.516615
8.516947
8.513236
8.511953
8.508113
8.481984
8.482769
8.604495
8.621412
8.625757
8.629135
8.623038
8.617036
8.596531
8.588850
8.563550
8.549798
8.545146
8.551455
8.562075
8.581016
8.600159
8.637348
8.641175
8.639813
8.636329
8.712542
8.727461
9.078440
8.831763
8.879993
8.949495
8.988784
9.006960
9.001335
8.990094
8.973149
9.044271
9.068280
9.113304
0.002117
0.000827
0.000592
0.000447
0.000336
0.000268
0.000210
0.000185
0.000206
0.000311
0.000936
8.927344
9.063275
9.165576
9.211524
9.227458
9.235235
9.244797
9.254105
9.255944
9.257596
9.262296
9.263365
9.262755
9.260379
9.252467
9.226272
9.173666
9.106376
9.036937
8.896164
8.549782
0.006552
0.005350
0.002504
0.001980
0.001494
0.001138
0.000894
0.000717
0.000126
0.000052
0.000038
0.000033
0.000278
0.000360
0.000497
0.000577
0.000587
0.000604
0.000621
0.000628
0.000639
0.000666
0.000637
0.000605
0.000008
0.000004
0.000002
0.000001
0.000001
0.000001
0.000001
0.000001
0.000002
0.000000
0.000001
0.000001
0.000065
0.000077
0.000097
0.000106
0.000065
0.000002
0.000001
0.000001
0.000002
0.000001
0.000004
0.000001
0.000001
0.000001
0.000001
0.000002
0.000001
0.000001
0.000001
0.000001
0.000004
0.000002
0.000000
0.000000
0.000001
0.000002
0.000002
0.000002
0.000002
0.000001
0.000001
0.000001
0.000001
0.000000
0.000001
0.000001
0.000000
0.000000
0.000001
0.000001
0.000001
0.000001
0.000003
0.000003
0.000003
0.000011
0.000015
0.000438
0.000497
0.000634
0.000740
0.000775
0.000827
0.000940
0.001122
0.001141
0.001127
0.000141
0.000019
0.000016
0.000015
0.000010
0.000011
0.000117
0.000208
0.000200
0.000195
0.000175
0.000165
0.000158
0.000147
0.000134
0.000132
0.000122
0.000128
0.000129
0.000123
0.000114
0.000007
0.000007
0.000007
0.000007
0.000238
0.000364
0.000460
0.000537
0.000738
0.000780
0.000847
0.000938
0.001027
0.001084
0.001192
0.001183
0.001212
0.001317
0.001355
0.001355
0.001388
0.001427
0.001584
0.001731
0.001844
0.002129
0.002321
0.002749
0.003075
0.003365
8.263711
8.177436
8.073180
7.928456
7.475072
6.929421
6.298356
0.158311
0.010624
0.010082
0.010017
0.010681
0.012678
0.016472
4.993968
7.457416
7.670090
7.848511
8.075563
8.213121
8.376731
8.428242
8.460464
8.448884
8.531381
8.536754
8.453181
8.363538
8.194530
8.130833
8.086648
8.044364
0.002778
0.001859
0.001038
0.000821
0.000542
0.000314
0.000250
0.000265
0.000112
0.000202
0.000538
0.000461
0.000413
0.000415
0.000080
0.000050
0.000036
0.000102
0.000043
0.000042
0.000033
0.000046
0.000052
0.000026
0.000021
0.000043
0.000035
0.000014
0.000015
0.000012
0.000016
0.000014
0.000013
0.000018
0.000024
0.000008
0.000007
0.000007
0.000016
0.000023
0.000035
0.000082
0.000079
7.940507
7.925872
7.936579
7.952594
7.932981
7.920389
7.912078
7.743451
7.500279
7.324685
6.978446
6.639632
6.375988
6.112217
5.477585
5.215819
0.014043
0.091507
5.012186
5.041760
5.014510
5.139945
0.005762
0.002428
0.000745
0.000418
0.000139
0.000116
0.007646
0.004916
0.000391
0.000233
0.000153
0.000078
0.000048
0.000068
0.000070
0.000046
0.000038
0.000215
0.000356
0.069450
4.901035
4.877895
4.856405
4.856958
4.838592
0.000087
0.000080
0.000073
0.000051
0.000047
0.000045
0.000010
0.000012
0.000015
0.000011
0.000026
0.000031
0.000019
0.000024
0.000015
0.000010
0.000009
0.000007
0.000021
0.012187
0.011719
0.010024
0.008904
0.001189
0.000285
0.000251
0.000143
0.000006
0.000007
0.000005
0.000044
0.000041
0.000063
0.000063
0.000067
4.759503
4.758205
4.717587
4.625299
4.574248
4.516719
4.031625
3.040114
0.022817
0.000201
0.000196
0.000339
0.000062
0.000037
0.000026
0.000018
0.000010
0.000012
0.001803
0.000074
0.000003
0.000004
0.000004
0.000002
0.000037
0.000027
0.000009
0.000015
0.000010
0.000021
0.000010
0.000007
0.000006
0.000013
0.000009
0.000009
0.000007
0.000003
0.000003
0.000005
0.000032
0.000064
0.000005
0.000002
0.000011
0.000007
0.000007
0.000004
0.000004
0.000002
0.000002
0.000001
0.000028
0.000035
0.000011
0.000075
0.000083
2.740865
2.637913
0.408124
0.140966
0.002646
0.014329
0.000001
0.000002
0.000044
0.082776
0.039467
0.018913
0.000002
0.000001
0.000001
0.000010
0.000009
0.000010
0.000011
0.000026
0.003082
0.003168
0.003362
0.003624
0.004150
0.004169
0.008493
0.000000
0.000000
0.000000
0.000000
0.000000
0.000000
0.000046
0.000000
0.000000
0.000000
0.000000
0.000000
0.000000
0.000000
0.000000
0.000000
0.000000
0.000000
0.000000
0.000000
0.000000
0.000000
0.000000
0.000000
0.000000
0.000000
0.000000
0.000000
0.000000
0.000000
0.000000
0.000000
0.000000
0.000000
0.000000
0.000000
0.000000
0.000000
0.000000
0.000000
0.000000
0.000000
0.000000
0.000000
0.000000
0.000000
