0.030615
0.001055
0.000187
0.000110
0.010175
0.010848
0.010943
0.011226
0.000073
0.000068
0.000111
0.000132
0.008957
0.009503
0.047594
0.047254
0.122569
0.312841
0.404695
0.426136
0.468598
0.473419
0.960495
1.116291
1.146578
1.147741
1.157796
1.148025
0.000163
0.000228
0.000525
0.000411
0.000521
0.000526
0.000453
0.000404
0.000117
0.003335
0.000312
0.001058
1.171514
1.166750
1.144428
0.634583
0.472224
0.431869
0.123607
0.075580
0.075939
0.074165
0.023884
0.000508
0.000002
0.000002
0.000000
0.000001
0.000000
0.725838
0.738727
0.667774
0.671006
0.685567
0.718893
0.613904
0.540353
0.528420
0.512712
0.539756
0.564674
0.502840
0.352170
0.107071
0.105020
0.103287
0.102450
0.101061
0.085248
0.148107
0.218388
0.239634
0.312979
1.521761
1.980214
2.447785
2.719798
2.970227
3.232420
3.641566
3.837628
0.515096
3.890446
4.342370
4.799364
5.199010
5.311661
5.426476
5.575769
5.707805
5.879654
5.999853
6.061393
6.167407
0.222333
6.033235
6.242604
6.436590
6.650457
6.791123
7.099296
7.005013
6.883010
6.572946
5.441310
6.264057
6.310281
0.280861
6.724507
7.196679
7.449492
7.635096
7.971613
8.055368
8.167515
8.238350
8.299524
8.301404
8.298470
8.251131
0.110541
0.084232
0.079010
0.071440
0.063179
0.055353
0.047268
6.927955
7.047952
7.176530
7.290205
7.384620
7.586410
7.748752
7.738598
7.565773
0.000043
0.000012
0.000006
0.000006
0.000006
0.000004
0.000004
0.000004
0.000004
0.000198
0.000211
0.015443
0.000103
0.000099
0.000085
0.000011
0.000011
0.000004
0.000002
0.000002
0.000001
0.000003
0.000014
0.000011
0.000006
0.000006
0.000006
0.000008
0.000009
0.000010
0.000027
0.000094
0.000065
0.000104
0.000145
0.000424
0.001227
7.867457
8.067268
7.894858
7.903218
7.804176
7.730116
7.523482
7.197966
1.046076
1.005854
0.903698
6.331332
7.334188
9.024134
9.052351
9.076242
9.078369
9.081420
9.088065
9.079109
9.067855
9.020398
8.934119
8.852911
8.820194
8.761319
8.697600
0.000177
0.000128
0.000091
0.000073
0.000056
0.000198
0.000230
0.000070
0.000011
0.000006
0.000007
0.000006
0.000027
0.000009
0.000008
0.000015
0.000010
0.000006
0.000004
0.000007
0.000012
0.000031
0.000027
0.000053
0.000075
0.000005
0.000008
0.000027
0.000068
0.144199
0.143861
8.932659
8.734779
8.604498
0.190070
8.897602
9.035670
9.041373
9.046630
9.045386
9.045518
9.045832
9.046751
9.047947
9.050716
9.055525
9.049329
9.044059
9.032506
9.004303
9.001441
9.005475
9.012468
9.026200
9.550208
9.837368
9.982277
9.993004
9.992113
9.976676
9.906269
9.479431
8.758440
6.838426
2.051083
3.336829
3.910118
4.528796
5.454846
0.091718
0.087650
7.551046
8.407973
9.638371
9.800942
9.921171
9.959239
9.982930
9.997813
9.998989
9.998931
9.998772
9.998989
9.996280
9.993584
9.983607
9.969109
9.941409
9.888877
9.790193
9.636392
9.395924
9.159810
8.987024
8.498821
7.582228
7.349722
7.462982
7.190488
6.939441
0.101461
0.029410
0.029113
6.477825
6.149425
5.403332
0.222510
0.215483
0.212179
0.209994
0.209122
0.208616
0.210631
0.212620
0.218662
0.223072
0.232935
5.218424
6.911953
7.816369
8.354386
8.856599
9.134431
9.254302
9.294596
9.310059
9.325295
9.329943
9.342372
9.342950
9.342682
9.342642
9.342839
9.342583
9.341406
9.341620
9.342978
9.340234
9.338193
9.338884
9.341879
9.342598
9.342826
9.342979
9.342628
9.339572
9.334914
9.326046
9.282312
9.074213
8.461439
7.976728
7.645594
7.064776
6.049738
5.482664
4.425898
4.165823
3.613420
3.042714
2.762458
0.431336
0.001735
0.002996
0.004962
0.427798
0.554843
2.737147
0.262250
5.334593
6.048202
7.055114
7.683419
8.301093
8.519543
8.631925
8.749289
8.732312
8.789363
8.844617
8.893907
8.907681
8.911205
8.913477
8.912125
8.907094
8.892495
8.717822
8.454105
8.276068
0.462809
0.461849
7.573670
8.102415
8.696768
8.757386
8.781509
8.761863
8.759914
8.645763
0.171129
8.465967
8.603654
8.621181
8.650693
8.791018
8.792288
8.764416
8.698366
0.020815
0.018957
0.011988
0.009980
0.009044
0.008834
8.465649
8.470403
8.476024
8.513132
8.531974
8.430720
8.345348
8.190444
7.557105
7.022188
6.486395
5.729058
5.360206
5.386240
3.379082
0.105240
0.043493
0.021167
0.001718
0.000737
0.000087
0.000082
0.000024
0.000019
0.000017
0.000019
0.000018
0.000012
0.000009
0.000008
0.000013
0.000019
0.000022
0.000011
0.000010
0.000009
0.000027
0.000074
0.000088
0.000135
0.000216
0.000203
0.000203
0.000241
0.000293
0.033202
0.032755
0.032460
0.000129
0.000080
0.000080
0.000041
0.000056
0.000028
0.000023
0.000025
0.000019
0.000017
0.000026
0.000027
0.000034
0.000047
0.000039
0.000030
0.000045
0.000060
0.000065
0.000023
0.000025
0.000050
0.000041
0.000065
0.000079
0.000124
0.000155
0.001184
0.006588
0.006312
0.035665
1.504052
1.010410
3.433950
3.851849
4.271032
5.110715
5.773381
6.601954
6.704905
6.239355
5.869998
5.550642
5.136692
4.703150
3.822094
2.608165
0.064618
0.079673
0.086770
5.452539
6.467004
7.238614
8.265762
8.563296
8.723786
8.744133
8.754841
8.755679
9.175896
9.180231
9.125673
0.020371
0.006523
0.002913
0.002625
0.002415
0.001708
0.001655
0.000572
0.000025
0.000024
0.000015
0.000030
0.000013
0.000008
0.000013
0.000008
0.000004
0.000004
0.000002
0.000002
0.000001
0.000006
0.000009
0.000003
0.000003
0.000002
0.000002
0.000003
0.000007
0.000011
0.000027
0.000057
8.313372
8.321752
8.306675
7.849763
7.794269
7.422493
7.426580
7.427169
7.418735
7.402346
7.290308
7.185885
7.024575
0.000353
0.000219
0.000116
0.000031
0.000016
0.000013
0.000042
0.000039
0.000045
0.165643
0.171430
7.395092
7.414299
7.424709
7.427022
7.416301
7.416839
0.000745
0.000596
0.000068
0.000044
0.000012
0.000010
0.000004
0.000005
0.000007
0.000003
0.000017
0.000012
0.000036
0.000011
0.000009
0.000009
0.000012
0.000021
0.000029
0.000052
0.000027
0.000014
0.000027
0.000020
0.000400
0.000091
0.000050
0.000024
0.000008
0.000007
0.000005
0.000005
0.000004
0.000003
0.000003
0.000003
0.000008
0.000013
0.000018
0.000022
0.000020
0.000070
0.000125
0.000204
0.000614
7.440214
7.439100
7.437956
7.443502
7.424797
7.412690
7.410411
7.416490
7.426305
7.426127
0.010714
0.010276
7.484734
7.514264
7.571933
7.597118
7.602889
7.609571
7.616552
7.621540
7.627606
7.634197
7.634442
7.624193
7.618882
7.612675
7.558280
7.513941
7.465112
7.342964
7.161641
6.944362
6.622799
3.085866
0.742920
0.425828
0.016871
0.000112
0.000051
0.000044
0.000040
0.000006
0.000006
0.000006
0.000003
0.000003
0.000004
0.000002
0.000004
0.000003
0.000004
0.000003
0.000003
0.000004
0.000003
0.000004
0.000016
0.000027
0.000019
0.000027
0.067874
0.015616
0.015207
0.014622
0.014592
0.013931
0.013180
0.012432
0.011971
0.010178
0.009588
0.009012
0.008501
0.008050
0.007446
0.007068
0.006910
0.000172
0.000151
0.000163
0.000124
0.000145
0.001614
0.001757
0.002097
0.002392
0.000679
0.000714
0.000742
0.000758
0.000757
0.000746
0.000734
0.000007
0.000004
0.000003
0.000001
0.000000
0.000000
0.000000
0.000000
0.000000
0.000001
0.000001
0.000001
0.000000
0.000000
0.000000
0.000001
0.000001
0.000001
0.000001
0.000001
0.000000
0.000001
0.000000
0.000000
0.000000
0.000000
0.000000
0.000000
0.000000
0.000001
0.000000
0.000000
0.000000
0.000000
0.000000
0.000000
0.000000
0.000001
0.000066
0.000070
0.000075
0.000081
0.000080
0.000074
0.000003
0.000001
0.000001
0.000001
0.000001
0.000000
0.000001
0.000000
0.000001
0.000003
0.000005
0.000006
0.000012
0.000114
0.000159
0.004097
0.005601
