0.000000
0.362957
0.176935
0.098192
0.086772
0.077438
0.053915
0.035756
0.029483
0.022385
0.011935
0.003214
0.002666
0.002349
0.002360
0.000597
0.000032
0.000027
0.010239
0.012755
0.013178
0.023982
0.029997
0.036162
0.037364
0.037288
0.027305
0.027275
0.017124
0.075356
0.083169
0.088687
0.088821
0.083062
0.048039
0.045685
0.038348
0.007974
0.000596
0.000657
0.000650
0.000662
0.000654
0.000133
0.000127
0.000116
0.000250
0.001713
0.007011
0.008314
0.045084
0.050150
0.054536
0.063038
0.000035
0.000045
0.000052
0.000077
0.000041
0.000055
0.000029
0.000030
0.000034
0.000058
0.000144
0.000189
0.014599
0.014795
0.015113
0.123623
0.179441
0.239477
0.335037
0.377191
0.516179
0.575971
0.632544
0.692406
3.483381
3.479581
3.216276
1.898450
0.428340
0.012709
0.049735
0.044644
0.046289
0.054204
0.377932
4.478362
5.893554
6.996079
7.169706
7.283216
7.315600
7.324943
7.327340
7.333391
7.348419
7.353478
7.368651
7.399194
7.421494
7.421414
7.423209
7.427063
7.426020
7.424348
7.424490
7.425213
7.424159
7.418788
7.416358
7.412161
7.410109
7.409801
7.411423
7.411778
7.408784
7.400131
7.396667
7.387457
7.357254
7.326825
7.297734
7.283891
7.263950
7.237745
7.227556
7.185073
7.153819
7.137400
7.138952
7.118743
7.021028
6.788626
6.414058
6.010099
5.235853
3.274002
0.115429
0.058242
0.586238
0.696259
4.341698
4.751705
5.225878
5.829061
0.068676
0.074787
6.271711
6.502216
6.727264
7.000447
7.138775
7.202985
7.247757
7.277919
7.278713
7.183437
7.016999
0.001050
0.000533
0.000182
0.000059
0.000032
0.000022
0.000012
0.000010
0.000008
0.000007
0.000017
0.000010
0.000006
0.000006
0.000004
0.000002
0.000002
0.000001
0.000011
0.000008
0.000003
0.000004
0.000005
0.000004
0.000004
0.000005
0.000004
0.000004
0.000007
0.000004
0.000003
0.000003
0.000003
0.000002
0.000002
0.000004
0.000005
0.000005
0.000008
0.000005
0.000004
0.000003
0.000004
0.000005
0.000010
0.000010
0.000007
0.000002
0.000001
0.000001
0.000002
0.000003
0.000002
0.000002
0.000001
0.000001
0.000002
0.000004
0.000013
0.000008
0.000005
0.000006
0.000005
0.000014
0.000013
0.000005
0.000005
0.000005
0.000010
0.000009
0.000007
0.000003
0.000004
0.000001
0.000002
0.000003
0.000002
0.000002
0.000003
0.000006
0.000006
0.000008
0.000004
0.000005
0.000005
0.000002
0.000004
0.000002
0.000002
0.000003
0.000002
0.000001
0.000002
0.000001
0.000002
0.000002
0.000001
0.000001
0.000001
0.000002
0.000003
0.000006
0.000040
0.000226
0.000207
0.000069
0.000084
0.000100
0.000129
0.000198
0.000418
0.002573
7.222381
7.261309
7.237858
7.206723
7.180633
7.156551
7.080432
7.034962
0.005928
0.006228
0.003503
0.004471
0.015368
0.016733
7.004715
7.015093
7.019794
7.016204
7.000863
7.008082
6.999860
0.000040
6.842457
6.850733
6.861386
6.862440
6.856179
6.859596
6.659257
6.658611
6.656215
6.639299
6.762858
6.774140
6.773326
6.744312
6.725071
6.709943
6.701858
6.690479
6.690687
6.696942
6.710970
6.707846
6.702384
6.695726
6.680358
6.661850
0.000719
0.000330
0.000355
0.000491
0.000664
0.001096
0.001236
0.001750
6.630161
6.589307
6.534826
6.409367
6.319943
6.246021
6.143763
6.015703
0.020723
0.000021
0.000020
0.000021
6.063350
5.990356
5.937307
0.021614
6.026503
6.054485
0.004546
0.001955
0.001372
0.000558
0.000425
0.000378
0.000415
0.000560
0.001097
0.003299
0.026920
6.340654
6.510422
6.645798
6.710639
6.750712
6.763653
6.761091
6.756791
6.722367
6.716901
7.211152
7.225162
7.230942
7.229093
7.207020
7.141524
6.955781
6.681700
6.870647
6.882900
6.879663
6.789649
6.731711
0.035264
0.040252
6.919912
6.903383
6.902515
6.927731
6.821796
6.646325
6.504834
6.326721
5.845367
5.262525
4.613959
3.896041
3.348198
2.258334
0.221489
0.170951
0.127253
0.121048
0.115524
0.114416
1.943474
1.843429
1.770173
1.637168
1.355116
1.229631
0.006125
0.727565
0.602652
0.567014
0.457642
0.446719
0.399799
0.119450
0.004328
0.002549
0.003228
0.010388
0.010582
0.041493
0.044383
0.077025
0.184236
0.007078
0.000292
0.000328
0.000179
0.000716
0.000715
0.000952
0.019908
0.020422
0.000076
0.000103
0.000140
0.000049
0.000091
0.000056
0.000051
0.000045
0.000127
0.000287
0.000313
0.000314
0.015844
0.003167
0.025043
0.308527
0.339366
0.407617
0.467029
0.358934
0.365429
0.351442
0.339828
0.330805
0.348124
0.333475
0.490727
0.481882
0.464524
0.429787
0.432951
0.290136
0.295139
0.286037
0.267131
0.001721
0.001458
0.191870
0.195824
0.214251
0.213454
0.021148
0.019785
0.020403
0.003934
0.080892
0.085386
0.081722
0.030097
0.228002
0.252729
0.317975
0.357028
0.387252
0.402173
0.413810
0.414199
0.439456
0.429474
0.070795
0.073448
0.000011
0.000010
0.000009
0.010838
0.000040
0.000022
0.072737
0.097202
0.177559
0.156095
1.205346
1.290935
1.390422
1.441778
1.450078
1.348811
1.099808
0.107891
0.065354
0.017991
0.002247
0.002285
0.002371
0.689824
0.573132
0.004828
0.005295
0.004941
0.004250
0.003197
0.003479
0.019459
0.021105
0.068341
0.105058
0.366764
0.749377
0.868553
0.912782
0.905791
1.118824
1.139616
1.148639
1.122011
0.102927
0.073427
0.038601
0.006080
0.006531
0.007178
0.007992
0.007514
0.007967
0.015649
0.040346
0.046950
0.639789
0.717540
0.778280
0.799200
0.752948
0.542118
0.177716
0.086926
0.067625
0.025165
0.008204
0.007646
0.000192
0.007176
0.007525
0.007802
0.007834
0.041793
0.041766
0.042013
0.040409
0.034365
0.034517
0.038089
0.002451
0.024142
0.027209
0.056489
0.065748
0.090066
0.136987
0.204948
0.210433
0.215702
0.216414
0.215208
0.215528
0.216952
0.257285
0.260699
0.291268
0.705323
0.652000
0.594254
0.469573
0.436416
0.318582
0.271187
0.247532
0.015319
0.071783
0.070635
0.069336
0.033931
0.019004
0.017800
0.099512
0.236530
0.258147
0.276802
0.290550
0.310373
0.010073
0.000247
0.027857
0.001857
0.004432
0.013388
0.036072
0.472622
0.580565
0.663273
0.712952
0.771528
0.810019
0.973086
1.079389
0.002086
1.161785
1.181153
1.196254
1.195333
1.130697
0.060371
0.048293
0.024450
0.018529
0.014920
0.012990
0.012401
0.011169
0.009918
0.010374
0.009479
0.000136
0.000149
0.000215
0.000250
0.000115
0.000076
0.000899
0.006379
0.006468
0.006989
0.016830
0.054932
0.065862
0.074130
0.075082
0.870353
0.842661
0.754740
0.578497
0.463135
0.454028
0.431991
0.409422
0.350024
0.199912
0.020970
0.148345
0.164780
0.193627
0.273529
0.026094
0.091793
0.195865
0.408767
0.463609
0.508836
0.554406
0.700019
0.771475
0.840889
0.935204
1.163834
1.424376
1.618840
1.932556
2.254623
2.358587
2.383954
2.409113
2.395740
2.305272
2.097769
1.687783
1.336206
1.231530
1.113828
0.044170
0.030794
0.000112
0.000141
0.000197
0.000241
0.010885
0.060709
0.089283
0.785023
0.264216
1.314170
1.411223
1.651430
1.880769
1.960186
2.019092
1.992117
1.965725
1.943085
0.000739
0.004881
1.808160
1.710857
1.645785
1.453271
1.183686
1.094115
0.974807
0.895960
0.837414
0.072797
0.052333
0.028897
0.006248
0.058076
0.172501
0.197978
0.546005
0.648279
0.954936
1.208843
1.435272
1.718431
1.967425
2.173650
2.098978
0.065711
1.631444
0.443898
0.107923
0.017959
0.026917
0.054493
0.075703
0.141435
0.447816
4.879623
5.840298
6.979080
7.989802
8.390055
8.496797
0.000136
0.000082
0.000035
0.000012
0.000006
0.000004
0.000002
0.000027
0.000012
0.000007
0.000007
0.000008
0.000017
0.000008
0.000003
0.000002
0.000002
0.000002
0.000002
0.000020
0.000022
0.000026
0.000050
0.000083
0.000359
0.000487
0.001308
0.002242
8.564261
8.765907
8.835580
8.886665
8.943277
8.966626
8.989668
9.010763
9.015919
9.017766
9.012369
0.000460
0.000297
0.000258
0.000051
0.000022
0.000023
0.000053
0.000038
0.000032
0.000541
0.000569
0.000570
8.984773
8.989764
9.211957
9.218807
9.234555
9.260989
9.274087
9.281485
9.284943
9.288647
9.289655
9.288525
9.281395
9.269812
9.258369
9.199108
8.687099
8.679863
8.672108
8.661923
8.655832
8.653826
8.657325
8.645341
8.630456
8.422176
8.614912
8.777850
8.883992
8.952030
8.995439
8.958474
8.957727
8.956924
8.957178
8.953327
8.939446
8.908507
8.912543
8.901441
8.594003
8.597712
8.598985
8.591358
8.587134
8.588005
8.559972
8.541386
8.531042
8.527651
8.513929
8.516391
8.530541
8.537256
8.536179
8.710434
8.692098
8.561494
8.487540
8.389177
8.324307
7.830724
0.219324
0.000209
0.000167
0.000121
0.000034
0.000026
0.000026
0.000021
0.000052
0.000070
0.000167
0.000024
0.000025
0.000067
0.000783
0.000634
0.398817
0.555051
8.297097
8.419596
8.572587
8.715982
8.820677
8.884250
8.938676
8.973412
8.993866
8.998239
9.003531
9.006139
9.007514
9.018963
9.008162
8.904740
8.607960
7.940412
6.938430
5.772879
4.707369
0.349154
0.209586
0.036327
0.011756
0.001460
0.000422
0.000248
0.000203
0.030835
0.010817
0.009568
0.009340
0.007955
0.007355
0.121772
0.120829
0.118606
0.113810
0.109327
0.107833
0.109449
0.107513
0.103126
0.072723
0.069440
0.066843
2.268599
1.951760
1.719395
1.549167
1.409338
1.285903
1.167453
1.049305
0.003368
0.002976
0.002326
0.010816
0.023470
0.767068
0.724426
0.675702
0.257199
0.277527
0.261667
0.238798
0.232409
0.181359
0.085577
0.078590
0.051902
0.001486
0.000553
0.010426
0.010986
0.011491
0.012786
0.012839
0.012070
0.011976
0.012423
0.032501
0.047085
0.047384
0.046312
0.042919
0.040452
0.033259
0.013223
0.026751
0.025736
0.020078
0.020708
0.020785
0.020659
0.010559
0.010254
0.009285
0.015777
0.016047
0.015620
0.009779
0.034151
0.034459
0.034552
0.034656
0.028600
0.007848
0.005183
0.005849
0.007070
0.024280
0.027659
0.031694
0.035080
0.037524
0.040232
0.044669
0.050066
0.007963
0.054897
0.000273
0.067204
0.068821
0.069870
0.070479
0.088747
0.089013
0.087191
0.060767
0.038039
0.006017
0.000331
0.000281
0.006101
0.010865
0.011088
0.011389
0.015886
0.018542
0.043807
0.054869
0.062815
0.071367
0.075798
0.079816
0.079963
0.079405
0.077442
0.046600
0.025375
0.052656
0.042835
0.100850
0.110325
0.118127
0.123532
0.136417
0.168104
0.192330
0.221804
0.227090
0.316831
0.339768
0.337071
0.345734
0.355282
0.358093
0.310390
0.104252
0.081954
0.084803
0.088468
0.006890
0.006740
0.007512
0.009469
0.010264
0.011488
0.011788
0.007373
0.007527
0.008536
0.003127
0.762718
0.794763
0.824044
0.840519
0.863604
0.861351
0.042676
0.101184
0.111728
0.004989
0.004399
0.004255
0.000285
0.000337
0.001236
0.006448
0.019871
0.010761
0.010325
0.010717
0.011552
0.012150
0.012592
0.158981
0.225051
0.232398
0.240770
0.236804
0.089692
0.089642
0.086388
0.088634
0.100854
0.023686
0.233216
0.277252
0.319456
1.053618
1.193934
2.674830
3.193778
3.772158
4.471532
5.805123
6.821046
7.205553
7.289384
7.318236
7.364204
7.450270
7.487357
7.526086
7.582499
7.591261
7.584107
7.590103
7.197046
7.119336
7.040084
6.933892
6.706270
6.344295
0.054616
0.000035
0.000032
0.000031
5.968136
1.003181
0.000053
0.000060
0.061919
5.196957
5.694313
0.154640
6.358152
6.743834
6.901929
0.099152
7.053692
7.149376
7.263925
7.428127
7.549044
7.735663
7.780173
7.806596
7.829638
7.837212
7.844591
7.840385
7.835946
7.832602
7.826117
7.826051
7.824353
7.669859
7.406992
7.352729
7.314127
7.296527
7.286178
7.275926
7.259957
7.240238
7.215573
7.140918
7.100545
7.065664
7.029169
6.941476
6.881506
6.753151
6.479231
6.097083
5.560381
5.143551
4.845973
4.327775
0.183647
0.133953
2.565311
2.365796
2.395021
2.395293
2.155970
0.030158
1.266505
0.006488
0.000569
0.000613
0.000942
0.000143
0.000082
0.000091
0.000069
0.000103
0.000129
0.000032
0.000102
0.000079
0.000024
0.000029
0.000055
0.000035
0.000029
0.004120
0.003920
0.003289
1.028311
1.004941
1.055619
0.535296
0.393602
0.013966
0.013418
0.000080
0.000048
0.000118
0.000131
0.000031
0.000042
0.000026
0.000026
0.000023
0.000040
0.000140
0.000388
0.044475
1.746106
1.865376
1.984680
2.158874
2.087501
0.251885
0.029896
0.013938
0.021522
2.640137
0.000000
1.391235
0.597743
0.469704
0.257678
0.030257
0.088969
0.082947
0.079717
0.029465
0.014708
0.014562
0.028953
0.029880
0.032621
0.034666
0.033610
0.013107
0.031649
0.000092
0.000201
0.000196
0.000167
0.000076
0.000039
0.000044
0.000028
0.000032
0.000024
0.000028
0.000034
0.000064
0.000118
0.000095
0.001027
0.007710
0.141080
0.111909
0.016240
0.037132
0.031299
0.002661
0.003762
0.053532
0.064272
0.066823
0.004294
0.180033
0.327668
0.340928
0.368145
0.375515
0.359859
0.357007
0.144768
0.034609
0.099844
0.233835
0.344108
0.361103
0.677377
0.750818
0.838363
0.836386
0.784056
0.711249
0.663913
0.540921
0.295915
0.252637
0.023625
0.021636
0.000167
0.000352
0.000078
0.000052
0.000029
0.000034
0.000036
0.000049
0.000049
0.000060
0.000046
0.005252
0.008337
0.007151
0.007760
0.007655
0.007255
0.007810
0.007784
0.000959
0.001305
0.001375
0.002278
0.010240
0.033602
0.796946
0.896533
1.005564
1.112186
1.138476
1.174596
1.196761
1.159516
0.996225
0.751920
0.686299
0.643968
0.559346
0.508597
0.211221
0.124018
0.019203
0.010011
0.006951
0.001951
0.000026
0.000030
0.000014
0.001793
0.001731
0.000755
0.009742
0.012195
0.015322
0.015058
0.014907
0.014572
0.013004
0.010790
0.007265
0.011624
0.011866
0.012183
0.097054
0.098255
0.097839
0.097276
0.001997
0.002175
0.000268
0.000275
0.011602
0.286923
0.318793
0.365504
0.156839
0.078463
0.060811
0.000525
0.000430
0.000085
0.000389
0.015009
0.015288
0.015558
0.026842
0.049079
0.059472
0.064981
0.453820
0.588897
0.636451
0.663066
0.688412
0.297558
0.245562
0.327598
0.289461
0.269113
0.248592
0.087069
0.006378
0.085397
0.085728
0.025062
0.026452
0.030474
0.065768
0.164401
0.219449
0.235786
0.281331
0.310361
0.598004
0.624879
0.671947
0.714175
0.677788
0.489478
0.012059
0.747558
0.751282
0.744622
0.005892
0.005033
0.004644
0.666551
0.664222
0.633379
0.608420
0.587516
0.011363
0.021921
0.019867
0.019444
0.016304
0.015795
0.015723
0.015454
0.000753
0.006301
0.008877
0.017676
0.024040
0.413258
0.422916
0.279365
0.081450
0.036400
0.018639
0.016931
0.015671
0.014975
0.012998
0.002226
0.005027
0.006371
0.007787
0.008226
0.009278
0.009494
0.009444
0.009534
0.010037
0.000421
0.000194
0.000443
0.006840
0.006687
0.135731
0.404240
0.742085
1.154162
1.370347
1.559413
1.699368
1.867406
1.949901
2.041128
2.160270
2.218215
2.313270
2.320367
0.009781
2.406628
2.409944
2.381790
2.351564
2.176954
1.945528
0.012684
0.003651
0.001468
0.000975
0.000930
0.000301
0.000274
0.014781
1.628201
1.516353
1.356876
1.073780
0.050471
0.012586
0.004047
0.000554
0.000767
0.000884
0.000637
0.061397
0.804784
0.778410
0.756548
0.695225
0.694534
0.084382
0.003951
0.069889
0.103021
0.099390
0.018674
0.001948
0.000150
0.000116
0.001052
0.001596
0.002745
0.013483
0.017472
0.423702
0.916861
1.067001
1.232510
1.335708
1.452554
1.615078
1.687625
0.587825
2.241664
2.499572
2.842220
3.153388
3.602202
4.119464
4.844907
5.062153
5.223818
5.369927
5.414885
5.414255
5.411567
5.378407
5.324871
0.001071
0.000827
0.000221
0.000269
0.000386
0.000115
0.000095
0.000081
0.000073
0.000018
0.000048
0.000035
0.000053
0.000186
0.000089
0.000198
0.000266
0.000242
0.000247
0.000231
0.000242
0.000266
0.000242
0.000256
0.000281
0.000320
0.000308
0.000282
0.000007
0.000011
0.000009
0.000008
0.000030
0.000034
0.000002
0.000004
0.000004
0.000008
0.000009
0.000005
0.005311
0.004296
0.003479
0.001239
0.003456
0.002603
0.003198
0.001101
5.173443
5.160505
5.138098
5.060877
4.578752
4.171783
3.438489
0.068136
0.000313
0.000154
0.000196
0.052716
2.778490
2.741246
2.209061
1.888310
1.280459
1.126756
1.018298
0.357232
0.036263
0.025749
0.000896
0.000632
0.000513
0.000006
0.000008
0.000022
0.000023
0.000001
0.000000
0.000000
0.000001
0.000000
0.000000
0.000000
0.000001
0.000002
0.000000
0.000000
