0.000007
0.000000
0.000000
0.000000
0.000000
0.000000
0.000000
0.000000
0.000018
0.000018
0.000018
0.000020
0.000021
0.000021
0.000021
0.000025
0.000032
0.000022
0.000000
0.000000
0.000000
0.000000
0.000000
0.000000
0.000000
0.000000
0.000000
0.000000
0.000000
0.000000
0.000000
0.000000
0.000000
0.000000
0.000000
0.000152
0.000206
0.000215
0.002062
0.002461
0.002236
0.000000
0.000000
0.000000
0.000000
0.000000
0.000000
0.000000
0.000000
0.000000
0.000000
0.000000
0.000000
0.000000
0.000000
0.000000
0.000000
0.000000
0.000000
0.000000
0.000000
0.000000
0.000000
0.000000
0.000000
0.000000
0.000000
0.000000
0.000000
0.000000
0.002870
0.002882
0.002893
0.002785
0.002697
0.002496
0.002285
0.000076
0.000060
0.000031
0.000028
0.000031
0.000029
0.000025
0.000025
0.000024
0.000024
0.000023
0.000023
0.000023
0.000023
0.000018
0.000015
0.000001
0.000001
0.000001
0.000000
0.000000
0.000000
0.000000
0.000000
0.000001
0.000001
0.000001
0.000109
0.000116
0.000126
0.000108
0.000093
0.000082
0.000071
0.000066
0.000062
0.000059
0.000059
0.000054
0.000063
0.000080
0.000090
0.000091
0.000090
0.000090
0.000091
0.000090
0.000090
0.000087
0.000083
0.000007
0.000005
0.000005
0.000000
0.000001
0.000005
0.000012
0.000004
0.000004
0.000004
0.000004
0.000005
0.000001
0.000001
0.000001
0.000027
0.000032
0.000034
0.000034
0.000046
0.000047
0.000035
0.000037
0.000041
0.000035
0.000036
0.000000
0.000000
0.000000
0.000001
0.000001
0.000000
0.000001
0.000002
0.000004
0.000003
0.000033
0.000034
0.000348
0.000046
0.000064
0.001028
0.001213
0.001346
0.001367
0.001376
0.001343
0.000061
0.000020
0.000001
0.000001
0.000001
0.000438
0.000432
0.000438
0.000417
0.000561
0.047854
0.010234
0.007122
0.006744
0.006460
0.000041
0.000015
0.000003
0.000002
0.000002
0.000007
0.000010
0.000011
0.002310
0.002067
0.001057
0.001175
0.000868
0.000837
0.000676
0.000574
0.000558
0.000532
0.000890
0.000992
0.001034
0.001047
0.000983
0.000965
0.000961
0.001079
0.001232
0.001251
0.000013
0.000001
0.000001
0.000001
0.000000
0.000000
0.000001
0.000003
0.000001
0.000001
0.000000
0.000000
0.000000
0.000000
0.000000
0.000001
0.000001
0.000001
0.000002
0.000002
0.000001
0.000002
0.000010
0.000005
0.000006
0.000006
0.001280
0.001519
0.001688
0.002214
0.002156
0.010207
0.010823
0.010689
0.010918
0.007669
0.007831
0.007965
0.000871
0.000826
0.000003
0.000003
0.000005
0.000003
0.000003
0.000005
0.000007
0.000005
0.000005
0.000004
0.000001
0.000001
0.000002
0.000002
0.000001
0.000002
0.000001
0.000001
0.000001
0.000001
0.000001
0.000001
0.000001
0.000013
0.000013
0.000184
0.000164
0.000283
0.000290
0.001900
0.001923
0.002002
0.002076
0.002039
0.002001
0.002226
0.001599
0.000102
0.000074
0.000025
0.000018
0.000017
0.000017
0.000015
0.000019
0.000028
0.000053
0.001116
0.001510
0.001605
0.001719
0.001810
0.001878
0.001857
0.001687
0.000306
0.001460
0.001963
0.002408
0.007456
0.008338
0.027396
0.087348
0.090880
0.094296
0.112531
0.130480
0.152282
0.000056
0.000027
0.000031
0.000028
0.000027
0.000016
0.000003
0.000006
0.000004
0.000027
0.000021
0.000017
0.000010
0.000011
0.000013
0.001256
0.001379
0.001518
0.001579
0.001573
0.001618
0.001618
0.001601
0.001645
0.001694
0.001747
0.001800
0.001928
0.001953
0.002054
0.000016
0.000017
0.000011
0.000008
0.000010
0.000011
0.000018
0.000064
0.000063
0.000091
0.000167
0.011104
0.013719
0.066545
0.077876
2.954746
3.580810
4.455344
5.484274
5.509769
5.373943
5.334659
5.119495
4.843498
4.363687
4.882655
1.278528
4.909360
5.681645
6.604484
6.885112
6.897618
6.823579
6.737615
6.682420
6.865609
0.147987
7.202305
7.280362
7.300852
7.325787
7.545893
7.574327
7.597006
7.633275
7.648351
7.649945
7.650538
7.650692
7.649073
7.648047
7.648178
7.648417
7.645227
7.746195
7.869641
7.866091
7.872233
7.877442
7.883200
7.899717
7.890907
7.862723
7.735608
0.061585
7.679291
7.737144
7.787916
8.267300
8.275457
8.280909
8.271470
8.265011
8.259371
8.262170
8.263915
8.255519
8.233942
8.197603
8.195864
8.192058
8.194685
8.194134
8.200519
8.349959
8.352722
8.356199
8.361575
8.360362
8.364232
0.019634
8.427413
8.528146
8.584511
8.696060
8.737719
8.788449
8.842106
8.852875
8.854588
8.852293
8.852114
9.078059
9.093258
9.094543
9.094085
9.093649
9.092194
9.090610
9.049886
8.997703
8.815480
0.126638
8.869375
8.871724
8.727326
8.519238
8.079349
7.721583
7.394343
7.092743
6.886855
6.651811
6.243129
5.920222
5.602050
0.528671
0.371094
0.326690
0.291788
0.267799
0.228748
0.208221
0.159577
0.041601
0.026276
0.021283
0.000128
0.000098
0.000052
0.000024
0.000014
0.000032
0.000023
0.000020
0.000016
0.000013
0.000009
0.000043
0.000068
0.000074
0.000085
0.000062
0.000142
0.000060
0.000046
0.000045
0.000453
0.000207
0.000058
0.000126
0.000112
0.000162
0.018978
0.144162
4.273697
4.361134
0.018889
4.705770
4.688728
4.675629
0.971036
5.442946
0.098483
5.651098
6.104621
6.603709
6.993380
7.574884
0.081612
0.081797
0.081950
8.018994
8.301472
8.566282
8.686629
8.760942
8.897828
9.049273
9.072482
9.079477
9.425538
9.434318
9.439583
9.440726
9.440087
9.437806
9.435961
9.432909
9.414139
9.390162
9.377069
9.345285
9.326713
9.307907
9.284110
9.234741
9.201454
9.183851
9.132026
8.991689
9.049563
8.947795
8.749414
8.295203
7.807454
7.195817
6.291367
0.661594
0.725824
0.005880
0.005761
0.006248
0.006462
0.006787
5.951188
6.132980
6.287631
6.494884
6.855675
7.634405
7.989048
8.434286
8.571507
8.662921
9.129701
9.148944
9.151487
9.150960
9.150188
9.145594
9.140269
9.105673
0.001368
0.000922
0.000666
0.000184
0.000089
0.000068
0.000021
0.000017
0.000037
0.000030
0.000059
0.000061
0.000074
0.000088
0.000123
0.000220
0.000457
9.062403
9.108626
9.129454
9.152709
9.156768
9.162368
9.166615
9.166658
9.163596
9.162127
9.159049
9.158699
9.146689
9.345849
9.433695
9.453792
9.454116
9.459174
9.439189
9.402065
9.306012
9.227285
9.095637
8.870076
8.478115
8.000608
7.677583
0.046685
7.454947
7.188738
6.929019
6.625605
5.898856
5.215527
4.707261
4.262298
3.866695
3.494604
1.004220
0.866426
0.704631
0.085887
0.082751
0.003341
0.000481
0.000225
0.000280
0.000210
0.001572
0.002187
0.002317
0.001871
0.001867
0.001928
0.002025
0.002039
0.002122
0.002055
0.000134
0.000085
0.000224
0.000053
0.000037
0.000043
0.000055
0.000081
0.000066
0.000039
0.000051
0.000093
0.000088
0.000168
0.000439
0.004023
0.028551
0.030796
0.037662
0.180543
0.297789
1.373393
4.349619
5.143864
5.837599
6.614035
0.026224
0.000316
0.000480
0.000769
0.001853
0.040248
8.085120
8.063772
7.886528
7.777709
7.680299
7.347300
7.030437
6.685271
0.310413
0.022837
0.013931
0.010704
0.010367
0.010398
5.580449
5.876561
6.012473
6.210923
6.413164
6.737316
6.871653
0.002460
0.001189
0.000241
0.000100
0.000072
0.000088
0.000095
0.000079
0.000086
0.000171
0.061683
0.063885
0.064507
0.064329
0.068977
0.071298
0.077542
6.415254
6.522439
6.525002
6.561560
6.614355
6.638515
6.623520
6.634407
6.625879
6.577482
5.514682
4.614742
3.885085
3.318696
0.034876
0.026928
0.001109
0.000859
0.000240
0.000245
0.000028
0.000020
0.000107
0.000029
0.000041
0.000097
0.000062
0.000060
0.000048
0.000053
0.000061
0.000030
0.000037
0.000050
0.000046
0.000045
0.000062
0.000059
0.000252
0.000163
0.000183
0.000268
0.000029
0.000020
0.000041
0.000026
0.000030
0.012044
2.374697
2.044050
1.806349
1.532806
1.216517
0.904360
0.104175
0.059453
0.043145
0.009533
0.007173
0.007536
0.009801
0.012290
0.013590
0.056313
0.082207
0.098950
0.116777
0.882789
0.902434
0.906378
0.850495
0.744615
0.569031
0.010698
0.000912
0.000015
0.000020
0.000295
0.000221
0.000508
0.000358
0.000237
0.000235
0.000165
0.002780
0.023488
0.154939
0.020418
0.474022
0.546869
0.564080
0.582907
0.016773
0.000235
0.000170
0.000197
0.000124
0.000194
0.000037
0.000022
0.000020
0.000032
0.000023
0.000097
0.000100
0.006135
0.006072
0.006011
0.005901
0.008182
0.037586
0.580601
0.599753
0.591154
0.534414
0.521495
0.504459
0.433888
0.070435
0.053350
0.009959
0.000186
0.000703
0.000652
0.000713
0.000724
0.000548
0.000707
0.002254
0.003200
0.005216
0.783581
0.005746
0.000049
0.000265
0.007519
0.007274
0.013421
0.008994
0.115012
0.115251
0.704189
0.668731
0.635107
0.567801
0.546304
0.494547
0.335212
0.059884
0.301945
0.295939
0.273783
0.046565
0.045075
0.029963
0.030746
0.018711
0.004067
0.000035
0.004077
0.000138
0.000109
0.000088
0.000157
0.000111
0.000117
0.000104
0.000077
0.000098
0.000108
0.000111
0.000071
0.000073
0.000145
0.000160
0.000150
0.000965
0.000006
0.000004
0.000006
0.000154
0.010803
0.001791
0.013105
0.166785
0.164590
0.158308
0.147257
0.144309
0.140583
0.001983
0.171769
0.173387
0.173036
0.153180
0.141769
0.128070
0.125048
0.032252
0.020334
0.019428
0.018777
0.018178
0.007529
0.006360
0.000373
0.000139
0.004552
0.012808
0.012575
0.012541
0.031048
0.031442
0.031811
0.032070
0.038973
0.040263
0.048156
0.056541
0.062910
0.101584
0.105426
0.106020
0.099702
0.062090
0.060057
0.059124
0.059974
0.019704
0.000268
0.001083
0.045938
0.129871
0.172403
0.198460
0.207048
0.206048
0.162406
0.168575
0.170885
0.168445
0.132109
0.116520
0.118350
0.093551
0.088378
0.022171
0.000437
0.000189
0.000223
0.002614
0.002301
0.002230
0.002046
0.002082
0.002071
0.000415
0.001086
0.002029
0.004069
0.006031
0.124230
0.126659
0.128793
0.132329
0.135676
0.153062
0.152892
0.149835
0.146935
0.143235
0.140932
0.124452
0.115192
0.106050
0.012318
0.001373
0.017330
0.011865
0.051660
0.036293
0.025407
0.022668
0.025345
0.002724
0.002319
0.002121
0.004352
0.004996
0.005327
0.010819
0.012352
0.012614
0.012611
0.013834
0.000057
0.000021
0.000016
0.000119
0.000018
0.000123
0.000074
0.000129
0.000469
0.000390
0.000303
0.031897
0.054799
0.061794
0.102814
0.167663
0.207134
0.204178
0.206271
0.205153
0.202573
0.198435
0.190475
0.135994
0.132353
0.131684
0.129985
0.106393
0.073186
0.055716
0.041229
0.004808
0.014133
0.013984
0.013046
0.010899
0.012839
0.015227
0.015396
0.015697
0.014601
0.010680
0.011109
0.011094
0.013519
0.022019
0.022776
0.026865
0.029214
0.036577
0.039360
0.042707
0.041332
0.038945
0.038049
0.036187
0.021277
0.020320
0.020211
0.020350
0.021564
0.021683
0.021361
0.019462
0.014046
0.027442
0.027023
0.020068
0.007796
0.005045
0.000377
0.000411
0.000377
0.000177
0.000132
0.000019
0.000024
0.000015
0.000012
0.000012
0.000081
0.005327
0.025845
0.034886
0.051692
0.047617
0.054535
0.000040
0.000043
0.000092
0.000103
0.000097
0.055573
0.064983
0.066555
0.066610
0.065852
0.057009
0.056120
0.054480
0.044445
0.036280
0.034689
0.029008
0.037067
0.031875
0.072846
0.124219
0.147988
0.155861
0.154716
0.156475
0.156077
0.156030
0.164963
0.130160
0.117501
0.114668
0.107595
0.102867
0.091459
0.086469
0.038242
0.033185
0.016840
0.016631
0.016669
0.016701
0.036998
0.037097
0.042664
0.000030
0.000090
0.064191
0.065795
0.066863
0.094010
0.126308
0.181290
0.202572
0.212128
0.223069
0.236699
0.250795
0.244882
0.221153
0.153639
0.145600
0.119193
0.101355
0.033284
0.000010
0.000005
0.000006
0.000006
0.000006
0.000014
0.006142
0.005855
0.022393
0.020081
0.030960
0.047767
0.048320
0.050285
0.067668
0.071074
0.074798
0.082843
0.083495
0.081018
0.078839
0.026019
0.024079
0.022976
0.017542
0.017603
0.001583
0.001458
0.001561
0.001496
0.006364
0.012035
0.012871
0.013352
0.157669
0.167191
0.175794
0.167999
0.008509
0.008384
0.001922
0.001883
0.000041
0.000280
0.000828
0.003534
0.003052
0.013197
0.029238
0.031924
0.029540
0.018468
0.018551
0.018480
0.017204
0.016665
0.016235
0.018130
0.016474
0.016694
0.107081
0.145539
0.146191
0.055878
0.044682
0.033341
0.030997
0.025627
0.002841
0.000824
0.000067
0.000023
0.000009
0.000035
0.000019
0.000011
0.000010
0.000430
0.015914
0.017636
0.019477
0.020957
0.127713
0.134976
0.103925
0.095906
0.056583
0.038643
0.018591
0.018337
0.000005
0.000011
0.000049
0.000003
0.000002
0.000002
0.000019
0.000016
0.000025
0.000345
0.015736
0.015801
0.016004
0.003377
0.016609
0.021957
0.113580
0.125296
0.158447
0.191069
0.208564
0.234309
0.237761
0.048031
0.047555
0.033601
0.033111
0.033236
0.033344
0.033542
0.039096
0.046325
0.001042
0.000920
0.005120
0.004298
0.004549
0.004697
0.004473
0.003817
0.000259
0.000020
0.000032
0.000036
0.000218
0.001077
0.000230
0.000204
0.000130
0.000122
0.000134
0.000147
0.000181
0.000193
0.000199
0.000480
0.090596
0.102270
0.105056
0.106010
0.107336
0.106599
0.168297
0.127498
0.076530
0.068076
0.039804
0.003628
0.002735
0.002316
0.000293
0.000531
0.000617
0.000068
0.000851
0.002447
0.002701
0.002820
0.002812
0.003174
0.003347
0.003648
0.032601
0.042865
0.047915
0.050367
0.050905
0.052175
0.058756
0.060095
0.060853
0.061990
0.061905
0.065084
0.086791
0.094201
0.100079
0.114378
0.129924
0.062636
0.059728
0.059125
0.002131
0.002025
0.002347
0.002500
0.003929
0.004095
0.004999
0.000042
0.000029
0.000017
0.000022
0.000019
0.000008
0.000011
0.000008
0.000103
0.000080
0.000151
0.000634
0.000749
0.000838
0.007112
0.007214
0.001057
0.000344
0.000302
0.000290
0.000279
0.000299
0.000314
0.000317
0.000316
0.000008
0.000150
0.000213
0.011735
0.012101
0.021303
0.020853
0.020911
0.020646
0.033695
0.041384
0.040856
0.042057
0.041424
0.040585
0.039410
0.038010
0.037047
0.035740
0.035211
0.032453
0.027657
0.025259
0.012230
0.010783
0.000774
0.000091
0.000041
0.000050
0.000098
0.000112
0.000030
0.000022
0.000099
0.000025
0.000111
0.000080
0.004886
0.004024
0.003749
0.000013
0.000013
0.000046
0.000015
0.000011
0.000050
0.000041
0.000009
0.000009
0.000010
0.000012
0.000037
0.000073
0.000015
0.000023
0.000022
0.000158
0.000092
0.000062
0.000014
0.000096
0.000009
0.000009
0.000009
0.000017
0.000025
0.000006
0.000007
0.000003
0.000003
0.000002
0.000003
0.000020
0.000015
0.000028
0.000032
0.000034
0.000022
0.000061
0.000003
0.000007
0.000034
0.000026
0.000028
0.000161
0.000168
0.000004
0.000009
0.000011
0.000016
0.000007
0.000008
0.000009
0.000015
0.000034
0.000111
0.000487
0.031708
0.039078
0.041225
0.042209
0.042715
0.041842
0.039961
0.040365
0.039831
0.039044
0.000898
0.000762
0.009209
0.010074
0.082731
0.203114
0.210805
0.218867
0.051272
0.027785
0.003401
0.000821
0.000335
0.037015
0.036862
0.000031
0.000023
0.000021
0.000010
0.000010
0.000029
0.000030
0.000024
0.000020
0.000003
0.000004
0.000005
0.000009
0.000002
0.000001
0.000001
0.000001
0.000002
0.000002
0.000002
0.000001
0.000002
0.000004
0.000002
0.000004
0.000366
0.000467
0.000438
0.000417
0.000409
0.000414
0.000436
0.000494
0.000477
0.000014
0.000006
0.000008
0.000006
0.000006
0.000012
0.000481
0.003662
0.003902
0.003884
0.003242
0.002229
0.000064
0.000065
0.000289
0.000407
0.001492
0.004355
0.227724
0.230371
0.219430
0.163104
0.054788
0.050942
0.032309
0.027283
0.000399
0.000209
0.000142
0.000006
0.000003
0.000002
0.000001
0.000003
0.000003
0.000002
0.000003
0.000003
0.000004
0.000008
0.000003
0.000004
0.000002
0.000003
0.000003
0.000004
0.000007
0.000009
0.000012
0.001557
0.000013
0.000108
0.000663
0.000220
0.000354
0.001366
0.001487
0.000347
0.000452
0.000530
0.001054
0.001163
0.001327
0.001395
0.000105
0.000110
0.001935
0.002251
0.000010
0.000017
0.000022
0.001014
0.041162
0.034693
0.028695
0.004561
0.004515
0.001963
0.002085
0.000833
0.000020
0.000002
0.000019
0.000251
0.004544
0.008525
0.018649
0.021412
0.025147
0.214229
0.222400
0.241273
0.247709
0.250239
0.252815
0.249054
0.154346
0.137242
0.123802
0.075281
0.072388
0.042908
0.000740
0.035510
0.025986
0.004473
0.000042
0.000016
0.000017
0.000037
0.000072
0.000080
0.000022
0.000042
0.000032
0.000040
0.000159
0.001119
0.000089
0.000075
0.000046
0.000059
0.001388
0.001810
0.001656
0.000040
0.000051
0.000045
0.000041
0.000315
0.007020
0.006974
0.014426
0.019155
0.022174
0.009696
0.017970
0.020278
0.025640
0.239397
0.265790
0.268283
0.264062
0.255210
0.238391
0.213444
0.053181
0.052823
0.055932
0.059474
0.010957
0.004758
0.003225
0.003189
0.000197
0.000091
0.000089
0.000567
0.000547
0.000598
0.002053
0.094919
0.095538
0.095938
0.088905
0.084176
0.019808
0.020165
0.019641
0.026192
0.027050
0.111396
0.117227
0.113619
0.099096
0.072243
0.063545
0.063708
0.098734
0.101696
0.006047
0.217162
0.227593
0.059704
0.057550
0.078637
0.081789
0.083341
0.084071
0.098665
0.147574
0.149707
0.112686
0.010599
0.001030
0.000006
0.000004
0.000005
0.000007
0.000009
0.000013
0.000019
0.000034
0.011652
0.678162
0.631568
0.520426
0.000017
0.000018
0.000001
0.000002
0.000002
0.000010
0.000014
0.003140
0.003035
0.000223
0.003112
